 3 HS poly
 400 2
 320 80
    1.0000000000000000         0.0000000000000000         0.0000000000000000         0.0000000000000000        0.10000000000000001         0.0000000000000000         0.0000000000000000         0.0000000000000000         1.0000000000000000     
 T T T
   0.89931898023695245        0.85334159350749145E-001   0.88996027097146535        0.36121110856748649E-001
   0.20107853993784808        0.32780322031482817E-001   0.27969957870581291E-001   0.39384858294202817E-001
   0.53076426409385968        0.33952101259833660E-001   0.95383287428591101        0.32570690837801654E-001
   0.63966634511978404        0.31905063067711799E-001   0.58982397663634889        0.32896066254142348E-001
   0.30494385092995707        0.33839385965530870E-001   0.75138412735752425        0.34967003774831112E-001
   0.23636972513610255        0.82789573882180098E-001   0.98635656700601837        0.34577377259100768E-001
   0.64782824724844534        0.81479922774921429E-001   0.39799047874063337        0.32884709067703910E-001
   0.89410553335916365        0.83924926642686942E-001   0.65108052052925713        0.34739054596768258E-001
   0.44464265764709848        0.33363436870713005E-001   0.13237652315628806        0.36160192931235131E-001
   0.36851581326749616        0.21246079314430916E-001   0.63407831705079065        0.35936041548867460E-001
   0.77803217663799051E-001   0.32122438024316781E-001   0.12544282232149412        0.30230997269749673E-001
   0.70853367954814817        0.35954556679011526E-001   0.13046393816936153        0.34071062713718736E-001
   0.12998322434693346        0.33976648001472688E-001   0.78669814833925023        0.32335824911018732E-001
   0.97305288333436035        0.34054982542850103E-001   0.46791159566145879        0.34446399699545383E-001
   0.18210124378830292        0.32467467140208144E-001   0.19389334112956222        0.34134765996122481E-001
   0.68038144306466497        0.82338143870101979E-001   0.60162953728819535        0.32156055215652138E-001
   0.98670044005325641        0.32959688135578195E-001   0.37645240230822730        0.35007241379804203E-001
   0.62911883728849860        0.83499315313363631E-001   0.98038872489375217        0.33940475079340782E-001
   0.18706093594276788        0.82395483267285075E-001   0.24583883575677498        0.38055187240845202E-001
   0.56198468730551054        0.31256663418402920E-001   0.48010209381236274        0.37137720407962475E-001
   0.37260992693586403E-001   0.32256103710121387E-001   0.58121514119930218E-001   0.33629593072546593E-001
   0.45238693392529494        0.35100291422808787E-001   0.93612754600906978        0.34743294168945817E-001
   0.24346039353748408        0.80962409176195627E-001   0.90161863888675498        0.32267602444216420E-001
   0.50041387301024443        0.32701758443733346E-001   0.86124961547972867        0.35754858136031867E-001
   0.83391883972320058        0.84006714894028375E-001   0.68490020073288826        0.34297043294355831E-001
   0.39970571403221897E-001   0.82252451657537917E-001   0.10515270025809086        0.34913166208070889E-001
   0.66917419427677460        0.26367406660140560E-001   0.50285077959264723        0.32580539452019358E-001
   0.71753892262808983        0.82208817276831062E-001   0.66834571537912246        0.33946940887863604E-001
   0.92095531356207760        0.34644554345398114E-001   0.93798153181782828        0.35967144788940149E-001
   0.62328175506611549        0.81493857849213591E-001   0.49006268841648337        0.32737101500099577E-001
   0.48886428508809843        0.32722417907272199E-001   0.18624833231624985        0.33439478297350042E-001
   0.21041581611070045E-001   0.84059831233764079E-001   0.47021796412249162        0.34886213147811831E-001
   0.50826822831936358        0.33723370455561022E-001   0.15954535633460311E-001   0.33478688872448190E-001
   0.51309181698920914        0.82638206855829843E-001   0.90831523898518229        0.33803904370018428E-001
   0.78972327167081713        0.84125592409345321E-001   0.37061011717536668        0.35590988035425590E-001
   0.25981593273682647E-001   0.32221109366551468E-001   0.26930117044901297        0.33940973262583045E-001
   0.37862007581170115        0.83648736267011053E-001   0.57255379062665324        0.34319049730170845E-001
   0.52933152403039430        0.81894581260659280E-001   0.58585518206331288        0.33253233579689984E-001
   0.25986107111872930        0.34247248702911369E-001   0.69853026841455590        0.34457455977644422E-001
   0.58187899395832320E-001   0.31519398196293895E-001   0.20840910683908689        0.34374415734386890E-001
   0.46538509847999848        0.30970466871158720E-001   0.50779539888912473        0.32539787705983265E-001
   0.21581246385673461        0.34210020046888431E-001   0.47138586823243384        0.32685150442497847E-001
   0.68524032318005090        0.39653093496972915E-001   0.80472490309770262        0.34030942325606807E-001
   0.81482661521865962        0.35508418188361070E-001   0.48876396352587070        0.32791978739844817E-001
   0.10307294311346658        0.33957008142764561E-001   0.71224736751870765        0.34675100861915387E-001
   0.88464324538947348        0.84928562536029525E-001   0.94823511615471937E-001   0.35081880269598846E-001
   0.58625166141603802        0.81484875088315478E-001   0.43220836701341320        0.35816647433176925E-001
   0.92773370206951011        0.84091130297615863E-001   0.46176525546495162        0.33198097767598383E-001
   0.26412041072822200E-001   0.33942971807143500E-001   0.69394775092528749        0.35726671799356666E-001
   0.70836033374280427        0.34897904009807156E-001   0.29294071594161147        0.34584919638563909E-001
   0.10301580928484048        0.83998610246844532E-001   0.75693046227609184        0.31713333949764402E-001
   0.60686712066670745        0.84956201340330217E-001   0.32392152278391112        0.34484904021706946E-001
   0.80483293511644538        0.34420762964809302E-001   0.32060915588858990        0.36327598649857906E-001
   0.54638980535401194        0.82694906902338119E-001   0.84896178207242923        0.32988648783742122E-001
   0.10202207739195789E-001   0.82342351588324092E-001   0.15949099169874293E-001   0.37047788733456044E-001
   0.87991927306346041        0.34006218978722060E-001   0.69795746869134534        0.34821167420557589E-001
   0.67722119946190329        0.32276474724285985E-001   0.64539395464709637        0.34173731114810278E-001
   0.39653031387562282        0.81851758207447292E-001   0.68483550835215956        0.34141497249929771E-001
   0.85773360775987051        0.33533915737958116E-001   0.54544072493616447        0.34692416803120490E-001
   0.87055374224814608        0.84360845827201270E-001   0.24804138556969596        0.34312396788061895E-001
   0.13809533478271691        0.84206737498009096E-001   0.57217027493994310        0.31818047758888440E-001
   0.86622524900316814E-001   0.35153437902985474E-001   0.38611319496500440        0.34545447792120550E-001
   0.28041546889923324        0.83224642551548877E-001   0.42416915025979607E-001   0.36597852312931736E-001
   0.72122137387557150        0.85362303096626735E-001   0.81946916274339393E-001   0.36007048341854732E-001
   0.14090907095690053        0.33946559335248143E-001   0.94458635483652698        0.33333947427139035E-001
   0.54714196268882254        0.85469802094980771E-001   0.89363026845812266E-001   0.34833963591919224E-001
   0.61299971057576674        0.35392406239101712E-001   0.11047925080301244        0.33151255917348341E-001
   0.56746403638473097        0.81801231698972576E-001   0.52984843829148909        0.32857865646877163E-001
   0.21923072597042953        0.36196502816303704E-001   0.63205998246973016        0.34616462534539330E-001
   0.11155955846263178        0.84812576102151538E-001   0.49242249444065028        0.33993287818502568E-001
   0.57349051598112633        0.83926350307212294E-001   0.94032974829812332        0.34548194856572054E-001
   0.17161205027966811        0.84260044146778013E-001   0.45698112305609589        0.35507359472503081E-001
   0.74519433054923967        0.82292612893082470E-001   0.57607562558838388        0.36873046775684072E-001
   0.62464353041952347        0.34167406587873893E-001   0.92743523824291774        0.36833330264338479E-001
   0.22492533160505138        0.82795745359220199E-001   0.89404865196481928E-001   0.36080993533246342E-001
   0.11703492130895787        0.84063923099507387E-001   0.64577822430193010        0.33306470124052537E-001
   0.93175374755066109        0.34874874239778961E-001   0.11526701391088978        0.36525887667764434E-001
   0.92398108527269152        0.31846315551224379E-001   0.25166393836046191        0.36815319158755015E-001
   0.54252110605333588E-001   0.84243732620636724E-001   0.53335789360044783        0.36418952678167062E-001
   0.67615895033679074        0.34223009946352030E-001   0.97724051994963190        0.33947586425987143E-001
   0.83137747800860784        0.85375140554173737E-001   0.87537272752662154        0.32671968768547770E-001
   0.70491065206831321E-001   0.33971176966316262E-001   0.63821289092122147        0.35324465131957805E-001
   0.66471292702928908        0.35307035528178821E-001   0.23832157574961871        0.35291120201497626E-001
   0.99177770946875932        0.34730930583475768E-001   0.96469187418458002        0.35007634181486294E-001
   0.18770824540199049        0.84012830758757429E-001   0.86662557497044901        0.33624308156139975E-001
   0.34438874067956878E-001   0.83930253382531878E-001   0.74243462526406034        0.34299494905049938E-001
   0.23264272844462972        0.84257541630524235E-001   0.58353945745906932        0.34844759690194051E-001
   0.56199299744606308E-001   0.82526965634799679E-001   0.87777339647944586        0.35574945531485422E-001
   0.32073765264742637        0.84264181736295699E-001   0.44350799064344643        0.36195164429346380E-001
   0.69169914814748734        0.31462268362850335E-001   0.40221404785127191        0.33664614212216455E-001
   0.43643027598420758        0.32547938056878875E-001   0.23317248925610248        0.32422321861330650E-001
   0.35206268943545699        0.33809667604647951E-001   0.94543657245537049        0.37072256247241024E-001
   0.74468705032911031        0.38876323873374433E-001   0.77262573756992192        0.33486022738795591E-001
   0.77832488432475799        0.84992579948537289E-001   0.20937278984858293        0.33788969473395818E-001
   0.77028058437702707        0.84981235609360356E-001   0.85363084734761419        0.32169204304855273E-001
   0.33750850735350330        0.81463868954570348E-001   0.28520847414540523        0.36789133173279948E-001
   0.48196566732834767        0.31406709686814152E-001   0.38978046659530796        0.36398037532578774E-001
   0.34174459458421813        0.31240890695439262E-001   0.33642070459135637        0.34614115635365088E-001
   0.85464109102311248        0.84334183590163925E-001   0.33866470100564916        0.36451035202991845E-001
   0.75621414083185090        0.83610622997694575E-001   0.30698766967366126        0.33552980270588131E-001
   0.66025089570270434        0.84961001978147266E-001   0.11936029375497589        0.35232361600396896E-001
   0.19818390894493632        0.34462767179341672E-001   0.91091552863983094        0.33042631326594331E-001
   0.76326502102546523        0.82269600626264122E-001   0.48139535704760816        0.31608605320312184E-001
   0.38796005649183624        0.83762255396708354E-001   0.83692803199097143        0.35931189784537160E-001
   0.33952645821355459        0.83355251391060148E-001   0.18030223084328989        0.36177766881532604E-001
   0.83843307687128721        0.34795075143693337E-001   0.72240549564867459E-001   0.36554836849174148E-001
   0.47074119119214292        0.32224535605830842E-001   0.76623367447752366        0.34607992454423066E-001
   0.45701304190834929        0.81942755233473469E-001   0.71824863427211472        0.33436061457922120E-001
   0.15917324306762876        0.34176057904199739E-001   0.66917244783141538        0.36006833588851220E-001
   0.40238805706375974        0.83922636845490381E-001   0.93081192087404463        0.34089528478336947E-001
   0.90557070108593896        0.33307761379726290E-001   0.77275502120972794        0.35692969681372345E-001
   0.52370055009894956        0.31869575049995588E-001   0.54042935677483361        0.34224988987202595E-001
   0.96831850060084446        0.84378313298439672E-001   0.51782292764090898        0.35987024505401491E-001
   0.38878082122905266        0.32013814490302911E-001   0.28318161028641253        0.34337229886981582E-001
   0.20909690100730363        0.84280842297306494E-001   0.68952276607412810        0.37320455442147397E-001
   0.86411440465631151        0.35323750803961315E-001   0.13683320621813580        0.32846046197248180E-001
   0.74720103029712048        0.88162313293833047E-001   0.15104755637571371        0.30158974332279827E-001
   0.53732106245515121        0.85793460115516126E-001   0.19452872941836574        0.34041120282879943E-001
   0.67185619455849699        0.34933961771812121E-001   0.73685700684815197E-001   0.33452346732041782E-001
   0.24065458593906794        0.32287763650627771E-001   0.35820252843313766        0.34881872443917918E-001
   0.86523433827677143        0.83956235010456584E-001   0.49403154373060665        0.37037733323187501E-001
   0.26091163237041842        0.84281385880300971E-001   0.48322725926201410        0.35598150814667898E-001
   0.58715338126013594        0.32104902657632529E-001   0.83344846939008566        0.32506412228110765E-001
   0.57004810793592298        0.35457890191680289E-001   0.45954913526409111E-001   0.35219473070795967E-001
   0.57340114061932745        0.31892229442923956E-001   0.58625865623640738        0.33379437713373823E-001
   0.72329869475091935        0.32341314077399756E-001   0.46304158471944640        0.34819539041701493E-001
   0.39949401208900742        0.34510572381420267E-001   0.52565421250426969        0.35802578159829415E-001
   0.94540275104570592        0.84709427989927699E-001   0.98313388247460587        0.35620911701376587E-001
   0.97597282882760494        0.82127866059401311E-001   0.26717039352905053        0.36702331996296203E-001
   0.39234801852535933        0.33848483901867323E-001   0.88565967844795845        0.33903915870779601E-001
   0.83116403759423674        0.34302565233567429E-001   0.22636729065973141        0.32856659471070651E-001
   0.13937561556336103        0.81614469604812306E-001   0.30070240010731192        0.34635767982203768E-001
   0.91384287518158858        0.81936059247796150E-001   0.30065161504713994        0.33844844392487812E-001
   0.53059585954949606        0.33180425329076293E-001   0.79882403158677640        0.33417484031734994E-001
   0.51735369121939778        0.82221404438566736E-001   0.75149149671773574        0.35290493386905659E-001
   0.78981364338579230        0.88787171820082250E-001   0.78832198005661791        0.35574801231326045E-001
   0.85527520429169346        0.35331030510305179E-001   0.91301221483036221        0.34265414958002054E-001
   0.43821792412841404        0.31310379107902978E-001   0.33422519424601921        0.34235402134241366E-001
   0.79947423029181319        0.34894172472996136E-001   0.16456706726279377        0.36481864840324396E-001
   0.48342438891315209        0.32041469275645815E-001   0.59761523846203723        0.35514797012948893E-001
   0.92768332537444709        0.34091434866006229E-001   0.41482447361289509        0.35364247599481001E-001
   0.69296403717082478        0.84592802987407456E-001   0.34797316578487164        0.34458157214280964E-001
   0.20068551250536781        0.84135199919971315E-001   0.51923777205824095        0.32536398592418754E-001
   0.94353714333727556        0.34047542136794354E-001   0.66501125708358755        0.36797866070446300E-001
   0.22839785009010041        0.33336546390644567E-001   0.76441535800702887        0.35075265670988141E-001
   0.17483288458375321        0.32663875186163142E-001   0.97532735798427042E-001   0.34963696764809940E-001
   0.39544550926405181        0.83292946121891073E-001   0.13781874687855900        0.33908778573863325E-001
   0.79242012292833797        0.85674781086251275E-001   0.58527461229859044E-001   0.31128536152509680E-001
   0.12267596734307963        0.32662403547335010E-001   0.10361057208708850E-001   0.34928352239447527E-001
   0.22887040774583334        0.84383200787835733E-001   0.41206060025346203        0.37266679386113603E-001
   0.67563864059021617        0.84912427279146538E-001   0.29260832100845426E-001   0.33480282890076069E-001
   0.24033896187144038        0.32548253206549818E-001   0.23849249479586415        0.35230154363519284E-001
   0.29225901067101850        0.33843377163015602E-001   0.89675770493886775        0.35518121602802058E-001
   0.28336049293138038        0.32403629241788960E-001   0.18682057971216215        0.32006478620729799E-001
   0.73499033565522986        0.34998475913072119E-001   0.19358527223953156        0.34029134091984978E-001
   0.59909514469804592        0.85614138238203116E-001   0.15528165487615703        0.35174878015625688E-001
   0.44231745498420055        0.82636620635214847E-001   0.18818115065351815        0.34812251254488759E-001
   0.38729691696433766        0.33635112093179993E-001   0.91582676679920053E-001   0.33998559156965966E-001
   0.85602691153457561E-002   0.81726331747307868E-001   0.20140905588318830        0.36115759714697743E-001
   0.13258189906274176        0.82879979315432589E-001   0.19631250518921578        0.35311847162652656E-001
   0.87766545917750560        0.84583484763676803E-001   0.95863716712311919        0.33272393693119122E-001
   0.98033750290149790        0.17678178630934562E-002   0.77011902356904430E-001   0.33542258781261179E-001
   0.56188153340726466        0.86259209386860394E-001   0.26369502319462040        0.33053027912169561E-001
   0.11700206706313032        0.82368862278000221E-001   0.11533301036425199        0.33519494451097281E-001
   0.76949023359427393        0.35014269262168995E-001   0.25742975868180418        0.36046259233014410E-001
   0.85357562420312338        0.84780598346625560E-001   0.23727530027030153E-001   0.34666330481881974E-001
   0.65846712258933326        0.32250747724856713E-001   0.71602940484855560        0.34311050840507187E-001
   0.18395124700331747        0.34219840987691201E-001   0.57082757989801602        0.36019631642136438E-001
   0.33909700105904689        0.33998825324521607E-001   0.23053633123958753        0.33133550887740407E-001
   0.54597162259921439        0.35538561165638992E-001   0.14270894510389534        0.38243293550555682E-001
   0.96012979251409980        0.34667971924551212E-001   0.56529150826553010        0.33103069338619708E-001
   0.36346228070348191        0.83194125237723363E-001   0.74568035419601075        0.34981402958853110E-001
   0.67594571792529956        0.84216590388246818E-001   0.93027227954895286        0.34624224262568108E-001
   0.50934861791806618        0.81698399415660761E-001   0.49519590357700005        0.34569752287104058E-001
   0.92843186197900263        0.83622368736479699E-001   0.82151597066968174        0.37183920349243171E-001
   0.50265597525182526        0.32012585783492205E-001   0.70147885687797829        0.36244873891169031E-001
   0.31765044166183537        0.83845754997043206E-001   0.79748597734845217        0.34169636385554564E-001
   0.95130472706053970        0.84262462151760864E-001   0.61112308028006546        0.34922387902581106E-001
   0.72143108760370400        0.35125150965934653E-001   0.27796361965951918E-001   0.33913453572717051E-001
   0.49036703194985659        0.31305031724517401E-001   0.29005757874102650        0.34016559687417389E-001
   0.87921360190098496        0.84135861334172737E-001   0.40559061437693034        0.34840485361716057E-001
   0.23240516557381552        0.84183366554375069E-001   0.81312635843444148        0.34001766914445168E-001
   0.28955329086948323        0.82635803981923550E-001   0.23147950258177039        0.35124571465356726E-001
   0.44508984522749051        0.82230337044484500E-001   0.55339966086706838        0.34750092261576861E-001
   0.29482157185132720E-001   0.83378880925004242E-001   0.93964152398890288        0.31279943771595708E-001
   0.13598082640732145        0.83885469540075960E-001   0.39485916033724155        0.35325996527921739E-001
   0.93712311696370432        0.84111101284002732E-001   0.36578613999362697        0.35272957359980525E-001
   0.98245961249568847        0.81831475471240547E-001   0.13886705802671789        0.31463535106271472E-001
   0.44070435877093778        0.32070030425933552E-001   0.66556681334039636        0.35112864390699973E-001
   0.74404746394990096        0.83711332993791021E-001   0.91609189734197338        0.34073780853666240E-001
   0.60287704880904569        0.31932520958169959E-001   0.67583825656893626        0.34261484292308721E-001
   0.28601380825955369        0.31509318237166788E-001   0.29360666556373899        0.35435436023505608E-001
   0.58755500111675707        0.35702579838107200E-001   0.20737261646587307        0.37836210222532675E-001
   0.72445477825259630        0.32200834862636224E-001   0.71071394643123986        0.31873927260881035E-001
   0.35096850645780064        0.33139413710511649E-001   0.70034182722930660        0.33595635005590416E-001
   0.13506653582455028        0.32529380848674239E-001   0.24455606670994653        0.33918879649004710E-001
   0.61635711139539395        0.85401735037982943E-001   0.64020791993296661E-001   0.35167876278461491E-001
   0.81950195261975078        0.33146397187498337E-001   0.74132475621687011        0.35104262363314681E-001
   0.46855091502429042        0.81357184040838221E-001   0.43425454121969587        0.31771423346333677E-001
   0.99168474270572071        0.83748420342660418E-001   0.85303861426050587        0.33478722769594363E-001
   0.83392193326113540        0.34795206375035824E-001   0.97910465588408602        0.35153794028930631E-001
   0.81882488744282445        0.84831020697482606E-001   0.11838845616107821        0.34226690504748539E-001
   0.63605071264323976        0.31412767080051633E-001   0.44345811167000926        0.35564929807106446E-001
   0.16658083746846225        0.83697102874515761E-001   0.98384100369446337        0.35007376244409187E-001
   0.85306488884702492        0.83745596534431310E-001   0.59271831051215607        0.33778685207297980E-001
   0.44410027288003773        0.33313742828183696E-001   0.43970934811365409E-001   0.36409771519078142E-001
   0.65017520224069136        0.34919180110009884E-001   0.16876528230688218        0.35711980605551051E-001
   0.60616832933038645        0.35021821962145434E-001   0.27687743398612819        0.34096088267832232E-001
   0.69312886756871972        0.84122282315221494E-001   0.86298390057637675        0.33494157221157575E-001
   0.18162983322695572        0.82642880091356619E-001   0.14597161308161860        0.34967397260392573E-001
   0.38752727725465563        0.83072656900459840E-001   0.23340478810478332        0.35234409775030624E-001
   0.72250794913644145        0.84442537229155179E-001   0.98066498349277853        0.33884008666313206E-001
   0.55362184026224892        0.82034986713946503E-001   0.68662735607466951        0.36626262090290740E-001
   0.48451159602356142        0.82883593394986410E-001   0.81310218746370166        0.33924992665225882E-001
   0.55218918016841134        0.33298162831087962E-001   0.31775863018434125        0.33202800979208247E-001
   0.20195677976574450        0.32268129035600092E-001   0.29847342431993029        0.35956410708603524E-001
   0.56448418687179469        0.32196773088505513E-001   0.73679604743184945        0.34899663375866481E-001
   0.96663645494617212        0.84346425527293878E-001   0.91631294805655350        0.34220041992900407E-001
   0.68939625172700836        0.85016146730625075E-001   0.19696441717655733        0.33524248979194579E-001
   0.18171945700063105        0.33882904336539059E-001   0.39790564633715719        0.32460999255905384E-001
   0.34164276022055812        0.83373447769552772E-001   0.99961435771558527        0.37046155572213940E-001
   0.77316658676153038        0.33930405354118162E-001   0.41595422266753029        0.33765660464540805E-001
   0.96473780936863374        0.31858861314900136E-001   0.17786441216216112        0.34272980587389527E-001
   0.29243657355363151        0.33252859166301461E-001   0.99431533456355881        0.32903103053574079E-001
   0.96820360285675933        0.33640620488488662E-001   0.73670848292977331        0.36184940394725799E-001
   0.37027398176446941        0.34247086365910284E-001   0.46000308536173157        0.36045329559618852E-001
   0.26608717728368808        0.86197144587076113E-001   0.64490968463467491        0.35067769660644947E-001
   0.61025550584276056        0.31755865341704159E-001   0.53091822414734513        0.32896396440302428E-001
   0.57651644238686861        0.82494582263723498E-001   0.78862794701945749        0.33920266000001018E-001
   0.77111463892790233        0.82230459353249921E-001   0.71855327971301364        0.36941770985528664E-001
   0.54525789403471137        0.31285387597936684E-001   0.41371636019141717        0.31265528465140136E-001
   0.60658013453574711        0.84152549666845461E-001   0.87959232356820349        0.34425376843151355E-001
   0.42575786399896698        0.82522832401827312E-001   0.77842891506416645        0.33499994861850443E-001
   0.86665261747590072        0.83021910894957252E-001   0.74437533121139909        0.33451474667730123E-001
   0.48677849691992142        0.81306271349694204E-001   0.33821354974195411        0.35488052676468713E-001
   0.15736804342182004        0.34531019692189142E-001   0.50522882411624426        0.34741090773749428E-001
   0.43009449706164676        0.81457617604153709E-001   0.48785544522630059        0.31325631589615786E-001
   0.33140824370523853        0.33405620326312127E-001   0.50798157367709762E-001   0.35182602412918908E-001
   0.10446088745375642E-001   0.33957004403523915E-001   0.89811006875684396        0.34035523216586851E-001
   0.81649662227727937        0.83944533952178046E-001   0.43921607596549933        0.36300964122244039E-001
   0.59351833096287332E-001   0.83945474024528510E-001   0.80757486182325811        0.34696978345148392E-001
   0.74907874133401275E-001   0.32516165883432958E-001   0.92479879824378119        0.35553754397282318E-001
   0.90793061709757172        0.84031237193187558E-001   0.55298758900000489        0.33853894429323531E-001
   0.92566983581100459        0.83682804083428097E-001   0.71200574385162274        0.33812639086174712E-001
   0.24684076124800702        0.34244182343711745E-001   0.53382566875314585        0.36885129297518297E-001
   0.12134484736173035        0.83944651928825553E-001   0.90327033539813095        0.34390750704888257E-001
   0.33728686741887498        0.33755207406809297E-001   0.84190113614099094        0.35410712176138129E-001
   0.36025470292317542E-001   0.83131152660859298E-001   0.38054894257227861        0.34259742569912897E-001
   0.85661679515683942        0.88857943135857265E-001   0.81222473742885060        0.35367478177368690E-001
   0.98126846863756029E-001   0.82562379646791931E-001   0.96846341895214327        0.34691486416411774E-001
   0.10239921051266800        0.34232740504341316E-001   0.54732924149354401        0.34369909043976736E-001
   0.39027523686597521        0.81326563753195844E-001   0.33405070604893516        0.35020396160873955E-001
   0.42391943670940463        0.83416365355893682E-001   0.99673654511220378        0.35169810663580242E-001
   0.55606933813997596E-001   0.32274215895311320E-001   0.99215878940748192        0.34487083862722853E-001
   0.14990640180086359        0.82662956355106787E-001   0.53240337384688405E-001   0.36309826297622194E-001
   0.99694360400596083        0.34049746205017765E-001   0.62015408665809135        0.32924668660252621E-001
   0.33789820421194988        0.83314997694725570E-001   0.99821665746881172E-001   0.35032832183789164E-001
   0.41259076382367410        0.31966442151091755E-001   0.72900698258955110        0.34255217980896410E-001
   0.64859655468589472        0.34138336432568271E-001   0.86139395296261012        0.33344567320292881E-001
   0.81210227704727422        0.38814473844904475E-001   0.83128328572743038        0.33967846671266601E-001
   0.94665242863372789        0.35193985601666158E-001   0.87181799966331786        0.34949108140779429E-001
   0.49015312595611144        0.83730629184379193E-001   0.54428638763719381E-001   0.32029741582948440E-001
   0.83495188526371544        0.34019905007943510E-001   0.38800908537144152        0.33932628782560773E-001
   0.74485605833586788        0.32276383471437312E-001   0.62850815091816759        0.35469637753278889E-001
   0.60506684828998769        0.81877079246221340E-001   0.62474706953232229        0.37200315427662875E-001
   0.34320097364188640        0.83919684182980112E-001   0.89301306357176247        0.35574468509010422E-001
   0.27250919977637000        0.34306508782847883E-001   0.43687310784971711        0.33529617859641349E-001
   0.35176899028403408        0.84606210443724517E-001   0.50807080709325947        0.35438530371101958E-001
   0.27787504120666040        0.34245701019032938E-001   0.59726779413514219        0.33590372905901188E-001
   0.60350257900492332        0.31298188833397009E-001   0.37942536405747984        0.36259595695600499E-001
   0.17379592386158776        0.83900053865877233E-001   0.77617254571536709        0.34826094903151958E-001
   0.80791416600289923        0.83810921917028949E-001   0.53916054656690893        0.35916008744085431E-001
   0.92277674663287471E-001   0.33567433850463825E-001   0.84107776758234476        0.33550396992740247E-001
   0.86791134962352656        0.34521485254410948E-001   0.29268285730137922        0.32621863545342085E-001
   0.38989511542397332        0.33124658843591497E-001   0.18459655258600724        0.34635202553346962E-001
   0.90111463649189183        0.33879822230655846E-001   0.60143883773861873        0.35978325084589251E-001
   0.65175734438239119        0.34757586810286061E-001   0.32955906725315220        0.32765904148323553E-001
   0.78809125755817200        0.34027891204429402E-001   0.89495989544297416        0.34234902827498109E-001
   0.32963077586477346E-001   0.34054389747915380E-001   0.42651337912348475        0.32564517280527443E-001
   0.76591159996086500        0.34417672896778155E-001   0.96078974464988898        0.35186719664471462E-001
   0.27509005208860232        0.33276706659162790E-001   0.92311648654105558E-001   0.34188010704797357E-001
   0.41737711466741206        0.33358357089886069E-001   0.59000243863570823        0.30969436084450644E-001
   0.28039452288948885        0.83292180914316269E-001   0.14014105003331856        0.35163390209144954E-001
   0.19104491669710960        0.82269740502238453E-001   0.34923276403746423        0.36087925437952070E-001
   0.29623499212870108        0.84198682726518592E-001   0.55269542169121899        0.35780520419435267E-001
   0.55189918293890117        0.81368378333684058E-001   0.36858076246784854        0.36349650902021767E-001
   0.78735272213901197E-001   0.84727522602879052E-001   0.43324942628005009        0.33582760546958829E-001
   0.79922965827562031E-001   0.82365801105648007E-001   0.36379128221944293E-001   0.35476212300738302E-001
   0.79437414720947297        0.82225458205145416E-001   0.62819440927864145        0.34784519021212976E-001
   0.56162414836226304        0.33825102964123242E-001   0.89486107586708352        0.33983712527831528E-001
   0.69884577982267237        0.32323937391688019E-001   0.56101032727765543        0.32915510291657422E-001
   0.27614855085111473        0.33988290672316741E-001   0.81220097685123382        0.32281319956707480E-001
   0.80866582352555905        0.84729440618725255E-001   0.93824878796707212        0.34103955705309837E-001
   0.48998047978794412        0.82019505666435441E-001   0.64966131853433740        0.36829252514532715E-001
   0.71739231198185219E-001   0.81475264033113046E-001   0.16519915563579038        0.33003526995008955E-001
   0.84916350444026489        0.85375102717449525E-001   0.18139867388372891        0.35611049651889819E-001
   0.22997528909975720        0.32632835014516325E-001   0.14425729567258588        0.34543711602639825E-001
   0.61213551967937907        0.82378021182336447E-001   0.72836490026060652        0.34510203256899158E-001
   0.74155196273454405        0.34372070351302651E-001   0.35448411408748076        0.35326538457592919E-001
   0.48972949004375754        0.83953738967375610E-001   0.97290154841913101        0.34796293165281100E-001
   0.95766893283354149        0.32071234559388505E-001   0.31375966134697830        0.33820136212981335E-001
   0.68344680162496660E-001   0.35184365911629607E-001   0.48735467107221692        0.31910392520772497E-001
   0.75722835540735389        0.32233696563076106E-001   0.52534694450154096        0.35195156711072685E-001
   0.29345573577218559        0.83718779978371238E-001   0.94631944899930220        0.34796556447162098E-001
   0.44965257179071749        0.83604578391811707E-001   0.87803581090001770        0.36479839394916801E-001
   0.12349121464780603        0.34771791192754940E-001   0.44478819781435358        0.34388255429995240E-001
   0.66318948022474711        0.85337811260285057E-001   0.28714715742895125        0.32477042209846721E-001
   0.90019792620310846        0.34741680058822916E-001   0.66861671658607026E-002   0.35719102538190321E-001
   0.39201122888938045        0.29484367981216255E-001   0.38569144047870407        0.34764385159095912E-001
   0.91543270826668666        0.34032650289890130E-001   0.50649092378891070        0.34817594220826746E-001
   0.38123358959314113        0.33311147263625877E-001   0.78891738884708718        0.33367279315375323E-001
   0.62274944861314585        0.32390983256334986E-001   0.77578007544203520        0.35158711785447098E-001
   0.85549595443385307E-001   0.81715985230267310E-001   0.25012027689341776        0.36073345174390349E-001
   0.44057323436840007        0.81315570720332381E-001   0.28234303517592535        0.36953631980640257E-001
   0.91665454532085480E-001   0.31683437681236652E-001   0.29982015304848375        0.34323155879632548E-001
   0.43724237405792626        0.83372854513197869E-001   0.88422065951383064E-001   0.30797934097115405E-001
   0.43779233107229076        0.33749612646837811E-001   0.82779210496423128        0.35195695857349399E-001
   0.77057777240144998        0.35426695406132268E-001   0.97998153577682462E-001   0.35948203057536529E-001
   0.18706183139965060        0.33952154234611433E-001   0.82129713648571756        0.33745305852490554E-001
   0.23366590063021034        0.82824689432277721E-001   0.19099096461559276        0.33817597312380945E-001
   0.63929725554716799        0.83734140365849766E-001   0.82065627423671861        0.30244411971881116E-001
   0.32693661733498425        0.74935395852972805E-001   0.61055143669221734        0.30341049579705723E-001
   0.62195422001948875        0.85275711165079843E-001   0.23906609506993898        0.30307816012265530E-001
   0.17013678210568906        0.33860137407899858E-001   0.73454004869249978        0.30268083306361264E-001
   0.27683899964184466        0.81707637812677841E-001   0.33583018247623669        0.30323507250470283E-001
   0.98095479485755888        0.83656635256952480E-001   0.77867980552271421        0.30280961132561051E-001
   0.28411203754367422E-001   0.33790187183214075E-001   0.83618549119680807        0.30397931367373888E-001
   0.64959132935399910        0.82265488148945812E-001   0.67552474373342930        0.30252175196788866E-001
   0.52648084093630754        0.38718909590267199E-001   0.23737864124525987        0.30270504499585963E-001
   0.73332049544732536        0.34991780406740634E-001   0.84740081882196694        0.30294481698452717E-001
   0.77144214297076463E-001   0.83968060545816403E-001   0.59606861011937473        0.30325357649322485E-001
   0.13189824811576598        0.83322400317670020E-001   0.83360550413128165        0.30306698600080915E-001
   0.69257851361766182E-001   0.83968341936903945E-001   0.68797178727385522        0.30333216130796203E-001
   0.23708092234063902        0.28870902927292677E-001   0.86107442959615765        0.30359280337319626E-001
   0.63179361412170199        0.34891418392138586E-001   0.23826218041592909E-001   0.30341767226478251E-001
   0.92883665145537841        0.78800369556054059E-001   0.46947216273142620E-001   0.30232168570442038E-001
   0.14486880486499895        0.83971909866329075E-001   0.71091778858215271        0.30310119781577334E-001
   0.92107380871598990E-001   0.85123039641412088E-001   0.34521700296827468        0.30252392809768106E-001
   0.10503906582205078E-001   0.84142516459029759E-001   0.58381139852570396        0.30267536643817324E-001
   0.80322414837752321        0.32913672770121929E-001   0.58602906113885145        0.30369121288641675E-001
   0.55126608647990338        0.83635592087033819E-001   0.52856465078830531E-002   0.30322943340683427E-001
   0.72198170219799196        0.85194741186555581E-001   0.25231967795861843        0.30338379005305123E-001
   0.58657337602624260        0.31527091671765685E-001   0.98263994105583441        0.30223092185244178E-001
   0.47309016308726214E-001   0.82323808362666770E-001   0.30448516813349563        0.30343789312309709E-001
   0.48743030050003278        0.90961906172238802E-001   0.23501513949874892        0.30303527698825879E-001
   0.53748516778427702        0.33730571877102038E-001   0.64252501886861524        0.30298277466690282E-001
   0.34658511873067971        0.76721361237386154E-001   0.38260258417627335        0.30362903856391420E-001
   0.13249317014477874        0.31913180292998930E-001   0.15266991321157927        0.30275690807467431E-001
   0.33783034852191651        0.33874129826109461E-001   0.56587584138121394        0.30243918312005933E-001
   0.30946347320486789        0.81983910474389687E-001   0.70046412600133257        0.30309680897414024E-001
   0.73073302615634739        0.82065257215273926E-001   0.41954014281415497        0.30252255982505975E-001
   0.79370006021641659        0.34569734694132818E-001   0.67368986161790667        0.30268134258562267E-001
   0.98382537256360980        0.84031606282432503E-001   0.68492571884787667        0.30279393929535277E-001
   0.44404488086262787E-001   0.34174798935367165E-001   0.57767488204948858        0.30279793853383211E-001
   0.26353734186147021        0.83262613704214575E-001   0.74095152705716838        0.30276871337690095E-001
   0.86561043112309710        0.34460610616941605E-001   0.44829783942253193        0.30242884434966040E-001
   0.14808014619707610        0.33943967874615913E-001   0.87208861479583955        0.30258262013726948E-001
   0.43608960294571902        0.31469842176461510E-001   0.45194674454792039        0.30295875895486036E-001
   0.97271108321883715        0.33641933282204335E-001   0.81203876763749794        0.30247048880058001E-001
   0.29878816029535693        0.14271232737594295E-001   0.38216225017856514        0.30356449914238848E-001
   0.38479937926903218        0.33385141297302780E-001   0.12853767307213427E-001   0.30289736251925430E-001
   0.90059706164017916        0.34657576204571931E-001   0.18878255168721844        0.30300655108396021E-001
   0.72660764348425899        0.89002032375801621E-001   0.80829137130352513        0.30298760360873950E-001
   0.67525593563503933E-001   0.33969895614842448E-001   0.76671829324881446        0.30342007519026101E-001
   0.19860337727115616E-001   0.32509806904399509E-001   0.14396203263684421        0.30333754283984479E-001
   0.14186348267381130        0.33647867623741952E-001   0.34718056546443149        0.30276330716059209E-001
   0.96388409797518515        0.33817444064719995E-001   0.24267405756284915E-001   0.30284465492171203E-001
   0.81113888551218871        0.84718097312325033E-001   0.27386851811631657        0.30244912704835831E-001
   0.69206136596930978        0.93826166307634462E-001   0.75599893830291864        0.30299892639166971E-001
   0.38647818610959433        0.83624908485409474E-001   0.51010426305064860E-001   0.30301937338427183E-001
   0.32375474752229821        0.33268457110404853E-001   0.13942411770138147        0.30234947807628160E-001
   0.89523542640401843        0.34016290489551723E-001   0.35759435894697916        0.30336419397206608E-001
   0.12891903776623187        0.34119908267186888E-001   0.60809772463673795        0.30339059821986258E-001
   0.24359234466975715        0.82017016629794048E-001   0.28472748619752752        0.30318041332494286E-001
   0.11055879363565875        0.32150956164205803E-001   0.74459039419907447E-001   0.30277251064649187E-001
   0.12141647133525790E-001   0.34288236530031872E-001   0.51960030368654209        0.30324887751315366E-001
   0.88609531128514651        0.36145011902839731E-001   0.84729058443526495        0.30266926721458164E-001
   0.70531014011670023        0.34204590697603857E-001   0.90108818596457685        0.30236948783257816E-001
   0.68081624883724090        0.82098536586842963E-001   0.45841852156589147        0.30302117974966632E-001
   0.28101085257761629E-001   0.84127727340607195E-001   0.64336338735104059        0.30282355041358306E-001
   0.78556900338068625        0.35618465238586937E-001   0.23362512580534206E-001   0.30335052203340256E-001
   0.30717220521837690        0.36248050821246131E-001   0.65398205643486773        0.30239077153099925E-001
   0.30796536920523188        0.34822777666596624E-001   0.50184439205038134        0.30276015113167045E-001
   0.25005320985666712        0.32751987573290738E-001   0.94729641563969036        0.30299962084829539E-001
   0.84362850479340890        0.33269502745968134E-001   0.63912891277234174        0.30317803766671713E-001
   0.40801289358920446E-001   0.32825964969634795E-001   0.33963819873889184        0.30244894817486684E-001
   0.90989629695166196        0.84403136591530259E-001   0.15515901909345040        0.30311945442804234E-001
   0.17640363804341858        0.86567729943817034E-001   0.62174734555730848        0.30381339699901311E-001
   0.28353190307104070        0.83363499968120008E-001   0.85229259978583016        0.30345043887759451E-001
   0.49930027800969934        0.34233570969842517E-001   0.92275594225679464E-001   0.30257898614738290E-001
   0.97590628239115551        0.81573358073906005E-001   0.41986848542107119        0.30320632851234954E-001
   0.43634082463643914        0.79639965236232804E-001   0.38061750550797618        0.30387747995304366E-001
   0.64617197598306986        0.80938280379378363E-001   0.54904379940126646        0.30404960097345952E-001
   0.49374360104773812        0.80062898744981098E-001   0.13575244595956831        0.30337233238886728E-001
   0.49927089614579861        0.31353192159797816E-001   0.45465071768300785        0.30293933732600958E-001
   0.93808758098861567        0.81777890701047559E-001   0.20898252338818357        0.30287089460322433E-001
   0.99334572545809774        0.82080766621151866E-001   0.33212373424880670        0.30273732756890517E-001
   0.70826367218968034        0.77042240942305079E-001   0.51427100269708870        0.30319968542427793E-001
   0.42593682730081911        0.83243823887261009E-001   0.62460095201957033        0.30301379448554922E-001
   0.40377991972300892        0.84156905471474405E-001   0.43176433891548316        0.30363800585398362E-001
