 3 HS poly
 400 2
 320 80
    1.0000000000000000         0.0000000000000000         0.0000000000000000         0.0000000000000000        0.10000000000000001         0.0000000000000000         0.0000000000000000         0.0000000000000000         1.0000000000000000     
 T T T
   0.74571541262266972        0.95320556839197518E-001   0.22079407875712787        0.36207333971459629E-001
   0.76429621104316847        0.94806323912302204E-001   0.36859129132845508        0.29948992842767953E-001
   0.48020331021626989        0.45545812749058487E-001   0.29359416454889453        0.34280464761485351E-001
   0.64507857229715071        0.45772893770835744E-001   0.78953270662506636        0.33244447251159541E-001
   0.42897120754016810        0.95783115223389059E-001   0.35950346885772901E-001   0.32549823394628308E-001
   0.98280303637542588        0.45556050624310312E-001   0.96857383186218349        0.34623746429243041E-001
   0.55344347716214126        0.45261792916961661E-001   0.90147488760797945        0.34392468867923152E-001
   0.28568297856125102        0.45769187944052311E-001   0.90339768811033683        0.37156696492412017E-001
   0.65073887686521759        0.45576074316680891E-001   0.88680938170100687        0.35011745652428233E-001
   0.22587029175545259        0.45761773495050409E-001   0.38202007384044256        0.36017325649863374E-001
   0.55112689038661011E-001   0.45011339388162007E-001   0.62992906763689449        0.33151218234139100E-001
   0.45786994342818232        0.95369690848696509E-001   0.64353732208137171        0.35101030859680998E-001
   0.45535550697568000        0.96114803046299074E-001   0.86732754342276563        0.32064169038732999E-001
   0.68738251823263818        0.45916536642838977E-001   0.52439526797434621        0.32891545097441521E-001
   0.39731837891090310        0.95638467108819736E-001   0.33547274557254486        0.34820680231217357E-001
   0.84145932902328147        0.45472135331225294E-001   0.82841100293308684E-001   0.32566147503678346E-001
   0.62312658550514310        0.91141352325787392E-001   0.60659938942042591        0.34981463784089832E-001
   0.17833508887401670        0.37682052588568823E-002   0.35716781260139369        0.31383197248102852E-001
   0.56356905607176422        0.45867007363830425E-001   0.19142050031641386        0.34587268941251456E-001
   0.88255007798321106        0.96367067827991940E-001   0.55768374360081829        0.33746914637092770E-001
   0.72891361105425667        0.45619012535867316E-001   0.39153548901855240        0.34119775533512593E-001
   0.68259461428731694        0.95229974223766042E-001   0.41732169166920380        0.34054773411804566E-001
   0.66605733584819682        0.45584870944297105E-001   0.98111237734710322        0.32483210618634538E-001
   0.61965756517200699        0.95591267885676845E-001   0.99655770014790623        0.37225421734959740E-001
   0.11920413328796521        0.45596222206926308E-001   0.11173262234974723E-001   0.35118559102302334E-001
   0.62801012978000148        0.45837109211669225E-001   0.22485663602975917        0.37944791634995950E-001
   0.51015394494555333        0.45639597772208350E-001   0.96071711365511836        0.35163301955530323E-001
   0.33321329694833945        0.95648229604498758E-001   0.21215010806569506        0.32832989545853175E-001
   0.84035535904230763        0.95946359686546259E-001   0.60837133375797392        0.32116445366693891E-001
   0.66664276852186743        0.95589172372891953E-001   0.48414212137767371        0.34092270384319133E-001
   0.52204502402079511        0.95620763667051564E-001   0.67340699554258654        0.35308736066961201E-001
   0.85606628249535910        0.45831385034947797E-001   0.92114059073688381        0.32733918976881611E-001
   0.60234052034304919        0.95472208346461696E-001   0.89547120709229955        0.34998566506685626E-001
   0.27878130217187996        0.95092130819522003E-001   0.79025405278620164        0.33791234386350649E-001
   0.75683955724469232        0.95661902445686536E-001   0.86898912576999787        0.34738039541542635E-001
   0.58738705843605010        0.96382831637268435E-001   0.79321995634200448        0.33759043845158203E-001
   0.89781574286926469        0.45586652512212625E-001   0.49405971999951878E-001   0.32960604698392723E-001
   0.39122561793938654        0.95472133704716758E-001   0.61022225714997624        0.34293949139397685E-001
   0.81757672636063383        0.95339140542128428E-001   0.41142590003853491        0.33357188304349882E-001
   0.31956551409210388        0.45818020364641637E-001   0.41596739052594645        0.35666915345501170E-001
   0.27641782266893772        0.95430497173279352E-001   0.63642304423438700        0.34681570945193176E-001
   0.94430760875040476        0.96244037705787544E-001   0.51383077433181823        0.34168507594634134E-001
   0.86272870430248205        0.95394017647013274E-001   0.27898371767623148        0.37898494013120031E-001
   0.42620189334779229        0.95593855546096312E-001   0.12371883654012938        0.35335877765710254E-001
   0.83835228448298793        0.45770458364669253E-001   0.70450826642988051        0.38682258376755381E-001
   0.26433847870780086        0.95715943912217827E-001   0.85850563449514949        0.33276897224106754E-001
   0.47869630723858009        0.45307863376847023E-001   0.47433972694786120        0.34300353365066198E-001
   0.63351554858988812        0.95476561729744017E-001   0.10567261345442094        0.36253226467171433E-001
   0.55852478331755817        0.95554041027835324E-001   0.95015101302958438        0.34994023862757496E-001
   0.23212615328512859        0.45362983744515008E-001   0.10151677724442383        0.34466749502304897E-001
   0.14673733629001298        0.95043941304655710E-001   0.48973238397853119        0.34607838908726166E-001
   0.21851948854770925        0.45636382924965496E-001   0.23114395912495972        0.34653765033281193E-001
   0.54554176793743248        0.92439003505378980E-001   0.60606615333843761        0.35253608799568299E-001
   0.78872271009889172        0.45626671854122620E-001   0.91395246864151558        0.34538166088980041E-001
   0.77866769276118675        0.45346187139569422E-001   0.47173245753131215        0.33746230405211970E-001
   0.82663964880239582        0.96376972369765390E-001   0.88478361541224115        0.32415003021614500E-001
   0.31782636473888938E-001   0.45564849942179006E-001   0.23445811918373083        0.32392259464376127E-001
   0.33267309493760849        0.99281035181417163E-001   0.87478935340694186        0.34511789599378943E-001
   0.25430639362818547        0.45496964346439843E-001   0.34682152217535789E-001   0.35883371713903101E-001
   0.91448396262988152        0.49337642500020151E-001   0.95536074618140809        0.35026162400593808E-001
   0.72961868176057681E-001   0.95643136033363649E-001   0.38543369399046512E-001   0.38219102547573040E-001
   0.67122096321055014        0.28793235513145839E-001   0.63970854125909549        0.34469185767916403E-001
   0.70642645179388686        0.95966875653752837E-001   0.56448430171182151        0.33869808183508099E-001
   0.25738278308643575        0.45852615598919011E-001   0.29101555713669042        0.33797218700301543E-001
   0.52020377770836890        0.95586023565258360E-001   0.66929478779586627E-002   0.33191495251885264E-001
   0.31673186041338602        0.95811686306836868E-001   0.93874382248558130        0.31444485262091128E-001
   0.50260992206619126        0.45343180273319621E-001   0.63112270608145726        0.32698271558400299E-001
   0.82031529570826467        0.95720660324843290E-001   0.95526588840277482        0.37477894828892189E-001
   0.51629070742830040E-001   0.45646070147171883E-001   0.98711087815532927        0.36609306834194881E-001
   0.32861425249531923        0.94776112933593865E-001   0.57819619287979085        0.33963456047063079E-001
   0.32020357286901358        0.45651847824098916E-001   0.25713841077805183        0.35600293506969964E-001
   0.70302456457677986        0.95288421547562618E-001   0.34745962054638913        0.34325999493728443E-001
   0.71304040163680904        0.45582957160233313E-001   0.26991116770960992E-001   0.33032646203706384E-001
   0.27095335604752857E-001   0.95638819449750334E-001   0.94353730205590480        0.34032241150377410E-001
   0.42221956481580064        0.95077308239129993E-001   0.54945941549567145        0.33057745250707843E-001
   0.98308029112184989E-001   0.29376122764027701E-002   0.39619924945059859        0.35419222201105667E-001
   0.95143184062862507        0.61023979731807598E-003   0.70393732569308620        0.32227985225516842E-001
   0.97071089246185938        0.48109920000622725E-001   0.32655275866234523        0.33571786551492844E-001
   0.97742246337224969        0.95687684353543342E-001   0.85767984549345400        0.36308088547063244E-001
   0.30786582412522817        0.94873629514179159E-001   0.46791624802401022        0.36053140983432055E-001
   0.43333678812471416        0.95272553406963445E-001   0.78573821870624372        0.34533311174098399E-001
   0.36802512580295946E-001   0.45160590255320279E-001   0.75758160103436323        0.34635455347459966E-001
   0.20714260365505333        0.94935055042716210E-001   0.64350816656892817        0.34745958945042538E-001
   0.18946340416057514        0.95313238393839483E-001   0.12303107189767393        0.34502708049727791E-001
   0.27673888294496816E-002   0.95613706725317771E-001   0.26794456978852044        0.34219407195980218E-001
   0.65167129483726483        0.45444437082569948E-001   0.15470218136570316        0.35989728101661997E-001
   0.87077578474864095E-001   0.95428022324697576E-001   0.60346603205593996        0.31357025539848732E-001
   0.51572693843135864        0.95912383166938675E-001   0.18965793234074599        0.34591868136560650E-001
   0.42170532724782889        0.45262252778460008E-001   0.43708551278002999        0.33765336480779999E-001
   0.70505912385621802E-001   0.45687269163759731E-001   0.18089392139152127        0.33293279141449396E-001
   0.92049485907105444        0.46386766782536927E-001   0.58782732028365570        0.35799683701753300E-001
   0.17049962695816867        0.45318353208416651E-001   0.80359668708510434        0.34476907002163978E-001
   0.28008640994587830        0.95783890549436534E-001   0.80379381927647667E-001   0.36350187269379400E-001
   0.25771358785463844        0.94625738092911457E-001   0.70196740298530302        0.33320358402734319E-001
   0.13610996779851701E-002   0.95150387542667400E-001   0.79052276649713404        0.34881063122068977E-001
   0.57639493614168358        0.95832179144591231E-001   0.23850426263899802        0.35021235908031995E-001
   0.80196882470838293        0.95766230900606403E-001   0.66786261350681819        0.33177619686110625E-001
   0.90326148867201680E-001   0.45202402206838209E-001   0.85425184733818871        0.33542132442075150E-001
   0.15881574539252907        0.39855162291180688E-002   0.42542444744940627        0.31422317770902930E-001
   0.35119706253285110        0.95595587839808871E-001   0.73351203341557425E-001   0.34659864180893410E-001
   0.77559711892025118        0.95785440271412448E-001   0.80206353036939992        0.34261442644174155E-001
   0.70984528215002374        0.95537444124626322E-001   0.98250917049296460        0.33812480884188076E-001
   0.12532307043530447        0.95430302745891107E-001   0.27753505221312930        0.34314988956042486E-001
   0.14723330939748114        0.45315862420666396E-001   0.72353073122031608        0.33923371552616259E-001
   0.26947817545989666        0.95174274655159569E-001   0.52434903935678778        0.32089185762925014E-001
   0.88789729799535899        0.45727253959474606E-001   0.79566335719660441        0.36707811914189717E-001
   0.23508476873887092E-001   0.94943247814804829E-001   0.60239018376024944        0.32043650089286349E-001
   0.18008817670336660        0.94363424329283421E-001   0.90057942554003223        0.32244678924412372E-001
   0.48250007139592427        0.39770158037471852E-001   0.13500009448641614        0.35229741087530832E-001
   0.87384920883725692        0.95375479641952199E-001   0.19679436197456110        0.37147581059283313E-001
   0.50979680955851939E-001   0.44454339935953706E-001   0.43209943281232760        0.34779705732562657E-001
   0.54305861595671356        0.46097114331477701E-001   0.80268799969666693        0.33324249418161860E-001
   0.92112645102323898        0.45186766910500990E-001   0.17677142622508771        0.33437057051800327E-001
   0.94322695455044547        0.95578532365312663E-001   0.21834752256731776        0.34892346401257116E-001
   0.98335117129760519        0.44949123053641418E-001   0.61761370461412890        0.33751001386351794E-001
   0.54822322483784613        0.95768130557148057E-001   0.38179969499354810        0.32222898671957663E-001
   0.68106237274840081E-001   0.95647332379254130E-001   0.13748987729005890        0.32895278936467584E-001
   0.47618396628560955        0.45573594718594325E-001   0.27696074676356344E-001   0.36553111413946009E-001
   0.59535876250303721        0.45773782270204143E-001   0.84435306455856030        0.33260192017015903E-001
   0.38435699802852402        0.44293561325705583E-001   0.89034929537517715        0.34962327072052823E-001
   0.48154235437882675        0.95668676894344093E-001   0.79336959080471142E-001   0.35165837868552624E-001
   0.90791279753718590        0.95809804867762499E-001   0.84299733322081682        0.34716202030546900E-001
   0.98232850710950637        0.44979907426433055E-001   0.48243927041780443        0.35150682586121369E-001
   0.70450750810092153E-001   0.45911682986582748E-001   0.91895692456729428        0.34084724349137077E-001
   0.61658073262487090        0.41214155853120507E-001   0.51202097128558233        0.36097996040310366E-001
   0.18458736966837589E-001   0.95240103602974066E-001   0.33262557541580218        0.32245365508258232E-001
   0.74101496273036216        0.95630679094871940E-001   0.60662224262778251E-001   0.33385153253083256E-001
   0.84532922041061409        0.45422643186736944E-001   0.44599584819188909        0.33310358314748954E-001
   0.58565093986458927        0.41102248699683000E-001   0.57575909179972196        0.34658389728370487E-001
   0.12708604006511109E-001   0.95259203235259812E-001   0.52560807197699810        0.35222160292010460E-001
   0.81666245655010405        0.95841255424266525E-001   0.53986285508964083        0.34341245599169234E-001
   0.42509129974451093        0.45229673536458098E-001   0.73642629264741921        0.36125135406708919E-001
   0.59462358307828522        0.45612885826409391E-001   0.35955305361034956        0.32383302004515314E-001
   0.46747496055847514E-001   0.45076709069561904E-001   0.49797120797272210        0.31102355943766369E-001
   0.64251694329452602        0.95819485838829710E-001   0.83709061275590968        0.35771226162919674E-001
   0.95853434171575358        0.95850229599765413E-001   0.43980883616311783        0.33759901879449709E-001
   0.62664675826314784E-001   0.45279180585969817E-001   0.29335574258014596        0.34064203953157283E-001
   0.92826432231988643        0.45182783207372054E-001   0.39302819434888997        0.34132546435071985E-001
   0.34276825609975131        0.94735126243215645E-001   0.66180613061169291        0.36352858445254752E-001
   0.38640982734031665        0.45615533641488452E-001   0.43276400278220849E-001   0.33392667218191570E-001
   0.36133954131509050        0.95181879298966501E-001   0.51622702603900839        0.35696537701198017E-001
   0.29293365492377932        0.45832160572908745E-001   0.12236748969441114        0.29530160990241482E-001
   0.97377862327846343E-001   0.95392296245651681E-001   0.96972167728826553        0.33123321549762649E-001
   0.30822506745271888        0.49300633870608970E-001   0.83283626318665871        0.35168979314358348E-001
   0.84250110579522053        0.95638860555503247E-001   0.81907074659530288        0.34696499755710757E-001
   0.29682321838054265        0.44651049726930125E-001   0.68048380379578721        0.33669242060927543E-001
   0.51852917535741294        0.95384984537414952E-001   0.44425222932837410        0.36201243103002580E-001
   0.37523692035279838        0.94682604077180543E-001   0.75011505377699594        0.33468381656178985E-001
   0.41972999923364090        0.45687412131184775E-001   0.98183430885910128        0.36145167244277632E-001
   0.14387805616780586        0.95291862905437175E-001   0.76754045041081487        0.32608632874304669E-001
   0.26934226185506582        0.95636884387762577E-001   0.24155328481803304        0.37391709020891582E-001
   0.56961430328495777        0.96126995009394284E-001   0.72107577896793118        0.31974140208456514E-001
   0.88504951214419578E-001   0.45022110615690503E-001   0.68858016328216820        0.34330934077532280E-001
   0.62015738199050929        0.45560541757707816E-001   0.52673847832678110E-001   0.37765448438561625E-001
   0.12347423368067667        0.95412491638575167E-001   0.94543606213343998E-001   0.37127793964166766E-001
   0.16719701269870327        0.44878017138799305E-001   0.53560284841038264        0.36126722555311082E-001
   0.19109378393684509        0.95245291669245141E-001   0.71041390762078216        0.33794867703981192E-001
   0.76384691045821740        0.45822395826332567E-001   0.69508270393355942        0.35204556539388455E-001
   0.50772495144041907        0.95442743229217586E-001   0.52160094869796747        0.35355395205214329E-001
   0.72593954078641654        0.46039436376896697E-001   0.60424804868284221        0.32869406446938032E-001
   0.57483940087292784        0.91152645360441653E-001   0.53270099993197184        0.32146564244882520E-001
   0.28610058241948938        0.45624257163036343E-001   0.19170962088276128        0.35090071300809052E-001
   0.25832544456945356        0.44907242416257667E-001   0.47723774143488629        0.34909340874687438E-001
   0.61405975603447860        0.45584752337786298E-001   0.29489741775532685        0.32981977240140070E-001
   0.85614222200537948        0.45626610918824931E-001   0.99455343019858833        0.35343991430095437E-001
   0.41295442333983878        0.45351888355455811E-001   0.28871933896272528        0.33122937209460163E-001
   0.82898581181625342        0.45114938354581850E-001   0.23203904998958988        0.36611701334218746E-001
   0.29904771060377111        0.95547108002934228E-001   0.52132410040854737E-002   0.37335037445074333E-001
   0.11897311120661888        0.53923208844172003E-001   0.44155477024205086        0.34429679810924096E-001
   0.50038542001751618        0.45439861095715253E-001   0.39569012041244545        0.35668113628462242E-001
   0.82305175034334294E-001   0.95161201560644795E-001   0.73761084544585753        0.35845896572470629E-001
   0.87199680836365656        0.45976017050746089E-001   0.63921973636611384        0.34550732694712129E-001
   0.39334654555500415        0.46218552721044893E-001   0.22512848049641476        0.33118740014184772E-001
   0.72654399419044269        0.95830039495629571E-001   0.72336571007458073        0.33280803879944129E-001
   0.80160200764844358        0.45816125268071821E-001   0.62442146565710266        0.33019905265901546E-001
   0.36161774228710630        0.44665178868986098E-001   0.70712729250942030        0.33614744960798949E-001
   0.56710212548913053        0.45761578894539766E-001   0.23296495665311692E-002   0.35362987489111257E-001
   0.53016805351762487E-001   0.45240079763890606E-001   0.36203863277196840        0.35256949672011831E-001
   0.13306859223372988        0.95265098159057648E-001   0.83439114769876566        0.35102176418808015E-001
   0.93620733091143860        0.95534026333178312E-001   0.77356938761980493E-001   0.35906150916837902E-001
   0.66130032923949622        0.45245707712377618E-001   0.37350329293824780        0.35693617989686850E-001
   0.37959449218920843        0.45634290528442284E-001   0.11118893720731846        0.34124088664254600E-001
   0.83377116312983834        0.95410866752070000E-001   0.34602343054783591        0.34010940240952720E-001
   0.21116137378426322        0.95372317335829182E-001   0.77650264289235560        0.35197825285332031E-001
   0.23896020066068410        0.45601516489611083E-001   0.81845078628839418        0.35531975813291088E-001
   0.65122322081218931        0.95748069304239306E-001   0.27072440930135661        0.33594554260702382E-001
   0.88073430577885969        0.96363092672771017E-001   0.49028012937967808        0.33478338899208211E-001
   0.79850852868286926        0.45755168814532926E-001   0.15399954991126497        0.33088390543641842E-001
   0.68226950851584367        0.45862921302699665E-001   0.90483367813275900E-001   0.34905659560560832E-001
   0.52394539150682951        0.45851896949358206E-001   0.72332331082513790        0.35165032395274631E-001
   0.21356051534323364        0.95458974118337550E-001   0.59583005334512856E-001   0.33214770510851734E-001
   0.13285168837058189        0.45464837502472821E-001   0.32776145117934624        0.36898118059125400E-001
   0.67993551682709463        0.45516750556143071E-001   0.30645222708822240        0.33896510598752941E-001
   0.37143396808959073        0.95616190197203188E-001   0.99862202070133865        0.35262320952256107E-001
   0.43400778618259452E-001   0.44972677747735786E-001   0.56343446518360485        0.34359551832465016E-001
   0.33734023846052691        0.95260339606976316E-001   0.36777292159572961        0.32577920996478139E-001
   0.35278914051448079        0.45628768405912234E-001   0.31891838171846859        0.34111356822986792E-001
   0.49161908630872353        0.95562762272109636E-001   0.34151782433300981        0.35889313706938049E-001
   0.79901195219623966        0.95448111997734564E-001   0.99789707674876812E-001   0.35076923067801545E-001
   0.70932386537694547        0.45530692395239249E-001   0.45901266587349943        0.36042282727268539E-001
   0.96276919258945737        0.94841461444970646E-001   0.14879436962668829        0.37133236764608273E-001
   0.29386014274988814        0.45870154047880113E-001   0.35296641151379854        0.32335270863904891E-001
   0.32761653558733606        0.95559310050742641E-001   0.13683537163828940        0.32679367109031264E-001
   0.61583770928245607        0.95602789961163837E-001   0.39754211285718227        0.33774669327850448E-001
   0.77392266782067254        0.95594820334259603E-001   0.54444731626251989E-002   0.30857384617917077E-001
   0.59017398559716390E-001   0.45650569488150293E-001   0.91244211207567538E-001   0.35701444721516852E-001
   0.89999273539647262        0.45426376723891451E-001   0.24167580623376561        0.34735022654265597E-001
   0.75254664339020649        0.45587718258246424E-001   0.97259469764190909        0.32642974296052472E-001
   0.65905451918633806        0.95768682550345277E-001   0.93624469537866284        0.34770744263505945E-001
   0.38675767037866554        0.44971033434519331E-001   0.79519487375072639        0.33867927538420432E-001
   0.20515382067929963        0.95614523838009363E-001   0.27596496975085477        0.33729877799335728E-001
   0.73515057277168216        0.95641687059362879E-001   0.50179679614747164        0.34519403993572277E-001
   0.83299576543090048        0.95558190713142990E-001   0.38216012126514820E-001   0.34901233387639397E-001
   0.67403196298698087        0.78809082955682119E-001   0.68563591322123085        0.33455108241969560E-001
   0.81806947137403552        0.45303168839033695E-001   0.77583539550183944        0.35403942292572099E-001
   0.54783899695592009        0.45456363814357109E-001   0.48929111445996720        0.36410565269430525E-001
   0.92353201693181752        0.98001054704516047E-001   0.65806845132831589E-002   0.35896745499233315E-001
   0.57322167919594469        0.95613462983413236E-001   0.31847428390292298        0.35712841668078268E-001
   0.78521364882048461        0.45611566695038491E-001   0.46158206340278937E-001   0.34563782442531790E-001
   0.63536524843101927        0.95711015071901551E-001   0.74165593240146677        0.36600428068077263E-001
   0.40703206416237259        0.95149685815491450E-001   0.69057186700348072        0.33996567445281463E-001
   0.68297479569323230E-002   0.95667725484186547E-001   0.93174647226753442E-002   0.34065383226500170E-001
   0.80003908113837008        0.45629268873359968E-001   0.84465944092243683        0.35641078957617880E-001
   0.71403272625682002        0.45591280625495181E-001   0.83998294533372597        0.37126442263814292E-001
   0.93674950549750302        0.95582906176669064E-001   0.28852244949157285        0.34920977923799612E-001
   0.90385963160470584        0.95439962798937628E-001   0.35085830364073195        0.35447674269509198E-001
   0.16963307083427367        0.45458773930385860E-001   0.72236766304677222E-001   0.34404642918840121E-001
   0.69922515538721686        0.45315042009724957E-001   0.24045090381243975        0.34823932918630431E-001
   0.14970714761315884        0.95087694644047260E-001   0.58267820898003686        0.34563635767126039E-001
   0.27857667319607715        0.45436397203473082E-001   0.58659849931121932        0.35838693745413971E-001
   0.60849926096283702        0.45487253797733496E-001   0.94481731247609424        0.35492428758257720E-001
   0.35192935543733195        0.45581315655426197E-001   0.17281669211425826        0.33377923731993740E-001
   0.76999594501946356        0.95832135878245364E-001   0.59101152709917237        0.34896232364455153E-001
   0.75488156852786359        0.95717863534941910E-001   0.15202205380814782        0.33159413813265155E-001
   0.10099052221112438        0.45208364288048170E-001   0.78386561142220312        0.34465068353451901E-001
   0.14458667426380342        0.45265708399374917E-001   0.14341148683292976        0.35652712985066982E-001
   0.95732832854058791        0.45864896170273506E-001   0.81240260699881217        0.33923755665928507E-001
   0.85199601160073829E-001   0.95257268773028411E-001   0.33042848434439320        0.32054917564094662E-001
   0.13997560542732687        0.45679473635444112E-001   0.94030315195552894        0.38311116903980313E-001
   0.32495782079846569        0.50824288258113672E-001   0.76494857524425275        0.34641656974261456E-001
   0.27494181384653071        0.95845068025922020E-001   0.39380836353014775        0.34857185317514298E-001
   0.25375431895602929        0.44606712668537662E-001   0.74893158615342537        0.35355666310446857E-001
   0.50696205750550571        0.94760297090246359E-001   0.90600487001037644        0.31377551605469740E-001
   0.86437697883978593        0.95824418900248232E-001   0.75095471946033610        0.34276820352013723E-001
   0.30431415066066081        0.95758410734578400E-001   0.30672730371475865        0.36396599137193904E-001
   0.75029527828172071        0.45702687614039568E-001   0.10618972516220949        0.34805167638313032E-001
   0.18683898042707534        0.44853324389667173E-001   0.46999596561394452        0.32300696588699378E-001
   0.63821515864783773        0.45567712301058251E-001   0.44236986540280654        0.36919371949786672E-001
   0.35594050718300052        0.45741650461536540E-001   0.95336101994825051        0.33665345768096364E-001
   0.10198263929099775        0.45372166422874567E-001   0.23917718663391294        0.32834193211581708E-001
   0.39357711121832956        0.94298757879094419E-001   0.84233855004250602        0.34593845715093122E-001
   0.22320398952659645        0.94749450634732793E-001   0.44162628975269008        0.35553163028328845E-001
   0.90789027481786377        0.45783259288110605E-001   0.72734114295070162        0.34377621154830014E-001
   0.56620241264947724        0.45784146023403846E-001   0.65334273883740834        0.34106503322695728E-001
   0.44329554172402036        0.45576647823532185E-001   0.35131449183257335        0.34188997388917272E-001
   0.37519004839188075        0.45401549416345881E-001   0.56469173511307269        0.35088287295152953E-001
   0.19206132136542553        0.44918543086773094E-001   0.60034788981068354        0.32982478492669776E-001
   0.79321957051591974        0.95592189158757168E-001   0.73453288828385788        0.33780268311310743E-001
   0.19389749247461463        0.95638509108335781E-001   0.19131802555227798        0.33842085781940548E-001
   0.86276173868077810        0.45392113214745879E-001   0.37945549824701363        0.32733543115349102E-001
   0.55053469061754989        0.45637816125359207E-001   0.27712359353986205        0.32940301558127230E-001
   0.11673751231638541        0.96091747260417665E-001   0.19258328857512838        0.35495497784352736E-001
   0.23061140567062774        0.95458937345987011E-001   0.57775217453174510        0.33608757839003717E-001
   0.40884446774149985        0.45045083169785699E-001   0.50394257724800706        0.34234056365399723E-001
   0.67226951073287067        0.95682961596592661E-001   0.44300291938707936E-001   0.33671546769697240E-001
   0.43678378400502466        0.45414817292016137E-001   0.60078920971278227        0.33914251644593746E-001
   0.48115994324859390        0.47042407844770574E-001   0.77683328072483004        0.32978353574405823E-001
   0.24102918573120549E-001   0.95580533062359294E-001   0.18952748494833624        0.35211939172975992E-001
   0.49869650008456351        0.46217243410361972E-001   0.85960881791345822        0.34472613336053927E-001
   0.67455176869441669        0.95253603985496663E-001   0.19910079313802437        0.34547291476687364E-001
   0.23977714939915093        0.95891395424862913E-001   0.33473677748417091        0.33870814969705995E-001
   0.13244418127214008        0.95083521608535060E-001   0.67835927933188978        0.32956942040199624E-001
   0.46456968211628413        0.95520194162789743E-001   0.96519365138787960        0.32523331857930333E-001
   0.88785432560984245        0.95763090779788021E-001   0.68435428391447817        0.34453162745425932E-001
   0.96810584103177288        0.95175689452288326E-001   0.37361641326239825        0.32664959013039480E-001
   0.45077807843424036E-001   0.95663969114642644E-001   0.87821883059236594        0.33668879670621266E-001
   0.12931428084335475        0.44735819060995559E-001   0.63029259848267638        0.36199626227754092E-001
   0.26196251148612504        0.95573340137166715E-001   0.14861472245875215        0.33729733311294467E-001
   0.76676917500248665        0.45899256710923673E-001   0.54061922584376743        0.36036204884101121E-001
   0.11032539638084800        0.95953878881910842E-001   0.89870276403847660        0.32954785240568621E-001
   0.51019041133806819        0.95549139107286130E-001   0.25804303306651882        0.34003801623765290E-001
   0.68671310476393344        0.44807577855788823E-001   0.73961315146104445        0.31578192800377131E-001
   0.81419299903945933E-001   0.95051594966448730E-001   0.53601045710660911        0.34105766432340201E-001
   0.56885417459983434        0.46016142887297294E-001   0.42129972387407916        0.34510409284075928E-001
   0.24265515107314232E-001   0.45212170706372241E-001   0.83436182264755876        0.35345586246703406E-001
   0.71348961364710262        0.45638538068783346E-001   0.91747537114589628        0.34818892709145406E-001
   0.38121498995466352        0.45370437491479600E-001   0.38170090725230249        0.34780831214608024E-001
   0.66765538736932403E-001   0.94883163167661266E-001   0.81543781914799240        0.32707186114406185E-001
   0.53576915260730551        0.95565525005272489E-001   0.12314726978819333        0.34544697942735444E-001
   0.93371482263510464        0.95753379581278095E-001   0.76960083765042842        0.35915011167345481E-001
   0.45278862149179727        0.46141653636811310E-001   0.91586267411087818        0.37639152329440005E-001
   0.88662262400102143        0.95419407269860895E-001   0.42063782039490810        0.36273801667412141E-001
   0.69616538081824531        0.95747917451888584E-001   0.78728318123699892        0.37360974441828711E-001
   0.75259140771309674        0.95413060462759297E-001   0.43272898088726686        0.34697107964205873E-001
   0.59158635143311800        0.95542019894069782E-001   0.46431721344330301        0.34480098181761031E-001
   0.93342583196162288        0.45268197643501457E-001   0.88687912452367434        0.36110665710447916E-001
   0.36879467871318827        0.95505755751785895E-001   0.27111271840488910        0.35171857432825020E-001
   0.73327535226701235        0.96516743743130323E-001   0.65264188603125406        0.36624616277748136E-001
   0.91651385228777338        0.45383350862666184E-001   0.46037569573417869        0.34171990570046405E-001
   0.45019097666269892        0.95282321525854030E-001   0.39919013805758968        0.35118075466362454E-001
   0.54753599196906944        0.96073343863621916E-001   0.85045970051075825        0.35905267723715460E-001
   0.71768498896241728        0.45479172758935246E-001   0.17509600637435996        0.33000461462695092E-001
   0.24805578062566414        0.95693656708874558E-001   0.93618721262669125        0.33212140303634938E-001
   0.81532971043359537        0.45403066804268630E-001   0.30240766919953121        0.34845085233196772E-001
   0.17361121061640450E-001   0.45103217522388793E-001   0.68715709489654808        0.32920374530862863E-001
   0.47444071075140182        0.95273892971815835E-001   0.72723166981956477        0.34611255827300180E-001
   0.87167937708528986        0.95457893832541413E-001   0.11404499386116687        0.33643689117321962E-001
   0.46524193166845101        0.45460233873624127E-001   0.54020126021368786        0.32798251794281065E-001
   0.96718090005581625        0.45525087453309937E-001   0.37040322795993300E-001   0.35358424939041379E-001
   0.18935641689033642        0.45600826577329528E-001   0.54066081727325403E-002   0.35260445210723995E-001
   0.74853896766002748        0.45743351998381206E-001   0.76364535745411155        0.34315041621097830E-001
   0.37172553416371396        0.95404366565218085E-001   0.43234512033714245        0.36944373246777441E-001
   0.31317171125181015        0.45170571400801801E-001   0.52568265987196217        0.34171790435300858E-001
   0.58529181142561038        0.45570069032839902E-001   0.12457652913345076        0.35670583289755600E-001
   0.33257507875638329E-002   0.45701102550463779E-001   0.90184132424475560        0.35187634977662266E-001
   0.53516415717423560        0.45570945898735171E-001   0.71818167509146227E-001   0.37060798375220146E-001
   0.47555367938695275        0.45496122527224354E-001   0.22212009594158558        0.36593308092830047E-001
   0.43395049534230379        0.95912775833242758E-001   0.24951169060788855        0.33339312164209031E-001
   0.88642457614211186E-002   0.95649610279157304E-001   0.79503548967986240E-001   0.35988433108360869E-001
   0.74629606840811213        0.45395927146275786E-001   0.32468264945163955        0.34899107441697087E-001
   0.18271686030906432E-001   0.46515241154877901E-001   0.14435464673174955        0.30336155273994064E-001
   0.33703532811520959        0.44753934087618824E-001   0.61794118311556634        0.30354975045014165E-001
   0.42063301591819535        0.45354795831053257E-001   0.16653234211780746        0.30373440069798911E-001
   0.81874633485063109        0.95339585529561510E-001   0.47519991011402485        0.30323736697654056E-001
   0.89433325449029055        0.96059356846702929E-001   0.90923125209573430        0.30332110120204106E-001
   0.27309881036604054E-001   0.94838769092048983E-001   0.39670933337443692        0.30405122842555931E-001
   0.65539752760595121E-001   0.95390465123905172E-001   0.25247819152053347        0.30417625650219587E-001
   0.15369797106458702        0.45293641617381634E-001   0.87155666616364813        0.30424549996517048E-001
   0.63802539551786308        0.95976815760304257E-001   0.33569579302887459        0.30413016804105880E-001
   0.19453970821017297E-001   0.94527980441239251E-001   0.45987897600331418        0.30361037566262801E-001
   0.86195344714988464        0.45416443406034818E-001   0.15285587484569679        0.30347512202040895E-001
   0.20889566381895378        0.45570666387575127E-001   0.94119542604185880        0.30379439295853041E-001
   0.10868309099083713        0.45225124544213721E-001   0.56701379112789285        0.30276362068200884E-001
   0.76568989460864323        0.45391191544985908E-001   0.26002878663233042        0.30327359692378753E-001
   0.22564395572545934        0.45704879459737384E-001   0.16620234738329651        0.30415844944697838E-001
   0.46890763820018461        0.45023387469716993E-001   0.68534580357071950        0.30480950905884180E-001
   0.15580180774307406        0.95622444916196508E-001   0.32715909028993281E-001   0.30441818000581988E-001
   0.64541158200521431        0.91205253664271291E-001   0.54501056301953454        0.30341906389026084E-001
   0.43738545792539507        0.95182926280864721E-001   0.47424355449591765        0.30402975695581137E-001
   0.80619783168678250        0.95765087778747773E-001   0.19262478566014823        0.30477682082555600E-001
   0.20145087964331548        0.94938856746578329E-001   0.84165526536979451        0.30386869925958807E-001
   0.62116626196921676        0.45620701620660079E-001   0.69925468897028553        0.30407707799604201E-001
   0.39219375278221602        0.95108851785190199E-001   0.93346866798893735        0.30366695598093008E-001
   0.65443126492248094        0.41213935166313373E-001   0.57830493174441266        0.30373093306379381E-001
   0.84425263401033213        0.46050345225639402E-001   0.57091066370265431        0.30348861497800462E-001
   0.53513435676522170        0.45671651081542239E-001   0.33935049716639176        0.30325944196657059E-001
   0.97274020512334092        0.49195064408462691E-001   0.74074206953853838        0.30418933558766237E-001
   0.77433186645338969        0.95391415063326740E-001   0.29339164199706369        0.30395541664358403E-001
   0.21952745654175077        0.45537320296982271E-001   0.88143164243125105        0.30305370731244837E-001
   0.93629620467810659        0.50400922739977143E-001   0.66876295920428785        0.30405235930318904E-001
   0.99183598294743536        0.45154163446669657E-001   0.40430317220252748        0.30430378148720984E-001
   0.60172777990565374        0.95912365819839085E-001   0.16576916333819053        0.30320722284977127E-001
   0.84479480804288098        0.45848732499391080E-001   0.50977881243504153        0.30397008701925042E-001
   0.97575049613926490        0.45700044504608212E-001   0.54798077356068431        0.30421256708821259E-001
   0.89910638027552681        0.45446335059957696E-001   0.30821844160885220        0.30426017133616215E-001
   0.83579942252903772E-001   0.26732620878256499E-003   0.47071231976841482        0.30461950445026295E-001
   0.38992429748770552        0.95656836583351529E-001   0.18422012461250867        0.30347228981809065E-001
   0.75221230138286732        0.95666343500524831E-001   0.93396776460036557        0.30401393425216836E-001
   0.16543278523092433        0.45323584222211749E-001   0.26861186571539980        0.30303071232614633E-001
   0.19960524486388503        0.47754549964002455E-001   0.31925835130024371        0.30432864693402652E-001
   0.93418317356317715        0.71279764536487519E-003   0.63380822785514823        0.30335204764850611E-001
   0.18121135820354278        0.95660080313868592E-001   0.96330926697409947        0.30378528601462184E-001
   0.90406463877262577        0.46316639966515923E-001   0.52372772927571853        0.30326969537107160E-001
   0.31964164153843977        0.45548346085213985E-001   0.46031647924423082E-001   0.30413827123085161E-001
   0.98195211220249035        0.45736517187567327E-001   0.19618864480977666        0.30355242511528255E-001
   0.99250944213256742        0.94952296845360828E-001   0.65691887364928481        0.30443317658826515E-001
   0.95746381923929536        0.97572865667836572E-001   0.92725389458146645        0.30384457250357148E-001
   0.23132646605876211        0.95536964487910631E-001   0.99772949025163049        0.30362261092960925E-001
   0.57410724831117743        0.95514549381786218E-001   0.46954384743835162E-001   0.30396135856697978E-001
   0.16000530003050462        0.53960058430698267E-001   0.38894772382254511        0.30456234445496510E-001
   0.48029752540899268        0.92858046523471835E-001   0.58166323774408157        0.30458288100314961E-001
   0.97206729008169757        0.45654961066601524E-001   0.10326227312445198        0.30414849865942249E-001
   0.20860802442270612        0.96506645388074408E-001   0.51065056446928481        0.30309339335552393E-001
   0.60419048711775614        0.95631239699285206E-001   0.66905671673868228        0.30405907993484971E-001
   0.59078133196931126        0.45935415001511257E-001   0.75251737467524826        0.30385316637262960E-001
   0.34134211742317383        0.31325901338277582E-003   0.80406821388340455        0.30418497101724212E-001
   0.49091463161103738        0.96784542057016545E-001   0.81587786246701943        0.30436861547653397E-001
   0.86460862782325043        0.42889734767491541E-001   0.85863621571333559        0.30410614293160120E-001
   0.43743266052183738        0.45469262219427764E-001   0.82369245931142393E-001   0.30415953524141684E-001
   0.43913252511769130        0.46532690524309715E-001   0.83261117756235914        0.30297445704314568E-001
   0.52661295285085907        0.96034736975039767E-001   0.76641917716461405        0.30471076342509187E-001
   0.79945892179033406        0.45045943288132134E-001   0.36948736714750274        0.30335734118020090E-001
   0.26960835941135913        0.45525494378443901E-001   0.96999527662294849        0.30402236932647833E-001
   0.10015408497886827E-001   0.95101741619312369E-001   0.72559300886677647        0.30439699863567395E-001
   0.69323612836199211        0.96092156390276726E-001   0.13656519316924665        0.30354611834445371E-001
   0.39543738976711834        0.45502064948183797E-001   0.65117922443893295        0.30358873302799742E-001
   0.96462297535858976        0.95630851234332209E-001   0.58090221548732046        0.30379517439525609E-001
   0.52070557346735957        0.42597308402486211E-001   0.57056990673766139        0.30449019687436758E-001
   0.15721408519755517        0.45670401991493990E-001   0.20831082545960808        0.30410031592671406E-001
   0.96362946547944561        0.45611200578139846E-001   0.25586302841333813        0.30409473802360483E-001
   0.69264166188311083        0.95691304899642546E-001   0.88035188142503795        0.30425224973949914E-001
   0.10797205874501722        0.45041750401169027E-001   0.50489485058842021        0.30442159369625754E-001
   0.23370547765988098        0.45529076576908196E-001   0.53785529613780181        0.30377816834499072E-001
   0.35161494041555141        0.45023719572971514E-001   0.47373166208239748        0.30374095613804376E-001
   0.52227414406567640E-001   0.95017550386341201E-001   0.66914134436179484        0.30422076881590519E-001
   0.91178960498589656        0.45494575770150640E-001   0.11351963077454418        0.30418461374955099E-001
   0.22298304728042712        0.44625756365608948E-001   0.68292208997678305        0.30420332927240203E-001
   0.31746391525920176        0.76894439870046091E-003   0.72347263220447455        0.30426959680246723E-001
   0.45078607361710271        0.95468319924652989E-001   0.18481472569479146        0.30478253550290831E-001
   0.71465139697097035        0.94465737849134854E-001   0.28158324224263453        0.30385790042759920E-001
