 3 HS poly
 400 2
 320 80
    1.0000000000000000         0.0000000000000000         0.0000000000000000         0.0000000000000000        0.10000000000000001         0.0000000000000000         0.0000000000000000         0.0000000000000000         1.0000000000000000     
 T T T
   0.25005065601019882        0.30625762809447010E-001   0.88742364112013161        0.35800736528132419E-001
   0.26836736422124885        0.79934441057543881E-001   0.26451403708450405        0.33795544142132289E-001
   0.33594072195537211        0.29793055031771151E-001   0.40774963198305847        0.34166953338599836E-001
   0.16457644235163765        0.80108016663683917E-001   0.72237206753009298        0.34518782506012972E-001
   0.56754976369453214        0.30419765113967004E-001   0.86012877902057794        0.33581270426623323E-001
   0.55975714048882863        0.30234778136432213E-001   0.99703211840309425        0.35673191107859013E-001
   0.25508241248390434        0.29985756683646128E-001   0.21588655314138305        0.37168228571142735E-001
   0.98360934449091642        0.80259053859838198E-001   0.85369705738538348        0.35704254054755476E-001
   0.16782601429219279        0.28942643136227960E-001   0.23862235156766221        0.34785351234755221E-001
   0.97975576049750490        0.79023585017325731E-001   0.42692984455522481        0.36633999997924667E-001
   0.81657832251465734        0.80032071244782982E-001   0.78726463601933716        0.35135240470878459E-001
   0.98350276810554937        0.28534892080814042E-001   0.31567593446082215        0.32613139833639407E-001
   0.16427988684073933        0.29558814479217679E-001   0.83558226019839810        0.32294599391512128E-001
   0.52646206928687378        0.80047552043023440E-001   0.72478044438819378        0.33065448760726777E-001
   0.67555631293634136E-001   0.79749202039892719E-001   0.89203190997760107        0.34930329792185209E-001
   0.32679395513104870        0.80551363075124671E-001   0.53176990319568442E-001   0.34927460586199707E-001
   0.56028700705062262        0.80256370079025585E-001   0.10806588527362704        0.36150368626774086E-001
   0.98083456641088917        0.28679736943844344E-001   0.60744452865549381        0.33641355206124969E-001
   0.66147434998272869        0.79389335181931586E-001   0.56360298766644090        0.35290464875391454E-001
   0.85430829668258879        0.79706654013561778E-001   0.68945473022440071E-001   0.34407869629121866E-001
   0.55213338468868478        0.29621600519559910E-001   0.21431474763037181        0.33170113867067204E-001
   0.87941261096655754        0.29924473215185810E-001   0.68574356966127337        0.37111707747011842E-001
   0.61815435619781711        0.79624515080104596E-001   0.61952283148407583        0.35400943887355457E-001
   0.74096474230552156        0.30234311786643271E-001   0.24868806192422985        0.33583578185739815E-001
   0.26123217397102626E-001   0.29929548105393968E-001   0.87320343460069405        0.32489771487102560E-001
   0.62698284163979811E-002   0.28700774957276905E-001   0.25427533711607064        0.32772087819388278E-001
   0.38922086850235543        0.30703592584056128E-001   0.84564445362606566        0.35969579227267581E-001
   0.42417952686637284        0.28685538645806287E-001   0.46992467187176978        0.36845463789128237E-001
   0.71530669691106108        0.80168776376307344E-001   0.90198451924686274        0.36597177597142254E-001
   0.31542983587872353        0.30561225147380133E-001   0.91148641438000451E-002   0.32667840128221048E-001
   0.48128338856849739        0.29288188349711197E-001   0.25771343301546701        0.36343525611049692E-001
   0.15286228464528323E-001   0.78785940442512914E-001   0.56944501318469121        0.35710776982194353E-001
   0.80757572829840962        0.30197155587568726E-001   0.22357481063255763        0.37596156758926039E-001
   0.11000789256323304        0.79414826231384628E-001   0.10808867749497535        0.36118825640084250E-001
   0.16751057003623709        0.79424357833975404E-001   0.34606082108213573E-001   0.36404787825405523E-001
   0.85585506401499112        0.30025960960058679E-001   0.81386376725395448        0.33777330439132419E-001
   0.89459846715157199        0.79229159435867724E-001   0.51870304618858309        0.34764337017687476E-001
   0.48261139700259287        0.28463949559078675E-001   0.39339161928065530        0.34969046954553405E-001
   0.20985275889062258        0.78819181506511043E-001   0.38971063475104234        0.34635132566431123E-001
   0.96870206212789178        0.79783829444465396E-001   0.38607440005976823E-001   0.34880585987755272E-001
   0.75203594140184105        0.29345132655046305E-001   0.49063632738322754        0.35515177917354451E-001
   0.82763034968515703        0.79431963733370886E-001   0.55311383777292766        0.36578951028877683E-001
   0.11396580532841438        0.34926386126153168E-001   0.69067078474269372        0.34111287094610844E-001
   0.81016870377862135E-001   0.29408656004917211E-001   0.67525108043902229E-001   0.34417032380738545E-001
   0.15193028172249687        0.29396784458254922E-001   0.81949369223616883E-001   0.34121229448752656E-001
   0.89166083437377752        0.29375547329916204E-001   0.42424808846873113        0.33397017132603360E-001
   0.75307831336974640        0.80236392963071557E-001   0.48018600465189534E-001   0.33903144202343700E-001
   0.73525696961335582E-001   0.28878246213982953E-001   0.26575728409716015        0.35196466329105683E-001
   0.29280879609034083        0.78276987366190570E-001   0.57097714816945444        0.31643475613500067E-001
   0.94058660957323603        0.78515936744105869E-001   0.33352516563043422        0.35446730328392614E-001
   0.99587227721361626        0.29489134072159692E-001   0.97617458611389030        0.35881120207895523E-001
   0.94892374142577152        0.30266186906123590E-001   0.67934583467185938        0.32682315375139076E-001
   0.35896191015439294        0.29839555037891874E-001   0.34299966979246010        0.34238904547022581E-001
   0.69949921450459307        0.29958435068730395E-001   0.70558653344113687        0.34722898785011398E-001
   0.36688243387256275        0.74228568908474096E-001   0.23237382973606849        0.34713609536168047E-001
   0.83025969196579241        0.79923941688699374E-001   0.67052837918755137        0.34595423842877802E-001
   0.63690961219619258        0.79949313217490034E-001   0.14947442556240317        0.34997943113144206E-001
   0.22337526314554307        0.29837048235883519E-001   0.28097392744528082        0.35063295565398951E-001
   0.25920368392430349        0.28393150440016581E-001   0.60068160332864817        0.35077620908971832E-001
   0.27342865879011780        0.80686604267247775E-001   0.83941556382479166        0.33152188585147901E-001
   0.70200854170886651        0.29983012382190380E-001   0.79570872256598102        0.35130218966291017E-001
   0.43887409286453960        0.78314628956148380E-001   0.41256298431588434        0.34049605592235972E-001
   0.47287389140436026        0.28615072868633459E-001   0.55926831610499961        0.35226706751459662E-001
   0.31277290884831555        0.78531668675529076E-001   0.50805222113486226        0.34164476080867735E-001
   0.13088751995994433        0.28688213958946853E-001   0.53865346169812733        0.32282863613440987E-001
   0.28626553443580571        0.80861453058880317E-001   0.92279094537260553        0.34736593673844574E-001
   0.48405803157371247        0.30576934522397292E-001   0.85518799907151222        0.35705177731779308E-001
   0.44926482599022577        0.78595345775885284E-001   0.51553570979112340        0.35204132777607845E-001
   0.39597911194251262        0.80531729867116361E-001   0.15107897720533106E-001   0.37191082956305153E-001
   0.88572934236089895        0.81076303753052359E-001   0.13108587406451389        0.35237312630883040E-001
   0.45088928221638980        0.78735554743849551E-001   0.66409559196975876        0.31795920798642380E-001
   0.67081705459968699        0.29252547487853338E-001   0.60954303321746706        0.33117734190723232E-001
   0.64821924437618594        0.79644120721066414E-001   0.28756081154176916        0.34344546123614199E-001
   0.24014442752967677        0.79875234427510669E-001   0.32711660950526822        0.34845261615352716E-001
   0.84467754968401490E-001   0.87922756297507232E-001   0.64953661849736755        0.33641456274386507E-001
   0.50171528121926767        0.30057595796603422E-001   0.76493081753422087        0.35653299546025356E-001
   0.50022834375151681        0.84716073607993006E-001   0.14777772730034636        0.35973394768684448E-001
   0.29429278738244097        0.29009795624477443E-001   0.15423706756427377        0.35872458228474090E-001
   0.73259390232669019        0.30163514593908848E-001   0.85752350903141383        0.32418401004954460E-001
   0.76408790929088610        0.29922827046599411E-001   0.76713500457296457        0.33005736104263876E-001
   0.17194149940148110        0.78575593466814989E-001   0.52057419614339440        0.34796773675825073E-001
   0.23037125609567521        0.78975424481673148E-001   0.65203643458907654E-001   0.33508422459045131E-001
   0.87762298794701643        0.30129335897866885E-001   0.23277197298505950        0.32997831540906464E-001
   0.84762807964538855        0.29373882500864892E-001   0.50600471781254264        0.34884375717839408E-001
   0.90672510658147232        0.29401445001471373E-001   0.81306880343355231E-001   0.37089354345233416E-001
   0.39966990999922576E-001   0.78744242848224899E-001   0.22157401325556003        0.35528696984449562E-001
   0.14516804594831922        0.30392899750884064E-001   0.76744724705592771        0.35292284004760928E-001
   0.48356180527442250        0.80156452501100914E-001   0.90768768071484096        0.36055908001408767E-001
   0.45930318506267309        0.80121047063381329E-001   0.72959355160734285        0.34194277916554668E-001
   0.53876317607824675        0.82520057601265864E-001   0.42438541879185249E-001   0.32756298425225802E-001
   0.78289641934951770        0.29362851582924749E-001   0.57381807052289890        0.33504866395504006E-001
   0.80294530924904606        0.79312188696642971E-001   0.48386402343159246        0.35677410191434125E-001
   0.16241008118247715E-001   0.29520486505630168E-001   0.44896320674988659E-001   0.34163697103568452E-001
   0.14735102711207159E-001   0.28689956532973349E-001   0.46542326080321716        0.34724704234630886E-001
   0.40200291777218700        0.78933715675765459E-001   0.32428512698316081        0.32587238909661309E-001
   0.71304802896622377        0.29356271059533590E-001   0.55332760419670213        0.37175401188033717E-001
   0.68904473989990667        0.29281622617927230E-001   0.45683773551724716        0.34480948081318588E-001
   0.21765461153197255        0.30654472632792258E-001   0.75009170698284455        0.33491188529772460E-001
   0.50738190279922310E-001   0.28795356557351239E-001   0.33141860490341324        0.33114567542162958E-001
   0.18765288908217345        0.78586924641973810E-001   0.45385875150869809        0.33242334031876826E-001
   0.57856314087884053        0.29611214336068992E-001   0.37016487120353941        0.36738574536874374E-001
   0.38503240199310351        0.28602826076054862E-001   0.28015680913684121        0.33739929358501411E-001
   0.23583515016739692        0.28941293606764847E-001   0.11217509478270238        0.35270604710374527E-001
   0.98283555459507344        0.30053106234158251E-001   0.73915291216293977        0.36050449463296226E-001
   0.94493787111828265        0.29212771563075775E-001   0.22624591998261587        0.34544449334401255E-001
   0.54603913549136696        0.29596922486186394E-001   0.28506314658278747        0.33861231446211504E-001
   0.69355529730918625E-002   0.78857256031444556E-001   0.35400121864319972        0.33915698496570119E-001
   0.74176062261014836E-001   0.78853981336819340E-001   0.37299371730093822        0.35879202796877480E-001
   0.75000774198438924        0.79825987700595069E-001   0.81327867968446244        0.36260685943408158E-001
   0.52697747776391402        0.80397874524234386E-001   0.37144036627480770        0.33596575791155117E-001
   0.27268775973621956        0.28471382721141105E-001   0.53252890387273788        0.34299468064738645E-001
   0.43007173155016465        0.79264906281623415E-001   0.26231873869592420        0.35326854623369347E-001
   0.96239074578877060        0.28626887163157200E-001   0.37994711077688254        0.33197687849638322E-001
   0.10754935211961809        0.78500679896161746E-001   0.49500019968326153        0.34368542065004129E-001
   0.38571612195001836        0.30496906031445604E-001   0.96630809887070546        0.33271737515166946E-001
   0.71117092932802017        0.30250246452795705E-001   0.40848276838447738E-001   0.31697845185679904E-001
   0.64524204322135414        0.30211013327873210E-001   0.49419436291259111E-001   0.34783613813509119E-001
   0.55388068222857537E-001   0.80246206678960222E-001   0.82279919285852887        0.35345491019141632E-001
   0.50929822104013645        0.32607968279616720E-001   0.94786894489177015E-001   0.34586911603220444E-001
   0.55965947356021584        0.29357326458627094E-001   0.53006853273024268        0.35826419449098201E-001
   0.77941791941086236        0.79398191710777152E-001   0.62179453399179796        0.35822688252178367E-001
   0.94587602100298895        0.29078046920415657E-001   0.46450963546166296        0.34131904444755334E-001
   0.33975877588060888        0.28409846216049407E-001   0.54611108349104920        0.34080634667402222E-001
   0.82597176089535673        0.30044642713010057E-001   0.89832125373972160        0.32906303167772204E-001
   0.85276510379223325        0.79379888528425868E-001   0.39501514850841324        0.36312900190913627E-001
   0.15682121381354000        0.79705217528357630E-001   0.95068594632533776        0.33770512322639890E-001
   0.83050484037242156        0.29989618378210688E-001   0.62314055759427767        0.34211688409704732E-001
   0.76924821469211391        0.80200183349342563E-001   0.19218635070331941        0.32773786042721291E-001
   0.37755944052065182        0.78726410055282858E-001   0.38531296340096205        0.32921737448965288E-001
   0.90400968294297335        0.80146233575636897E-001   0.19753490070752461        0.33600533047164899E-001
   0.65397289953440552        0.80194291497274056E-001   0.93612879012201722        0.33418401363157317E-001
   0.71556987845987563        0.81263956453349939E-001   0.60083746661706716        0.30288179521458774E-001
   0.28181698934250338        0.30273484656000049E-001   0.73146626452580588        0.33122244771518712E-001
   0.46835158678301608        0.79925273135793715E-001   0.79910080769480085        0.33341070221981281E-001
   0.67584765599717167        0.30073982835665314E-001   0.25352843141026632        0.31455989773778975E-001
   0.84383895452325464        0.30092133557439310E-001   0.96769304438757087        0.33678796155456603E-001
   0.67734732193378844        0.80228198922547955E-001   0.58613318960468496E-002   0.37992616181851332E-001
   0.38395631853377082        0.80135794037451732E-001   0.66800907820900413        0.35105622533905922E-001
   0.11264768534805890        0.29723113260079360E-001   0.92845575872932617        0.36482851264621190E-001
   0.97018196774735610        0.79281395185770584E-001   0.18790286285583838        0.33261527907799765E-001
   0.65228622214223897        0.29656625631595046E-001   0.51530548923544861        0.34483210368021544E-001
   0.90891651245219185        0.30035473216588521E-001   0.76955911505088126        0.35328090468814882E-001
   0.13905750299236205        0.29336277667576738E-001   0.99391088027049967        0.33994723312626395E-001
   0.51775255993007829        0.80260050154528334E-001   0.97061749424748678        0.34745517754328249E-001
   0.59343963703380587        0.80046099459804912E-001   0.68680881528034754        0.36235610067494858E-001
   0.13837552809713100        0.79625625119119969E-001   0.88161340897770901        0.36635659428773899E-001
   0.43631133224947433        0.80453140003645562E-001   0.85715910187549216        0.32945397455361167E-001
   0.27224910571651495E-001   0.79402190430107877E-001   0.15338557757931934        0.33357538163837124E-001
   0.94764830047701609        0.79488680839254283E-001   0.96458908208743044        0.34494569831823807E-001
   0.60397976042811397        0.80223082193038239E-001   0.21971620130064366E-001   0.35555617269511799E-001
   0.42845510177540735        0.80418220788825365E-001   0.95139816478557782        0.34103816320798029E-001
   0.17072460308888271        0.28624601615507467E-001   0.41364910004967792        0.33072499433809091E-001
   0.63679231932332714        0.80303908667255092E-001   0.36015613224341153        0.34497195370435281E-001
   0.60459106877430135        0.30182802067517903E-001   0.91351808677157376        0.31338321508392726E-001
   0.82576398972201404        0.29189094645463133E-001   0.44018067282533935        0.34332881194550607E-001
   0.63277311233178746        0.79703786455996739E-001   0.21966161597746131        0.35281139716315274E-001
   0.12028856618904800        0.37404111725405385E-001   0.61822804819040333        0.34840828167620796E-001
   0.78255843775644607        0.29794994252111236E-001   0.67340844056938709        0.34462424029287710E-001
   0.95827149691493585        0.80000351474193585E-001   0.78572017282184381        0.36504247982908682E-001
   0.53346239138613227        0.29573402953994438E-001   0.59754142931728538        0.36320052316056076E-001
   0.92197666531674627        0.79962246682362959E-001   0.71940906210073141        0.36589904852387105E-001
   0.90687555277299448        0.29532058359045307E-001   0.94723486824866265        0.32218185577972208E-001
   0.66637846401673728        0.30138691419406990E-001   0.89226591239022435        0.33995195522396583E-001
   0.64485653699304668        0.78897172063470578E-001   0.46570752538812482        0.32478112245226357E-001
   0.10415587652675348        0.92554995688794384E-001   0.31393974563433352        0.31659755960793762E-001
   0.87812303845507822        0.29377603980103292E-001   0.57060036941221559        0.36482472027425494E-001
   0.67233802643268279E-002   0.30251940815391166E-001   0.80734379052319671        0.36110521069445005E-001
   0.12436435466633115        0.80493515090821394E-001   0.81176454069441129        0.34449059265093548E-001
   0.89498456870710091E-001   0.78739329826904875E-001   0.56610185712924321        0.38129242944547961E-001
   0.29096171872930929E-001   0.28856824944665162E-001   0.39671913736276720        0.35462688679332506E-001
   0.42222927614832845        0.29170592407053299E-001   0.69907539797484963        0.34166635961424337E-001
   0.21511394746415885        0.29068535391300970E-001   0.23748703580721058E-001   0.33139130467637827E-001
   0.70422355098345291        0.80220321977082135E-001   0.21666782564581466        0.36226596099781364E-001
   0.90345082450964162E-001   0.79837318789792305E-001   0.17461330016685300        0.33219649598871658E-001
   0.61483460472531948        0.29353831314820795E-001   0.57198151160624400        0.33437883057367848E-001
   0.20706160683610639        0.80586545725486444E-001   0.86006168860092158        0.35335819994006028E-001
   0.79321640287119899        0.30127575604934693E-001   0.15140506104959800        0.35982157500850827E-001
   0.58092655925942338        0.79744653495329762E-001   0.31820122108347015        0.35235241310142024E-001
   0.15652102635052753        0.91021382001620965E-001   0.58502465409814319        0.32576865228651025E-001
   0.30588104234071894        0.75772870986484137E-001   0.20196522471080436        0.31443763866546161E-001
   0.25849535014604093E-002   0.29410713575706810E-001   0.11317193474921722        0.35353624641295191E-001
   0.91537678954049384        0.28480638265614401E-001   0.28991481028306854        0.35482699662247381E-001
   0.49711492254739265        0.32415978422778421E-001   0.27319678144525173E-001   0.33798188444526256E-001
   0.33929775772260740        0.80736766973254034E-001   0.82146245214706681        0.33586340369762754E-001
   0.24578568640719070        0.78992885445747438E-001   0.16411042649503743        0.34469761142920628E-001
   0.76219032528348529        0.30124628287466561E-001   0.91908181547357060        0.33926389173980144E-001
   0.88405765526155755        0.79896745491483193E-001   0.99184059012771242        0.34687931528869967E-001
   0.93296672273381898        0.29315673992441661E-001   0.15597189577892748        0.36569944796485648E-001
   0.33243457274964044        0.30698217028213667E-001   0.92440228009786074        0.33158440749033839E-001
   0.23228163093524162        0.30607586842759618E-001   0.81716232075455675        0.35126273324712923E-001
   0.96617948325327685        0.79274079684792442E-001   0.50433545761328369        0.32763219880015765E-001
   0.71991477124630232        0.79664217909443044E-001   0.74899247996146667        0.34335499469051171E-001
   0.81174409269333292        0.80048281389361708E-001   0.93823130710956670        0.32579115825247085E-001
   0.96513436328273339        0.78592006773983147E-001   0.26872618545565602        0.33459429017751535E-001
   0.57295308741857665        0.79579690293747410E-001   0.25113827878598871        0.32269111708917948E-001
   0.81373849053713387        0.29017191518157282E-001   0.29417133371791260        0.33263570408446012E-001
   0.32008884481932467E-001   0.78846519059633455E-001   0.29069664179071752        0.33993867333983990E-001
   0.63665267936438330        0.30096160894156149E-001   0.82769829127628147        0.37023228690853303E-001
   0.78401662768513602        0.79114244535509151E-001   0.41545924870147544        0.35237930092957274E-001
   0.19073599246364603        0.80605547974450298E-001   0.78941672442903710        0.35544624741485516E-001
   0.71808918481523942        0.80088556356752869E-001   0.13775315757668191        0.32794722819341288E-001
   0.47195957512532555        0.30258902556618006E-001   0.96455810191672897        0.33306079977888481E-001
   0.44059720631434102        0.70960603785043805E-001   0.11431035484622572        0.33750918443505563E-001
   0.85410445872979557        0.79994838134646251E-001   0.86141178954316910        0.35213114267882283E-001
   0.35955644494006361        0.78413564639819466E-001   0.59703779733859097        0.39906550247390357E-001
   0.46347860196399265        0.78722048336042100E-001   0.34887683473719849        0.33585077527756864E-001
   0.78470376606014935        0.79813946459976623E-001   0.87591767124568354        0.35287745683711520E-001
   0.73075991780040384        0.79410082004622073E-001   0.35770147819895359        0.36030067731849663E-001
   0.15277192851129953        0.87142120185520922E-001   0.65457294503666774        0.34605488565881172E-001
   0.16155851750279271        0.79677271729815494E-001   0.34190472165938368        0.32124733033532180E-001
   0.31078986472111914        0.79807989025973788E-001   0.36242197600108783        0.37644417502514335E-001
   0.67645225923683394        0.29937712484405066E-001   0.12283495165312941        0.33765343501164863E-001
   0.36250444660555170        0.30756719193186857E-001   0.77897454854990000        0.35764673231585206E-001
   0.49251765249409712        0.34832324859090470E-001   0.19155499487939198        0.30790509782918214E-001
   0.76501568141728682        0.30107730228045415E-001   0.51853460050239886E-002   0.32882926567209640E-001
   0.12372524690478771        0.78642217975080669E-001   0.42584847196758352        0.36547292492776946E-001
   0.80388561696740379        0.79023848974388369E-001   0.33625618763424298        0.32808932161578458E-001
   0.75004360647801027        0.80102942947536115E-001   0.96341154997379930        0.33957609339659335E-001
   0.40276023957839374        0.80753052463107516E-001   0.80147070370712181        0.32038556752086993E-001
   0.55080070080529664        0.79004407916687600E-001   0.47987600311312079        0.34844411806010452E-001
   0.12340797812733471        0.29023979211390730E-001   0.36565832838314838        0.34301897986456019E-001
   0.59930017489179821        0.29013044645890048E-001   0.47016942180872040        0.35064969451858490E-001
   0.95179322709532865        0.80298184202457226E-001   0.63973380492842280        0.31138479687370879E-001
   0.54133003356136278        0.29430100539275441E-001   0.43122032070813321        0.34736147333397506E-001
   0.98024293741513946E-001   0.79379191186310122E-001   0.74563101105958485        0.35483474424514300E-001
   0.43572771254440545        0.78645211810949925E-001   0.59437567644541378        0.36211968597845763E-001
   0.28963856165645985        0.29886499541931656E-001   0.31056615468023463        0.37335972547892185E-001
   0.28711276091321603        0.78380555528752768E-001   0.63336224659303930        0.30817420408367605E-001
   0.80605865998892734        0.30147351050552697E-001   0.59869913940094499E-001   0.35305311933975632E-001
   0.24475214202976361        0.78541154370284569E-001   0.49237174908406123        0.35581621065988132E-001
   0.37991221197884628        0.78683618762552657E-001   0.52166641912559120        0.34327419584929006E-001
   0.81399071083473495        0.80099552903913185E-001   0.80017595292548975E-002   0.37135502108425832E-001
   0.79034195904624416        0.80143859980412888E-001   0.10378076062461028        0.33059558682413816E-001
   0.25813289404859024        0.29516964843011969E-001   0.37641243902806665        0.35594737816846751E-001
   0.63712656922266886        0.29067194796542711E-001   0.41109551561269325        0.34527373991127486E-001
   0.93640769461391615        0.29617883300020534E-001   0.83427156479271580        0.34966155997442225E-001
   0.68517702092956337E-001   0.29462102344418692E-001   0.13481172325699028        0.34002189990287070E-001
   0.52861529117255690        0.81173295234277382E-001   0.65190929434106770        0.36315024284193503E-001
   0.90144863089548366        0.29485593002390467E-001   0.35706444140250498        0.31474403794873845E-001
   0.25048729233092470        0.29211683146706958E-001   0.96126261793491530        0.36077647649396839E-001
   0.19859048385801137        0.29034479782074712E-001   0.17146772232775578        0.34632200343876617E-001
   0.56374261312327723        0.30040944792842098E-001   0.79364308026369768        0.32684954985093558E-001
   0.58660215152432127        0.80094504346714154E-001   0.75637440262362576        0.33633954222890679E-001
   0.62856166576197781        0.29965466279451632E-001   0.73385626686749739        0.33713169231254995E-001
   0.95733159400825452        0.26337509805255260E-001   0.90265565292919669        0.34888232172272673E-001
   0.32934776069787436        0.28345001862142727E-001   0.64497257946826203        0.35577835812080835E-001
   0.34547141437497769        0.80389562237826478E-001   0.13380907249301099        0.33603740855749388E-001
   0.87071392104204404        0.78701184492733847E-001   0.32229644945189656        0.35237997626250607E-001
   0.35496819567713161        0.30294553018435307E-001   0.70954392541513733        0.33850284029276805E-001
   0.95254371168078011        0.79348260012340632E-001   0.10777410523797860        0.35535774337099091E-001
   0.15560871962975192        0.78972815436066449E-001   0.19207067222460456        0.34342009425740706E-001
   0.92837580358974658        0.29780724706037209E-001   0.11483366245755258E-001   0.34827164842502832E-001
   0.19589527953810948        0.30594149216540148E-001   0.68609559247611773        0.34067016207441819E-001
   0.73023314224506075        0.30157166524801438E-001   0.17762399556669545        0.32237776952084504E-001
   0.38735464893041366        0.30360890897470311E-001   0.12205234757471277        0.32546641890376989E-001
   0.68351530381740389        0.79133029345302697E-001   0.40985594377578893        0.33568350309353935E-001
   0.27079363935394424        0.80567239196740387E-001   0.10705036100292459E-001   0.34344786161274649E-001
   0.27334279048261007        0.79783470859572436E-001   0.42630055764803404        0.36392112181591170E-001
   0.66662152575691225        0.30192229442354526E-001   0.18865144954196789        0.32228604900730762E-001
   0.33945600204676563        0.80029461672071173E-001   0.29593855028534899        0.34644581943579764E-001
   0.93003240860820191        0.79279157007549506E-001   0.57800778820622856        0.34246062460587444E-001
   0.68771253985620129        0.80072672369127809E-001   0.77625757599544445E-001   0.34425691535712344E-001
   0.63029594551465173        0.30182834814970045E-001   0.97805470917986348        0.35947905052376862E-001
   0.29631809627955752        0.33543465598160023E-001   0.79552743850942176        0.32497840438946705E-001
   0.43484696139441326        0.30646571681815102E-001   0.57454067159414458E-001   0.35396297082375378E-001
   0.84305481039366947        0.80041675729118078E-001   0.25898750446898705        0.33071944111436796E-001
   0.49697728081020420        0.28414610655181263E-001   0.48951746864550244        0.38498298657271175E-001
   0.75939520469827393        0.79368488807664173E-001   0.53689250671123701        0.32935791786891350E-001
   0.93683792316742198        0.29275546790880975E-001   0.53437236018702472        0.32458247709636234E-001
   0.77757133909906739        0.29117689694476662E-001   0.36974911136553956        0.32788721578032670E-001
   0.31006566247716560        0.80243050882901290E-001   0.69491756753223788        0.34884009920562460E-001
   0.60618328531815269        0.78838835970300614E-001   0.51916398553823262        0.32840829569273179E-001
   0.68797215585685267        0.29852828874212530E-001   0.32977887143194734        0.34945477495464124E-001
   0.57716774439575591        0.31841238533171480E-001   0.62374758821715205E-001   0.31725166727707650E-001
   0.30804699155954299E-001   0.79485874971505929E-001   0.48465105288830286E-002   0.31501611347756829E-001
   0.37333221436421636E-002   0.76172599119595091E-001   0.92232126550319260        0.35802879803342028E-001
   0.35645145061542649        0.24022767721417936E-001   0.18602379047799336        0.34109155451955947E-001
   0.58882604152657747        0.79684045416530805E-001   0.42109086836902199        0.34726967177958222E-001
   0.47074312489005987        0.28700091575276337E-001   0.62756599319095985        0.33092063857851663E-001
   0.24032678754627140        0.80724171060578082E-001   0.70763876177377072        0.35754839843192665E-001
   0.43178379545622547        0.30330079758090153E-001   0.76812132940196509        0.34306337346988458E-001
   0.74394246552691867        0.30046741353004742E-001   0.99118351684788678E-001   0.35030251537159357E-001
   0.58570008080192282        0.80254886440624770E-001   0.95348250575251470        0.35306481716092068E-001
   0.43188027405713603        0.30435254885292452E-001   0.90335713664543904        0.35244621765269164E-001
   0.33929203400872343        0.80646335095957533E-001   0.97021177911664913        0.34949476545121753E-001
   0.67435206586720559E-001   0.28582735733080213E-001   0.51891497975991319        0.33953960792098670E-001
   0.12062101298007555        0.78336101642467612E-001   0.25143735261022587        0.34508467894387405E-001
   0.49173061126961343        0.30077269395841794E-001   0.69304220560092167        0.35527537488001283E-001
   0.87769295605450770        0.80618546553562584E-001   0.62133930060900799        0.33641720140243206E-001
   0.82494824680338349E-001   0.28781664289781319E-001   0.45285151081719982        0.33491020087668910E-001
   0.96235905485451842E-001   0.29806704717155443E-001   0.85191843415031465        0.35040651818586656E-001
   0.13485801272608153        0.29557626983991520E-001   0.14931265490896789        0.32698362102359331E-001
   0.71701614634622646        0.80277354549677465E-001   0.28827594465418382        0.34412675687488070E-001
   0.51601375002933089E-001   0.28771454676276412E-001   0.60457819044177008        0.35354431841859969E-001
   0.65421347711163957        0.79941302048666563E-001   0.77627821048883616        0.36633945801547614E-001
   0.83261519101922510        0.80576911800824602E-001   0.18138981812003149        0.31353757609384705E-001
   0.69600677021205082        0.79761576611516907E-001   0.50566772791242554        0.32120630547645662E-001
   0.18396048596981129        0.79373911589883203E-001   0.12152830609999900        0.37082585160793005E-001
   0.37742109788612377        0.80696313868007463E-001   0.89960524254964569        0.38523515971099299E-001
   0.18159955334924890        0.29481350216754867E-001   0.90930473275305146        0.34905700030742011E-001
   0.73558099503772223        0.79966406527632636E-001   0.67573028833862314        0.33640663885433235E-001
   0.40259300969361889        0.73986100828346821E-001   0.17195445542934096        0.35330961182994856E-001
   0.78503885742402879        0.79892510789977597E-001   0.72397306564642527        0.35404147861082196E-001
   0.31410510826005933        0.30505898495502767E-001   0.85974345307361910        0.33972803978271515E-001
   0.96512098775698940E-001   0.79415591335564736E-001   0.20371526796547180E-001   0.36001195473656572E-001
   0.62358253008300868        0.80133482525112709E-001   0.87612678092761709        0.33751368439353842E-001
   0.19110226977330919        0.40984646908726913E-001   0.61691969873909624        0.36048815893591463E-001
   0.49790170375205428        0.78196057543844746E-001   0.44065520219449217        0.30993485273009245E-001
   0.17764878212084778E-001   0.78767905704402300E-001   0.63955250249461648        0.34394266795588123E-001
   0.64040210550479160        0.31129687696454938E-001   0.66824042651525051        0.32928918297874608E-001
   0.70011822098521492        0.30230072447200343E-001   0.95473954762483138        0.36978666627677056E-001
   0.52777046415034812        0.80305228404651929E-001   0.83189044963110537        0.34381010764744813E-001
   0.32043873111349552        0.24302349706013051E-001   0.24560411852836497        0.34737441755756195E-001
   0.39178729419764108        0.80276387506155372E-001   0.73649020427503453        0.33667208111394321E-001
   0.68489684747879065        0.79598178816475532E-001   0.83920982775038400        0.33012401218611057E-001
   0.35122325427309725        0.28582729513168051E-001   0.47684772732703723        0.36111078694446304E-001
   0.25854463778973985        0.83412386911805539E-001   0.77449219733066876        0.33489114866960434E-001
   0.38740806771204971E-001   0.79133109341676916E-001   0.82702587207236958E-001   0.31962857265975919E-001
   0.28356674060144038        0.78961431162947279E-001   0.10673255911107374        0.33876205055553700E-001
   0.41852728609193518        0.28047793985852505E-001   0.37274260832853523        0.32309961046317302E-001
   0.51457923453773236        0.79086187770873534E-001   0.22815918800115539        0.30446513915150113E-001
   0.49762860640799621E-001   0.29129797183472118E-001   0.73609523679351929        0.30375328071718090E-001
   0.98460103406560484        0.80055363808553437E-001   0.69532859452775808        0.30458460136487977E-001
   0.91883815526896129        0.30776365573073467E-001   0.62384585953278393        0.30419019846175298E-001
   0.41461032862268893        0.30960514159210951E-001   0.22034552885345865        0.30503045530896208E-001
   0.40497526108147114        0.26189508715827182E-001   0.55805702699973891        0.30506080103699110E-001
   0.18464044448605776E-001   0.28882002019539773E-001   0.68132428733099604        0.30404460401172607E-001
   0.22644822352283644        0.90938595013479423E-001   0.64358046959785720        0.30480794514308560E-001
   0.54849650043766507        0.30313153181248026E-001   0.15077219776707826        0.30436711743680261E-001
   0.19925639390954875        0.29787962793040745E-001   0.34425637844055262        0.30378805889188672E-001
   0.61261924069348161        0.27280017550487447E-001   0.26044317172207976        0.30361039659705831E-001
   0.57114889784054723        0.78804422281598993E-001   0.57280763165033965        0.30389185450938650E-001
   0.79368037155925841        0.31581157166366711E-001   0.83107681481344831        0.30380436388450262E-001
   0.44036380032625566        0.30090110860734195E-001   0.31273761154143925        0.30374863204055368E-001
   0.14366452262136326        0.28240495167879971E-001   0.47247971541379313        0.30415801473149231E-001
   0.46299029287741378        0.82388997812895992E-001   0.58696959313116748E-002   0.30369963094527781E-001
   0.92007267045310315        0.79248114115493137E-001   0.39625891251584600        0.30425836797871399E-001
   0.51313180762785271        0.79603454815494634E-001   0.53918126643183639        0.30436181188470555E-001
   0.53456476223257532        0.30565800461349459E-001   0.93056686764015761        0.30500809386868458E-001
   0.32675285872167714        0.29685451238890034E-001   0.96338667462762553E-001   0.30395666878620251E-001
   0.76522816485008693E-001   0.78745422713946675E-001   0.95697973894427257        0.30430406582579530E-001
   0.24882249560362300E-001   0.79082708378749186E-001   0.76300911423962103        0.30448047839104750E-001
   0.83954640864867458        0.29358131158291192E-001   0.35271451063703885        0.30482719835252452E-001
   0.56986092245525177        0.80138874832569706E-001   0.17839344399883711        0.30392625713564311E-001
   0.89610640713323331        0.80083592007800963E-001   0.81080716371715778        0.30401997039754974E-001
   0.73161481230625569        0.31162908273855573E-001   0.63230334886527673        0.30412037664386337E-001
   0.85579598757076492        0.79190189520248797E-001   0.73079820007983309        0.30407133986676226E-001
   0.45910000671875584        0.84921953615148954E-001   0.20366492281655951        0.30339603329448871E-001
   0.62339473921014321        0.29701308179409233E-001   0.32034066218384094        0.30268711533605521E-001
   0.28512653931997484        0.29815415426897425E-001   0.46905580379291628        0.30385413513749227E-001
   0.19988678560300327        0.28377555278921374E-001   0.55218039216742620        0.30471391150546978E-001
   0.65757263197228144        0.80057908149577001E-001   0.70601298523953504        0.30369484683860599E-001
   0.23001085223507658        0.78409181820309759E-001   0.56995736361320581        0.30412238416532050E-001
   0.40603198041305916        0.28730661664758607E-001   0.62911411482834578        0.30342902742659210E-001
   0.27613474686042261        0.33934947927377161E-001   0.59072854188302867E-001   0.30367450412532793E-001
   0.15335108831765384        0.29461515818095637E-001   0.30427976145629931        0.30379897993139043E-001
   0.50587081551307511        0.79234398938910669E-001   0.29513181010518436        0.30437739963238338E-001
   0.75128225314796038        0.30203405466949801E-001   0.31193182393677699        0.30477191725712883E-001
   0.45988969175302513E-001   0.26138954541456091E-001   0.93296240861737656        0.30375046238021702E-001
   0.87485261492320898        0.78713662962230035E-001   0.92467876896184542        0.30440570725387986E-001
   0.67741381310524584        0.79538641857255746E-001   0.64860137898143544        0.30366732979421593E-001
   0.88841984882262093        0.29716519940656935E-001   0.88723878377520937        0.30422152760700420E-001
   0.23002505755315686        0.29911491836661554E-001   0.43683350383771091        0.30435066795105280E-001
   0.56559174345202556        0.30066634694531566E-001   0.72124623879502536        0.30503630825928881E-001
   0.38460179431439978        0.78601358159921142E-001   0.44822139090239438        0.30352847838733727E-001
   0.32263464409122017        0.80761470159906312E-001   0.75936310351425607        0.30412610755237289E-001
   0.20166315170298715        0.28572490454059563E-001   0.49089752881839432        0.30398379825631469E-001
   0.38538467985772712        0.80615736309184144E-001   0.82652602886876037E-001   0.30470100148641516E-001
   0.22117538786706811        0.79555702161878530E-001   0.92424815870054833        0.30382890808139544E-001
   0.47330066862891797E-001   0.79209151311601542E-001   0.70141059956363050        0.30414792327383644E-001
   0.72259442351490388        0.29106405157002253E-001   0.40116101170278851        0.30435735108827133E-001
   0.10905682579270122        0.29650212404940663E-001   0.20962403908789889        0.30419342816056252E-001
   0.86743480572817810        0.30851348129095093E-001   0.16989251481538320        0.30397801544668191E-001
   0.46184601995085707E-001   0.78755290196536043E-001   0.43635270876770682        0.30417077763431916E-001
   0.81182588632968788E-001   0.30043746622422138E-001   0.78821732106866160        0.30387386647188892E-001
   0.58191851192699628        0.29740034548945311E-001   0.64365951894980888        0.30433820080032214E-001
   0.84647463788193389        0.31157343839706416E-001   0.11165626625881471        0.30356383153439706E-001
   0.54985662235886723        0.80866113836865927E-001   0.89794306031459104        0.30395233353251304E-001
   0.99585166267122764E-002   0.29319416839960363E-001   0.18969859524179905        0.30463780656488790E-001
   0.60769852206500252        0.30572701994754203E-001   0.11736643716865117        0.30395459550991617E-001
   0.64649283557809009E-001   0.29427956497329256E-001   0.99063295680876684        0.30309309953950613E-001
   0.99973189824363617        0.28776479681109399E-001   0.52891266736171494        0.30499507308644234E-001
   0.44490381356738873        0.21623593418974154E-001   0.15536446258614309        0.30452912608633784E-001
   0.82375564131018242        0.29065487304641192E-001   0.74430444281805519        0.30375205887651816E-001
   0.59157436962723886        0.79991936073017744E-001   0.82036859502769521        0.30420725572397458E-001
   0.21026853427661327        0.80394714083555960E-001   0.22732808099107268        0.30414368548269361E-001
   0.49996686954396369        0.28772010560138672E-001   0.33009925132664292        0.30389093919970200E-001
   0.21160030018028053        0.79163403059211310E-001   0.98437039378939206        0.30370165105516305E-001
   0.36888678244355744        0.30533245459144473E-001   0.51834695272063129E-001   0.30411173644931139E-001
   0.18041888122622649        0.79287999477717627E-001   0.28036893897524995        0.30440961098135391E-001
   0.86491118372338027        0.81148945872102307E-001   0.46073856016434050        0.30342803779837557E-001
   0.60474136269142276        0.30240331119312708E-001   0.17834750160420373        0.30486516731749659E-001
   0.73040981698709395        0.79402960673411724E-001   0.45338793799291316        0.30399460795825759E-001
   0.26644324619027487        0.30097244808885922E-001   0.66865965934552762        0.30537418453625943E-001
   0.86417158943710615        0.29814848014812774E-001   0.28679425334064916E-001   0.30456932115484239E-001
   0.47939679719511064        0.82617986012817821E-001   0.64490564676676479E-001   0.30447915835958100E-001
   0.92066111609403178        0.79685503006959368E-001   0.87412695037739030        0.30448306522628723E-001
   0.29397363575955227E-001   0.78571715954664292E-001   0.50469302840018848        0.30419124333604532E-001
   0.77968845968701406        0.78972733344599422E-001   0.26618400551290378        0.30473430789509443E-001
   0.62301767756666515        0.80123847281210220E-001   0.85308870603671955E-001   0.30549493425320852E-001
