 3 HS poly
 400 2
 320 80
    1.0000000000000000         0.0000000000000000         0.0000000000000000         0.0000000000000000        0.10000000000000001         0.0000000000000000         0.0000000000000000         0.0000000000000000         1.0000000000000000     
 T T T
   0.59523650511239046        0.52904331190465885E-001   0.95294938940367480        0.35899943456093569E-001
   0.92230641672387503        0.70877692383748475E-002   0.17153807072964564        0.34715523118413652E-001
   0.45571535987932288        0.69319448154343327E-002   0.83502954364557713        0.30951587740456782E-001
   0.92838839817834939        0.54929572021951062E-001   0.11929662656545965        0.33132384691734483E-001
   0.67148668726215555        0.54132085522478626E-001   0.65063929027269218        0.33755252454309256E-001
   0.33388040713057043        0.53280709418040473E-001   0.44431785529377793        0.33818877244202836E-001
   0.58648509893613365        0.54966518433060829E-001   0.29617649117335532        0.34165308188207254E-001
   0.25246312064217263        0.55695301279744550E-001   0.86089382878230813        0.32572034527986175E-001
   0.84798901500868862        0.55980429277026457E-002   0.96628644012305820        0.36136988045701028E-001
   0.17487810827441327        0.56252903268695920E-001   0.44322108511899699        0.38545207127928388E-001
   0.49579567472008890        0.56453194693361200E-001   0.45632391266282391        0.33695801563814846E-001
   0.54495969778715991        0.55819069530889845E-001   0.37149709647314227        0.34502739228117252E-001
   0.15671239687519178        0.55706929716395126E-001   0.83818078642072202        0.35602255469705607E-001
   0.33222507999511547        0.65288556604382155E-002   0.59129283088527640        0.34474433911172199E-001
   0.49012070080185394        0.61022800223051350E-002   0.97625148802432427        0.32562009779409762E-001
   0.31088082178384613        0.56020557968837176E-001   0.81492734714509973        0.33766697159392671E-001
   0.91836492431023686        0.71081698258601920E-002   0.44393959170748420        0.34936908137337949E-001
   0.41613653790279198        0.41024628232591591E-002   0.21268786651531335        0.34623866066977788E-001
   0.83900306464914876        0.55557514733729989E-001   0.17081867172969344E-001   0.35590996596900515E-001
   0.75307036664491026E-001   0.11698192142449847E-001   0.13726031303431568        0.33154034141189961E-001
   0.45855658510097969        0.69456570436206878E-002   0.32162882240027996        0.29656934704545741E-001
   0.96197895310421333        0.72500834561923843E-002   0.49827494096816866        0.32491851923978216E-001
   0.27381220463221173        0.55638912509039178E-001   0.74274894914751555        0.32812220792619404E-001
   0.90537619235108813        0.70382023662889136E-002   0.54020249112973295        0.34710515524590084E-001
   0.33829550644669487        0.42623369747429680E-002   0.50850778948561973E-002   0.34184751361252284E-001
   0.11083889990051708        0.56281624946910608E-001   0.69795026688660811        0.34972061210476975E-001
   0.19008070009724895        0.54392984332605580E-001   0.98819964562527762        0.35946116192584886E-001
   0.39727629203599080        0.56977664243658944E-001   0.67205951034174582        0.29697297557431106E-001
   0.66932322591510063        0.39883562262663045E-002   0.51428090230802304        0.34270513915982806E-001
   0.82341161608966162        0.42859149469344302E-002   0.73299542275969176        0.34003613801799018E-001
   0.58087984076928456        0.52874812204965638E-002   0.34226196310497781        0.33209945908960641E-001
   0.54942713979590330        0.43592542376168488E-002   0.86297862793566205        0.35984043604635842E-001
   0.67653624553500957        0.74528115536640393E-002   0.10417405972771318        0.36276384881015082E-001
   0.55502487183786864        0.43338527036084658E-002   0.41896694417394309        0.33977517376252347E-001
   0.28973585272731506        0.69158530240044040E-002   0.94749287742858468        0.31657742061901126E-001
   0.64913843663284010        0.53968354900526441E-001   0.90970780495902104        0.33178371667012790E-001
   0.87431999541499994        0.54272070915148379E-001   0.73270525268059616        0.37338877314836788E-001
   0.86222004995050139        0.73264076185958153E-002   0.48616643907732288        0.34372046471148499E-001
   0.36976991284202454        0.25901253042572903E-002   0.15894380049199580        0.34130012134830114E-001
   0.20703492162266818        0.56858609652706707E-002   0.84856605654095418        0.36041852040507472E-001
   0.72126975788042336        0.54755368462674640E-001   0.69494490438052492        0.32875514961587506E-001
   0.96958483508479254        0.57301213328951398E-001   0.45066179001041623        0.36726639274838747E-001
   0.55944743776505712        0.55656451727733480E-001   0.70996348198055914        0.34545483043249538E-001
   0.27458208065908413        0.53168973194110659E-001   0.40739827389123384        0.36006192014914208E-001
   0.96950870602837552E-001   0.56210272010484896E-001   0.87821031094405599        0.36328657282952419E-001
   0.38714158481504973        0.54041424204266712E-001   0.97972071186018493E-002   0.35516196011819080E-001
   0.69523842534016866        0.53816283986595964E-001   0.85864853833796273        0.33589676848999994E-001
   0.62475729147825743        0.39175326837933037E-002   0.45779417618485430        0.37421635086145377E-001
   0.83461514512137236        0.73676013297445334E-002   0.33076814117042230        0.33484328161773380E-001
   0.66082683282922750        0.41187385234849145E-002   0.60601860490401327        0.34080188639885337E-001
   0.22278977842378486        0.60940826313088583E-002   0.73995910055661596        0.35158839190604141E-001
   0.72683367395872278        0.55599261065069731E-001   0.11126149663609204        0.33211012037068464E-001
   0.82854106625211463E-001   0.41674807199285893E-002   0.49831995767856657E-001   0.35839008710467656E-001
   0.35460045607472024        0.55645028501013064E-001   0.76039498223366853        0.36076580946701645E-001
   0.64171141872776249        0.54643673433715338E-002   0.30584605732733439        0.32897427199476602E-001
   0.63957385980476969E-001   0.58441638254369016E-001   0.23288924013294390        0.35490305926437878E-001
   0.12482497903650497        0.62713252744700651E-002   0.54580460273687414        0.33708140375562821E-001
   0.37413067826426477        0.55918012874845519E-001   0.38715210679349066        0.36082148563204568E-001
   0.79720785048021503        0.42306245038195170E-002   0.90921694050538893        0.36646742710929547E-001
   0.96321816644022651        0.71204460339573949E-002   0.58061205747760547        0.35644706691563277E-001
   0.18673526156941919        0.43925878578903454E-002   0.41275171637067148E-001   0.37041428407853752E-001
   0.50004331092590337        0.14539564060743423E-002   0.23382029866220461        0.33141135969412247E-001
   0.56059379668019982        0.13369112188366828E-002   0.19046494943069844        0.35318303946192196E-001
   0.90342007959609852E-001   0.55590413796588904E-001   0.99664708683554815        0.35076232920841971E-001
   0.85591570300795161        0.57000780915611976E-001   0.53500557412826022        0.35493869781739074E-001
   0.30772035385781277        0.53174157281619616E-001   0.13940737151505261        0.33756959866659456E-001
   0.45611058743805244        0.56375371217518566E-001   0.65002744017153480        0.32840372947332774E-001
   0.79796612530904598        0.69670028403883396E-002   0.27270486803847083        0.35179002208086632E-001
   0.38311303178647732        0.40533590840027209E-002   0.60361866817247478E-001   0.35669947449200233E-001
   0.68836136684783555        0.57159758648510077E-001   0.56041337169226456E-001   0.33783270762211902E-001
   0.95404560403257788        0.56452485139709796E-001   0.83713760734972475        0.33043082279323351E-001
   0.11320631343050414        0.86979219886335005E-002   0.22369273993597086        0.35068233628447534E-001
   0.20617569585109621        0.31650108642384059E-002   0.17865489678184915        0.35257405918519613E-001
   0.17877233514624041E-001   0.57300006830476716E-001   0.50613861804240001        0.36734168064897321E-001
   0.72339617199904416        0.55362685719094491E-002   0.15825824630795535        0.35292889558032822E-001
   0.20959633938097921        0.53035696751909694E-001   0.37817466735603378        0.35247985632807392E-001
   0.69932630522854133        0.55563654387946221E-001   0.30709117224278482        0.34047302207933484E-001
   0.37692708718943674        0.53989538357457727E-001   0.10976449965358816        0.34746962495938519E-001
   0.36437177527576309        0.59208587936922710E-002   0.33864765783495010        0.34237791717292132E-001
   0.20817390878353453        0.50562898052587575E-002   0.10922727938270428        0.34200826532423630E-001
   0.24126679683677182        0.41177927181800522E-002   0.99369380878052260        0.35285152912896384E-001
   0.94342042165712325        0.55582546124043078E-001   0.35104274025490594E-001   0.35407692407650057E-001
   0.95145331570060676        0.55485099993104928E-001   0.93550348871241473        0.33912404406441110E-001
   0.77673514062569970        0.57819789985542793E-002   0.79434739077836647        0.35583848431133810E-001
   0.67729717994467364        0.54334073709524339E-001   0.75073188411154435        0.35029560780594916E-001
   0.30311426567157799E-001   0.83190684949149673E-002   0.34944097699743887        0.35913213917139857E-001
   0.57265014688048821        0.52665907088693703E-001   0.13042597441517201        0.36224941163238364E-001
   0.75621368289523272        0.71002081854009084E-002   0.21839741496384601        0.33230252405442424E-001
   0.51283842368432031        0.55893184201507721E-002   0.80375241267485587        0.33539424515919812E-001
   0.74452217663861264        0.40469392762076664E-002   0.85866067451133021        0.36349870712298678E-001
   0.82674835641210687        0.56089762583658468E-002   0.66847157065198407E-001   0.35861874103169995E-001
   0.51688860084164612        0.51317335178901462E-001   0.17264604747634146        0.33326596339969990E-001
   0.63704544209204184E-001   0.57050262251555676E-001   0.94710827954427923E-001   0.29391430341107961E-001
   0.81347570752530074        0.59828591180239934E-001   0.47920399408284975        0.34012447198401984E-001
   0.51455019638968806E-001   0.60696407782249804E-002   0.78774962491980460        0.33971596548813709E-001
   0.16491452835696910        0.56284206006387207E-001   0.65587714094232608        0.33531856149754694E-001
   0.16810662460657269        0.58084841547779639E-002   0.78720169680126117        0.36555751544828888E-001
   0.20417994772816035E-001   0.88771373192866911E-002   0.20761314054246230        0.34320940282019943E-001
   0.66837570345404107        0.53997192219390103E-001   0.56055819699727816        0.33820157487959600E-001
   0.41883790380969385E-001   0.58387287896704956E-001   0.30021607261007571        0.35089297011496767E-001
   0.69764660359811415        0.87805840583937474E-002   0.76074284939613912E-002   0.34797954966933116E-001
   0.61119229826166610        0.56430710761292052E-001   0.61641332520062897        0.35460349442553496E-001
   0.60095583395003693        0.54333206183045629E-001   0.41175591848321380        0.34258186687541214E-001
   0.47509774121092235        0.56655901580236936E-001   0.36140293068152329        0.36085101523667368E-001
   0.80308984876556555        0.49455713266608511E-001   0.85508958993916173        0.33889599624593730E-001
   0.43055596166206767        0.53757014086158406E-001   0.66366250410309413E-001   0.33245988779352045E-001
   0.43644641485138097        0.56173097437019995E-001   0.42092148274381769        0.34789022804269598E-001
   0.34985971805890977E-001   0.61816620745809049E-001   0.15908032557480498        0.34573940588635527E-001
   0.64752546262099753        0.45690916635570990E-002   0.85802260781881456        0.33668997991383752E-001
   0.39516044226802499        0.56361806121447526E-001   0.48130193938973553        0.37794950540184460E-001
   0.52066824412791901        0.26670890523929451E-002   0.12185285578739219        0.36377983912125593E-001
   0.57083816371621729E-001   0.56311968134656103E-001   0.74123600363033693        0.33788535365916673E-001
   0.89055979397459128        0.56072999125979786E-002   0.30677196697541955E-001   0.37459684330155313E-001
   0.97010693012455973        0.56861529483651786E-001   0.18566745148173905        0.35579115823607697E-001
   0.42289570227212370        0.61870235510760171E-002   0.37505602707395291        0.34382957058439058E-001
   0.56307207732291054        0.64806938661756373E-002   0.59847845102326425        0.36070586118119391E-001
   0.70534684171234696        0.55612904574064995E-001   0.20829443220081784        0.37636935300322971E-001
   0.47458912011406151        0.26462903778513109E-002   0.70973519667707083E-001   0.32238172488159564E-001
   0.23021560386730439        0.56155144422111593E-001   0.68623487916235049        0.38446689504286390E-001
   0.82958959859856163        0.57385075125640485E-001   0.37794307607314837        0.35316013396842552E-001
   0.44448257086485210        0.67871795413236985E-002   0.69290622158764403        0.33518632874212993E-001
   0.24859624150272613        0.31554632655796861E-002   0.26646266483015946        0.34738663942840656E-001
   0.90667415201243318        0.59409966697760379E-001   0.88470195159130760        0.33892629945967583E-001
   0.10436514427928096E-002   0.56134443881874323E-001   0.78451634989805985        0.36891205705598090E-001
   0.48117483842040204        0.56184049555701034E-001   0.17643525558471578E-001   0.32237017792491704E-001
   0.89732565609894110        0.55031598010769157E-001   0.97799499133179413        0.34606894168752796E-001
   0.54645345325409134        0.51423530075920987E-001   0.23904371758189472        0.35099552148389349E-001
   0.42211606463986429        0.56860134375389698E-001   0.73562145983586602        0.35823622094744649E-001
   0.58215207219615706        0.27996920688261526E-002   0.81555654387050758E-001   0.34186980345248884E-001
   0.63021467548357168        0.55174944314488952E-001   0.34530933605144309        0.31595221417587187E-001
   0.46104101890321908E-001   0.55621813039659004E-002   0.98449730422939086        0.32741078281322035E-001
   0.74559796207707682E-001   0.56113233565108313E-001   0.54637748192781965        0.32603025258909402E-001
   0.27611448387513915        0.60259399186475514E-002   0.78676270213105726        0.33256501513053496E-001
   0.64820924592468088        0.55337595981185844E-001   0.25927666145757633        0.35577882726845596E-001
   0.95432657226165385        0.73506798284503809E-002   0.23330676833911590        0.34806716448533406E-001
   0.29097734347249488        0.54114454529541514E-001   0.99509242406991039        0.35140457452007293E-001
   0.82903459305064331        0.65080751770687341E-002   0.16816401639903356        0.35101163860285764E-001
   0.59769092661449974        0.49409736359190591E-002   0.81118307069427797        0.34715317366216872E-001
   0.53722331485398989        0.53821559277088531E-001   0.91242683144074233        0.34813140727212054E-001
   0.51663092546973577        0.52503864036206688E-001   0.73853328977047744E-001   0.32868623632589772E-001
   0.60942311128611726        0.53401217735969578E-001   0.20088103845978644        0.33802443207851952E-001
   0.33795469640434128        0.54597795999654690E-001   0.69316131968357175        0.33138472566273905E-001
   0.73671924445043580        0.56223244386123077E-002   0.65559451642885153E-001   0.35151779841407590E-001
   0.37942027879120038        0.59699001793596575E-002   0.43394624980801461        0.32547953525890357E-001
   0.24885244025955380        0.53135697887405381E-001   0.31577462097769876        0.35392665245277011E-001
   0.96751018625604390        0.56931571790533222E-001   0.62767168327182776        0.32750240591723809E-001
   0.94714374742778273        0.54944219048655429E-002   0.98396392420577605        0.35830331735050645E-001
   0.98580279763550521E-001   0.56261108590484457E-001   0.79615283990612296        0.34943351544326748E-001
   0.81051928738253254        0.53027123961005285E-001   0.58874251505633268        0.34819681098319587E-001
   0.87335561875306700        0.57650272167595511E-002   0.78556481967997704        0.34395206193433066E-001
   0.40011797967615659        0.56932260874838950E-001   0.81178364366141575        0.32566194906950542E-001
   0.28889571698473332        0.31961639336625853E-002   0.45450470354417161        0.34123597552416667E-001
   0.27957439058821654        0.44685207636894972E-002   0.52613511922629183E-001   0.34855219534489085E-001
   0.25578113577044586E-002   0.61074793611712169E-002   0.83637944090764749        0.34943583371708740E-001
   0.96534945492152902        0.62880861681698002E-002   0.67260635302395422        0.33985652762758251E-001
   0.43423426985661090        0.56455047837778327E-001   0.58413571311686474        0.36580517489003560E-001
   0.17551485659769478        0.55782409107582302E-001   0.73745871252263795        0.33093772228662034E-001
   0.91513885242751303        0.57033781676250762E-001   0.58614985372331430        0.33874504599907040E-001
   0.34245635170611360        0.62984204379356624E-002   0.50244923280892961        0.37808384252806797E-001
   0.74248420061180306E-001   0.74494754693924005E-002   0.40477180542011160        0.34729511339717606E-001
   0.87823590422744491        0.57394167226373256E-002   0.11660228983921551        0.35712974084527942E-001
   0.34277568563151295        0.52506746972847344E-001   0.19883333114397819        0.35230653218428616E-001
   0.17595808453947862        0.62589534850436826E-002   0.49846284611481312        0.35966902929154998E-001
   0.95300363526347176        0.60844223484944580E-002   0.79042609624001559        0.32637939855002171E-001
   0.58905244036429849        0.24201678135324801E-002   0.66628576725386701        0.35260520841937891E-001
   0.62772658530159409        0.54107234788413741E-001   0.70250595317719777        0.34027892316254131E-001
   0.64523095759740545        0.55149040115621044E-001   0.81188612549367678        0.33956440702904149E-001
   0.63978538990477318        0.52836734827130076E-001   0.81716022456908427E-002   0.34437631349623785E-001
   0.60237289632072422        0.30784975715951440E-002   0.90650906157767353        0.32534341034584670E-001
   0.79524150918156600        0.54026781509180138E-001   0.96173968253156483        0.34975643866933200E-001
   0.12357886569673215        0.56271455176971387E-001   0.59429780071376348        0.35907796290902586E-001
   0.16188537629639926        0.53142920350268220E-001   0.20018572894807621        0.33936085475976749E-001
   0.30014654298417570        0.56648976836233059E-001   0.90594856526494483        0.32987817713606399E-001
   0.85162213923970187        0.57352373880443779E-001   0.28543221025304821        0.36073169589114953E-001
   0.41204361583151500        0.55993973510800925E-001   0.32578162382053077        0.35981465616093902E-001
   0.73863312467173217E-001   0.70138814654611588E-002   0.50065412701210110        0.34270494667267878E-001
   0.19106774603687541E-001   0.61882040944706632E-002   0.62640202531749467        0.36601607752074071E-001
   0.23400250314089413        0.53172324600694244E-001   0.21972347475805448        0.35161814681865300E-001
   0.41378240827313661        0.64239033484544310E-002   0.63142170880676707        0.35143372225989282E-001
   0.75666984148751970        0.59893707446842442E-001   0.54435224896013246        0.35187304596682158E-001
   0.22441886441384659        0.55893890216957155E-001   0.79494778205042049        0.39035572712917826E-001
   0.35300559648954721        0.56220173531246899E-001   0.55089535760705399        0.32422301831151634E-001
   0.72619358700307346        0.43025883586616286E-002   0.74496914088730382        0.35086074389745869E-001
   0.60121804122509692        0.53096865696587149E-001   0.86318682557940718        0.33589366168373921E-001
   0.53782088532901018        0.54533873191738816E-001   0.98725615121968624        0.30908357813632464E-001
   0.89505276992501026        0.57117818355916519E-001   0.33971340718401810        0.31145231609658420E-001
   0.22292648863115994E-001   0.72941884664228414E-002   0.45300455542666762        0.35931967358649952E-001
   0.54173287872187803        0.55739930668223858E-001   0.64359232791021959        0.34032835516706841E-001
   0.91371861186373848        0.70267705165315822E-002   0.63012754537105209        0.32717582272012449E-001
   0.82406533315141728        0.72011341281208053E-002   0.42420282509360469        0.32847420164987928E-001
   0.43298788668985688        0.57008389765196760E-001   0.86944766206839752        0.33754311889384173E-001
   0.76803743285548265        0.42699777543839393E-002   0.68879325012395554        0.34219216876417886E-001
   0.28233709164383464        0.60335424750607202E-002   0.67504639831358249        0.34540647512515670E-001
   0.10796856596944727        0.63069531348511612E-002   0.74746535450262064        0.35421668233486518E-001
   0.31546704666963787        0.56450991717746299E-002   0.73367775790175216        0.32802490155829582E-001
   0.49104170337009501        0.37689102491920905E-002   0.90150378228584083        0.33961199603320384E-001
   0.64665033295087893        0.29013151222501178E-002   0.95885784720972855        0.35988989730025636E-001
   0.31000822783843851        0.46827395396408112E-002   0.29742033910694293        0.33958691322782168E-001
   0.67922662999840719E-001   0.56333480320803986E-001   0.63580546411497596        0.33435858455457816E-001
   0.11886601030260327        0.57474007153018952E-001   0.39972718142475172        0.32365391047230324E-001
   0.66807705723027866        0.55559865486949502E-001   0.39882836595026622        0.33831162343685203E-001
   0.71438902868164045        0.17627515078668998E-003   0.42386302879218296        0.33006367380066071E-001
   0.21049177580957129        0.56105365616110341E-001   0.60418451177584875        0.35331880302995715E-001
   0.69274683434088502        0.54982761975845146E-002   0.80654181321667917        0.34802904335143416E-001
   0.41845956790724287        0.54140064630644094E-001   0.16510499593059877        0.34368343663764497E-001
   0.18204669301593682        0.53104141708972243E-001   0.29353934611551957        0.34059341724335605E-001
   0.20497041295469867        0.31024006078940944E-002   0.33187045062726350        0.32973257390573475E-001
   0.62317901260764152        0.53921980815978349E-001   0.50901550285606856        0.33888500210548601E-001
   0.90975834770530395E-001   0.86155247334357629E-002   0.29096651068621426        0.35411886206888579E-001
   0.97722309121597306        0.57243978526058475E-001   0.34182148079446023        0.36613105580898191E-001
   0.61734533412047134E-001   0.62693999656095655E-002   0.69387007284643432        0.35200321736589754E-001
   0.52735938284620831        0.25401338220671747E-002   0.31022388155220751E-001   0.33621628852665945E-001
   0.46536983969708334        0.56319619301087614E-001   0.51899267565001583        0.35609107251147055E-001
   0.11623978394317167        0.62869372281143939E-002   0.64667628322315396        0.36844474263865966E-001
   0.99736410282049004        0.57438173273191756E-001   0.24881259603078304        0.32869524958503614E-001
   0.85495334378293741        0.22678413722305372E-002   0.86823442428804565        0.33875813560576486E-001
   0.87057240926932000        0.41671607725667090E-002   0.68148505924938219        0.34254525819869264E-001
   0.84684834711406820        0.54498205933027677E-001   0.91617226951108244        0.33812692947902311E-001
   0.49982802316452457        0.54254903175985247E-001   0.85344942086040543        0.35001444958716661E-001
   0.14917525660119757        0.55748510675102687E-002   0.88944719379730119        0.34778845027545843E-001
   0.74349734571017712        0.54138624049859044E-001   0.91202735628130915        0.36722762721350867E-001
   0.92499627293819298        0.57382509341701762E-001   0.39756158389297852        0.32540127736536271E-001
   0.99901997197819459        0.48820292923099293E-002   0.93790604935718536        0.32986849724817885E-001
   0.45818098448768141        0.56230306690578796E-001   0.94160522603069108        0.36003585426157503E-001
   0.77728427780911724        0.58370741221150046E-001   0.42236407803044501        0.33192466947633066E-001
   0.98912817147400500        0.56873036081284002E-001   0.88648773098736658E-001   0.34825563732372257E-001
   0.99877924345836921        0.55474009849239558E-001   0.98717397043189337        0.36090853884049201E-001
   0.59095144566394842        0.28400508820356622E-002   0.38240425338854443E-002   0.35492269371696097E-001
   0.28598898255279370        0.93567835066582505E-001   0.54355447367431331        0.33175565305928995E-001
   0.77281242815288764        0.54256691436561970E-001   0.64463469119020855        0.32269387838533364E-001
   0.62130193504359443        0.26297973300301709E-002   0.15162978529304549        0.36605563150020871E-001
   0.67766332347864233        0.53755050986895384E-001   0.46691362114086493        0.34933845297416152E-001
   0.50543399405095624        0.54965521080552020E-001   0.29802732278119709        0.34192830532403004E-001
   0.85668815932918563        0.32954856920170508E-002   0.58720929462584659        0.32762042295720377E-001
   0.44868889695747327        0.63420894438508367E-002   0.47008098259998987        0.36271265705591818E-001
   0.50469011619832561E-001   0.61559996512675465E-002   0.89223241969324396        0.33307965733844716E-001
   0.24437726872923105        0.55599110685148889E-001   0.94355448176631140        0.34266105913825083E-001
   0.73764310373771413        0.55604764050022008E-001   0.36802293181014750        0.34088513789162299E-001
   0.80330038039831198        0.97049932217414536E-002   0.52629592414286130        0.35303511881378570E-001
   0.82696392962705745        0.57682392526642340E-001   0.11843585405391248        0.34213017613404589E-001
   0.71754085806642456E-001   0.57431681444736239E-001   0.45234981772678856        0.34274535698760350E-001
   0.85767091648500682        0.72983490112370252E-002   0.23350730845260440        0.36120912332693461E-001
   0.29821022594559859        0.61130642146560218E-002   0.85992696225370235        0.34572106294196554E-001
   0.46957540607598686        0.99148280964833455E-001   0.17005338136771586        0.33909613039060600E-001
   0.98902758828080184        0.72517477531184819E-002   0.29285626904337464        0.34088350335848949E-001
   0.46514989592559219        0.56703736687121170E-001   0.79229683734666412        0.35306511000575719E-001
   0.19570606567726684        0.55566221111913540E-001   0.89605494209707792        0.33724624083012918E-001
   0.48919696108091809        0.56776783098325879E-001   0.71009166489286746        0.35708633390778143E-001
   0.62886969777624480        0.43015293319870395E-002   0.74942811422364353        0.34357991508343580E-001
   0.29654620139377569        0.54423551352934252E-001   0.25163123930988313        0.34953535426606501E-001
   0.98348255486057723        0.68292230113027918E-002   0.13741635299569635        0.35154170223527986E-001
   0.39010442936587736        0.69514921918043347E-002   0.85429218047672173        0.33763123835491078E-001
   0.26541480045360577        0.31264897779910887E-002   0.36005877526228558        0.33408507904195590E-001
   0.59837936812933490        0.49410225846018094E-002   0.24981215810586502        0.34998384737228792E-001
   0.50799021998869862E-001   0.55864270420180079E-001   0.93899744941767083        0.34790786138836620E-001
   0.48685083089170422        0.66532843786078419E-002   0.41024228840060689        0.34697515842830089E-001
   0.17355814704633582        0.56291315223358229E-001   0.54639326423637313        0.33168439571268152E-001
   0.39602549427803735        0.40440777965570921E-002   0.96403535223260994        0.32814513617716416E-001
   0.56384150499994190        0.50075198490871158E-001   0.47167798215437606        0.36316106156850686E-001
   0.12475911317885792        0.56361506696297151E-001   0.49775386775151426        0.35517995761356586E-001
   0.28719037245807844        0.18143729814894427E-002   0.19243334513898827        0.38486387234936886E-001
   0.86458694964817995        0.54021433857936708E-001   0.63341855870440245        0.35248410770799932E-001
   0.95385615013250113        0.68331158382256346E-002   0.88957419451013597        0.32871475216417888E-001
   0.13461940881907852        0.54450514702355339E-001   0.52187132753031967E-001   0.35956872951832100E-001
   0.13681715797080940        0.55761484327795999E-001   0.93914308772422295        0.36471772934518004E-001
   0.33215984482204863        0.31840118715948068E-002   0.10467047786680879        0.31836302881339318E-001
   0.18061358279513964        0.31580528651047601E-002   0.24486594726846347        0.35672995818425840E-001
   0.49589029040176136        0.63353354375277398E-002   0.62453911233596460        0.35880842063407421E-001
   0.37135942257150112        0.56471519335197368E-001   0.61357457397631665        0.32769780631018985E-001
   0.76497929603127879        0.30477707117743274E-002   0.59760220397689201        0.33233030064988033E-001
   0.76679662226082315E-001   0.56053396259787254E-002   0.58995035760809178        0.31326666756060252E-001
   0.72048925759453775        0.53005029685128394E-001   0.60391244111398767        0.33957765335782431E-001
   0.69377061648018501        0.39879739692499578E-002   0.90721923802933435        0.33839236157337742E-001
   0.70309952052644398        0.56215776231219212E-002   0.26033109890241768        0.34441685233842396E-001
   0.69020011948101845        0.55708272372313600E-002   0.35544002150415777        0.35952175928177676E-001
   0.33102069298691589        0.53891053224675613E-001   0.55109834977867908E-001   0.36521540195131645E-001
   0.74386968417881560        0.68783454668752330E-002   0.31312464015733676        0.32189260488402420E-001
   0.55951277270604105        0.53964335890857099E-002   0.75317537636118448        0.31222061380035200E-001
   0.43723227883787485        0.59892014475774746E-002   0.16539872402062828E-001   0.33859602765257978E-001
   0.78044947592233116        0.78672034564668258E-002   0.11904148749748406        0.33899896749568600E-001
   0.80617430740027785        0.57559418070334295E-001   0.21807477604646044        0.36959118813339950E-001
   0.31368058537722915        0.54701634627607167E-001   0.34662793102801892        0.36238002611348477E-001
   0.78823427524586420        0.57015485850201546E-001   0.32101645409339058        0.34983300206514543E-001
   0.92598731030007286        0.42758346051456810E-002   0.72881754022965017        0.34654863231844489E-001
   0.74815497056964297        0.39954467834901336E-002   0.96140594263549939        0.33589570345558817E-001
   0.23242432966488658        0.54566264498191103E-001   0.67105537278683694E-001   0.34950681061389377E-001
   0.78134582937657659        0.55627129226909502E-001   0.54244571082309859E-001   0.32809169194749931E-001
   0.67484900818058513        0.41047689959758920E-002   0.69750882304790485        0.34829062992714772E-001
   0.24027870635164039        0.53260705837288015E-001   0.14507048186106214        0.33791274273620248E-001
   0.34899773404048229        0.66556526615151228E-002   0.91214307461057798        0.37183574205611143E-001
   0.81663193446688398        0.34687964712804957E-002   0.64029078142677709        0.33544583894759318E-001
   0.90688485000682162        0.57311802138775007E-001   0.21881917571904866        0.35533135651870863E-001
   0.91172675832795225        0.57069463777751510E-001   0.49251956152931264        0.34625351843764390E-001
   0.22723212064574802        0.36462206140910228E-002   0.42416387404569017        0.34336774643311849E-001
   0.97388281037372382        0.72841575067996338E-002   0.39619456629809491        0.37297750695480685E-001
   0.86893036422543379        0.57197741251486960E-001   0.43687175529860095        0.35499216020607426E-001
   0.26163497069813357        0.61232293605748694E-002   0.60736032132554574        0.36240350543835342E-001
   0.82220402866954512        0.56153558173286183E-001   0.68635805903946423        0.32306686910975428E-001
   0.51547480109671295        0.56390610605451141E-001   0.57515538619649798        0.36715028224331474E-001
   0.39417181306983423        0.56820963809991479E-001   0.92140801475570744        0.30698973858358718E-001
   0.51370595824674803        0.65437940252115225E-002   0.50145298740030253        0.35901298182838361E-001
   0.47135096125713855        0.53478558425290423E-001   0.12095777834901664        0.32264433053652716E-001
   0.75134185657430608        0.57002211571457885E-001   0.26297048954732954        0.33792507155069609E-001
   0.13615907855664199E-001   0.56296108739154693E-001   0.67877395475197855        0.35773535857775214E-001
   0.25884396875411216E-001   0.57341874442132006E-001   0.40042640759287906        0.34887495241444792E-001
   0.32449688677391586        0.51809652608519980E-002   0.39634907796998348        0.33921608858790399E-001
   0.30611590472378714        0.56183704246439314E-001   0.63254797878329194        0.35121596513820852E-001
   0.82548356765884823        0.55774897884943470E-001   0.78585934470593222        0.34737016480957041E-001
   0.77537032938561556        0.54288838886643181E-001   0.73677940737503278        0.35422431910797157E-001
   0.13792267504233180        0.56373567554958808E-002   0.98929187701284182        0.34244698106720435E-001
   0.44699738840334186        0.74567435539117641E-001   0.26729264361840932        0.34640290138270649E-001
   0.65538159367487936        0.55767891960308638E-002   0.21241611619123738        0.33141167112963839E-001
   0.88011641213442116        0.74160945190745540E-002   0.38382562790521257        0.35972497363192087E-001
   0.40997091787227591        0.62965330404782457E-002   0.53536676319329590        0.37231024008789727E-001
   0.42548898426287729        0.41953202654387151E-002   0.11711579383799736        0.35158514534687511E-001
   0.13902831258768980        0.30863273902660858E-002   0.15901835244264162        0.34700196359692417E-001
   0.99354872969944630        0.54849723916056232E-002   0.38082614534616706E-001   0.35343559153259665E-001
   0.22754459648740046E-002   0.56094310996005793E-001   0.88710959055297522        0.36229500098131799E-001
   0.91911413532763964        0.56046848200734772E-001   0.67681534232634843        0.34067863083240904E-001
   0.93818095808610413        0.56309939097710517E-001   0.28194285207631836        0.34852369767463580E-001
   0.73210932280854724        0.54873472784005062E-001   0.78962925405835582        0.30439003352180406E-001
   0.19371459358148582        0.35880322570462052E-002   0.93896221954576764        0.30386581116255522E-001
   0.62809888137827796        0.58154600352284806E-001   0.90786281850588901E-001   0.30273221635889275E-001
   0.71524768439380115        0.23430366743547593E-002   0.64501617948465939        0.30374365747247386E-001
   0.16682339805461857        0.62948808023576041E-002   0.59870462981123418        0.30287302953831727E-001
   0.96746099603157165        0.54273483907308878E-001   0.72626740697687953        0.30347410011103242E-001
   0.21394531741866260        0.51287029103975479E-002   0.56003721153218833        0.30329828277705140E-001
   0.54555040117100240        0.49929396172970399E-002   0.28841538793313037        0.30289007994804797E-001
   0.31160231789584460E-001   0.70693225853734488E-002   0.91856319346134113E-001   0.30294433925563965E-001
   0.87663853386514656        0.55409443258257508E-001   0.16029186353300665        0.30359633356212088E-001
   0.77198816831029149        0.59016980343889316E-001   0.15986699283533468        0.30311860404123737E-001
   0.57115728775749164        0.52961735471612731E-001   0.41906696215486525E-001   0.30271768983319534E-001
   0.55523618091826688        0.54733615647288549E-001   0.81867397514345086        0.30405985717844791E-001
   0.29511930997138811E-001   0.76598953395052979E-002   0.54965190793111696        0.30234697441455946E-001
   0.78095846422665827        0.50790350610606539E-002   0.37187367218957351        0.30305810145121664E-001
   0.58008578540236388        0.57379963728920638E-001   0.55677494508344683        0.30399210160344445E-001
   0.92539648309601139E-001   0.57933964392215334E-002   0.94154461495829544        0.30298445672236763E-001
   0.52550490949223494        0.55385344019948816E-001   0.76552880379304089        0.30445584840007048E-001
   0.46494869273680323        0.49176510602097934E-001   0.21020393547395058        0.30336713546336703E-001
   0.10181727558619786E-001   0.56980576604103342E-001   0.58082476779880843        0.30377272219221256E-001
   0.11168132873163268        0.62779069537666670E-002   0.83612194182989619        0.30359314870488666E-001
   0.27186345128672473        0.30499568587022611E-002   0.11986906509270137        0.30309343408699799E-001
   0.47414023812063066        0.67142159299200801E-002   0.75065526972546381        0.30362277826306093E-001
   0.94223223279921398        0.45643363129390718E-002   0.79129722443221528E-001   0.30351904973677155E-001
   0.67035167431104126        0.56549133591833937E-001   0.14906080492983556        0.30403408605462638E-001
   0.69471624615294814        0.56682145750573447E-001   0.96149051189108048        0.30308113056843167E-001
   0.37657295487916348        0.80581160066247135E-002   0.71592011592529226        0.30442699470148125E-001
   0.61955586990457145        0.11065558050112567E-001   0.55689346583453692        0.30403157923026277E-001
   0.47292778413009406        0.63105353315526932E-002   0.56132385214101799        0.30310736050544903E-001
   0.42031212426951814        0.69196965316967078E-002   0.77912155668272554        0.30326401875402750E-001
   0.71027131683869871        0.32298227952371724E-002   0.56453336868931314        0.30275842116289819E-001
   0.91476736198687025        0.55990823150231774E-001   0.78693205220611673        0.30314147902555717E-001
   0.52479006076421419        0.65188271711900461E-002   0.68445414488449730        0.30425860015704735E-001
   0.73342990436657651        0.98860453627232208E-002   0.50893328900135582        0.30320737264708443E-001
   0.87354940204445686        0.55566844201591949E-001   0.73341900364435525E-001   0.30340648108570401E-001
   0.59215352127440801        0.55037579241256906E-001   0.76974116387695135        0.30306817743926292E-001
   0.73996173422802913        0.58769354383844841E-001   0.59485673778814242E-002   0.30349486147979287E-001
   0.57857989326533343        0.94578407059860701E-004   0.51341296102922729        0.30324017236933520E-001
   0.23705067481685249        0.54405040251131111E-001   0.53309013810472727        0.30353016552637713E-001
   0.63841377485252027        0.27514648636363728E-002   0.49640382200629586E-001   0.30372585499871031E-001
   0.74221306533157749        0.59840449343768143E-001   0.47543794238842263        0.30435942193499283E-001
   0.11900455387605773        0.54262669120241247E-001   0.11735958199372351        0.30330289194947326E-001
   0.62982870177782846        0.44513413608015485E-002   0.38273326155229120        0.30261017801127794E-001
   0.16165111413843544        0.76939233729266133E-002   0.39612741290199377        0.30297427993277930E-001
   0.90475799811003255        0.10570734090381891E-001   0.93088865372009422        0.30426843209021871E-001
   0.34218315155760631        0.21833060825063588E-002   0.24161782790808869        0.30306713676265157E-001
   0.34835148400213040        0.47208728222724481E-002   0.65456867489184722        0.30400247118682822E-001
   0.15666752033602602        0.69937352152858144E-002   0.70064476731465786        0.30343067960911498E-001
   0.20433878156753921        0.61646716899596485E-002   0.64666758717264705        0.30330701255487879E-001
   0.87239651572975596        0.52375071479905680E-001   0.83082805234673707        0.30300468480663756E-001
   0.77524832572033153        0.99557223011056926E-002   0.46441321207352776        0.30384192262585451E-001
   0.91253113991802925        0.53702712406967605E-002   0.83981975758934402        0.30338826786491239E-001
   0.24216414688219665        0.43201657349230971E-002   0.49891776436065788        0.30259167659058998E-001
   0.24669766763542617        0.56900316832421520E-002   0.90227596923502029        0.30326511458568722E-001
   0.15329239155693816        0.69818740157677209E-001   0.34875720744200917        0.30351921844823423E-001
   0.42720279067672806        0.69724118771032628E-002   0.90917918504037631        0.30323405299911371E-001
   0.34461480562344421        0.56714160576454932E-001   0.95752479854118089        0.30335193250405686E-001
   0.51525980463249199        0.61440472856997500E-002   0.34190671888779994        0.30362211770166687E-001
   0.54231446326322647E-002   0.16672251194343153E-002   0.73115531690107460        0.30344189120891592E-001
   0.79326744785008241        0.27003651378978773E-002   0.71097684901431160E-002   0.30277399264113620E-001
   0.34966944516241372        0.59145160585600473E-002   0.80428009803436018        0.30316644484241980E-001
   0.17649605574497976        0.54451739892880546E-001   0.13740699089612754        0.30380064884461724E-001
   0.11888347219742598        0.19776045470744807E-001   0.34959216740360760        0.30310234687292555E-001
   0.84372044998617640E-001   0.69727868575266277E-001   0.34876398344170956        0.30354253588171860E-001
   0.89562877052320766        0.67535133046684173E-002   0.29245252453034937        0.30366976528345732E-001
   0.24061887642014174        0.54213045309745293E-001   0.46444436857170279        0.30384217449812213E-001
   0.35013698612395855        0.54749415335961463E-001   0.29078886520668557        0.30412610284057621E-001
   0.12462611741692152        0.58567720591819222E-001   0.26469292816569584        0.30297554668546747E-001
   0.45402868886597260E-001   0.56362627801324165E-001   0.83541981569940249        0.30343704437558700E-001
   0.10089411072372101        0.53878366202835620E-001   0.17792229378258997        0.30317957018379825E-001
   0.38964312343101254        0.54089378420317337E-001   0.24465730584805151        0.30314224159238873E-001
   0.93183861880226782        0.79804589500826698E-002   0.34215287247681753        0.30279848295325963E-001
   0.54954625624309050        0.39270160806732261E-002   0.95258226799875723        0.30387615855705565E-001
   0.29311732575299843        0.53086096230863633E-001   0.49513262185834445        0.30322898032973642E-001
   0.12686733510815901        0.59195199643683073E-002   0.44850959216950603        0.30431424956857422E-001
   0.34974497599005533        0.56455419046060051E-001   0.86608143426409312        0.30343170762689383E-001
   0.39229382698095290E-001   0.53309735177171559E-001   0.40113943506916362E-001   0.30298158762764520E-001
   0.95865261730509665        0.57087683574853582E-001   0.53772500116860977        0.30280658433580781E-001
   0.39029153369178082        0.40006165211229168E-002   0.27927945907079416        0.30352591814071725E-001
   0.14520460871831203        0.44636650369124370E-002   0.94336330951597588E-001   0.30277106643438481E-001
