 3 HS poly
 400 2
 320 80
    1.0000000000000000         0.0000000000000000         0.0000000000000000         0.0000000000000000        0.10000000000000001         0.0000000000000000         0.0000000000000000         0.0000000000000000         1.0000000000000000     
 T T T
   0.49879638171105056        0.34639879416708583E-001   0.12535897220337677        0.34489894831396556E-001
   0.41984798477821961        0.34366796980235280E-001   0.84425710696548384        0.34389504231754804E-001
   0.37550223218730437E-001   0.33959609056103901E-001   0.27480434863632613        0.32102860664028302E-001
   0.63693881275953504E-001   0.84324589717363521E-001   0.38161078162291673        0.38016267547491461E-001
   0.15949868646348314        0.84340540588752108E-001   0.25335679760209096        0.31713192478677509E-001
   0.84940864338411493        0.34013282175878949E-001   0.11783189232500890        0.34847945320209281E-001
   0.29795565169534249        0.84641646948143523E-001   0.39503277059507506E-001   0.34620030360596958E-001
   0.36892768380942614        0.34729988333871600E-001   0.17040843388347887        0.36195712977591755E-001
   0.64898108524869258        0.34674386280792835E-001   0.77123475884018733        0.33786769360875588E-001
   0.74793397753702140        0.34188840991373468E-001   0.89797852012267532        0.35127078192227969E-001
   0.89304798136459385        0.83830170223046951E-001   0.48879073769141146        0.34507256521713631E-001
   0.88253346068049465E-001   0.34413916342970322E-001   0.77538959969243226        0.35449952934566369E-001
   0.90505512478161509        0.83385684304765464E-001   0.56926326760152335        0.32596286326083516E-001
   0.19101583928604535        0.84027365567868273E-001   0.44640175285590372        0.34886804449393065E-001
   0.20163145814112313        0.34179429909868296E-001   0.26375195332747703        0.34361538868450114E-001
   0.86015201329453916        0.34290036205052291E-001   0.55615705893158685        0.33634650494055666E-001
   0.36272145459446653        0.34694773431335889E-001   0.88335200711530015        0.33822909400213132E-001
   0.28745671927890448        0.84443007724477714E-001   0.80092022765916226        0.36251660603602541E-001
   0.54354762271256762        0.34468671194072070E-001   0.17657889661601220        0.32766393230952748E-001
   0.37512983628452273        0.84511404090697878E-001   0.28461325395348785        0.35413208060674752E-001
   0.97842529851056281        0.83921556833927990E-001   0.77808572810693666        0.35419523387554094E-001
   0.16040998363064933E-001   0.34064661870037739E-001   0.36123295895328322        0.33817602165763516E-001
   0.76192292686258337E-001   0.83653997130505087E-001   0.54251571531130111E-001   0.35372548886251708E-001
   0.29534294883477069        0.33891010173888840E-001   0.43944162832338890        0.34065148694315893E-001
   0.85759143958649298        0.83265833250522531E-001   0.28990399835062686        0.31640839489232277E-001
   0.58339283077967619        0.34349957736862946E-001   0.68538872948945928        0.34626294020358252E-001
   0.40088326910034860        0.84742605134347559E-001   0.21550383637209200        0.38325806502388857E-001
   0.25407173810960360        0.33964063295612371E-001   0.16329716882617109E-001   0.33112856461318313E-001
   0.37606818242437007        0.84152734709949925E-001   0.82972768732185476        0.32607995426568552E-001
   0.53285272708127140        0.34636365188007903E-001   0.37002476360182790        0.34502991632460372E-001
   0.77880541124730107        0.34969812757226014E-001   0.74373690937856485        0.34658406268141650E-001
   0.70075064115172165E-003   0.83813417794456557E-001   0.99651211518962524        0.33451712915091469E-001
   0.66188040858642738        0.84087442837510296E-001   0.80862477650835263E-001   0.32496344099220066E-001
   0.15536828868381436        0.34422637269379074E-001   0.21085447070275468        0.33968180593147879E-001
   0.25380094503487366        0.84882241424195815E-001   0.90323450188590926        0.36446030864161379E-001
   0.78949063067022229        0.34371577514749466E-001   0.51684327766452320        0.34134022659339194E-001
   0.58494404242810383        0.34436749173041452E-001   0.44700686767133890        0.35952431572448547E-001
   0.96848919372493569        0.83502100415465408E-001   0.35005731679882857        0.35588964960065271E-001
   0.32463041904821743        0.84725107733379518E-001   0.19300152643368726        0.34280502843103279E-001
   0.83771272030181559E-001   0.84146080080157018E-001   0.13163264679303513        0.35916537265897538E-001
   0.16934353398731783        0.84742198107192510E-001   0.70564944103359994        0.36736389075744856E-001
   0.79208175190360519        0.84159295138641177E-001   0.92655521282437470        0.37269997945502918E-001
   0.36042284961685833        0.34311074246054979E-001   0.60969152289807560        0.33296715777202314E-001
   0.20891130822273896        0.85347679588961153E-001   0.29003946485445333E-002   0.34414783358462757E-001
   0.31736649572883885        0.34766903301399664E-001   0.98988448109265503        0.35111560994388648E-001
   0.70082062133739276        0.33888117694134363E-001   0.26147554211950053        0.33013466095206292E-001
   0.86022157978936503E-001   0.84200674493609573E-001   0.44933996038520019        0.33284142351563399E-001
   0.50439311356380367        0.34254273678267909E-001   0.86003733374335734        0.33760411192137546E-001
   0.55396225275428523        0.32196047026397938E-001   0.30623600151635400        0.32724793489009030E-001
   0.24915501638664511        0.34287706754375535E-001   0.35210883622148992        0.35017224529451427E-001
   0.86913480974210267        0.84193831122125987E-001   0.29836385173082000E-001   0.34812039867847408E-001
   0.70551600090906241        0.34268444792419264E-001   0.55270082473469728        0.32749473729250356E-001
   0.35065195815561018        0.34347625196118503E-001   0.23996218133777597        0.35716217440524944E-001
   0.17098675608277929E-001   0.83332280330743649E-001   0.15412346448063161        0.34398220675785782E-001
   0.84728471929013394        0.84760434318565989E-001   0.82526944695060600        0.35525870661062414E-001
   0.59255742413139811        0.84007750578694862E-001   0.93930609212863247        0.34752181450782932E-001
   0.83494861813341326        0.34127473423203450E-001   0.95689474097517213        0.35105815225098792E-001
   0.63290904125506164        0.34280040484461989E-001   0.47950080510901515E-001   0.33739055255615685E-001
   0.44336013454059664        0.34286054699070319E-001   0.41196948186794285        0.34448370706792936E-001
   0.84669292751174707        0.83175877976956636E-001   0.42374998665900016        0.36341974157499936E-001
   0.77601277007854141        0.34090623963723150E-001   0.17677411983485997        0.35639663531652259E-001
   0.29630785076827215        0.84700055068618524E-001   0.62545215671115140        0.33571807673301271E-001
   0.25525632595051045        0.84163804778445622E-001   0.16712741803846479        0.34014613414257565E-001
   0.90622645249792333        0.33679162740322698E-001   0.44226868692896065        0.34833633896903582E-001
   0.22178571153630358        0.34152505784590316E-001   0.19822211025919706        0.33615191699334579E-001
   0.52869061215479063        0.84467666649958167E-001   0.19630121368142638E-001   0.35003205756042349E-001
   0.67204971328623664        0.85058278409398169E-001   0.66451399699196623        0.33579677334615435E-001
   0.36952499416976226        0.84809554878531104E-001   0.99385136675611352        0.36957063733925766E-001
   0.97017818638411690        0.34125249436776674E-001   0.88914198840730407        0.34512365242040703E-001
   0.92055472664083349        0.33527652428308533E-001   0.19005463667859063        0.32994120870559251E-001
   0.92456818264784291        0.83963159446969068E-001   0.86607908473935380        0.36799873968955774E-001
   0.67549603295973204        0.83950570135381139E-001   0.14794923596018864        0.35949048669351190E-001
   0.12187385611711345E-002   0.84234625289665188E-001   0.55795645577491160        0.34737928199602253E-001
   0.77782048629787992        0.84625896427935082E-001   0.46973576598327982        0.35115781441112451E-001
   0.26568922037339820        0.35251115923638381E-001   0.28299201361097071        0.32462273704295150E-001
   0.81550077580774549        0.83338535002010397E-001   0.22383513622343046        0.37453206574176071E-001
   0.72176052094224485        0.84213375332642976E-001   0.93784766185995594        0.33945876417524209E-001
   0.10792237520905758        0.34573630170581571E-001   0.84478930764304150        0.36606465333145183E-001
   0.44495490150493944        0.34301555741724214E-001   0.61263810209518510        0.33861605070629804E-001
   0.45516605211143557        0.34427586925944886E-001   0.76102878840900434        0.34268289747036190E-001
   0.56252313561998035        0.34115253985901137E-001   0.24037726484797789        0.33700795277512366E-001
   0.20703776025324594        0.84279875859061368E-001   0.37745760722626193        0.34445994141910782E-001
   0.62670111646416859        0.84424632340215300E-001   0.42287304577289697        0.33482974774917164E-001
   0.95234982555724212        0.33865780894616899E-001   0.82129092773369894        0.35557348421905097E-001
   0.76782348224654773        0.33329535781023559E-001   0.24737775434216053        0.35440606539312525E-001
   0.46557876034082668        0.84131148434228475E-001   0.81455239349450925        0.39290534038710620E-001
   0.22265453507464342        0.83921841061373528E-001   0.30870294283490141        0.35816159839482609E-001
   0.62307874157209653        0.33600003615276153E-001   0.31525359995807106        0.32066877773694456E-001
   0.62826749671015047        0.84879954543259431E-001   0.87224666579108834        0.31776088831377614E-001
   0.60740028178603223        0.84516761687336683E-001   0.49440748394581496        0.36352093205875333E-001
   0.14179277607777091        0.34430203131777713E-001   0.92297211724415296        0.35174732420929819E-001
   0.59321401723987444        0.84340207727825051E-001   0.73943161535952359E-001   0.35096976614540885E-001
   0.66594066244821448        0.84253102410294545E-001   0.12737558781690852E-001   0.35695539649621973E-001
   0.43596515771355093E-001   0.83783563965740743E-001   0.75627721968726991        0.32965084719337144E-001
   0.90733950868169586E-001   0.84228641698113615E-001   0.28206861974852299        0.34405554079373755E-001
   0.78130744154723719        0.34247940781050798E-001   0.10715637908652789        0.33951468765844206E-001
   0.88225171980361483        0.84167980859851055E-001   0.96028649701855462        0.33690924641537758E-001
   0.66344302775203401        0.34854838951904062E-001   0.84744351704242804        0.34120641001183491E-001
   0.84913565510669842        0.32826063715301335E-001   0.18528981504644526        0.32130681606381710E-001
   0.37804917316064224        0.34737068457352395E-001   0.10043696086782468        0.31773808214416104E-001
   0.93456928562742803        0.84135303279411322E-001   0.16843748104698533E-002   0.32875671383690422E-001
   0.70530280139320523        0.84982390273249900E-001   0.87075076193347256        0.34830006605319382E-001
   0.62866667153404970E-001   0.81036372222285880E-001   0.82198495276639738        0.31650489268437852E-001
   0.54409688955019109        0.84604822788303946E-001   0.82871547984427385        0.34864814373256309E-001
   0.99822096843638597        0.83277785065388812E-001   0.84751458543707714        0.35632524834958330E-001
   0.66573177522383301E-001   0.83934530891697057E-001   0.98630820429578936        0.33181994875995033E-001
   0.84248739585797561        0.34144851789395268E-001   0.71522645899569537        0.35045815143086724E-001
   0.44169163310380499        0.84304505808338329E-001   0.96012104702331458        0.36605953354001450E-001
   0.46977117304751487        0.84317299901036147E-001   0.23643395620768379        0.33634239061831897E-001
   0.46817827466583689        0.34262774078825976E-001   0.34729434584828178        0.33822607172062161E-001
   0.31740231601781321        0.84859947435347888E-001   0.86602113005629722        0.35345528034787889E-001
   0.43983876447671610        0.34375479935561802E-001   0.90993226810544436        0.34205633973935279E-001
   0.59501414353703697        0.84153764370782536E-001   0.64784872732952760E-002   0.32341187605518816E-001
   0.99246843888804082        0.33948616748107341E-001   0.73126523225870887        0.34309771839029009E-001
   0.77414682460143713        0.84257779637920416E-001   0.85561821569672958        0.35388834781371080E-001
   0.63477959220745050        0.34044359498161834E-001   0.17773110499594383        0.34962339338987472E-001
   0.26772449488821543        0.34892558839547498E-001   0.85084825082796456        0.36717164772595463E-001
   0.82787107564691909        0.33400842837751014E-001   0.64728864977758938        0.33591084815266521E-001
   0.69027840385366412        0.34011360161130315E-001   0.32999814204647387        0.35899365137842330E-001
   0.91474212485451278        0.83872502973010438E-001   0.39680989645032239        0.33093194954177375E-001
   0.55720445395592366        0.34280159037692819E-001   0.97677834313682665        0.36442721139423248E-001
   0.45447266266922193        0.84470120805752780E-001   0.53927882295424934        0.35583168190810373E-001
   0.69909717023375784        0.35280023979973554E-001   0.62236341103525128        0.36945805684677174E-001
   0.41924834797696341E-001   0.33300607583955574E-001   0.87930445553492342        0.37876362835787353E-001
   0.74521076074785919        0.84275029249000225E-001   0.53079534767486081        0.33989638464151248E-001
   0.15581399673413730E-001   0.84043636369871735E-001   0.68994976469573177        0.34338950249173023E-001
   0.48801776611112813        0.84243844564171014E-001   0.39129343382746129        0.35645313576487682E-001
   0.30032866983594919        0.34241720007940776E-001   0.14920854672966691        0.35539543276072227E-001
   0.67751074176331572        0.84743330141279258E-001   0.73337532844728726        0.34760259585054132E-001
   0.39158641985168141        0.83445115023309743E-001   0.50778008240017602        0.34731530483290994E-001
   0.15295763351274821        0.84858432852724097E-001   0.87255275022400525        0.35827638984831475E-001
   0.97573609497658517E-001   0.34603438316451789E-001   0.62328563999031117        0.34220416792011162E-001
   0.89992337425864288        0.34186397980121734E-001   0.60742833721857473E-001   0.31464948354538801E-001
   0.24476432857604652        0.84163023966327952E-001   0.24040370172583175        0.35639055154424643E-001
   0.52827446272176481        0.84407345439508299E-001   0.26477011663080957        0.31355483222393114E-001
   0.60512659977099914        0.34798999709616328E-001   0.59393111404122811        0.31261622119343725E-001
   0.91050236168875032        0.83735146579001829E-001   0.79634677915544361        0.33974047428525854E-001
   0.39946642447148234        0.34553753809322206E-001   0.33073934927713128        0.36801104777114749E-001
   0.25438677649771951        0.84514229827758622E-001   0.73740979704717169        0.33836610473085622E-001
   0.65262628562229197        0.85088692246032799E-001   0.58765809283096804        0.34747304494348139E-001
   0.97311493776013469        0.34007879404496205E-001   0.66314864977153420        0.36432088754485760E-001
   0.68483803774288687        0.84742486104678605E-001   0.80336443976515148        0.35569817179974240E-001
   0.34665324492298499        0.84789594948200001E-001   0.92732210627049227        0.32523581453320731E-001
   0.12324561865951018        0.34665233546572520E-001   0.68636887379530465        0.33802639107779593E-001
   0.17803788206387505E-001   0.34242672525511358E-001   0.51650317980977600        0.32165160078466114E-001
   0.61684828187015907E-001   0.33993624901741397E-001   0.17536380343119515        0.33678587800895936E-001
   0.52746208456553290        0.84419561136665780E-001   0.90442912789594834E-001   0.32635481808471076E-001
   0.30954540184643897        0.84455614367058562E-001   0.26413884893950806        0.33291437645471496E-001
   0.57835305992955510        0.84785935302868598E-001   0.55961975990361168        0.34992120234065151E-001
   0.31552978628804113        0.34513907168206494E-001   0.81978633080646512E-001   0.33169892898413982E-001
   0.94810611330913652        0.83881778629278855E-001   0.70883466638757942        0.35671774907421433E-001
   0.81373697269643996        0.34192901397890801E-001   0.88050316517245963        0.32812299544249163E-001
   0.56639387984505241        0.34214011599327424E-001   0.11367127584991510        0.34072272955043358E-001
   0.70026752583077545        0.34372137051204392E-001   0.46070918717161471E-001   0.33314944957464045E-001
   0.85206362587722262        0.33407822503908217E-001   0.25268510603777672        0.30818646019341128E-001
   0.76000374126696479        0.33031591558987126E-001   0.35098104878189001        0.36893732393790450E-001
   0.92273457097513145        0.33573528526781686E-001   0.75118456825708002        0.34293444473593053E-001
   0.14991531072533568        0.83899279239562682E-001   0.56911242079827384        0.33976478879712717E-001
   0.12754802346118202        0.34603170593049744E-001   0.15033501477452349        0.32638535661966013E-001
   0.55983143621070935E-002   0.34108933256235839E-001   0.21615984094545637        0.34555400545434586E-001
   0.18362244386043688        0.34045903039262561E-001   0.69569400322241973E-001   0.33943428250294491E-001
   0.14298315987832985        0.33792704963526023E-001   0.45552190495813250        0.34809998168799143E-001
   0.76777566978496614        0.34167041568959895E-001   0.97156977948281098        0.33556584517663648E-001
   0.51386289172832422        0.34584822947641189E-001   0.79395783812978449        0.32885279366366177E-001
   0.62769238323599361E-001   0.84284173581358923E-001   0.52408854312001718        0.35472162961505883E-001
   0.55979953954510053        0.34531363609968058E-001   0.51365790161130465        0.35201962134935275E-001
   0.18790304523639192        0.84926601674875465E-001   0.93205196531031631        0.33042013613675689E-001
   0.30092930985421096        0.34919690506859620E-001   0.58282886908078213        0.31948576514968095E-001
   0.90458863104770293        0.34153040267323347E-001   0.91639517702242790        0.36464180136584944E-001
   0.42703864861665825        0.34484642291744902E-001   0.69825216353820418        0.34037795788017446E-001
   0.80716173338424613        0.84287003024665533E-001   0.99752600308929207        0.34927586104690780E-001
   0.81761478535276544        0.83983516318501469E-001   0.15244714328003975        0.33725013048367759E-001
   0.80010580398559983        0.83574049281551738E-001   0.68691033225601195        0.35771411141079380E-001
   0.14326354671194189        0.84768152354214699E-001   0.63814570195783271        0.34984059065165163E-001
   0.13161052906370257        0.86204134217510039E-001   0.34494408202022075        0.34060843486316134E-001
   0.63110235595501984        0.34026290935412061E-001   0.24832791607090587        0.35287711043573970E-001
   0.92815398738110833        0.85122258596636635E-001   0.64159356030609704        0.33134278906586774E-001
   0.28312771958165844        0.84261330106199420E-001   0.54391042132243661        0.33312558706251133E-001
   0.13138972463609358        0.84140699640444808E-001   0.79580803656491417        0.33391947573161593E-001
   0.28210444380312621        0.84554421168742733E-001   0.10686247180359998        0.31853581147935087E-001
   0.21982268688423880E-001   0.32105868142347706E-001   0.80352516127134033        0.34234847245400636E-001
   0.11331203747867988        0.33595459259213194E-001   0.83634590896073960E-001   0.32955273728048622E-001
   0.24278517644678536E-002   0.84839465488337429E-001   0.62476689197372703        0.32066504377511441E-001
   0.36681708838049787        0.84312660181652427E-001   0.65912047973050902        0.36484410366816634E-001
   0.70980072413140349        0.35045508626885095E-001   0.69471189633534625        0.35911899466318536E-001
   0.91986239458718122        0.33941400309090423E-001   0.52624352843605970        0.33098215155177038E-001
   0.37528899708089936        0.33891654736647889E-001   0.39819595293368509        0.34730052184914574E-001
   0.86282481529963961        0.34706607724413578E-001   0.78109975371773277        0.32632789977838611E-001
   0.71328663533235037        0.84235444647829505E-001   0.37527051914974191        0.34729157846774987E-001
   0.83008415910562883        0.33138047248202199E-001   0.37527821104358700        0.33063626053768655E-001
   0.38449511209084725        0.34438089037155221E-001   0.78478672842533170        0.34711564461219417E-001
   0.26387602169706187        0.34394080640160044E-001   0.69174157713980333        0.34362795233556072E-001
   0.59460754220947820        0.84685309577881923E-001   0.63686952920025885        0.35227955299580851E-001
   0.27255909775706794        0.84795251016858378E-001   0.97192843971907084        0.34237741332500363E-001
   0.60818051460371625        0.84509963048556902E-001   0.72658478624174083        0.34582888337390462E-001
   0.12796404191096492        0.83477146441255451E-001   0.50158954690703839        0.33460665238377055E-001
   0.34691252966724673        0.34733914641802845E-001   0.53346085463748161        0.35364187532119555E-001
   0.90498078354039113        0.33775277803514664E-001   0.68418705758935705        0.34730408523816626E-001
   0.67700950234023871        0.84212377772313107E-001   0.51469228750200047        0.36043690429289017E-001
   0.54528977266017553        0.34604003960175087E-001   0.62622173272006132        0.35656934474720355E-001
   0.20342493895842703        0.34934679964280541E-001   0.88628769817166253        0.36475559301262638E-001
   0.72555369569594064        0.34282270939285840E-001   0.48574623197308137        0.36113791578654277E-001
   0.35881379701485228        0.34930037681900658E-001   0.71054556162405003        0.35182792863899276E-001
   0.58929039580907094        0.34899433672447265E-001   0.85106089277561181        0.34559947097562015E-001
   0.49515214925470585        0.84499303413791832E-001   0.62034497887522644        0.35307587895744820E-001
   0.78156145747906788E-001   0.34268342921664904E-001   0.32951895722444197        0.35581770654756248E-001
   0.46102019365284397        0.84844167755018199E-001   0.98741025059423074E-001   0.33151577358675861E-001
   0.30173304138374468        0.34893198803112951E-001   0.92045958208488676        0.34841569022651765E-001
   0.71251228019756774        0.33921639485840385E-001   0.11350754648264431        0.35108285991367331E-001
   0.22789654129446410        0.84391602947943734E-001   0.59375081827216591        0.34721539548788490E-001
   0.28949147126953656        0.84075803339314151E-001   0.32828891421380813        0.33333300797115724E-001
   0.86655605224657628        0.83416267964677812E-001   0.35306409147448031        0.31942222118578299E-001
   0.53977234672402252        0.84334396642468293E-001   0.46869147676286832        0.34730114985656542E-001
   0.63330650089401408        0.34452043626341688E-001   0.53566480320527643        0.33395008205045942E-001
   0.57727807460211822        0.34591454431999950E-001   0.76566047248100977        0.35861426559203671E-001
   0.59247784549220284        0.82846938699323081E-001   0.28060953309725012        0.34754166091514639E-001
   0.60321115795225466        0.84045975650576282E-001   0.14229045622051098        0.33967487059531433E-001
   0.85761209801255978        0.84146118671687767E-001   0.89534321842719389        0.35261595756409851E-001
   0.92357428687297488E-001   0.34276468838582042E-001   0.23574294624935271        0.33739557170368660E-001
   0.43706163349078558        0.84375433031021047E-001   0.65552119961167399        0.32328080504345443E-001
   0.50949350582814179        0.34239100830813732E-001   0.43366492589460098        0.33264675500866252E-001
   0.69359336580281361        0.84345292879846948E-001   0.44380446181588273        0.36335434547782222E-001
   0.75447972987833323        0.84957004070957173E-001   0.78705993004701735        0.35817170308144707E-001
   0.84609283475602237        0.33704833336315181E-001   0.47752507817102541        0.34786813653354662E-001
   0.80424875088213929E-001   0.84545522885136490E-001   0.66677657420100844        0.33955232164446167E-001
   0.74283643731002214        0.84008594778021209E-001   0.78841862519684711E-001   0.32228044463931134E-001
   0.48628637314053186        0.34276184987452891E-001   0.98782766035849123        0.35289349105958531E-001
   0.34529614728748576        0.84470692851131138E-001   0.76283590223513054        0.32468877717287431E-001
   0.40298350708205777        0.84312889313782405E-001   0.58860649016393352        0.35622887825688621E-001
   0.70056940746952978        0.34246498826663405E-001   0.97872225540747804        0.33976447862121874E-001
   0.17651981085594853        0.34033161801314639E-001   0.81762518935145878        0.37168730531687788E-001
   0.84367977292729823        0.84205294390250429E-001   0.60111890859838280        0.35178903161812491E-001
   0.24931636502938798        0.34520486101389726E-001   0.82105021859967306E-001   0.32834880591681499E-001
   0.14864297503607030        0.84108500772266531E-001   0.38358068482723724E-001   0.34422587275862906E-001
   0.33135625255097673        0.33988555213805290E-001   0.30855667876736470        0.34719075334602993E-001
   0.11321443858215788        0.84398558061749632E-001   0.19446865035936459        0.33202611034901915E-001
   0.48711434862060810        0.34358876963409848E-001   0.28065240942820685        0.35277380073645719E-001
   0.46225355091564252        0.84608580891281038E-001   0.45813481957221164        0.35730151291263119E-001
   0.83293770349323094E-002   0.84076001200713707E-001   0.62508582116449163E-001   0.32941149681643099E-001
   0.66217642016063982        0.83896029230342922E-001   0.28756155633932962        0.35290318903230360E-001
   0.40521605286363872E-001   0.34290270609486438E-001   0.43181295941787456        0.36479533729372023E-001
   0.66793324360613182        0.34377702119476848E-001   0.39827413720039995        0.35795071377317494E-001
   0.58966889563773134E-001   0.34192133212744315E-001   0.71128842957955973        0.34976651027012945E-001
   0.94191612734299568        0.84077124229852099E-001   0.67783456816194854E-001   0.33589066114654724E-001
   0.23046627900304165        0.34593034842524670E-001   0.41865303097222684        0.34010275130676580E-001
   0.48921747751548789        0.34440817373337894E-001   0.66898208299606676        0.34627279183974270E-001
   0.25781309865253021        0.83898941154831819E-001   0.47169924250394768        0.36274445099046558E-001
   0.79821271773752511        0.34255887842944525E-001   0.58472879501767616        0.34122416447201584E-001
   0.89233258431690488        0.83492211766558883E-001   0.23023333473196830        0.36972182781584907E-001
   0.73764011573260857        0.83624892161381470E-001   0.10935057149573940E-001   0.35659855350652164E-001
   0.82396231011060816        0.84525035065064216E-001   0.75968188512908652        0.34067459790257791E-001
   0.50007054452710120        0.34472424507072282E-001   0.56807975331294412E-001   0.33461234086147554E-001
   0.30932708465579717        0.84443124077447418E-001   0.69876372948241505        0.33300906445028138E-001
   0.81893157563778310E-002   0.83827440830018862E-001   0.92561734683551167        0.37768846154365508E-001
   0.88861113454893437        0.34195058996469935E-001   0.61750732923037843        0.33918542109730249E-001
   0.73104244326656753        0.34808645659613176E-001   0.83022035422831297        0.34115400674410767E-001
   0.28591242035227954        0.34524969427530194E-001   0.21702806635507646        0.32905348448163764E-001
   0.91763570408840878        0.33646289526237314E-001   0.12351686872040267        0.33550520474984448E-001
   0.15118801912022195        0.83659273168234696E-001   0.10982608918655659        0.34928329727649483E-001
   0.43679298718971409E-001   0.34105923563560979E-001   0.96617869303860321E-001   0.37044743354966353E-001
   0.70513208902190727        0.33721367688653019E-001   0.19178333897777522        0.36688904574499921E-001
   0.60102544369958477        0.34983993143065849E-001   0.37758129738156676        0.33720173830079359E-001
   0.33720013942845140        0.83880858222614652E-001   0.42357755031953642        0.33030782208499983E-001
   0.10224065015259059E-001   0.84283408143085811E-001   0.47265846954595647        0.34663545145892261E-001
   0.63026551132172171        0.34240910909794579E-001   0.97497128231523822        0.36351577924790386E-001
   0.45113060671903549        0.34253759521838005E-001   0.19130746347261557        0.36181263282578827E-001
   0.13812099745360110        0.34390794007544696E-001   0.29217376248243643        0.35021944222444312E-001
   0.23994413877733292        0.34183680924516284E-001   0.78471010353690362        0.34272552186903199E-001
   0.19411059126539826        0.34709115543019545E-001   0.65568536493223395        0.38084844553433875E-001
   0.10390475408624252        0.83535690452860079E-001   0.73059745293038270        0.32281297072919879E-001
   0.16741056177895278        0.33752892505684667E-001   0.52564605811978748        0.34381949061395051E-001
   0.75312792922946603        0.84091004874003991E-001   0.59873362721928636        0.34384214431515139E-001
   0.49824970534788887        0.84481274311633561E-001   0.17366410244093095        0.34504709214512756E-001
   0.38395105447173117        0.34809998039168982E-001   0.94719376411983547        0.32926021811794423E-001
   0.44363813638669958        0.84783314612778243E-001   0.30432087279389253        0.34736201074753774E-001
   0.96103392300004764        0.34994656336259859E-001   0.40074851701844916        0.33812486633667857E-001
   0.13247834729307056        0.84453315156172049E-001   0.97100850506149416        0.34440253030341282E-001
   0.10351958342560205        0.34359314960569008E-001   0.55384107517344539        0.35446501633523163E-001
   0.30705450642719494E-001   0.83916938105472572E-001   0.31764102505444536        0.33935273198216334E-001
   0.22853515913022013        0.35071274293413397E-001   0.95346394898132925        0.34689909360819629E-001
   0.19570552232646968        0.84060457988348672E-001   0.77113214408705810        0.33725274374511983E-001
   0.50017041046099631        0.34579923282831056E-001   0.56957585615497663        0.36059640822389265E-001
   0.56249965522253764        0.84528620153394435E-001   0.40463743453314777        0.33070385561539954E-001
   0.27521921770155611        0.82359197506334914E-001   0.39499050826937815        0.34327487426590246E-001
   0.34456089318969541        0.84776926486000631E-001   0.12747450545371097        0.33890708032423930E-001
   0.49071256490450593        0.34594843164989654E-001   0.49920962949078596        0.34906055784204318E-001
   0.83364237086811921        0.84359813147655949E-001   0.52161644200480384        0.32516841907203130E-001
   0.82041247989002319        0.33367280270578552E-001   0.30859058626336339        0.33289745514268873E-001
   0.53244703752233469        0.84593686989261882E-001   0.75733153111685447        0.31797228106601926E-001
   0.98730900735972393        0.84198597211365106E-001   0.26273226375450093        0.36023912446917473E-001
   0.92426357057807973        0.83449932215468203E-001   0.29489125305962305        0.34658567503316404E-001
   0.39602333967001835        0.84799388988963831E-001   0.60704744634668288E-001   0.34357550003315064E-001
   0.96378824809198327        0.34078131072853506E-001   0.96118474271888765        0.37737222252321623E-001
   0.59895883382323545        0.84047116135992181E-001   0.21090938306467319        0.34764848527118926E-001
   0.79909124718441349        0.34781182035158099E-001   0.81126253213411914        0.35258833978612923E-001
   0.82731281810163115        0.34152911851899358E-001   0.50035368745395027E-001   0.33340625089359539E-001
   0.23651634786438130        0.33872040812567832E-001   0.54566679910387539        0.34756152589000992E-001
   0.95618250681568062        0.34349960550847991E-001   0.58904202021952157        0.39290329923468037E-001
   0.78659847141921579        0.83494112960742564E-001   0.28673497425166794        0.30772663709920333E-001
   0.47763496487287427        0.84414841919916064E-001   0.71732529748055862        0.35747242109376375E-001
   0.21831331987803732        0.84343656872859732E-001   0.11048430836066833        0.32004790791190056E-001
   0.51328234974680254E-001   0.84256824271014941E-001   0.21873775877288093        0.33045312219923864E-001
   0.10609456914288835        0.34137395455523245E-001   0.12964237632786523E-001   0.35644555660323859E-001
   0.77575369403762195        0.84257774505568095E-001   0.40136569712684317        0.32746940714221850E-001
   0.35329635712596025        0.84943401797626578E-001   0.35393314170595641        0.34772047109780796E-001
   0.32548005036989619        0.84082833822810954E-001   0.49009210989837582        0.33699799328639604E-001
   0.96381044549507366        0.83670035719106584E-001   0.19621995215981841        0.33238566606979048E-001
   0.41852665170724451        0.34818030248546739E-001   0.47538376413515122E-002   0.33858364358584407E-001
   0.88645634500947701        0.83826850300184969E-001   0.15856494895104628        0.34843503720662944E-001
   0.61236580002932772        0.84692611608659610E-001   0.80530257199617716        0.36884009297671598E-001
   0.36516336461880611        0.33909302047501443E-001   0.46636302394844875        0.34158982619874025E-001
   0.73477917922621194        0.34565197575480586E-001   0.41674327351540913        0.33453922174526349E-001
   0.65065676254780824        0.35435166006198469E-001   0.46907461703071746        0.33255702996892469E-001
   0.18284678544043381        0.84419152981172391E-001   0.17380486567025766        0.34052987007685796E-001
   0.97318535384437388        0.33669183520847801E-001   0.33246556197205755E-001   0.34219455644447699E-001
   0.53634688530499441        0.84364335942037655E-001   0.67667538920867143        0.33952776884154476E-001
   0.30089115080321893        0.34474646844070554E-001   0.75087270138442552        0.35393394625277366E-001
   0.41004131929984622        0.84457276699685169E-001   0.74308883164027750        0.35206146652388963E-001
   0.91468381907379481        0.33557476495543935E-001   0.34636362023398226        0.37649027292651294E-001
   0.45904584923480435        0.84748877700060010E-001   0.30141003473125632E-001   0.35268465517784842E-001
   0.62262344641183909        0.34847864002840429E-001   0.90872585288469077        0.30334598599521829E-001
   0.50301314561400812        0.34398106251630645E-001   0.92425300033479463        0.30315583106536995E-001
   0.56378178751516783        0.34423043951100102E-001   0.43416644736103162E-001   0.30388217585721446E-001
   0.41175763222311895        0.34292340925619162E-001   0.54550168478426264        0.30315533811283688E-001
   0.39947865870570520        0.84322857460909201E-001   0.43591047930959492        0.30370652701176740E-001
   0.31939003918039771        0.34880861743178088E-001   0.65827420768016032        0.30238099453085279E-001
   0.66426967514779212        0.83017723214289116E-001   0.21728589289149997        0.30335878080879394E-001
   0.33077605599697163        0.34579206433901583E-001   0.82274081265144561        0.30362491643307433E-001
   0.52878636889311970        0.34551082375803656E-001   0.72060474514816053        0.30311323115574336E-001
   0.88396114498228529        0.82776055271210236E-001   0.73021270785697778        0.30341846250653927E-001
   0.68332300251426625        0.33363774241724452E-001   0.90886410285462593        0.30257119034893771E-001
   0.74356524817314429        0.85046406468340913E-001   0.72189104089216938        0.30230798201533401E-001
   0.64474285529400488        0.34562435660518746E-001   0.70712304883788069        0.30285256364685091E-001
   0.41529596924239148        0.81643596401721460E-001   0.37692064470116537        0.30330428478379370E-001
   0.69222567347536013E-001   0.86025293669417816E-001   0.58989396628679058        0.30380549674436878E-001
   0.71436062267473688        0.34581189712170043E-001   0.76263314978428354        0.30345567396734691E-001
   0.31343201872045845        0.32475637255704390E-001   0.37447756731516002        0.30322189735179934E-001
   0.16879893116234729        0.35156239643825811E-001   0.99241857949512635        0.30280559297292276E-001
   0.76451310488135504        0.35019946881345174E-001   0.63958058519843730        0.30233909618220599E-001
   0.42731840464706755        0.34646396278212602E-001   0.48369335881579612        0.30281379222444293E-001
   0.38224044677939398E-001   0.39175666643938407E-001   0.64823105343825838        0.30293430431209332E-001
   0.17003776017196487        0.34430518004511128E-001   0.39623662674990939        0.30338549650675513E-001
   0.39491485714246592E-001   0.34069127958190219E-001   0.29064183785798919E-001   0.30299349142119843E-001
   0.43403822072158466        0.34763921229577187E-001   0.12709479046738256        0.30226658019866535E-001
   0.13613910951071853        0.84269775049868823E-001   0.41005973384099448        0.30360500110979238E-001
   0.64088847083804756        0.84982101439490976E-001   0.35934331590934498        0.30349460471763144E-001
   0.65753251729922746        0.81666903002760582E-001   0.93596667064056971        0.30333977060519209E-001
   0.97601990868782151        0.33462865075097908E-001   0.15841495514206694        0.30319199121801216E-001
   0.47162844517069025        0.84303962127305732E-001   0.88396086851175903        0.30368057907820063E-001
   0.24103671748639371        0.84411479638084791E-001   0.65759864861445327        0.30277931597245854E-001
   0.25575531709626970        0.34342987966390896E-001   0.62596432742410413        0.30346133033270894E-001
   0.20939678448521104        0.34473901134419109E-001   0.72727507304788575        0.30317852624918647E-001
   0.97632172362872793        0.35123209458350922E-001   0.97722407645634266E-001   0.30310463099962725E-001
   0.86969938366491695E-001   0.34348202529094256E-001   0.48879732493710254        0.30284617705203812E-001
   0.87993764447008543E-001   0.83391923474742752E-001   0.88606095179800914        0.30284454634107415E-001
   0.76387911211619242        0.33696676109802863E-001   0.45131913346198850E-001   0.30257037114259151E-001
   0.11004364564841318        0.34231553610255615E-001   0.38734966378607477        0.30262008322434218E-001
   0.80023605021897171        0.34188974717413306E-001   0.43131651028641865        0.30310727500618275E-001
   0.56196328370992976        0.34485191331448346E-001   0.91014235273344302        0.30267759299831717E-001
   0.94824822110172602        0.84104473653675557E-001   0.45061658625557166        0.30285412447978197E-001
   0.18516703789087777        0.32112187334681595E-001   0.33750808719651276        0.30335635848988907E-001
   0.73786918188895589        0.85032451202298187E-001   0.66159709387727517        0.30288636533333399E-001
   0.51020414895311927        0.85236558597097944E-001   0.32649141592702807        0.30325030208081187E-001
   0.95706051729710462        0.83467841323883032E-001   0.12986819476338182        0.30293224364946188E-001
   0.18886594780724186        0.34436402312431710E-001   0.13367770297137740        0.30307255181054881E-001
   0.88061171492343637        0.34431741347127065E-001   0.85353048287922950        0.30314893305778631E-001
   0.63634645265101974        0.35177691750772358E-001   0.64692177663233252        0.30214158430481041E-001
   0.31524968208556388E-001   0.33956951733151219E-001   0.96864515226295900        0.30285909626396101E-001
   0.41942860767290535        0.34954303559027615E-001   0.26514784503023631        0.30332061590310048E-001
   0.86335504544662767        0.83775264261360172E-001   0.66747553763545187        0.30211617478111002E-001
   0.21794952278667540        0.84940615181255716E-001   0.84048674149695557        0.30350043888446459E-001
   0.51855342625000134        0.84285740828506581E-001   0.95504226537961023        0.30332333519915652E-001
   0.18656413916121811        0.34272828779292296E-001   0.58749237556956946        0.30261786235164533E-001
   0.96796658609743103        0.33968073727520372E-001   0.47882960943312414        0.30297858606795649E-001
   0.40322461565182771        0.84867321548461772E-001   0.89050224621906182        0.30281888538670580E-001
   0.56982116638682756        0.81884741109395059E-001   0.34170574871843967        0.30313068645160365E-001
   0.93978117049281618        0.37784835295813078E-001   0.25038862541882262        0.30278052364182000E-001
   0.97032935478447313        0.34197293102858031E-001   0.30385648747229266        0.30345404338071039E-001
   0.80479353991369240        0.83051060485055769E-001   0.34509833564212156        0.30309350941438978E-001
   0.43675527961570676        0.34794105760803822E-001   0.66532625847319782E-001   0.30351418200282924E-001
   0.74589077455397046        0.85275176912588790E-001   0.14222942089523655        0.30397143850064340E-001
   0.40587894069584207        0.84745346036845096E-001   0.14662715255097236        0.30346365044551692E-001
   0.20751050659882592        0.83864399924129904E-001   0.51542600151064011        0.30353210112246686E-001
   0.33095581651293809E-001   0.35038276378484709E-001   0.58671629197957043        0.30289641916465701E-001
   0.51981057005726738        0.84569033369061394E-001   0.53054545216861393        0.30259861107631170E-001
   0.72678564504757737        0.87677289633607713E-001   0.29979670761795624        0.30355405528495451E-001
   0.89614630512669102        0.34126401951508754E-001   0.99780382566802084        0.30291385892383855E-001
   0.33832514561991883        0.84600065916317510E-001   0.57565371733427728        0.30288927491468075E-001
   0.53171474475080827        0.84785987825572187E-001   0.89307631151180855        0.30345219787764225E-001
   0.88341884619589495        0.83954607572817377E-001   0.93504486010219975E-001   0.30275032176218460E-001
   0.58574820187346540E-003   0.84991477993429848E-001   0.40812579962029766        0.30355737281770691E-001
   0.81697206097152808        0.84245835186733356E-001   0.88198633615089020E-001   0.30320060307345645E-001
   0.74608757626610567        0.83722011516852213E-001   0.20970980911229709        0.30319284500526230E-001
   0.63526135173408516        0.33786803157702348E-001   0.11204282394835743        0.30303290907832080E-001
   0.15407282308098011        0.32958215288012946E-001   0.75295913432438843        0.30342893994490236E-001
   0.36159935340661081        0.34872823324020960E-001   0.38206537651412825E-001   0.30291701278356724E-001
   0.21468070467402123        0.33905288860938708E-001   0.48129527090322288        0.30325847708783892E-001
   0.95604932575568280        0.83944797700314377E-001   0.51104025074570369        0.30325405489886451E-001
   0.28777678278934510        0.33994116686301395E-001   0.50438632058509791        0.30359708622344626E-001
   0.79190645482798236E-001   0.18694775126749989E-001   0.93449514241682563        0.30279591449332333E-001
