 3 HS poly
 400 2
 320 80
    1.0000000000000000         0.0000000000000000         0.0000000000000000         0.0000000000000000        0.10000000000000001         0.0000000000000000         0.0000000000000000         0.0000000000000000         1.0000000000000000     
 T T T
   0.47016038658438558        0.31556415004791845E-001   0.74182069421428698        0.36456238549657245E-001
   0.73431595499763858        0.82008056208425245E-001   0.30557327366576237E-001   0.35397388077424610E-001
   0.56905193033446888        0.81648891529289350E-001   0.68378245421197859        0.36363388842903417E-001
   0.47672810324576437        0.32646894712236876E-001   0.27568219801701644E-001   0.33654342598305555E-001
   0.16459497850456026        0.31361994849767150E-001   0.46486575360253510E-001   0.34377668954517812E-001
   0.26568911479455098        0.82301616003448999E-001   0.97521583977919468        0.34663688499148158E-001
   0.93494498070826249        0.81488481919926053E-001   0.99584330120901832        0.35955429962298537E-001
   0.33731327414554441        0.82273703611614624E-001   0.83741264126565462        0.38186596951764608E-001
   0.14640827010463350        0.31734028405733992E-001   0.67709810424799377        0.34786381204158036E-001
   0.99380412558688669        0.82327834848248488E-001   0.39020067718971679        0.34688719925364396E-001
   0.11352818202339011        0.82651313244684443E-001   0.87401395449353647        0.36411062532708385E-001
   0.48576522359111945        0.81946307989420597E-001   0.42000580289662559        0.34147497243154579E-001
   0.23183018271550640        0.81700238110936574E-001   0.53800747200064702        0.34209901138118760E-001
   0.64659810309771004        0.82017338837739706E-001   0.18633263211583678        0.35412287425749200E-001
   0.98038474070269677        0.81476527991197895E-001   0.54894770619650014E-001   0.32249806666866047E-001
   0.87942727240742713        0.81621227153136147E-001   0.57129744799784088        0.33373816448717335E-001
   0.10441563848459613        0.32061180915083115E-001   0.16926944835914060        0.32624511938593587E-001
   0.53797069642603235        0.32129224344150602E-001   0.22820998454963382        0.36910830917616606E-001
   0.22591452045460500        0.32322382956957919E-001   0.88409895161095115E-002   0.37495470219525394E-001
   0.50825190908230822        0.81772449298193842E-001   0.52089383472103956        0.32834093231676430E-001
   0.42752858407726824        0.81840981595716733E-001   0.63837009409517698        0.33020930900108762E-001
   0.62180953459345711        0.81790028609082605E-001   0.63504620224780217        0.35307333726932955E-001
   0.52365866841836783        0.81419823259109556E-001   0.84497457579654867        0.35699155435661732E-001
   0.38377109241205820        0.32607321241690558E-001   0.37489483407002122        0.34214774146005114E-001
   0.53564923745765447        0.32076978940092586E-001   0.32624795368530141        0.33591542954135974E-001
   0.41086576597120443E-001   0.82135256290981701E-001   0.18132065896640395        0.31355064853186294E-001
   0.78102432335663330        0.89082022507668834E-001   0.59912135734334693        0.34772173275711096E-001
   0.26814595953760462        0.80311422184298084E-001   0.69171196662410872        0.33390269568591771E-001
   0.11247156865664621E-001   0.31576050958597016E-001   0.43823730460340166        0.36090735514365112E-001
   0.64507445031507282        0.32126834628898301E-001   0.23822248783457287        0.36429755873076203E-001
   0.31936859784611493        0.32240132332875968E-001   0.68731811864276315        0.36586751022991075E-001
   0.26866390517517502        0.32317436394709687E-001   0.92732759418147892        0.34530897087114987E-001
   0.55571847673676300        0.31681782234573352E-001   0.63625842951218603        0.33756932018927439E-001
   0.43137269662742056        0.82658994465284713E-001   0.20142484605324480E-001   0.34226302869161784E-001
   0.77509775967170813        0.81708689610911031E-001   0.97448779118681483        0.33877533750736655E-001
   0.86144296140332577        0.81991900752994298E-001   0.70943826838676505        0.34963670998225171E-001
   0.17324758876696650        0.81794707140444275E-001   0.71818921129111279        0.35020866648300134E-001
   0.28005628779784730        0.81646458832754898E-001   0.48119973060581761        0.35569755066726480E-001
   0.42933291557528402        0.31721118476964322E-001   0.59266230969602318        0.34640254900439017E-001
   0.73368126773561360        0.39031318794892245E-001   0.60705883327679933        0.34503355443954914E-001
   0.86574297029425817        0.31757650735350675E-001   0.26060758122288985        0.35235760636914887E-001
   0.24609840240513492        0.81704897415703123E-001   0.12953991004646043        0.35938122802380075E-001
   0.84620739627786989        0.31907328022346020E-001   0.32808122628732345        0.34912833470723117E-001
   0.33392895376587278        0.32971790847620586E-001   0.22038961642923247        0.33470655603826220E-001
   0.74529828158821010        0.82135108806048449E-001   0.38804111548982545        0.35973958715273452E-001
   0.45270826326736191        0.79608892412139920E-001   0.17084933583645309        0.34091137297269106E-001
   0.29964231453339785        0.81771880780692308E-001   0.17834498830133499        0.36362676710980132E-001
   0.57044821715036687        0.79373367383518051E-001   0.79375968110932704        0.31582123536024027E-001
   0.12337909780569670        0.32001357376261579E-001   0.50825309289005771        0.33401425476631670E-001
   0.28556164202745691E-002   0.82104438326093890E-001   0.23627335289139104        0.35092132694290228E-001
   0.10517510229012957        0.82035998052523262E-001   0.70243857315323766        0.34309954725243480E-001
   0.86293123942205019        0.81856045990591569E-001   0.21214442186028082        0.34374979723659660E-001
   0.28953587552958848        0.31898708096251525E-001   0.28117517384910057        0.35747646483149785E-001
   0.26607019254004344        0.82167737035493349E-001   0.47701924650792336E-001   0.37278521799181258E-001
   0.39977288722202707E-001   0.82616861097747046E-001   0.82092505513201741        0.35232296263088693E-001
   0.57287106057421428E-002   0.31362279830197369E-001   0.67239340537231684        0.36793911510776871E-001
   0.13433067600434448        0.82133838964846106E-001   0.30902405597639721        0.38698796754872880E-001
   0.24566356019449753        0.81691431587252950E-001   0.60601825920615549        0.33512213074310168E-001
   0.16920134092596115        0.82015780581676689E-001   0.24556183477340424        0.33672300739006761E-001
   0.61837626572463744        0.28938279943031737E-001   0.78084489804991042        0.36954690656166418E-001
   0.52524709090208635E-001   0.32215916943822163E-001   0.22531548906449123        0.36125812120003417E-001
   0.93253288362484044        0.31602263895469773E-001   0.49196868653069770E-001   0.37090358112060080E-001
   0.48568270210929282        0.32091828681513300E-001   0.27712213928973600        0.33946132149447458E-001
   0.17070313977701126        0.32145475628553029E-001   0.45123028940450799        0.34441289050571339E-001
   0.46171247432588874        0.31825591999497325E-001   0.52996128011515542        0.35906498679663897E-001
   0.13767931076884390        0.33119642292422015E-001   0.83090951413715075        0.32495542771377880E-001
   0.88352261126257914        0.31620748848944842E-001   0.99504734703168052        0.35638289684596543E-001
   0.43038956918593352        0.31836771964547025E-001   0.68331583930596185        0.34266701058749363E-001
   0.33167142057627813        0.81693729240334481E-001   0.11354941669064920        0.35510208219406023E-001
   0.54082991812423431        0.82096840224089598E-001   0.46152462103186642        0.34756180780963854E-001
   0.40128871707893343        0.32396194120516371E-001   0.17479006749911746        0.35434152445987764E-001
   0.47908657213053535        0.82031236517074169E-001   0.32304237870994312        0.34113986572845284E-001
   0.48350013037383505        0.81297601137209685E-001   0.97839891677702084        0.32550875562581696E-001
   0.78983533503061409        0.80793801318115199E-001   0.69861372290730095        0.31365213085287995E-001
   0.80342379983417145        0.82137314289139451E-001   0.43152308630710068        0.34010201012213900E-001
   0.60505727066254100        0.32000918648195452E-001   0.59046305650296182        0.33559414327611774E-001
   0.81771314020175989        0.81998763636525973E-001   0.53837386575353585        0.36120147618693581E-001
   0.87464406663678851        0.30402702544222011E-001   0.75481923724750444        0.32518309739055444E-001
   0.91421812013937642        0.82241877004490205E-001   0.51215685174662462        0.35047015708343156E-001
   0.56644911997855936E-001   0.31344918664758296E-001   0.52558008496266295        0.35523198713110576E-001
   0.86657710703122692        0.32331633945323728E-001   0.52412466060617635        0.34978452301634134E-001
   0.33027129766956105E-001   0.81371507689892333E-001   0.56647863009697796        0.33068639423916475E-001
   0.98266170426500432        0.81961893491449153E-001   0.94413270878686895        0.34312081135121492E-001
   0.93291163980547176        0.32644268971931630E-001   0.79668826207609833        0.36907155447926533E-001
   0.61812661691041548        0.31512279851063002E-001   0.68268089346441374        0.33418268939290098E-001
   0.95763228094934627        0.31993657303577470E-001   0.90315399427148690        0.34867232637813744E-001
   0.12486354288038398        0.32228061763723330E-001   0.99283889402675207        0.32239297298498927E-001
   0.84315964017746425        0.82042498769130653E-001   0.62845000536248519        0.34295576343929636E-001
   0.32748494934544409        0.82220480497077642E-001   0.94006883601525038        0.36294329979803371E-001
   0.26654372184567676        0.31656207595403982E-001   0.64327277512029668        0.32125798433449072E-001
   0.91396065084093303        0.32236738966888161E-001   0.69585642916774770        0.34752862991333872E-001
   0.90052009681520395        0.82330870831317640E-001   0.42538771529391761        0.35926458791392432E-001
   0.34897071330447949        0.81979116131060070E-001   0.47939589231117319        0.33326615559730211E-001
   0.27069588602942440        0.31635742404800146E-001   0.74058636849362225        0.35480889253927859E-001
   0.96386790291419178        0.82118767991706754E-001   0.29522738135612697        0.35539107900657917E-001
   0.94328376972326711        0.82473881294698528E-001   0.19839197355615787        0.32868542685538259E-001
   0.93637452372993102        0.31923178309366293E-001   0.15178658470198925        0.33822447566486162E-001
   0.79938841997905130        0.81881299268946106E-001   0.33206224806328238        0.33673148474363937E-001
   0.47282464318649386        0.81657648119237231E-001   0.79450117660481390        0.32851414169928581E-001
   0.99190324139115349        0.31816009478754750E-001   0.19013135023603497        0.33576686081632841E-001
   0.72935657153999356        0.21082749802016004E-001   0.67383789287784812        0.34551307252469243E-001
   0.22681417473318877        0.82181279823327180E-001   0.76147486756641181        0.33706421913578248E-001
   0.20134208599022435        0.32194097838574472E-001   0.80358616687342876        0.36415602746009759E-001
   0.92533908655566766        0.31685394025793574E-001   0.56226366993118981        0.35008481896865638E-001
   0.65231874756631752E-001   0.32418450459888552E-001   0.73142721388293774        0.35241115163289406E-001
   0.81581745174071674        0.81863640635529908E-001   0.26311338747534430        0.35023240826806426E-001
   0.74838231672202193        0.82125350057992166E-001   0.10964884768734015        0.34980754032182593E-001
   0.43263334117850061        0.82204039058942593E-001   0.37487107050468876        0.35356012828669660E-001
   0.98357880159842681        0.82122082913150415E-001   0.14330995482086681        0.35185497977212571E-001
   0.80966508870963561        0.81502492691937031E-001   0.91718458329443120        0.32865381124875734E-001
   0.70406830757690086        0.81903124323694787E-001   0.44695545652048202        0.35909828384590031E-001
   0.11239884372816360E-001   0.83295556973447149E-001   0.88272776662245644        0.31831827786169574E-001
   0.37641307575220434        0.32204479942081955E-001   0.10379520267678881        0.31871902235824673E-001
   0.50701302839369145        0.32329872590226759E-001   0.16303824314417170        0.35211785703382154E-001
   0.52106863113262736        0.31451317429610819E-001   0.69387350769418754        0.33469819016087150E-001
   0.38822110928441333        0.32351251448144554E-001   0.84528841542604738        0.33536136482758445E-001
   0.92824907590511052        0.82162422703857374E-001   0.35804382039178528        0.36641232151453082E-001
   0.85549999735488247        0.82344040381508360E-001   0.86821573482084846        0.33864474464859684E-001
   0.46982668479982981        0.79380271270167516E-001   0.77441645001185597E-001   0.34833739935211779E-001
   0.52016503952471971        0.31920513844602857E-001   0.57330370518953400        0.36213587139156782E-001
   0.52698897781981635        0.82688385057157310E-001   0.11704361825881682        0.34744552352596686E-001
   0.96929202243390045        0.81662742054179172E-001   0.55134309589590280        0.32413598020573559E-001
   0.90192103771683671E-001   0.82068671406838448E-001   0.12333631274495988        0.36723022345004137E-001
   0.71502983868017678        0.70935149728740696E-001   0.72226525727205104        0.34657417978806879E-001
   0.61619060317882179        0.32129619335187008E-001   0.52233194215592027        0.35474658261496976E-001
   0.21460434311194107        0.81930779385109356E-001   0.19359017847132262        0.35072089701157716E-001
   0.84690670352836006        0.31607870625761529E-001   0.58310579537171392E-001   0.34066125091159853E-001
   0.45414900983327905        0.32095819852645500E-001   0.21815201642690327        0.32897961506200953E-001
   0.57512256693048980        0.28366738644460227E-001   0.83758633901933033        0.34286103335453517E-001
   0.10197099462931260        0.82352783005495866E-001   0.55121522585565585        0.34707322676823332E-001
   0.11637839838982172        0.81599667370937004E-001   0.63236835905484789        0.35656412002345872E-001
   0.56980560135498300E-001   0.32072255831375886E-001   0.98063802422508728        0.36714049578736002E-001
   0.39244122703771867        0.83225408475720977E-001   0.42949820436270325        0.32455584806263864E-001
   0.69713725090105494        0.82118993408541882E-001   0.23654555142549841        0.35761735491336578E-001
   0.54899692868908834        0.31839416022775166E-001   0.50836378438575014        0.32672717985609945E-001
   0.92240269791605634        0.82614303822697716E-001   0.74510618022566599        0.35650406201605880E-001
   0.90106730606235208        0.32087678165873296E-001   0.85997868898842900        0.33897699138515744E-001
   0.18129542004091120        0.81417129531496130E-001   0.85151947940760897        0.34972421396203671E-001
   0.53298652386873946        0.82078035079146100E-001   0.27953415860625502        0.34830220100354838E-001
   0.48273145867973616        0.31645164378296411E-001   0.63703160218921584        0.34699850086749646E-001
   0.72041728882379708        0.28323161463648647E-001   0.87306251606605767        0.33044077451043971E-001
   0.79765759722335083        0.32157044084093520E-001   0.38182151220006083        0.36665836579568158E-001
   0.68797335043749952        0.31459374274016343E-001   0.24072142224884328E-001   0.32458588944078541E-001
   0.62695890231850970        0.28304094365801682E-001   0.88311253136938739        0.34703648986356202E-001
   0.96024268038485916        0.81272973586183392E-001   0.68852336177720663        0.32415019948079965E-001
   0.43732258490077808        0.32938488594980185E-001   0.42440431417687480        0.34509284462962593E-001
   0.47200648065856954        0.81743831898396097E-001   0.57636452712971042        0.33018741539472554E-001
   0.68728671147107645        0.89070813316792188E-001   0.61142494970530670        0.33649509503899291E-001
   0.43087453596464603        0.31958843868699217E-001   0.32386305844000152        0.35125514650485246E-001
   0.11967724318422301        0.32171036364768327E-001   0.25433707032237535        0.36770759199179222E-001
   0.57109305039855085        0.82068830542774321E-001   0.55282909199754116        0.37589412453069224E-001
   0.34036609812449553        0.82100735543576192E-001   0.38939500998003218        0.33047546221571154E-001
   0.76564440524665878        0.82109971464241108E-001   0.48956574467126923        0.35239918426413934E-001
   0.11283567343776653        0.32098200983621060E-001   0.40072363916845116        0.35673053037787901E-001
   0.67824128772846792        0.81515571224113181E-001   0.98143637885727097        0.33905283349703538E-001
   0.72997919154411128        0.81996313605984583E-001   0.55097942207242112        0.35644478543531970E-001
   0.78431056563402735        0.32005845120041475E-001   0.22691740776249126E-001   0.35686310051275733E-001
   0.32681496424223400        0.32113087327094440E-001   0.88958812114613250        0.34684109526212314E-001
   0.59235849195213047E-001   0.32637545157345259E-001   0.87022347687218360        0.37431210012998296E-001
   0.12350574702205840        0.82162205796418725E-001   0.45992527855952420        0.34811200746515933E-001
   0.67486009402762093        0.78212358312489488E-001   0.87775248283591256        0.34670723745242861E-001
   0.62192436667748319        0.79668888681769481E-001   0.72994222753693772        0.33833609720626309E-001
   0.76845375664177359E-001   0.82036448494965650E-001   0.28671291668383541E-001   0.35377655914490241E-001
   0.13909623962102802        0.32077873395964164E-001   0.11049631289219686        0.34343882374321691E-001
   0.53738815601596135        0.82195112252225602E-001   0.37366173301830280        0.35225488060729448E-001
   0.82094993322831222        0.31536420380434041E-001   0.96221102423332305        0.34904764942231332E-001
   0.35909592783508616E-001   0.31998144675809519E-001   0.13366798784991379        0.37738811241215815E-001
   0.23178351755916413        0.32044148323890340E-001   0.23997035551327542        0.35139985675326807E-001
   0.52593862477085040        0.81393627817728659E-001   0.74227134004884165        0.36199514845299062E-001
   0.89379655566690308E-001   0.82441923449531884E-001   0.76936959816565831        0.31978357465297744E-001
   0.81246086435921716        0.30996333704905690E-001   0.21593207975770135        0.31736270595884471E-001
   0.79978340449598218        0.86036524655570462E-001   0.82767247786568865        0.35104865003188879E-001
   0.81447812819380516        0.81929354728351278E-001   0.15665437936196147        0.36468541609645799E-001
   0.71609028035374900        0.32194801501761870E-001   0.49675402767771476        0.35460003445779140E-001
   0.30999775710147232        0.81664976270231934E-001   0.63716051533774654        0.34384576376445285E-001
   0.62740902200278048        0.81590572475825671E-001   0.93473007243388384        0.34888954080197890E-001
   0.74145305896464375        0.32151644557722264E-001   0.33937335270727359        0.33752909382941412E-001
   0.79236555084130877        0.37448308059620294E-001   0.64809641034789855        0.34968451900773974E-001
   0.35404650239647983        0.32197049582161283E-001   0.31162890022835454        0.35477600991458857E-001
   0.37426389235858087        0.85226097174903440E-001   0.59194916620997340        0.31538087863139948E-001
   0.32174896941307568        0.31638241995713932E-001   0.58958703326695461        0.35411942149823412E-001
   0.77203138246196945        0.31958019100942890E-001   0.53420265030512382        0.31688536681082742E-001
   0.13952553211295668        0.31508222015762775E-001   0.58664183605685338        0.35639064523344720E-001
   0.93190291836093053        0.81362376976505391E-001   0.97138451820829225E-001   0.32006152947794159E-001
   0.83725131578098699        0.80371435553500722E-001   0.77197909096619155        0.32094547502227039E-001
   0.27476491679121390        0.81400590094756933E-001   0.87984666531803291        0.33944871081365693E-001
   0.88808962484847931        0.83014553658020795E-001   0.81133981777107433        0.31464797693918120E-001
   0.24686413506423752        0.31547297145095965E-001   0.33617983714698796        0.33590768538672364E-001
   0.83199083498218573        0.32071249472753388E-001   0.58440932014978986        0.33209130522116798E-001
   0.58223801822723897        0.32131006988471551E-001   0.45443624643657210        0.30520959189696342E-001
   0.76630677877228182        0.31548440506655069E-001   0.92152361243677716        0.33222377854063095E-001
   0.17937660014774412        0.32780756900653914E-001   0.95280258121177430        0.35340355880116449E-001
   0.71326426704757417        0.28133279946961923E-001   0.77600079977410508        0.33627612456596116E-001
   0.38614922554427994        0.82343419375674298E-001   0.89060559813325202        0.33966386684989393E-001
   0.27979355276847745        0.31680734383241406E-001   0.43044141912391282        0.35563549480634289E-001
   0.66831543943118488        0.78791131065409747E-001   0.78385872187899208        0.33534281056296779E-001
   0.52035791103752194        0.31402670512710125E-001   0.79387322085807721        0.35835395321846444E-001
   0.69368638328398374E-001   0.31364211886018838E-001   0.59484577468541833        0.34900425485059110E-001
   0.62343029509621128        0.79934324672466903E-001   0.83324165291205909        0.32716305782543809E-001
   0.65020829142615266        0.32766055896441625E-001   0.45186483938924354        0.37128208618383833E-001
   0.21640070172803699        0.31566659338953376E-001   0.39822708709182736        0.35511049035038232E-001
   0.44781487900184730        0.81892539094591488E-001   0.47950357561445728        0.36407029798466335E-001
   0.33924832721602799        0.82218060807965440E-001   0.73549560995594254        0.35541111345264408E-001
   0.59496187737232520        0.32062513078511566E-001   0.29045411916880592        0.35644330322345236E-001
   0.67539377044685189        0.32589069737034612E-001   0.12944228446488940        0.35914813542676977E-001
   0.77672436706056044E-001   0.31973590957862501E-001   0.75708451065505958E-001   0.33204581605137194E-001
   0.53514511915795659        0.81123417436667622E-001   0.93603499319154060        0.34224125439934180E-001
   0.91227007433768614        0.82010175837581564E-001   0.90286850203853986        0.32627637657566620E-001
   0.32235782747170721        0.32083449031030470E-001   0.58632242023322297E-001   0.38562986449744825E-001
   0.72922907432414796        0.27938867921237304E-001   0.97548489520214776        0.30639277468760290E-001
   0.84753601704423565        0.82156204482402892E-001   0.37964127805752224        0.33982212895934970E-001
   0.34835955742876162        0.32352413313967175E-001   0.43218181772260456        0.33007313409922585E-001
   0.58446937156853718        0.32114042413845294E-001   0.38183762085641021        0.33730818165192550E-001
   0.47316201036995659        0.81380380319178214E-001   0.89152271833861729        0.32659904275075868E-001
   0.26389991659712991        0.81799903628731366E-001   0.38316760776831149        0.34806805782169305E-001
   0.29614920611296902        0.81564964511351548E-001   0.55274481058295877        0.31700588868047899E-001
   0.64453248620841874        0.32225692872545800E-001   0.34327773022889813        0.35408100696344175E-001
   0.39621348001032602        0.31872247980345290E-001   0.48106106732697490        0.35389606328216167E-001
   0.62561006309769607        0.82667486420713115E-001   0.11881107218202516        0.35279033089113024E-001
   0.58157410563248391        0.82558270323212168E-001   0.98367939475801469        0.32105573047108614E-001
   0.37552200291628085        0.82449496953513168E-001   0.59495108207190027E-001   0.34083251953811212E-001
   0.18778584516670532        0.81700156927711737E-001   0.64637045229430945        0.36911736453638315E-001
   0.22976508126135908        0.31711378446093834E-001   0.48915739962734117        0.35695493053433211E-001
   0.75320895720826542        0.32332993234785508E-001   0.43759036791105199        0.34140319157116614E-001
   0.48316150180267220        0.31926292677551926E-001   0.37146680509989355        0.35507271874279635E-001
   0.67616953783207923E-001   0.80591923701620216E-001   0.27546309267417746        0.33576497614860895E-001
   0.16359110046278660        0.32130698387980612E-001   0.35297677952482587        0.33995128815475444E-001
   0.97128125243783836        0.32432223454690649E-001   0.73518764318120022        0.34757072811844945E-001
   0.90691601609284711        0.82011445474612810E-001   0.65029618664279609        0.33091254708469423E-001
   0.59697757731084611        0.31789192635714801E-001   0.18548651106255382        0.34559284739959346E-001
   0.29007351028141826        0.81612389420702841E-001   0.78371586189977227        0.33312711523487339E-001
   0.33694370382812588        0.32233084651304832E-001   0.78454309374136422        0.34524977632404086E-001
   0.64515755810320263        0.81997089440771040E-001   0.28963280402335223        0.35097578072468924E-001
   0.21959248475908999        0.80889469993061180E-001   0.92131845282959768        0.34556609461096101E-001
   0.83473903302202968        0.81648885862606435E-001   0.10790127187235113E-001   0.35941840899130009E-001
   0.58023659420403073        0.78431512496504541E-001   0.88495771247953003        0.33545389553972030E-001
   0.79803973866295996        0.31933727167992858E-001   0.10772162168967336        0.35367615665567544E-001
   0.86698630711318503        0.82065196036050531E-001   0.95009104640904207        0.32716886351480831E-001
   0.15349226720451456        0.82174075114146872E-001   0.78762750558607131        0.34580764032129771E-001
   0.16887858441232947        0.81587757879482525E-001   0.51169330120269541        0.33977769314762096E-001
   0.18315177354012699        0.82047000810826998E-001   0.10185520898238340        0.32819911066659976E-001
   0.85385328967193219        0.82334661105349885E-001   0.47787224860346200        0.34267714276788985E-001
   0.49479645338444261        0.31801195740275262E-001   0.46972794076825686        0.32793957256537068E-001
   0.37727508407690502        0.34208916967362273E-001   0.54786519239275500        0.34078152272073531E-001
   0.72477020075341392        0.81624445600838980E-001   0.93128153246796475        0.32412262814271953E-001
   0.15067097100819177        0.82205829305970854E-001   0.16311739554447882        0.35576708231117707E-001
   0.47474329797240744        0.31259733104237082E-001   0.84702593460708020        0.34123817921493785E-001
   0.65358085530689436        0.85239467222398280E-001   0.39662384743797208        0.35359191596807789E-001
   0.96368373244585415        0.81562736117731460E-001   0.46063018266140915        0.36374304400384631E-001
   0.43011185645904892        0.82624564417873581E-001   0.94071625006707116        0.32685487428116430E-001
   0.69394351137609966        0.32030675135505171E-001   0.28994488810487618        0.34701036624846207E-001
   0.15530434700630251E-001   0.82003667112572329E-001   0.15906267576108830E-002   0.31456509018988492E-001
   0.23084095790233897        0.82107532254790991E-001   0.28976760188707223        0.35377557150956640E-001
   0.17430881122334285        0.80705968281946094E-001   0.12355969034966666E-002   0.32280989774338270E-001
   0.92066378914411595        0.32207630377916831E-001   0.30798599752406225        0.31606263256139085E-001
   0.98698392100821641        0.31668961393934957E-001   0.50785230015676708        0.36162675793420217E-001
   0.57595232320726342        0.32643590420115103E-001   0.11825950042091948        0.35170433479150470E-001
   0.57541516636442969        0.32647454883628739E-001   0.29995166908150465E-001   0.36195541257846561E-001
   0.43200696392310800        0.32048821663488623E-001   0.79767694017294766        0.31129168983964381E-001
   0.85029753252764007        0.31963223907386762E-001   0.43167845230924956        0.32986159993850787E-001
   0.52417611014790577        0.82643861291542775E-001   0.32958424798218214E-001   0.35454927026272696E-001
   0.68498448945670121        0.82577728877561596E-001   0.80492754102990768E-001   0.34695437374597744E-001
   0.38593158497295971        0.82261343498683040E-001   0.22201549355035841        0.34857324307290986E-001
   0.38049059718283773        0.32370524821979843E-001   0.93987509612277464        0.36398477785398446E-001
   0.30707305858080958        0.81985071750917918E-001   0.32792034666275133        0.34761799998582699E-001
   0.23329768639956967E-001   0.82310259493886401E-001   0.32948295654804360        0.32770306502353103E-001
   0.77226653422305183E-001   0.32159294976607827E-001   0.45988674781838751        0.33313303209022344E-001
   0.48281715907219103        0.31375750393773348E-001   0.93446225654058357        0.33913811831565159E-001
   0.95624524669142374        0.32028348752481492E-001   0.24750075962868726        0.33838807986891900E-001
   0.17401075537122012E-001   0.82332553924626559E-001   0.72290156775871295        0.34275369834659203E-001
   0.44533158186141569        0.82025875715821997E-001   0.26199596882029824        0.31997065990676754E-001
   0.94761472156865911        0.32350782063432025E-001   0.40613429585558897        0.35164280081044413E-001
   0.37458726659005195E-001   0.32162258814767281E-001   0.37273744677467535        0.33781630286836450E-001
   0.55054874770964046        0.82148919154059655E-001   0.18072598180924629        0.33131580344775369E-001
   0.74856548940997047        0.32140617441784945E-001   0.23969259039117499        0.36002130287025778E-001
   0.63619194291722381        0.32597135464167960E-001   0.68926205135641794E-001   0.35972869406182370E-001
   0.74942573970268689        0.32131020280537999E-001   0.15805143700131660        0.34604274021960341E-001
   0.63779245719846972E-001   0.81965040676386269E-001   0.92742393033505399        0.36461400781457390E-001
   0.75814954756243413        0.78383569805790698E-001   0.77410042287857694        0.33169548672104233E-001
   0.78539673073093577E-001   0.31568027189428076E-001   0.66331504847402956        0.34159356618945855E-001
   0.33491297183705093        0.81036756455134917E-001   0.26608181924105762        0.32560340728706977E-001
   0.38795947481914400        0.32205803937421264E-001   0.73724331179906510        0.34224574540137088E-001
   0.84684939270422666        0.34339214810143022E-001   0.82063652382396302        0.32692596106077582E-001
   0.59136461788850114        0.82126658898568863E-001   0.23789852575342796        0.36872143444185899E-001
   0.96992311013095112        0.84353786627007252E-001   0.62020641282057032        0.36464616788967300E-001
   0.22572463178837868        0.31322272029299811E-001   0.87251205104259411        0.35060163569529977E-001
   0.74350959664341032        0.82038019514149838E-001   0.29091814725654735        0.35679495757561783E-001
   0.21746122180314081        0.31952686452175735E-001   0.69173416927103837        0.36662810757936259E-001
   0.16425254775908321        0.82087790514653813E-001   0.40197090751975018        0.35968876832440426E-001
   0.22090400566953819        0.81741748735176256E-001   0.44408018930307747        0.32146022870270276E-001
   0.67778666584531810        0.31599194943356106E-001   0.93232966607708079        0.36117385660084066E-001
   0.13177051539395560        0.82389432864672055E-001   0.95053366647128879        0.33296209802279722E-001
   0.22562774194638707        0.32179323242984052E-001   0.81958685193683767E-001   0.35553797471990445E-001
   0.59675949217213153        0.82112026077675496E-001   0.33842410157065284        0.33604502859619946E-001
   0.99163040915439593        0.33174806860138330E-001   0.84064612696530816        0.36297036971984206E-001
   0.62950540199497274        0.31512512701330694E-001   0.98348086089171260        0.34034130426011805E-001
   0.44886130209389130        0.29376082543723786E-001   0.12224137942875940        0.35476301126784300E-001
   0.13319447181208410        0.32018249650380352E-001   0.74499521524320877        0.34001345136138200E-001
   0.89052378877829297        0.81833248323128716E-001   0.14894440672792886        0.33976923793774504E-001
   0.98175724273831111        0.82583370152687421E-001   0.78233053484778747        0.34402103061005676E-001
   0.97672781173108991        0.31041230045609738E-001   0.34291998410504831        0.33722765836036180E-001
   0.53393000428552162        0.31155479414214579E-001   0.89121402899409652        0.32901730545941248E-001
   0.18311241837395098        0.31946079017625743E-001   0.28838379963235616        0.33465204009422565E-001
   0.66582928862248458        0.82181082159370228E-001   0.50815459542088204        0.36221223705441181E-001
   0.37474438074181471        0.35112409356514607E-001   0.63890891113621173        0.36973447284726582E-001
   0.82786256420060600E-001   0.82216826830646461E-001   0.36129198325721834        0.34597210904562074E-001
   0.67061832569573121        0.29179286406634072E-001   0.82906946658108793        0.33333587192723127E-001
   0.69369790094231432        0.81557146355697496E-001   0.33989180674506519        0.34153611916287414E-001
   0.68016029215300977        0.31960830961228481E-001   0.55763510102922864        0.35223323098380055E-001
   0.28336813817121664        0.32251376810505029E-001   0.83132681204833725        0.35593543361426755E-001
   0.55751406515318520E-001   0.81984839543108715E-001   0.42258306116603872        0.32350039747171128E-001
   0.40510844548174718        0.32227161580583447E-001   0.26185654241481027        0.31836095615438466E-001
   0.97869209722244860E-001   0.82257524038195085E-001   0.21117127223869461        0.32696457111925238E-001
   0.31726016429229265        0.31546897872102291E-001   0.51408586284433921        0.34803853695457604E-001
   0.47703804114391762        0.81683900183392680E-001   0.68327584870510838        0.33610731783790031E-001
   0.14107863410627159E-001   0.32229741916226011E-001   0.28491597960087089        0.34758045289159802E-001
   0.19807593647130781        0.32154188938410641E-001   0.14706770863350532        0.35025548265636239E-001
   0.16569507452598706        0.32039616391010904E-001   0.20460902509765791        0.30958963595839141E-001
   0.38976546784864596        0.82004260596447470E-001   0.78584462591168491        0.35334833896485396E-001
   0.40454670965766486E-001   0.81373508015510798E-001   0.63422573062983800        0.34918659980938994E-001
   0.91255528159428467        0.78785522044230158E-001   0.25391671280620481        0.30336409056762863E-001
   0.20989043038905055E-001   0.28382837070071876E-001   0.42817391913397257E-001   0.30520796870707814E-001
   0.24076083134587947        0.82264395972199866E-001   0.82420105116371112        0.30454473978981714E-001
   0.40149603962598784        0.82204960380096476E-001   0.13143247669391867        0.30467798996398805E-001
   0.43140504068869501        0.33328281659463992E-001   0.89536480520670381        0.30539587345994306E-001
   0.88822224409938599        0.32126941928630165E-001   0.37819231650416685        0.30456243620461801E-001
   0.41768457703818995        0.84207636429382726E-001   0.54355303607709948        0.30350916905777257E-001
   0.97888618483687195        0.31601338758527490E-001   0.99515834546133464        0.30503476648254899E-001
   0.60489102748841195        0.82132286678584299E-001   0.48091382459551413        0.30392546618356782E-001
   0.79608224114373982        0.82011226722011471E-001   0.64751688907131372E-001   0.30432440420569126E-001
   0.53128004428775033        0.32432247370680907E-001   0.41780797279063686        0.30418928644244753E-001
   0.28875820688672149        0.31762943432349457E-001   0.11918150736928808        0.30554489059856405E-001
   0.71708423333277582        0.84749688775431445E-001   0.82529389851633606        0.30437560819509719E-001
   0.94499165853545231        0.81690918212519711E-001   0.84471657103485764        0.30418011373209385E-001
   0.57655261282540216        0.82428036662010956E-001   0.74645406597226918E-001   0.30429777627228483E-001
   0.88315359922041647        0.82260088821525176E-001   0.30709773193153017        0.30423826359800531E-001
   0.51995101302069446        0.81698231775911984E-001   0.61802785936962812        0.30346899826362378E-001
   0.43084328127044147        0.81438461951338720E-001   0.84233831268454373        0.30510277319274907E-001
   0.20710660291719526        0.79661915188492541E-001   0.35109594507337905        0.30383500968232363E-001
   0.99549357844529718        0.31412769180657808E-001   0.57955275337019596        0.30487253705595505E-001
   0.70735618881415008        0.82325367901161864E-001   0.16062742768510818        0.30407157921368513E-001
   0.84915851886871296        0.81682048036038971E-001   0.99309655895600035E-001   0.30496711060234008E-001
   0.30613718068964024        0.32014574850535250E-001   0.36978054662065485        0.30413841678926530E-001
   0.19201455114959912E-001   0.31963014878735097E-001   0.92506835666995746        0.30472881107134014E-001
   0.97595765640016696        0.32182882866794063E-001   0.10095768141728111        0.30437828466226273E-001
   0.69449816027316524        0.32273385905232391E-001   0.19301645106369050        0.30461778331099715E-001
   0.59267753914016630        0.82131272265945590E-001   0.42122964272249597        0.30388490065215840E-001
   0.27437391214890583        0.82145707297517537E-001   0.24024392022083302        0.30420316654467261E-001
   0.63909842904877845        0.81984937379633666E-001   0.56928907136433016        0.30497225695337572E-001
   0.89287091921825401        0.32228047591071847E-001   0.10423185114925254        0.30398726557766483E-001
   0.85651938340204137        0.31894590043255837E-001   0.17128194098463667        0.30427738755743384E-001
   0.90528273522029135        0.32610421802561615E-001   0.20808816161733965        0.30459964059057935E-001
   0.23036088541942633E-001   0.32620260431800961E-001   0.78177706146992954        0.30401209544101197E-001
   0.66450007358939611        0.28523283071819706E-001   0.72987326132793429        0.30470039557699304E-001
   0.88755813463040256        0.31842474215514692E-001   0.61587694636077728        0.30453428961027793E-001
   0.80002511381293928        0.30315544273109476E-001   0.77823744971618725        0.30453248850638343E-001
   0.36950922483819378E-001   0.80588163521865278E-001   0.81925099179559507E-001   0.30428055536737990E-001
   0.75935325190194058        0.78345231311894387E-001   0.87879399602711361        0.30489561218214261E-001
   0.25929375728693993        0.31686781380545793E-001   0.56849088837700912        0.30459414026445863E-001
   0.49312618882420162        0.82094568942785343E-001   0.22166007458137246        0.30534832180006251E-001
   0.66609623803536044        0.89229872858747894E-001   0.68329523343897069        0.30409646047375661E-001
   0.32301384294091429        0.82020520019661550E-001   0.11046710383397267E-001   0.30413222380725861E-001
   0.38155762859694714        0.85736913741998932E-001   0.68467439325272417        0.30485232651345985E-001
   0.33806553321592331        0.31734673582346988E-001   0.15614783746233024        0.30454556311925528E-001
   0.52726844437030573        0.29344439107159323E-001   0.98174922861987479        0.30366306703582181E-001
   0.37761568048109956        0.82389179067279869E-001   0.98417073756681162        0.30434319931536707E-001
   0.19142575854663199        0.31646485476309549E-001   0.54553409349743320        0.30390171632464161E-001
   0.16160125563100800        0.31120602663048016E-001   0.88920712750739450        0.30439000942990770E-001
   0.30730265771909882        0.32035610333010292E-001   0.98021369449400941        0.30368052402095821E-001
   0.76181405350524001        0.82153032599696599E-001   0.19794495868932174        0.30452367672620339E-001
   0.75740433063586821        0.36166308343807740E-001   0.82185080664713861        0.30496736022964353E-001
   0.18204021998294365        0.81524635658754507E-001   0.57923212613596997        0.30393770292044164E-001
   0.20568684321143282        0.31630532822415798E-001   0.60477975249159555        0.30436147494851309E-001
   0.88714243634404388        0.81671643483663597E-001   0.51534126528106371E-001   0.30415603483259442E-001
   0.43475567864553433        0.32552982341771425E-001   0.97909305210199238        0.30456683427702077E-001
   0.72527440517295191E-001   0.31094707155958343E-001   0.31662945595596259        0.30369472512837982E-001
   0.81008843755136739        0.31301662280645702E-001   0.48391939855199056        0.30420693100859285E-001
   0.76065534450590588        0.25444388683934643E-001   0.73117646729612529        0.30382007436627355E-001
   0.51941771392626979        0.32655405663149638E-001   0.75767628947224802E-001   0.30497923328242513E-001
   0.42799528862788117        0.81782086874523513E-001   0.72488302595543319        0.30475048128080436E-001
   0.12932071508191953        0.81278083883398425E-001   0.68599609677953310E-001   0.30397059498601550E-001
   0.62969223889638215        0.82095367892669829E-001   0.24857492627639456E-001   0.30377968984666839E-001
   0.37906449361401157        0.32412501367233039E-001   0.18857246355831206E-001   0.30388686113697692E-001
   0.28874480327750050E-001   0.82811571331720485E-001   0.48833506716264830        0.30435478903894687E-001
   0.91215287750258256        0.32674915936658083E-001   0.46919507392828058        0.30439804922918194E-001
   0.82029480012627676        0.31729475259251225E-001   0.72080572663054776        0.30448415123063961E-001
   0.85517564058302387        0.32000210789392643E-001   0.66781536697778354        0.30369800349838709E-001
   0.72740730119581776        0.32061562942345516E-001   0.73033140018291406E-001   0.30385687233683595E-001
   0.25536048008749834        0.31819044604155508E-001   0.17872576560507122        0.30362102491864183E-001
   0.39533401336829926        0.82187724097946432E-001   0.29948625367016279        0.30384783308914153E-001
   0.10784590517271200        0.32425468040438103E-001   0.91892670393010656        0.30352961856272231E-001
   0.42263188169442811        0.32765112385825905E-001   0.61883905722825580E-001   0.30401151115246276E-001
   0.78683802144251214        0.31866704983337761E-001   0.29396088079620791        0.30403834205486601E-001
   0.80112706462868111E-001   0.32503136363657772E-001   0.80562166843556982        0.30369639568300636E-001
   0.67180534621853338        0.39100438271368256E-001   0.64885478427815035        0.30424065095387320E-001
   0.57460996260774277        0.31424515595862422E-001   0.72950854835917445        0.30479073309692448E-001
   0.86013817172775553        0.32830873526950355E-001   0.90991263485183604        0.30448741584394073E-001
   0.80982624662630720        0.35114466765608310E-001   0.87216678330956543        0.30514788262794117E-001
   0.69712842496379146        0.36305199158045968E-001   0.38866149354171792        0.30392709574130396E-001
   0.57835343809112616        0.31504783748469802E-001   0.93843731537197861        0.30453233854984284E-001
