 3 HS poly
 400 2
 320 80
    1.0000000000000000         0.0000000000000000         0.0000000000000000         0.0000000000000000        0.10000000000000001         0.0000000000000000         0.0000000000000000         0.0000000000000000         1.0000000000000000     
 T T T
   0.67168408589698159        0.20696885270378107E-001   0.24482758300015325        0.35861188987493901E-001
   0.94951289352898682        0.20544938728457363E-001   0.28507246186514623        0.35901846162538546E-001
   0.34867446712277295        0.21041352378945669E-001   0.29647837466954652        0.34408655161228367E-001
   0.28270403487174647E-001   0.20626761997737317E-001   0.60528419725953922E-001   0.34432319131045615E-001
   0.54578997512810945        0.71342812047031620E-001   0.79660122545445011        0.36877192725357812E-001
   0.31535794671951872        0.71119709703938702E-001   0.74196851131452313        0.36598552880249567E-001
   0.18680782047767733        0.71179161427375556E-001   0.17611359807284850E-001   0.33440326175919709E-001
   0.68791285477866587E-001   0.71054343441275064E-001   0.81820603925334645        0.36128817617052854E-001
   0.23276752899377401        0.21336656963415124E-001   0.51716486247935467        0.35560598939758936E-001
   0.40754461428685379        0.20449099405213094E-001   0.94687442713623199E-001   0.33619343004033582E-001
   0.31959524803012829        0.20815399020230399E-001   0.69011650147862980        0.33189757494480068E-001
   0.26644676620313223        0.21334150319085299E-001   0.84522479408034012        0.35035467865906680E-001
   0.34219313659217038        0.71006767766205389E-001   0.34157705487515178        0.33067387301608596E-001
   0.75635858310509629        0.19177065274895894E-001   0.54939058995805234        0.34383233673359603E-001
   0.97052085022496770        0.20381584846478680E-001   0.14716922067340849        0.34485394621325528E-001
   0.41468571722153585        0.71180732987910666E-001   0.75768183732864980        0.32466626396918954E-001
   0.10319062356203912        0.21029019028396326E-001   0.42932435014892223        0.33951001354580033E-001
   0.49077671531791861        0.20910380888760415E-001   0.96638833223756926        0.35652095025311255E-001
   0.21451145944781841        0.21182751381894117E-001   0.89188219474331210        0.34685032334213994E-001
   0.29492306893848880        0.71128204196682629E-001   0.12868535415771520        0.36565709854004813E-001
   0.45823093551658739        0.71002098814260936E-001   0.12966431156952757E-002   0.33351716671663624E-001
   0.76437464006740796        0.69247331365735576E-001   0.50459149017920080        0.33164871272421743E-001
   0.93289960030797647        0.70615013854305256E-001   0.11482259014115659        0.35773448852369258E-001
   0.48839416046347978        0.21550745077276796E-001   0.68512920088660434        0.36335328531612650E-001
   0.43400526369002490        0.21576296411677326E-001   0.62491755979337782        0.33626207497276371E-001
   0.69710450773483046        0.21848864941483397E-001   0.59625663061110989        0.31810694646259387E-001
   0.56002587922218072        0.71821795167733279E-001   0.72155965370254949        0.35765039743645262E-001
   0.68554261945145301        0.71726758452173162E-001   0.81305016405689101        0.32954719675633376E-001
   0.13641082438954338        0.71203175736063037E-001   0.13531085345241153        0.33357782021946746E-001
   0.22227583320627647        0.71157985208782790E-001   0.74401173083049221        0.36979158331698340E-001
   0.62285842517947110        0.19616463501286582E-001   0.19430934582006293        0.34235893455013683E-001
   0.79381440426333882        0.19361769277595364E-001   0.60864453849286715        0.35125707796003117E-001
   0.80382120970957316        0.70695955675694575E-001   0.55920256608183316        0.34084294448089809E-001
   0.26371493005600216        0.20917786742046449E-001   0.24964238589089716        0.36289078749057221E-001
   0.40161176864286385        0.20855980243985620E-001   0.16268512427333590        0.34388834362365152E-001
   0.94998326562144818E-002   0.20580401860889663E-001   0.91829790460307947        0.34492682970763237E-001
   0.36247194421851220        0.71044651521295285E-001   0.69147147526285535        0.32415432072780047E-001
   0.29464927364045229        0.21153195114594240E-001   0.48451078820263022        0.34340743393372668E-001
   0.43117182132840953        0.71610547748169537E-001   0.35440434050303538        0.29278286552731764E-001
   0.53032696947086710        0.21061565582684648E-001   0.38640441900251321        0.34782525471718485E-001
   0.99109018863559342E-001   0.21267630659651135E-001   0.11783764891151176        0.31363907730089034E-001
   0.78674550987416159E-001   0.21048889700349890E-001   0.64744166040157880        0.34994954291438521E-001
   0.30276202211458408        0.70921570779279380E-001   0.21548408395537327        0.35723191998547607E-001
   0.49077085247388014        0.20825530274413216E-001   0.89694685737847057        0.33725474182594611E-001
   0.56803398415702988        0.70758672996669172E-001   0.28457262873698169        0.33563031984956755E-001
   0.12111107536236429        0.71194521258843332E-001   0.95828091203845800        0.34953395994174331E-001
   0.14504042040706794        0.21242481609462821E-001   0.99953323023567053        0.34055981475896994E-001
   0.51090514065506376        0.70708834383383531E-001   0.14054908013545026        0.34819178343012472E-001
   0.54753206115539865        0.22489796598928136E-001   0.10574627033237580        0.34226997232671551E-001
   0.28060848725985460        0.21055790560405720E-001   0.17436656573376116        0.32577652327784437E-001
   0.78609079235188406        0.21062913348836976E-001   0.96982285042042671        0.35081171081779126E-001
   0.82891093341827604        0.71920382810360839E-001   0.71561955608523908        0.33194167760305870E-001
   0.11178341213108713        0.21007987216893100E-001   0.79597028020357441        0.33288236402392958E-001
   0.39113134702243334E-001   0.20754859236842171E-001   0.14425336751071713        0.34120853116449093E-001
   0.69199145272042420E-001   0.21328606147215406E-001   0.52969409125545541        0.37495059340105968E-001
   0.97987119603005779        0.71008050091709310E-001   0.68775690537665579        0.34578806104190653E-001
   0.20974499278982670        0.21128496869842465E-001   0.56927876868604024E-001   0.34134884360966802E-001
   0.87963385092254087        0.20516340586185997E-001   0.28854170563195619        0.32078344897275624E-001
   0.64921349450216648        0.21280065794660977E-001   0.84389873922774150        0.35122842902676719E-001
   0.60729534874319901        0.72197598593504650E-001   0.66798915164577144        0.34755827537570422E-001
   0.46158901275200492        0.21322435659108865E-001   0.38102194355497154        0.33804078171651181E-001
   0.22638147476006251        0.20390740776734348E-001   0.35837156919699470        0.34546271434137153E-001
   0.44022494493634079        0.70941831580435863E-001   0.64976733041941515E-001   0.32724187310776975E-001
   0.15056913586156931        0.71017075446771855E-001   0.44209043791231867        0.33559899649856575E-001
   0.93277704092732305        0.20633073211717562E-001   0.93467721815252458        0.36048503859317967E-001
   0.81110882442447374        0.20489838261768731E-001   0.35940371383879059E-001   0.35584795080271035E-001
   0.83947118440683666        0.70136451833734167E-001   0.61747612900222948        0.32245723779448655E-001
   0.90839482194559107        0.70326120969225678E-001   0.84358137520566301        0.35235207172570483E-001
   0.73311201762903599        0.19072249209918873E-001   0.32278983031781155        0.33532009615015616E-001
   0.72236457270365068E-001   0.71088010791728273E-001   0.69550307855151039        0.34623129815493266E-001
   0.19429311573238472        0.71132300013141164E-001   0.10054994079192291        0.33963411786505623E-001
   0.58808919057514930        0.21268730981050088E-001   0.76501825245407595        0.35773650224437334E-001
   0.37212912614001087        0.71126971441728998E-001   0.12287969696267592        0.33158752922538955E-001
   0.52625263872379191        0.70890191658115081E-001   0.92795676424168039        0.34918094992261145E-001
   0.25552201518729634        0.71120147975143044E-001   0.69127613877443206E-001   0.34738340921774580E-001
   0.17101470392111334        0.21146844907274240E-001   0.75936174380455979        0.36181552392988883E-001
   0.71022800724068225        0.21231435183204920E-001   0.91640961303246660        0.35295804421173679E-001
   0.43416898609950405        0.70603455939619669E-001   0.20940150651366102        0.34207076334289988E-001
   0.63848317271956856        0.20819623252477701E-001   0.91474297750855882        0.36450876753720711E-001
   0.72054597587099400        0.21874229859175830E-001   0.84571154606099230        0.36111046801449866E-001
   0.28772697152513721        0.21634508539170941E-001   0.57980012860623087        0.33420816448347213E-001
   0.91228057471687063        0.70560150517418707E-001   0.31623661589053925        0.33703171714698638E-001
   0.60728990969384355        0.69754609147451865E-001   0.87690829708574980        0.32031284752939433E-001
   0.98427285794939656        0.70665764599015968E-001   0.36116144597552219E-001   0.36109803293483900E-001
   0.86794989249466181        0.70555302026957908E-001   0.19011476583314083        0.33498137479785951E-001
   0.72872216043439464        0.69024772903531248E-001   0.44075069134004330        0.35319703065218491E-001
   0.19853293606713412        0.15204140057750400E-001   0.45531685640067743        0.31598965299393059E-001
   0.69447152717551186        0.74533943802995453E-001   0.54757046189053249        0.35567024035095714E-001
   0.80234341435791182E-001   0.20867996671248588E-001   0.98189668008738895        0.33057305375359135E-001
   0.60420366030942485        0.20681975567195837E-001   0.25897599830887869        0.33046064886916707E-001
   0.11236252711757337E-001   0.21130517369943598E-001   0.99421042105920643        0.33965591105339990E-001
   0.64917508724519624        0.67886940883555555E-001   0.49120849635911196        0.36679790072891072E-001
   0.93982530017680299        0.70034987957884334E-001   0.63461466958816204        0.31944708662821251E-001
   0.68020539835516292        0.20766841138658228E-001   0.11555683096834440        0.34466840439834695E-001
   0.78119441284117885        0.21896692106640213E-001   0.71185366398628180        0.32822585176649363E-001
   0.21865861465748412        0.71315783241254968E-001   0.84126289534050913        0.33567076228387928E-001
   0.96449963631419211        0.70680827390103312E-001   0.79513205606876514        0.38888634696933821E-001
   0.70314552202039482        0.69671762844710397E-001   0.28720742609463434        0.34164512254400384E-001
   0.61720420086724115        0.71262261355682269E-001   0.80623413347101602        0.35161777676440943E-001
   0.78771179579715100        0.70482430986404762E-001   0.76037071788493060E-001   0.32627021949781128E-001
   0.47558984291259160        0.20856505658453237E-001   0.10345730393312753        0.33057959301019964E-001
   0.46220093203222440        0.21353228282871676E-001   0.31222782071417926        0.34917042980295868E-001
   0.27028746911885299        0.71241027668134047E-001   0.79700046085379828        0.34437965536077315E-001
   0.65820283821193248        0.21650894135488468E-001   0.77433583447853194        0.34934568999275863E-001
   0.53478025454602396        0.20348827221485549E-001   0.45470566673180296        0.33400224542173208E-001
   0.21619286955071951        0.27158753423353839E-001   0.68932931495040517        0.33327347722073179E-001
   0.92236715350412601        0.70544131319359896E-001   0.24323164047207946        0.34708865558394635E-001
   0.96158482587869687        0.20451362632891684E-001   0.21580179805029101        0.34397448137395606E-001
   0.81685141939461414        0.71932870128008627E-001   0.81381352606189283        0.32051951435419647E-001
   0.54361531419569042        0.20741529599193547E-001   0.17756938056354943        0.35280481661611948E-001
   0.92683401624013784        0.68415954347212912E-001   0.45524849599465933        0.35027296230789283E-001
   0.63900422916355037        0.70749344576702053E-001   0.93925911400603107E-001   0.33796037122421192E-001
   0.55958930535591334        0.21803378541117295E-001   0.67264773512592801        0.34160050421215310E-001
   0.15719838287751489        0.70490556136693125E-001   0.28058785726179380        0.35555912026206053E-001
   0.33401586494122387        0.21253932786359404E-001   0.38582403992601122        0.33778516536180546E-001
   0.10977600260541939        0.20501696122988411E-001   0.27173981412206633        0.33826892390899831E-001
   0.74546499253390808        0.69175102447380440E-001   0.59675331376201657        0.35293251055610257E-001
   0.58444859059855379E-001   0.20499107520732879E-001   0.21173736503257376        0.35414720897695574E-001
   0.82095503200383946        0.18958082848013112E-001   0.50008313232349866        0.35733305743765001E-001
   0.49501588427789001        0.71107206779273943E-001   0.34798960137972862        0.34541166857163068E-001
   0.95795642381996904        0.70626090752833437E-001   0.89287727014172347        0.33766898499881265E-001
   0.77502307712829333        0.71853090597637892E-001   0.75640697840383109        0.34344640753592268E-001
   0.51742953070373965        0.21396669965471623E-001   0.75152978111077673        0.36121927576770976E-001
   0.46704343656529107        0.21270304920718734E-001   0.46760326341139863        0.35558110338816652E-001
   0.90205478384807691        0.70766313736191022E-001   0.57733241723915274        0.36600853783957304E-001
   0.89306436946052059E-001   0.71151490331629638E-001   0.47785906782883286        0.36896562051190927E-001
   0.49213161428524260        0.71194639193961046E-001   0.42120689299498459        0.37018008125223156E-001
   0.12807716025024876        0.71468999354197468E-001   0.53598276368995168        0.32860789176404677E-001
   0.57862928604299446        0.70706251673759088E-001   0.14678355162133958        0.33044097543567248E-001
   0.21276288698800716        0.21146288843026356E-001   0.98117775717521016        0.33570931282151786E-001
   0.63231532783937527        0.69147060803520524E-001   0.33961192953869079        0.34690413140276655E-001
   0.42191100360590816        0.21103570351442624E-001   0.81045672984373385        0.34030280028820858E-001
   0.52680067461422838E-002   0.70619074104317447E-001   0.10630043278846799        0.37082372577426442E-001
   0.85525637989098025        0.70648601252672499E-001   0.61271615962650051E-001   0.35639594456752847E-001
   0.62766528324559168        0.20873768663317960E-001   0.98384762020984862        0.33381579790785945E-001
   0.37171914046497623        0.71308597739521168E-001   0.80786638857296245        0.33491723987947412E-001
   0.82244885887331876        0.20539043628639286E-001   0.17982971046238794        0.34847163162031590E-001
   0.67657949844879128        0.71236835583123978E-001   0.88267081024502270        0.33758890169614378E-001
   0.20178319665586312E-001   0.20967546653670358E-001   0.39141969550972910        0.34824393679423249E-001
   0.50447310066226458        0.21298327392807844E-001   0.82900337674983438        0.35548416571458137E-001
   0.30907696045067618E-001   0.72042397707818576E-001   0.64172605641011282        0.32711885701921260E-001
   0.61554036345315144        0.20739971711036115E-001   0.12894648650916354        0.31542641929023736E-001
   0.52868003198957447        0.70906267128100706E-001   0.99707188122584278        0.34177863468455999E-001
   0.46087400067430256        0.71273145595756163E-001   0.51718354869757455        0.35071179288977690E-001
   0.47438811938210368        0.71422155289408068E-001   0.73108416007318477        0.32845171207955125E-001
   0.47619533600534814        0.71427963358962634E-001   0.63838346347158070        0.33025528409457959E-001
   0.57820898766882545        0.21271026397015447E-001   0.83883483553409188        0.36034846732781463E-001
   0.33795266416990488        0.21129267315128819E-001   0.14556855578083278        0.31514101636908168E-001
   0.33784374132504902E-001   0.21930327268972555E-001   0.59335202267092457        0.35301310723160201E-001
   0.27898948070383869E-001   0.21039470339241834E-001   0.79352004646845142        0.32968688475308990E-001
   0.77084226105153231        0.69803523359589600E-001   0.29709701994941679        0.33493241503936261E-001
   0.20601005761383692        0.20414075815555276E-001   0.29173858626246130        0.35110193471244527E-001
   0.50904695644496789        0.70925517973681532E-001   0.69022455059779636E-001   0.36192283685889191E-001
   0.26103176036442858E-001   0.21161013354473231E-001   0.69217628146943189        0.33289630828347981E-001
   0.46776801562001691        0.71330111379273725E-001   0.79759033084790198        0.33932538975846784E-001
   0.21003930776809535        0.71281035275282831E-001   0.93725283286579375        0.32904287241552282E-001
   0.96405064379337302        0.20613404146244428E-001   0.79651018648111110E-001   0.32497854830473974E-001
   0.83513917414237082        0.70452066842642450E-001   0.99550886150008644        0.33023560467289041E-001
   0.50424648202625599        0.71440188385309716E-001   0.57434280780062041        0.36663896359431659E-001
   0.11540508749734724        0.71076174989107885E-001   0.38232861455807698        0.35697759785211301E-001
   0.82553656636919859        0.20520529849908827E-001   0.10757312826408161        0.37463571330299199E-001
   0.88929862063317899        0.20799155570849243E-001   0.62563079107996411        0.33962995964748957E-001
   0.17085392882512310        0.21360107050642924E-001   0.54935732232901968        0.34203429888179843E-001
   0.41673711983048511        0.71353891866418800E-001   0.29071963051489563        0.35979383854723310E-001
   0.78794250686758993E-001   0.71913458573411568E-001   0.58010291346888598        0.33243830861797594E-001
   0.89546203676260083        0.20594038393017104E-001   0.85939934239599461E-001   0.32988220811390828E-001
   0.16615537349497592        0.71605694826464811E-001   0.59742895745426239        0.34781213767887523E-001
   0.75118213432007774        0.20523546371092417E-001   0.10782391193152435        0.36888384499269851E-001
   0.71352684509652886        0.70723331661942446E-001   0.21946919967744394        0.34031174140404380E-001
   0.85977240981808356        0.68466979776219253E-001   0.46341229658972233        0.32338654851584582E-001
   0.18026742361109063        0.70391450944265091E-001   0.34694877962408655        0.34297210148351590E-001
   0.26810853409076507        0.21033248762424302E-001   0.64554851288169068        0.34819247859002610E-001
   0.21361953063245614        0.21680191927196713E-001   0.60297627032731937        0.34302195813474844E-001
   0.89725368926270965        0.19882008201010687E-001   0.50291557878503623        0.35833058941409354E-001
   0.57866244781956200        0.69653183991972886E-001   0.21576665492654046        0.35781306236780469E-001
   0.21437531492282447E-001   0.71024896105752008E-001   0.74549933825687809        0.36557927298152902E-001
   0.21482907506078378        0.71036834550523467E-001   0.40667608297895452        0.34521657224843849E-001
   0.32413780864750308        0.20810122846422523E-001   0.76416419880152367E-001   0.37871504829125338E-001
   0.73682634956452719        0.71212198740336699E-001   0.95937058213965476        0.35764020935713556E-001
   0.82581081365288844        0.21948007917001872E-001   0.76631369554602691        0.37481465223414327E-001
   0.16265822042072792        0.20982037501782427E-001   0.93499857272074216        0.32730295382258634E-001
   0.54369924098195788        0.20945532362716804E-001   0.37973992340566448E-001   0.32090648300344901E-001
   0.14013146808548685        0.21023497509117438E-001   0.48759403468947399        0.34724287019179109E-001
   0.59711520375254490        0.70814052226758697E-001   0.94671804608291299        0.35876607031046052E-001
   0.98327353688091446        0.20884589474180187E-001   0.64057856274746805        0.33746888661409326E-001
   0.31798024200722719        0.71386716568795167E-001   0.43405611379502906        0.37412248670409175E-001
   0.98671360481553405        0.71840422789031202E-001   0.58808851974756648        0.33433230412432270E-001
   0.90059678820933387        0.20564498157340759E-001   0.15474520722524659        0.35841125838743111E-001
   0.32296783824849784        0.71636196479203704E-001   0.95044326813470115        0.35276812664984517E-001
   0.83536044540485632        0.68629377015592810E-001   0.32172906748755448        0.35356846175265320E-001
   0.84618112065925011        0.68698684198375923E-001   0.39790483683953815        0.34423710103561572E-001
   0.59491155579627431        0.70715809848484787E-001   0.17787156632935227E-001   0.35145308242376001E-001
   0.79710394623454284        0.69025659509185669E-001   0.44444099283002197        0.33135552801167013E-001
   0.68151918920140098        0.18998058233406223E-001   0.43662399095587195        0.33541604138016684E-001
   0.13800944465608142        0.20454221360924545E-001   0.33222162620628376        0.32642064853367403E-001
   0.92003389573045302        0.74322861156537121E-001   0.50790083619459712E-001   0.29643682821044497E-001
   0.24815116863108622        0.71155829194862380E-001   0.46885143622644532        0.35498462796953928E-001
   0.87926378560412533        0.20573405185733501E-001   0.72090265708895040        0.32661587019740097E-001
   0.70829582945483238        0.24391530199847480E-001   0.49952759575036826        0.35010596072141492E-001
   0.72898349346537850        0.21791919970300448E-001   0.77424385504180560        0.35843505925999143E-001
   0.80032626751180691        0.18908642374485151E-001   0.40078178104049872        0.33127930606197883E-001
   0.36962098894473050        0.21151447427886487E-001   0.73963131741907928        0.37197239103733216E-001
   0.98163753378358953        0.70376274223783855E-001   0.95679436992874645        0.34324600072430787E-001
   0.43973038464975939        0.70877321205423005E-001   0.13292184545327954        0.35142897160057973E-001
   0.29960902874223122        0.70926089551443250E-001   0.28734776483523428        0.35837528451396733E-001
   0.46919551892170019        0.20197835691006416E-001   0.24396332659059244        0.33458994528967091E-001
   0.16901108838599230        0.79612953832506717E-001   0.69831624540820603        0.33604488830705430E-001
   0.45787699619464950        0.70803994893157446E-001   0.92618590388436550        0.32676681188855410E-001
   0.15483862367927906        0.70893599969450508E-001   0.80728489741815279        0.32602491582177345E-001
   0.87884473894863102        0.20664659561310691E-001   0.18315587870983346E-001   0.34330547090040978E-001
   0.66174586504864885        0.19083669838478146E-001   0.37360693893614477        0.32503110356466643E-001
   0.91593085266478980        0.68489572935044638E-001   0.38544035796073894        0.35626108938939721E-001
   0.50662987087417233        0.70798574775848999E-001   0.21249341243124151        0.35857151601652031E-001
   0.56395312027293765        0.71051846137392266E-001   0.35224070507104727        0.34210058991804994E-001
   0.11741490427787721        0.70420825736227585E-001   0.22313700522185601        0.34011087947788315E-001
   0.96258425964044464E-001   0.21175163095560751E-001   0.46337212949581437E-001   0.33317885291026611E-001
   0.21431464717055759        0.70855560994378397E-001   0.23913139334916381        0.34604166718725356E-001
   0.67027850639893449        0.20790526017083460E-001   0.47459971786522219E-001   0.34272497116892245E-001
   0.30907816166270158        0.71001766408818598E-001   0.21613841268864162E-001   0.36823595007282862E-001
   0.36889977624454567        0.69839895128711013E-001   0.89522604980665743        0.34078842779057601E-001
   0.16241738671359124        0.71266483859736246E-001   0.88510409849009530        0.37694678517664365E-001
   0.73287140507594428        0.19092805963271179E-001   0.39149908815527967        0.34768438691597611E-001
   0.70800464405478092        0.71227803775639406E-001   0.74900720623665165E-001   0.32518592346525023E-001
   0.40355186553286637        0.21309310574886314E-001   0.24651228899474240        0.31950438512418855E-001
   0.61646788006183695        0.87399875344555400E-002   0.44497886100150852        0.32834611120639380E-001
   0.83863707661408982        0.70287936456944894E-001   0.87390729605689055        0.31888920498362422E-001
   0.33300314934548048        0.71960176271251869E-001   0.57942977563827802        0.33621153294114997E-001
   0.75187672392693727        0.20720202731599666E-001   0.18840519710919809        0.36213098964800891E-001
   0.58404798149711723        0.23830388663931577E-001   0.50502676688395376        0.37028876514303359E-001
   0.26469801767568252        0.21163555729336061E-001   0.41896395979277934        0.37030735654563524E-001
   0.31266967421090502        0.21346871444061274E-001   0.90024765982072286        0.36019165630618660E-001
   0.94474647657712330        0.71055459451865532E-001   0.52153570599655985        0.33606059996300411E-001
   0.71723818715384080        0.70718881448883331E-001   0.14913231172132932        0.36141787380044407E-001
   0.98481505356086707        0.20628438848063448E-001   0.84948422290383496        0.37653489966815279E-001
   0.50833712857472990        0.23346345018511846E-001   0.52175859842766070        0.32497135908690342E-001
   0.56316930280777511        0.71944541258395486E-001   0.61443406542716394        0.34598413295063947E-001
   0.61955338372309585E-001   0.20593789699022477E-001   0.32025759988105956        0.33901947410885869E-001
   0.36828896110777309        0.70915241532156933E-001   0.19372599624597428        0.33133465534981782E-001
   0.81359816217929060        0.20631806155823398E-001   0.27423235910774985        0.35432585307141669E-001
   0.58990030194151472E-001   0.70498851608506746E-001   0.26506450720826186        0.37669181008005197E-001
   0.73523966335227664        0.71857698769786732E-001   0.69769234746157793        0.36514320467107897E-001
   0.85633341271514152        0.70499263220029279E-001   0.25498421794346354        0.32166452832408855E-001
   0.85330252955878694        0.20285117709022114E-001   0.95481349758035616        0.33776145562342264E-001
   0.88651079670322874        0.18447098290603373E-001   0.42634719289425838        0.35323151536315191E-001
   0.41399134108913166        0.20945697317936812E-001   0.23776204383170924E-001   0.37049217924410613E-001
   0.87326528472700249        0.18807481620367016E-001   0.35622541250962936        0.35908398419020077E-001
   0.74077174732098250        0.22493259757976947E-001   0.25678800721069278        0.32643966425624851E-001
   0.99655609628406960        0.70334729714092395E-001   0.43182521598786489        0.32138032654241783E-001
   0.83331018362070575        0.20749301490762494E-001   0.66731241273391584        0.35579987160664177E-001
   0.98808959819105568        0.21085257945424114E-001   0.53988491105977343        0.35032761868613788E-001
   0.24499550181040602        0.21181870558566702E-001   0.11686647281770188        0.35034271519638234E-001
   0.39209012988458153        0.21410707409129707E-001   0.34958346093989962        0.33948776747924507E-001
   0.53080470760436382        0.21157738938413401E-001   0.31786890372432020        0.33736682808955400E-001
   0.92500702527497058        0.71028395953456058E-001   0.73190844467966576        0.35532771336593869E-001
   0.40550582957206191E-001   0.21022241588380848E-001   0.45878238736432742        0.35262386117805397E-001
   0.38463956554489798        0.21287611266986653E-001   0.57837827964134947        0.34097953958438947E-001
   0.91639554124870537        0.70615255985318356E-001   0.98475803195430056        0.36575186943541484E-001
   0.64800354899094392        0.72152658978710413E-001   0.60023061441781278        0.34699653901572487E-001
   0.78103869698004216E-001   0.70622208348064819E-001   0.16802542773933493        0.33491477351948670E-001
   0.39114850766002818        0.70931432169339101E-001   0.97507089346139575        0.36362957338154166E-001
   0.59662165888164609        0.73597716178775821E-001   0.55433949490208001        0.34147823689798296E-001
   0.27860367531832642        0.71202606383087966E-001   0.53452773825741595        0.34246157762001780E-001
   0.41334299435752864        0.21219620324777810E-001   0.51270717242633268        0.33931116218164054E-001
   0.55422609711518656        0.23575989580034259E-001   0.56816489416714633        0.32755845717495860E-001
   0.12427201916072579        0.71070897492168245E-001   0.65023161950510266        0.32611606392613776E-001
   0.38216578997442213        0.71348675521674051E-001   0.39806824571333232        0.36131143928265295E-001
   0.51585201356628685        0.21430938910162258E-001   0.62148175818902496        0.32959644965081282E-001
   0.85120847611594852        0.20818864469194634E-001   0.56780921352751834        0.35208391999244491E-001
   0.70194165983536616        0.69088471895480313E-001   0.35582167722998437        0.33961657841105330E-001
   0.59749412647661415        0.22722889173196911E-001   0.38410570716916004        0.32407195399268576E-001
   0.12026253338701008        0.21830252516497402E-001   0.59363679774634226        0.33000232537279232E-001
   0.56647097209663599        0.70231353362498611E-001   0.42103615640861669        0.34604026879259231E-001
   0.32113428277458561        0.21199692393253648E-001   0.79523177081010998        0.36229519636483035E-001
   0.81371023121564945        0.70965357211848420E-001   0.93337481281154788        0.32569429059616850E-001
   0.73781767193814396        0.22162464815381481E-001   0.64827808596816605        0.33493727811804451E-001
   0.73011838523025244E-001   0.71231177166941870E-001   0.84912924059392880E-001   0.33907393379551697E-001
   0.78860035703957987        0.70588957903735747E-001   0.14493135435351490        0.34624141912871845E-001
   0.18154765334455703        0.21208646464974376E-001   0.14645471467221063        0.34901223809760455E-001
   0.12003839955813440        0.71133313335920142E-001   0.74773904677728931        0.36152997626725608E-001
   0.69506415944537825        0.21179421839163458E-001   0.98397238952759480        0.33814952333543050E-001
   0.31657619437555512        0.71350734546029818E-001   0.84933816423824948        0.35431609933021052E-001
   0.98196918533326738        0.71125496648218517E-001   0.36524807678148868        0.33099351000226804E-001
   0.47180584232052181        0.20731619218837111E-001   0.17332603398177446        0.36516568347305316E-001
   0.12139686434156102        0.20781404434528951E-001   0.17824139313737536        0.32940047814004475E-001
   0.42227046244033617        0.14760748290632697E-001   0.88288397091545401        0.36402308636257659E-001
   0.88176387043130733        0.20310831849880962E-001   0.88512050476219095        0.34955127125527494E-001
   0.73863399096581506        0.20436969188407032E-001   0.37201015568251575E-001   0.34806519115935415E-001
   0.27895845674901615        0.21491932710464619E-001   0.95919468607770397        0.31719825989753890E-001
   0.50458106648635905E-001   0.70747373433782623E-001   0.94565175898388387        0.35357217004268575E-001
   0.65496706528814586        0.22197266237506424E-001   0.65040245130651175        0.36226118744079182E-001
   0.36213932720004405        0.21382946600566253E-001   0.85015827611781936        0.32184223377353112E-001
   0.71122922544151854E-001   0.21089695602098151E-001   0.74241884035101047        0.33948626772815273E-001
   0.16570270992114416        0.21086671683747987E-001   0.39554795911127344        0.36314537009431012E-001
   0.26275478393014240        0.71286400306386097E-001   0.89444389893846621        0.34764759132158651E-001
   0.16529885498422689        0.20631491180051885E-001   0.23052080220674870        0.35318185618845852E-001
   0.87554996564744259        0.71972521732733483E-001   0.78174190090880691        0.34581386899358316E-001
   0.88370680092431975        0.70816126613134966E-001   0.67389960751817102        0.35665162546652647E-001
   0.22379177827611754E-001   0.71003081531163775E-001   0.50473512890117211        0.34836552247136908E-001
   0.93479053272214707        0.20939742522183502E-001   0.68604707391807851        0.32685981949660721E-001
   0.83781839627216581E-001   0.71294065989268754E-001   0.88575813321296959        0.33060867023279913E-001
   0.97214600167354825        0.18454469579537718E-001   0.47220358664390599        0.34435404480476661E-001
   0.36212626760775096        0.21381482781814672E-001   0.46476635375162467        0.35913162473825790E-001
   0.45713135737942306        0.20956171549166170E-001   0.56292677242547917        0.32433347597145848E-001
   0.53748854279571445        0.20786388537607225E-001   0.25039384340138954        0.34048077267026675E-001
   0.75026130374490452        0.71401464886393068E-001   0.88671641195117790        0.34012038216676595E-001
   0.37262208413935827        0.70979251395622320E-001   0.54834102640431502E-001   0.34858173141744872E-001
   0.60408304726890805        0.20736204585673240E-001   0.64515106447207676E-001   0.33869023490636772E-001
   0.64363985221372411        0.23357163744633352E-001   0.54753828995360565        0.34605856857415532E-001
   0.26889474942310843        0.21114389161984742E-001   0.73236888141895984        0.32317999907879327E-001
   0.56847403662615914        0.20891087395933063E-001   0.90778054522449647        0.33557765168352127E-001
   0.26702334852725679        0.71064872441998633E-001   0.69077044971532764        0.32542177894886053E-001
   0.41087611433157090        0.71400633763659696E-001   0.46679417400915696        0.33756059937759382E-001
   0.11891285196054868        0.21266174882441983E-001   0.86153209859021318        0.32640925549591755E-001
   0.18664645371572783        0.71067724405899174E-001   0.50176242021342587        0.33457403232519979E-001
   0.35000230644399549        0.21057161124806927E-001   0.99759486871212000        0.31986495606897709E-001
   0.28983690403845919        0.20196997317289717E-001   0.33475848565923982        0.33066186124602576E-001
   0.97192408664901719        0.21024649936050448E-001   0.74243445883364079        0.33776608047376457E-001
   0.79312592191067954        0.70697607420522238E-001   0.22450085905739656        0.37920196005502498E-001
   0.31526695185983539        0.71039965730502849E-001   0.64466124819278392        0.33806338730537462E-001
   0.53264151424505878E-001   0.70860859029584264E-001   0.19120035064219481E-001   0.34773637817757018E-001
   0.54176988141756954        0.71124364099965115E-001   0.86411888729879782        0.30345911648046828E-001
   0.99847746718259300        0.21118342794056506E-001   0.32982535285780135        0.30292007741549949E-001
   0.42549865231024808        0.70858731697028721E-001   0.58414416848446382        0.30277358912792204E-001
   0.79101083129739713        0.20307915907417644E-001   0.90135572103210870        0.30348555182387216E-001
   0.33359199093910441        0.71216536510090009E-001   0.50001235257389332        0.30348644506515119E-001
   0.78885691283609838        0.21499857002058594E-001   0.84024925784440740        0.30349746930684735E-001
   0.69262365550863114        0.71688485084568668E-001   0.74992723617547963        0.30376426211316532E-001
   0.20766577524651438E-001   0.70535187693299570E-001   0.87850386096783017        0.30350238870481869E-001
   0.42700923561158249        0.20897670159702973E-001   0.94917883567209371        0.30334150358018473E-001
   0.45642843731854399E-001   0.70678002595676512E-001   0.35738485698556188        0.30408914206148458E-001
   0.99863701566990681        0.70431371448439403E-001   0.23368146167616713        0.30297370957458804E-001
   0.39804014656205811        0.21048078831512197E-001   0.67788196828535996        0.30389835170070784E-001
   0.52221696148723254E-001   0.20680534831177121E-001   0.86135622875182549        0.30380235954913723E-001
   0.43574279307197084        0.21275156327565943E-001   0.72592769659273126        0.30261759096856151E-001
   0.43193443827548872        0.71088072254476747E-001   0.68424450428701733        0.30308722282503101E-001
   0.95564696944437661E-002   0.71254180330101655E-001   0.17399332690220909        0.30312137068136021E-001
   0.23214177146857945        0.69061278671050982E-001   0.16143047665496760        0.30398031560712586E-001
   0.10026182023357925        0.21299703876452095E-001   0.92171925293556978        0.30310844710006956E-001
   0.79533185516813654        0.18820324625346690E-001   0.33750609858513053        0.30342356299719604E-001
   0.17776384751653923        0.20960095593262285E-001   0.83819533189689721        0.30317929065498753E-001
   0.22210562091793148        0.21089265102312134E-001   0.19756752062607399        0.30346779295836762E-001
   0.25252295093790256        0.71350685047085277E-001   0.98535207692515570        0.30282159019155763E-001
   0.34485475002554805        0.20933767161503442E-001   0.22543993682436261        0.30305522392495021E-001
   0.99284503587928497        0.70805213460422442E-001   0.29485308042322217        0.30389498521714770E-001
   0.69421208132205736        0.21679709176266840E-001   0.71541246798654512        0.30372960632198392E-001
   0.88240910245874116        0.70304023645535965E-001   0.92713446634731567        0.30324315114788000E-001
   0.59472201833821348        0.19068686123498810E-001   0.32157357744228937        0.30265768583849315E-001
   0.67167143849241251        0.71815364384500577E-001   0.94686919084666243        0.30309109008144614E-001
   0.88434348874915214        0.20539305681304326E-001   0.22630182951633698        0.30338521103815099E-001
   0.12375958128531786        0.28077435104712407E-001   0.69649196095493981        0.30386170267390124E-001
   0.77381752728386466        0.70523574537217221E-001   0.14250770065572719E-001   0.30408767057925487E-001
   0.62814556563611867        0.72376084117706130E-001   0.74140958265240176        0.30429142766432753E-001
   0.36742860860136073        0.20770340212442350E-001   0.93767751313335757        0.30288575464148374E-001
   0.49857298933055738        0.66486156464201099E-001   0.27804625245086512        0.30317069632076237E-001
   0.75454188355861662        0.72007427126661541E-001   0.81786066428384530        0.30295009885807102E-001
   0.16377517227469032        0.19933583822115269E-001   0.64478997830487494        0.30304425480572616E-001
   0.60490387367464382        0.21238979856827652E-001   0.60641094324014377        0.30393773021344571E-001
   0.17256497246385041        0.71019553250533246E-001   0.18799275479576477        0.30359381075291306E-001
   0.33573508460673473        0.21106245075824280E-001   0.53484002563342958        0.30362383791873743E-001
   0.24024678530706367        0.69560721497487321E-001   0.31819165094669377        0.30342876057562085E-001
   0.77008573012568970        0.67705949270093657E-001   0.36559085629479104        0.30297102163309067E-001
   0.62082715049770476        0.22406096591109304E-001   0.70761844812872865        0.30297055911360293E-001
   0.25629139231225806        0.71073397836080757E-001   0.60517716101893582        0.30356484298292574E-001
   0.28419795008123006        0.69368242204586081E-001   0.37466416543973124        0.30258212901826145E-001
   0.22936611331120743        0.21351422374239246E-001   0.79130733308482115        0.30331462594947223E-001
   0.15221388243211834        0.20684765436335989E-001   0.86189593402590983E-001   0.30359649142410999E-001
   0.65141355790788913        0.69058881563085137E-001   0.41030221613992895        0.30346202382376605E-001
   0.86763303352709065        0.70541706375628344E-001   0.12620016889395713        0.30412335243766835E-001
   0.94006137846105076        0.70478990248178788E-001   0.18059153014099727        0.30374057210070995E-001
   0.20985404824839321        0.75018729887329397E-001   0.64745419886119382        0.30253807739087635E-001
   0.41589478953038089        0.21345111969822014E-001   0.42605792176376683        0.30329628050844406E-001
   0.53905768089443218        0.73687609678095678E-001   0.49850951162189927        0.30296583907876991E-001
   0.66284154989974287        0.19414982405985708E-001   0.31071768231585561        0.30333514676502017E-001
   0.10243430008385408        0.70466574764969245E-001   0.31751521619047568        0.30307975233841256E-001
   0.46915911776928926        0.70649370149993798E-001   0.86279515554168718        0.30403590692580692E-001
   0.63982488842432539        0.70617814663726339E-001   0.27490519150788528        0.30303385807000614E-001
   0.86455598785415255        0.21788071461926031E-001   0.82206965040265556        0.30340818371761388E-001
   0.91711190410086696        0.21979961001800843E-001   0.78153062140750618        0.30320157084640760E-001
   0.95237742164451056        0.17713047230261150E-001   0.41054083786842627        0.30267154843479090E-001
   0.64621922508154395        0.70067035892952823E-001   0.16012354559175571        0.30244806400617948E-001
   0.66040757306649833        0.71107123607776865E-001   0.67126425309016521E-002   0.30345687159106766E-001
   0.94369280252723919        0.20671121437005984E-001   0.19786262280319655E-001   0.30249797060028498E-001
   0.35970028157650508        0.71032500907473747E-001   0.25671398245870264        0.30386041899235945E-001
   0.94505489147942945        0.20755815540376879E-001   0.58910215587700621        0.30337384190995364E-001
   0.38154955863939988        0.71190874287333339E-001   0.53772670165166903        0.30322173819119617E-001
   0.26317790993300405        0.20241163020372523E-001   0.20728658309466665E-001   0.30385736339457493E-001
   0.69810353269729719        0.72196221791262200E-001   0.64208186110657339        0.30330680538010003E-001
   0.39175878304753525        0.69778288372474226E-001   0.63581287175420520        0.30334037850933429E-001
   0.68577952935713227        0.20448382598893564E-001   0.18006421207667106        0.30279714256326990E-001
   0.85906935017428121        0.70679244540891847E-001   0.52605363919388259        0.30292072809873276E-001
   0.58159683977758087E-001   0.71431398506145480E-001   0.41734201832777562        0.30333720685023036E-001
   0.12781643279140003E-001   0.20509691267327698E-001   0.26525477248662044        0.30383094252216206E-001
   0.56409231801520654        0.20625955944825525E-001   0.97568113525070244        0.30433715171274116E-001
   0.13536896432934190        0.70591393007460854E-001   0.55840467021729706E-001   0.30409968780549527E-001
   0.21795088302275947        0.71136398546801344E-001   0.55793569427382483        0.30354896669258818E-001
   0.48101339297873774        0.20881758782452103E-001   0.33559101053476863E-001   0.30241407303306402E-001
   0.35457203916948399        0.20990116889760279E-001   0.63541557489329614        0.30332967324783168E-001
   0.76367763968290203        0.19137306898789480E-001   0.46517688291820075        0.30308894776986589E-001
   0.94159624922942264        0.18508852960873786E-001   0.35084620308912395        0.30353580442664868E-001
   0.66687279343933381        0.71745159850636245E-001   0.69423097542313861        0.30336943956790423E-001
