 3 HS poly
 400 2
 320 80
    1.0000000000000000         0.0000000000000000         0.0000000000000000         0.0000000000000000        0.10000000000000001         0.0000000000000000         0.0000000000000000         0.0000000000000000         1.0000000000000000     
 T T T
   0.78285306829179802        0.66833882255227670E-001   0.98101868029283323        0.31558072473434652E-001
   0.80762040102379906        0.71160583902105640E-001   0.24109673984000385        0.35179999673865342E-001
   0.13375705685138817        0.72981046006768566E-001   0.70625734289986219        0.34792940854044559E-001
   0.91726900500964093        0.71218776516394675E-001   0.12274834063003211        0.33973513053450484E-001
   0.81009589531115433        0.70897979586204085E-001   0.76018716471334580        0.32996491541062531E-001
   0.17770515149415397        0.22266388406872131E-001   0.46843499653232573        0.37999933192100696E-001
   0.69998395211753417        0.70838691639937390E-001   0.36034876996362253        0.33563924537632357E-001
   0.53957330044980312        0.70389772416419846E-001   0.40083098195201089        0.32491529661121739E-001
   0.91267604688387283        0.21538825783322099E-001   0.49095094460758698        0.33122002718713087E-001
   0.93130578783872386        0.71491573367109137E-001   0.57913548156982331        0.35340940250816501E-001
   0.48934114293410019        0.17829883722013849E-001   0.75366450185938694        0.35662377524882542E-001
   0.44208996351525975        0.67792592123202988E-001   0.76258020029936791        0.33633558239632662E-001
   0.94813462938968940        0.21551901841737841E-001   0.30751829980757855        0.31270381497680175E-001
   0.20674983467855787        0.72192974343734215E-001   0.42342432409183234        0.35190245281080827E-001
   0.12579452812529859        0.71704243926810712E-001   0.29812706239525266        0.35424295932685416E-001
   0.64046078909317883        0.20731800946126148E-001   0.27418255352957921        0.34392290566193355E-001
   0.74541295218513781        0.62586204554798547E-001   0.27101132910885400        0.34365365189467340E-001
   0.56688249484171571        0.92765556500041240E-002   0.88980413466460173        0.30926402925264704E-001
   0.27257815546364794        0.22295120465190749E-001   0.27609755267736424        0.38321760536630979E-001
   0.35911774849324868        0.22253579707528909E-001   0.16749209120656247        0.38110552704108548E-001
   0.61103235138542866        0.51979875110322239E-001   0.87739813169279268        0.31418779614980422E-001
   0.76460688670745203        0.60859514862349168E-001   0.90129935779208969        0.32475959573264837E-001
   0.41797926625950726        0.68001851017606571E-001   0.66507892389294088        0.34627712947229848E-001
   0.67025527967794374        0.64488109229005997E-001   0.92020533168345597        0.31807665176556234E-001
   0.74100076379154300        0.16814825291421691E-001   0.99954566751206608        0.36095165145169895E-001
   0.68282585151154529        0.20229292048414227E-001   0.73508120654047826        0.33166350494023680E-001
   0.15857148904867280        0.22060815171460437E-001   0.94652278560480085        0.32412822413695842E-001
   0.40169781584176334        0.21224157296340963E-001   0.51240577380972130        0.33045377371638304E-001
   0.77426991743722140        0.71934860912204704E-001   0.47381847130680865        0.35881894118019800E-001
   0.21537148750674392        0.22144448668547353E-001   0.32170166770058767        0.34781881419911724E-001
   0.81591366104285612        0.71493365279340013E-001   0.52874850977001620        0.33035519728877562E-001
   0.98099590668374370        0.70370319413627910E-001   0.33583160555065167        0.33635590652380962E-001
   0.79444696582100538        0.21477596655663810E-001   0.45189087439831237E-001   0.34301302980764593E-001
   0.30323912846202328        0.72193441872623096E-001   0.83497914564512957E-002   0.35042018828154678E-001
   0.57571683390282147        0.60319221129423589E-001   0.93292384701427200        0.34892999146933362E-001
   0.23985906036094368        0.22279873080250933E-001   0.74295639535147717        0.33122595716310141E-001
   0.81441504840463708        0.21546577251607694E-001   0.57580710781610711        0.35580910447108260E-001
   0.43319401180406769        0.22435712219031595E-001   0.22391324485302155        0.33076123648269472E-001
   0.35530101221471752E-001   0.21682705630881576E-001   0.99564332670038569        0.35190732425898520E-001
   0.57378110579381170        0.21473591145784256E-001   0.24229654908413320        0.33110021775086741E-001
   0.87076062849458236        0.21558749596340760E-001   0.41770666435997356        0.35567461883830968E-001
   0.75141239713598496        0.72873279427880966E-001   0.78747344560272980        0.31537007191042507E-001
   0.55663956109588808        0.20458074167706564E-001   0.54593114971877021        0.36946445655872594E-001
   0.64132498794426496        0.70729177276110278E-001   0.39688710756188256        0.33051801589050925E-001
   0.31532201492832524E-002   0.72178167625704379E-001   0.76502130810362834        0.33352580697262234E-001
   0.23151284280895124        0.22167801500583482E-001   0.82754966027050306E-001   0.37095666359389573E-001
   0.67882701473943263        0.69477697575383510E-001   0.68056502299705657        0.34136937132372508E-001
   0.96883711694542185        0.20080433981692701E-001   0.73408330485901152        0.32100014072535314E-001
   0.85060025427222200E-001   0.71746036286217826E-001   0.73178655855312183E-003   0.34992349301168305E-001
   0.28936942039472985        0.72931980897768658E-001   0.84912191521025060        0.35704497446102469E-001
   0.61727827431863014        0.21222519222470239E-001   0.19049660197370541        0.34217696940780834E-001
   0.54159058995993214        0.16888911704738090E-001   0.51711644536124764E-001   0.32873818951480865E-001
   0.87742919368036776        0.22674173823322000E-001   0.83737255305286296        0.33986373099766855E-001
   0.50448816334472499E-001   0.71737702224281913E-001   0.35247756219066168        0.32068813739495612E-001
   0.43868416234696112        0.10195568055257648E-001   0.96305826804132122        0.36560176598547413E-001
   0.13495195977366103        0.72257526537122863E-001   0.83976341550680367        0.33875991431912091E-001
   0.26794772336799350        0.72284685660596690E-001   0.91898849310907471        0.36892231275130284E-001
   0.39289117900875442        0.60226780873924669E-001   0.98180248767251010        0.33730471376019082E-001
   0.75358833782807555        0.21934496808875464E-001   0.52119010792936227        0.35604469250159761E-001
   0.46318692705457315        0.17919904771271599E-001   0.65579776725493699        0.32216255243135157E-001
   0.33935090623012587        0.72187713566703629E-001   0.93751887677759616        0.36733382417044401E-001
   0.93339029896448811        0.73290117927114859E-001   0.84118980949236666        0.35035069506176603E-001
   0.46371351523743742        0.20597907016032813E-001   0.16241004903926162        0.34592418343002584E-001
   0.80024241890938430E-001   0.21749299301855415E-001   0.50723397948578344E-001   0.35509262760288852E-001
   0.99429908176097404        0.72025140696924617E-001   0.40615845359196684        0.37676582836815381E-001
   0.67318917980651560        0.19376225719801077E-001   0.63398818779095734        0.34245276636581119E-001
   0.40953604821819273        0.19938290808791198E-001   0.61531202293510523        0.35007086466114223E-001
   0.59538430857190228        0.20222861103937780E-001   0.39346739784573775        0.34227608675602199E-001
   0.48321382132158869        0.20272537007950613E-001   0.40127254785639926        0.36949153801744371E-001
   0.25942872968745562        0.22127648634766628E-001   0.44460757182207866        0.32467027437927044E-001
   0.77718415474982894        0.71531302409699848E-001   0.33471796597217690        0.37368261887961975E-001
   0.84623861343658269        0.21442419996035602E-001   0.50048842533602778        0.31865291011159980E-001
   0.44224208996150809E-001   0.72131360300407663E-001   0.93939513272958874        0.34357960470434261E-001
   0.71331689111291119E-001   0.71697671989694400E-001   0.11354526698622304        0.32977266880121280E-001
   0.63829907925125273        0.20350847585018150E-001   0.78742556788294504        0.35300058647607567E-001
   0.34747879507060014        0.98805984133630651E-002   0.83444836911645359        0.34390657441684257E-001
   0.92764542890764901        0.21589848758695171E-001   0.78325072846266192E-001   0.33387037876995082E-001
   0.45557457336160878        0.60114447059265601E-001   0.97994410641516379E-002   0.33854581176236874E-001
   0.22996615488655794        0.22160444081507386E-001   0.94883048591280461        0.32504486416092569E-001
   0.12251594276703530        0.72425199470933302E-001   0.91216115284604615        0.37682717144425157E-001
   0.19583424231353980        0.21872843730962457E-001   0.52463286262594650E-002   0.33431875507788790E-001
   0.75675110058950959E-001   0.71675170413854614E-001   0.20092921949874590        0.33160613916395722E-001
   0.86321851287782425        0.70912047122472524E-001   0.16204992424877157        0.32654463685162380E-001
   0.32327598030980387        0.22887500468701586E-001   0.42113871543185327        0.35197833017173934E-001
   0.96571644215577424        0.71973392201897177E-001   0.49321937693717849        0.37071777525795019E-001
   0.65392352628927231        0.20539402736026235E-001   0.54033456164954052        0.35377770924694733E-001
   0.52230295958083806        0.20753444826992862E-001   0.20205715356705475        0.31619243014515463E-001
   0.63744618712373879        0.70697119098726377E-001   0.49501110834449319        0.33950434610457693E-001
   0.55441268722329573        0.71120957383420752E-001   0.10072066177455327        0.34938475353098283E-001
   0.84309866188803118        0.71579884864973950E-001   0.30282284609347887        0.35819147652475264E-001
   0.66079517031928148        0.21341823102473182E-001   0.13508660014636234        0.35787944220860041E-001
   0.62329594000383715        0.96474904300553471E-002   0.92520515214289956        0.33388612821383563E-001
   0.35926170424497605        0.19859769756246360E-001   0.56603346713866820        0.35353713302535950E-001
   0.19541462405849619        0.72238057903885919E-001   0.91823479244788853        0.35438590210884746E-001
   0.14318236568863463        0.73114059438402199E-001   0.77279125809536331        0.32402502244315658E-001
   0.84808958126534861        0.21247885730196869E-001   0.82990591153819598E-001   0.31277319974678211E-001
   0.77670049966311583        0.69372754048372690E-001   0.68238387640990028        0.36937106107545213E-001
   0.86230920481241113        0.71512990299233442E-001   0.58962629439034098        0.34365491788208781E-001
   0.17120856210191857        0.22659924906374383E-001   0.67536356258351926        0.34567068839168130E-001
   0.27223788066036142        0.69842333765432002E-001   0.61788357953033290        0.34777162691906498E-001
   0.28152823707972525E-001   0.22149921422598189E-001   0.44693567137433143        0.34954978951262462E-001
   0.82104969669042860        0.21215144979621570E-001   0.14368687543439099        0.34914082952049730E-001
   0.95527078207425925E-001   0.22584420809418391E-001   0.86895285126993771        0.33559796611548467E-001
   0.48066579169078755        0.67931034123648579E-001   0.70101890548566681        0.37366908361910443E-001
   0.24437916803702639        0.29004714318469328E-001   0.81594511685822380        0.34136995666837526E-001
   0.58368898192395635        0.10318993728534951E-001   0.98168367072312435        0.35350340126870473E-001
   0.67940230556383852        0.14601353431249370E-001   0.96425794881550664        0.34886981142304901E-001
   0.61115210625827909        0.71235237509012492E-001   0.14196880170557161        0.34920982696338247E-001
   0.16623406573180402        0.21706680603929617E-001   0.27528884353532235        0.32809615037751795E-001
   0.27601760404847742        0.72537988009274842E-001   0.71104891709708706        0.36142004589542233E-001
   0.36074592446914555        0.69961126398226728E-001   0.61538234794335989        0.34833804767107387E-001
   0.64185822732692710        0.16802246686390018E-001   0.28537747587234420E-001   0.39582566184647144E-001
   0.74706563715645680        0.71557262639301025E-001   0.56385209261818690E-001   0.35395395246778455E-001
   0.97632374600184491        0.72051024498326052E-001   0.87889852209779851E-001   0.34551453331643604E-001
   0.49002274441514904        0.60707715351440351E-001   0.95053010085014522        0.34302393906540649E-001
   0.38936237104221000        0.20943464966798955E-001   0.40098664887170993        0.33189607200437198E-001
   0.70031524924428856        0.21499947209542229E-001   0.75612515339346015E-001   0.35608583194770879E-001
   0.88544767251734002        0.21826509494276756E-001   0.24458618381615286E-001   0.34076340403813861E-001
   0.37565023793352215        0.67849628459437886E-001   0.72181339656979859        0.36098036731912399E-001
   0.57469949351527250        0.19128062717312769E-001   0.64467639804363264        0.35919652675925062E-001
   0.72571718491197856        0.19383371373634550E-001   0.68265470294333885        0.34345947953671629E-001
   0.77313002978124656        0.71097060387316655E-001   0.15250009473119525        0.34812746713841991E-001
   0.63717610995045082        0.69713447682601459E-001   0.73704464383396684        0.33393024640813770E-001
   0.88221760887315348        0.71566654205796276E-001   0.52291904660956268        0.33503496031081624E-001
   0.17667247176582423        0.22390713086144404E-001   0.80985598468342623        0.33992176948327180E-001
   0.58634864197223280        0.66906005205361982E-001   0.37861057691356767E-001   0.35607209908145407E-001
   0.42759995227000018E-001   0.21615341480692662E-001   0.22955437646572066        0.33106691997120088E-001
   0.69616743814491178        0.71790431037107749E-001   0.44684761425486053        0.35107905913391073E-001
   0.58019647454508883        0.69409056752196871E-001   0.69673672506723827        0.36254373860936495E-001
   0.94012680514157154        0.71956922779003230E-001   0.92792535869274739        0.36325326890648553E-001
   0.77696079799030171        0.21181365557385180E-001   0.20174331622220124        0.35403783087429017E-001
   0.23367854995599630        0.22331854672719101E-001   0.88272876412841883        0.33699673133904560E-001
   0.67196001331783967E-001   0.72466126789574620E-001   0.83345375250256826        0.33878559809401403E-001
   0.89874692715382731        0.71575426471889358E-001   0.37529109678174977        0.35652703689481036E-001
   0.34742709172554079E-001   0.21993803982571135E-001   0.59635574875929231        0.35857553307334887E-001
   0.89629411239591741E-001   0.22367477598548680E-001   0.95178374367649765        0.34007440531806245E-001
   0.39991029472725742        0.71641080793289943E-001   0.35835753234924839        0.32749840139167374E-001
   0.29530870522291008        0.22163691100841154E-001   0.96133477466700312        0.33993527693008403E-001
   0.91215593729337152        0.71531245547058919E-001   0.29302552433504547        0.31992437466430129E-001
   0.70678864493770377        0.20216284055936621E-001   0.30812948679723806        0.33879757838004891E-001
   0.83238838360605960        0.72759515207312303E-001   0.83416372632938662        0.33259978839654168E-001
   0.93551221832217013        0.71930732533223657E-001   0.29403444345849197E-001   0.36731088782841592E-001
   0.16414260335273123        0.22404769451766733E-001   0.87846759922387985        0.35570213463677856E-001
   0.44642571556343091        0.20656130518983681E-001   0.46228779319268759        0.34122831419355397E-001
   0.49035456914011544        0.20821542979834868E-001   0.26097742183100137        0.34855183116415306E-001
   0.27564028299157528        0.72267454819765209E-001   0.39984413069456626        0.36399648116408209E-001
   0.39075151786027201        0.72502331032944692E-001   0.20917403073432420        0.34028595044878124E-001
   0.45290046370571119        0.12158504805665632E-001   0.81265136041035912        0.33837250433672361E-001
   0.90584730338197206        0.19426646709463924E-001   0.62783936200203783        0.37503853007776644E-001
   0.12043521658569857        0.21730988374542095E-001   0.19689804536652700        0.34016340421136888E-001
   0.30517190728305554        0.72214979512364830E-001   0.17296385454761262        0.35618484170880309E-001
   0.44740407589288345        0.70530448578543042E-001   0.50908645162801247        0.34154858396632598E-001
   0.95962698498377919        0.21884772351924757E-001   0.44346998392530684        0.33590925374051811E-001
   0.14123925152672376        0.71779070740301612E-001   0.15033350060085751        0.37340426971364755E-001
   0.95398352744224990        0.21465210785548066E-001   0.22957331543360227        0.37232316805969549E-001
   0.13449167400316966        0.22227119397433149E-001   0.53710378639257761        0.35319763048000240E-001
   0.37159269192854821        0.17911915782662755E-001   0.67291913278274529        0.33892119918324796E-001
   0.76444990803825463        0.19594471426058097E-001   0.62532026193696999        0.34741498446817454E-001
   0.16464688030900603E-001   0.20425954829015592E-001   0.29566708417963578        0.38015084821472138E-001
   0.95627430167396321        0.71281353247971566E-001   0.17909899120984979        0.33703421401393992E-001
   0.32223967683593563        0.22460864589174845E-001   0.72645487219186655        0.33089965610164300E-001
   0.39130071647270726        0.10730546089105548E-001   0.77494968619099591        0.33941158909547763E-001
   0.20347853625077322        0.72647774458690639E-001   0.63652628279587642        0.36474554221978643E-001
   0.31977894062527307        0.22184594922816318E-001   0.51491275858512195E-001   0.32949575589948883E-001
   0.75493738200760230        0.72041239910459409E-001   0.40483731820376029        0.35737084335839810E-001
   0.23704630419755179        0.69795350064751654E-001   0.48730148257183298        0.35179624033843761E-001
   0.98382699864552103        0.21873079233329137E-001   0.41377569652615784E-001   0.33731845739083589E-001
   0.91246843802898381        0.71551464616582267E-001   0.44469978260364162        0.34902345926528446E-001
   0.40269692886132225        0.60614419199233716E-001   0.82292005439822347        0.36184153787064431E-001
   0.12979867375830248        0.21648528487739516E-001   0.45238626855311371E-002   0.32106734377282523E-001
   0.85072982742127978        0.22002803294194101E-001   0.77642584252455316        0.32552217475405397E-001
   0.73031459558772702E-001   0.72126864688866796E-001   0.43433775784648171        0.33377440456958840E-001
   0.20249031585250424        0.72401292454691263E-001   0.84842352789510567        0.34163322296504504E-001
   0.71258960824379769        0.21941318309105021E-001   0.57794395766266971        0.34287542421925353E-001
   0.82743313226193504        0.19430597232033178E-001   0.70385986632562236        0.37292414403429876E-001
   0.92976158585548063        0.69576031774442132E-001   0.67354430695400846        0.34097638327824732E-001
   0.87876757394534522        0.72397105647679316E-001   0.88372509503176655        0.34002450798929142E-001
   0.36813492187218388        0.71898070232458561E-001   0.44348493490980018        0.34860060840618184E-001
   0.51000803245320248        0.70919653616687450E-001   0.30455527506700525        0.34173376577982487E-001
   0.69342394487514114        0.66812857646444568E-001   0.12179666591054791E-001   0.34062436166352232E-001
   0.50091160541410640        0.10119258943489775E-001   0.99789954564229588        0.34630907176388219E-001
   0.98882446949063119        0.21966822578031963E-001   0.93344282594445649        0.33601371869598939E-001
   0.70001453628035726        0.20970518093988751E-001   0.23437997084370812        0.36901327234064037E-001
   0.70442909264788123        0.71814585634549719E-001   0.53039448503135544        0.34403874749711058E-001
   0.29266643278214927        0.22257129372882385E-001   0.12079769859685190        0.34164329821860004E-001
   0.37076920129045327        0.22338247173616831E-001   0.25540465740263413        0.36823483592957548E-001
   0.35398565997457354        0.70918308878383171E-001   0.51269808409406836        0.35781486803341256E-001
   0.58814608631573073        0.70521950675211595E-001   0.78529966282080910        0.35310899249941727E-001
   0.50834001551896313        0.60136919627664591E-001   0.80672526330837269        0.34420161803722198E-001
   0.18802781809241317        0.71952365670488322E-001   0.10031314195063032        0.31142773547030642E-001
   0.92180315241540756        0.21956144715924879E-001   0.88565973347531546        0.31582782078809261E-001
   0.61733991281187794        0.70718861606928779E-001   0.23574344030438138        0.32764995042322838E-001
   0.61823963004465486E-001   0.70885780805491891E-001   0.27115076003245708        0.33432959828403878E-001
   0.60337072348928933        0.21110272543357976E-001   0.92839027050590647E-001   0.35465049164700724E-001
   0.51591921593491341        0.70642989098086653E-001   0.15873210093062914        0.34651613189096653E-001
   0.16082692418828412        0.21902167401240871E-001   0.64993890859789932E-001   0.35768528507812966E-001
   0.76199016355011073        0.71910362698795360E-001   0.57222346009595570        0.36210429962996844E-001
   0.54388287507514965        0.20548163314230500E-001   0.44581953555374054        0.33296327753269205E-001
   0.16374829927564766        0.22535802382416148E-001   0.60745976364075671        0.33436770815484865E-001
   0.30256791673010264        0.72489428713935516E-001   0.46452671803288464        0.33632047717146493E-001
   0.93670278558791353        0.21867449975514059E-001   0.97838895920388347        0.34611177897120926E-001
   0.45893758553044101        0.69918833473603836E-001   0.60785009537630963        0.35644197579776923E-001
   0.58019920076310638        0.20201286621636519E-001   0.74234475382658893        0.30732234981714360E-001
   0.99976969201149546        0.72057736423138272E-001   0.55808928548883829        0.36109034464932729E-001
   0.52345666928657986        0.61264447128898850E-001   0.88841470257069066        0.33750964827575530E-001
   0.44144714002190499        0.71696114494256433E-001   0.26996984353723641        0.34523408164128661E-001
   0.80760267416175890        0.71239508390972248E-001   0.93137478799107234E-001   0.33663199043272751E-001
   0.63471005487718923        0.64615964159054282E-001   0.97471912832168883        0.32749704052198701E-001
   0.79695910595227382        0.21254391213831277E-001   0.28733684583124125        0.33528522883024693E-001
   0.41480657405953714        0.22451095271791160E-001   0.31071129507853790        0.33821362616492753E-001
   0.67095234397352332        0.14877934686152630E-001   0.87354277667128910        0.36226232822720805E-001
   0.30829509924850989E-001   0.71659369374570431E-001   0.44715900256865532E-001   0.34784959570007525E-001
   0.40375754892937821        0.72249409572532841E-001   0.14328037476093403        0.33127642303558240E-001
   0.98826070099352037        0.71800216587137797E-001   0.98071800302583567        0.35036944462649988E-001
   0.39936191396077535E-001   0.72122282916716393E-001   0.49264196481140471        0.33661422011763933E-001
   0.68712543638615053        0.72416923764217531E-001   0.78103451279565195        0.33069401269756812E-001
   0.82720832391061783        0.72614520879861560E-001   0.93077687079340943        0.35682176212933625E-001
   0.31045621221701747        0.22198127528326714E-001   0.21648750967149250        0.30857282164974076E-001
   0.83645172202275173E-001   0.21722516000235278E-001   0.32322852156536186        0.34605132362876129E-001
   0.69036701648088603E-001   0.72028027110173920E-001   0.63210126053348969        0.34496882897748507E-001
   0.71856602082119403        0.69683530068133034E-001   0.62623685774170235        0.33056022299665561E-001
   0.64362665220043724        0.20799158282725702E-001   0.44544237610871951        0.36595688727656339E-001
   0.53801653908186531        0.20821482689476659E-001   0.35311255594047869        0.35911591898549249E-001
   0.17339745932154571        0.23191772982290006E-001   0.74289789620625413        0.33001928082307112E-001
   0.13949161665034482        0.72172647396634135E-001   0.43530227265372207        0.33029865026886290E-001
   0.72521664657481633        0.65057445254066634E-001   0.95336888657782415        0.32342229577763046E-001
   0.24582121411403351        0.72184779670344826E-001   0.13322119422597856        0.35316498426237936E-001
   0.53156947718183134        0.18915769294244222E-001   0.69931777825230146        0.33092969142690845E-001
   0.11627207144685250        0.71878303147580466E-001   0.36989295673787614        0.35970647024795327E-001
   0.39315738800485911        0.22281171691654847E-001   0.96022674109903255E-001   0.36450187161483273E-001
   0.82258886750086835        0.21538332413329246E-001   0.34723753571562238        0.31213363857799149E-001
   0.72498016234808438        0.70745582118621669E-001   0.72801564165629162        0.32031217670010784E-001
   0.53383271201618498        0.67891783926155067E-001   0.74629018279689574        0.31606014908299424E-001
   0.80147629611841276        0.21508362125666439E-001   0.42882864294852335        0.34532866934291646E-001
   0.47813220570926346        0.11185440405550431E-001   0.90314246752723581        0.35181158841383675E-001
   0.55156599648410698        0.70572283755695756E-001   0.49631923518017818        0.33520441087366341E-001
   0.66655799918444125        0.69047472412634314E-001   0.58729059374148174        0.31651568571191412E-001
   0.50363201025238125        0.70199944561665867E-001   0.55198749307555894        0.35889400678834761E-001
   0.46388505070974895        0.71144743247555889E-001   0.11490536839335376        0.33357743048713417E-001
   0.30078563313711493        0.22340286338146106E-001   0.51355992996736921        0.36174880998109275E-001
   0.57628777104533246        0.70850634047268352E-001   0.28825094705995036        0.33871044029105853E-001
   0.43236110375944742        0.70693054799104704E-001   0.41728346618501783        0.34512847978040495E-001
   0.51237985774542960        0.19814397324596000E-001   0.60584958034583525        0.37493966495249297E-001
   0.79099022855608669        0.22835355630765060E-001   0.81000654980282394        0.35911315029637993E-001
   0.31267188940814244        0.21794815269144899E-001   0.89398273818790830        0.34336704691777596E-001
   0.10197968892542562        0.22028361059078225E-001   0.66788734596131849        0.35039243728855224E-001
   0.88949306566622033        0.72641999731250170E-001   0.97606753240963662        0.33542642596949654E-001
   0.21416423732494227        0.19761548193495435E-001   0.53209388919752265        0.35398384616339373E-001
   0.87595010354347658        0.22639393522248131E-001   0.93257880288282669        0.34024233886996623E-001
   0.35878750121242982E-001   0.21827217384239588E-001   0.73228655023093137        0.32861023675834232E-001
   0.88562215100340802        0.21594417287668782E-001   0.32791326868180187        0.34426938447762928E-001
   0.65598609634046978        0.20738395825537492E-001   0.35618011626299284        0.32948833212545270E-001
   0.20260302407285796        0.71962038088559055E-001   0.18732622000177215        0.33570397870772130E-001
   0.66882861210036237        0.71324672571262224E-001   0.18793775146816363        0.37384923270264131E-001
   0.82945268680064610        0.71386570881846134E-001   0.38980427249790089        0.34611170072755160E-001
   0.71766014005847401        0.22926814755156816E-001   0.81334372837615010        0.33080119778976576E-001
   0.21419750665404544        0.22235243734794571E-001   0.23017775213862188        0.33015067556993058E-001
   0.46314741427308131        0.61207415004342514E-001   0.85807336078381202        0.33743980760007113E-001
   0.84251265357861649        0.71472446373882573E-001   0.45742679764890359        0.34194847544546207E-001
   0.41535276014617736E-003   0.72070904765203767E-001   0.83107057142583596        0.32744932072023447E-001
   0.18520638506441936        0.72156474869809292E-001   0.35761787784427557        0.33658490813838864E-001
   0.16359005439525123        0.22171670206653026E-001   0.39774953967399151        0.33918374124517467E-001
   0.36391582908907122        0.72230262169838980E-001   0.42249876334472178E-001   0.34344209472317228E-001
   0.72769960581563722E-001   0.22030476458085202E-001   0.39020411353899087        0.33224638377590356E-001
   0.87293803445550455        0.69631676391737521E-001   0.73223916771629904        0.35748551367352409E-001
   0.35554270183115577        0.23318643615954801E-001   0.34323589072721450        0.33670934066831880E-001
   0.65207435251604362        0.71173574866970138E-001   0.86000570420595612E-001   0.34360846887013179E-001
   0.50039954072032988        0.20569133092173793E-001   0.50330955573559266        0.33587956617207981E-001
   0.34171509468477312        0.72271432233668234E-001   0.11065940334291371        0.36596679837540835E-001
   0.83676997322162727        0.71516142034677613E-001   0.20760898468625916E-001   0.35579223721290069E-001
   0.50808163047035393        0.21145451299280950E-001   0.10901726100200824        0.33623561291795535E-001
   0.34196946315166549        0.58924928658955017E-001   0.78456479835997928        0.35634191325354191E-001
   0.15139382797079318        0.71709904706918515E-001   0.23244733782482541        0.34674133216880981E-001
   0.66422158352273789E-001   0.72917714514757301E-001   0.70007126985157742        0.32715240448086505E-001
   0.45298345011503521        0.20070534917631028E-001   0.55769954549638256        0.35288348234168876E-001
   0.86055520387091500        0.69660853135556727E-001   0.66070280767938216        0.36268076308432734E-001
   0.24836521644874571        0.22474576666124069E-001   0.66578503507976272        0.36688822606052718E-001
   0.10620326589452844        0.22153289863286033E-001   0.46336332499182969        0.33240814306072598E-001
   0.59201593173199074        0.72801121695633408E-001   0.44235960062738489        0.33946382661220874E-001
   0.70946831247174436        0.71457483147234893E-001   0.12448888861855766        0.34695147425661647E-001
   0.10466488113860020        0.23115200507050283E-001   0.79976828006376044        0.36219202141782737E-001
   0.47333283538115883        0.72459819625986174E-001   0.21062268428605943        0.32371760733875835E-001
   0.71743552241746791E-001   0.72149155801175868E-001   0.56036557414789456        0.35807856457548179E-001
   0.94973874051337437        0.21532552055045156E-001   0.37481556970295732        0.35722055277011472E-001
   0.42803394865787980        0.17916999091536840E-001   0.71513947479405870        0.36564475088983098E-001
   0.84863709744410998        0.21174918556925566E-001   0.20979180866477426        0.36645923455012414E-001
   0.20569761006181789        0.72558105168382112E-001   0.71009905201124890        0.33754129881793798E-001
   0.25800770621440806E-001   0.21798833014057689E-001   0.98004963303246775E-001   0.36331913605739230E-001
   0.25755662216878089        0.22227883719902558E-001   0.17947324370527512        0.33697541266102880E-001
   0.90045742990295785        0.71475575491810134E-001   0.22098163514683045        0.36005707693648192E-001
   0.25888244685261724        0.72193264510725649E-001   0.22531311494845938        0.34091728078003224E-001
   0.23135471019965489        0.22183167370407545E-001   0.38622062860234602        0.31673683311310763E-001
   0.81760881458623835        0.22774555093978289E-001   0.88016030228386799        0.35924521759314793E-001
   0.34311773956998907E-001   0.19527549157055898E-001   0.66492265795815642        0.32737257602433588E-001
   0.60714584516571213        0.70430261157623728E-001   0.55690696962901076        0.34944991618656406E-001
   0.19211014427853329        0.22131257435962427E-001   0.14262169268331534        0.34130092976497037E-001
   0.56253940669514468        0.20891119367542167E-001   0.14945321126375455        0.34116106163336525E-001
   0.28120482271296782        0.72104717774081270E-001   0.73711800081470033E-001   0.33917437174418891E-001
   0.25985109614996410        0.22125698303305200E-001   0.19474847340904454E-001   0.31972909186405434E-001
   0.64966218997073069E-001   0.21663789274532764E-001   0.15757659647997940        0.33815771059692773E-001
   0.33621275867507787E-001   0.22150464547417613E-001   0.79995543320339768        0.34772881462396550E-001
   0.32075135432040686        0.72271259268640642E-001   0.25636220101576085        0.33840698752018894E-001
   0.38524608228834795        0.22172162092012941E-001   0.91918299797248026        0.33532649744783254E-001
   0.49570041331974679        0.70518141237039575E-001   0.45426585700884581        0.36401993403134054E-001
   0.19573526784837873E-001   0.71690452074519725E-001   0.15601326387592940        0.33628791869202007E-001
   0.90919869960199606        0.21270416635478656E-001   0.17037298953157023        0.35510308672924200E-001
   0.63557186824570877        0.70730147235759086E-001   0.31873859245388181        0.32742701054484048E-001
   0.31681004118773187        0.19894357018067941E-001   0.63306509738068872        0.33852146122781895E-001
   0.76304901647221868        0.20971529071243444E-001   0.10594282422482114        0.34072511991777764E-001
   0.27532473708757460        0.79263716911700977E-001   0.78095900784281813        0.34067934737470093E-001
   0.25559195284938452        0.69815484806876729E-001   0.55246171865990845        0.32512665956874819E-001
   0.20859353461046304        0.71809860903093589E-001   0.77693075548332757        0.33116378340588087E-001
   0.28719628699204852        0.22173464135904819E-001   0.34986488752896838        0.34955217623812963E-001
   0.53032848718057368        0.70687954449887139E-001   0.24088725142724454        0.32117694775673278E-001
   0.76687332425758270        0.20703806264637532E-001   0.74342369757701576        0.34923473539394241E-001
   0.99709522231975622        0.69508839898084623E-001   0.69533301216193610        0.36568619920031492E-001
   0.96730044679880633        0.22491425215519410E-001   0.13621027570771974        0.31490830473785793E-001
   0.11252905686781295        0.21746838108614292E-001   0.11215966694405749        0.31733468532811206E-001
   0.63120842540483302        0.19455688065763400E-001   0.68976195673202578        0.35472450044944953E-001
   0.21188481354707725        0.72248547209053757E-001   0.27469163442377098        0.33805173603862058E-001
   0.71827971799614795E-001   0.22057977980353260E-001   0.51684600003809344        0.30300281545168926E-001
   0.22674622476570930        0.23318785054484370E-001   0.59776134868553588        0.30283514860637361E-001
   0.65259306301588649        0.64818124400823740E-001   0.83362123184342141        0.30267933971964846E-001
   0.91008743961371896        0.19973389969026575E-001   0.75531408448231163        0.30298212435735057E-001
   0.89240079461507060        0.21561894981477064E-001   0.56134614029826835        0.30309572576851136E-001
   0.52927734558413209        0.67018970982611129E-001   0.65374447647821443        0.30362943890193995E-001
   0.13688479446550642        0.70556812593629503E-001   0.64106609014206384        0.30245128199761662E-001
   0.62354205257093787        0.69334309574878614E-001   0.64426125520516642        0.30365902494700399E-001
   0.69681734274959040        0.21852447114815269E-001   0.40454439701463152        0.30340679052321955E-001
   0.89497629918018207        0.19621370188903801E-001   0.69491270878950384        0.30366167448212210E-001
   0.96884195491480896        0.19614828183683000E-001   0.66061191024030896        0.30437664817032174E-001
   0.10034052080646354        0.21893793621388977E-001   0.73345708516108776        0.30222082231199383E-001
   0.13484710845459258        0.72659674352170620E-001   0.58018895177601770        0.30331848045224961E-001
   0.58230104285571538        0.70461691922470843E-001   0.35450304029994761        0.30287116820322344E-001
   0.35304124904547363        0.10792078848434750E-001   0.99070622444858369        0.30360742880520052E-001
   0.75435726828654404        0.10488084517513360E-001   0.86386500923043519        0.30373938547360514E-001
   0.53198346844515421        0.12277550611004759E-001   0.94071253280126532        0.30400030423958245E-001
   0.72589287516754877E-001   0.72422873698236537E-001   0.76346868429193238        0.30423893098651955E-001
   0.55862075836030534        0.70344913934325473E-001   0.60063068297994238        0.30359166732024902E-001
   0.57089246184736353        0.67680030705644309E-001   0.19316798993699705        0.30282829739235070E-001
   0.62045147270577816        0.20549201324022392E-001   0.59682471373774471        0.30267414590928320E-001
   0.16212749753665057        0.71858799420649322E-001   0.98449919889954318        0.30255911127524477E-001
   0.73938920419723997        0.21957255732646501E-001   0.44780741188878348        0.30339980014033027E-001
   0.80629597278585863        0.69835736918035254E-001   0.62194122591066114        0.30298424893331857E-001
   0.42460149359422761        0.72317992049202223E-001   0.64718338027223141E-001   0.30364953456506687E-001
   0.23537814135015098        0.72623917702381538E-001   0.98728341965215016        0.30331286902547841E-001
   0.71556903613203349        0.63448220934726920E-001   0.86201640622120435        0.30272518198990944E-001
   0.25713128372322819        0.72258003481703331E-001   0.32049433514975900        0.30277814269140658E-001
   0.59197660405303121        0.21435120290132226E-001   0.48823234260197512        0.30397492539132705E-001
   0.95149518741927530        0.21304983026327315E-001   0.54119748960456893        0.30336113565357203E-001
   0.54167180663298042        0.60200121691292963E-001   0.98955706466283166        0.30340886158558480E-001
   0.88149813510312247        0.71258724044832175E-001   0.69260385308833591E-001   0.30369747597801072E-001
   0.73441910945752309        0.71137978314199421E-001   0.20488030033379509        0.30285199998084308E-001
   0.74077733513524202        0.21429021874234396E-001   0.36266495258681392        0.30374389606432298E-001
   0.47652285109090009        0.20789042684481812E-001   0.32824712306011622        0.30345714829098543E-001
   0.17075720211847634        0.72172711176668264E-001   0.51467040567936873        0.30345226355308171E-001
   0.31666302797785817        0.69814111745692173E-001   0.56727351941792614        0.30298960328622195E-001
   0.82741899680672215        0.22115779226653288E-001   0.97766713417633699        0.30307242004705730E-001
   0.19499795845889417        0.69798312677686727E-001   0.57030171622013559        0.30312598299797534E-001
   0.97980744238252560        0.22157918269867748E-001   0.86369415793782922        0.30265116645951523E-001
   0.46332647471520566        0.70754171402066066E-001   0.36016984570052246        0.30334299922831744E-001
   0.42015746712899121        0.76598645494676326E-002   0.86770807643569459        0.30266517714263693E-001
   0.77712557049191211        0.15892200074147718E-001   0.94350195890011379        0.30352827873176527E-001
   0.62092385191611817E-002   0.22145680043340908E-001   0.51433366781872514        0.30370781383158765E-001
   0.31811619549220821        0.72423963314975956E-001   0.32068061055603492        0.30398203233687505E-001
   0.14908453720424934E-001   0.21681499381535917E-001   0.36395102926341510        0.30291373408316526E-001
   0.20954894022586770        0.71915751340189640E-001   0.42556618323776212E-001   0.30383625815300422E-001
   0.51312632669118574        0.10133448000199038E-001   0.84758888357248230        0.30295200560916041E-001
   0.60522403869800601        0.22686128971734182E-002   0.84117860825480339        0.30288172450158725E-001
   0.10100805513267005        0.22262197768461164E-001   0.59484418945561524        0.30301874400407037E-001
   0.96864222545010392        0.21561160877556773E-001   0.59978840714265269        0.30328239546618427E-001
   0.49706816569304524        0.70941957719754020E-001   0.59272829699844320E-001   0.30351343424007513E-001
   0.43324573753631374        0.64182693907004873E-001   0.91469951622825041        0.30361258065697196E-001
   0.40518251041637193        0.68635106136128637E-001   0.55803408800333199        0.30356306888387689E-001
   0.10369386688741830        0.21162272763551745E-001   0.25980671912128106        0.30329710883125430E-001
   0.88923968253606722        0.21458369766075583E-001   0.26318347691036925        0.30359918712143098E-001
   0.37563361374232157        0.72379734287680478E-001   0.30000006451681299        0.30307819502262790E-001
   0.28401824083438382        0.19842265974086341E-001   0.57790739890673803        0.30302241502521757E-001
   0.97130935565437904        0.71737482175409428E-001   0.27258473652446147        0.30342243770836511E-001
   0.43988981098809611E-002   0.71685706686127670E-001   0.22165900001536085        0.30338220714442737E-001
   0.10790420451057975        0.72704165569273907E-001   0.50324375939677601        0.30280478133066984E-001
   0.71849602228774290        0.21794900975361541E-001   0.16809687599234033        0.30319495595343540E-001
   0.94004931334543740        0.70380628336010234E-001   0.77305110513723563        0.30284035301414641E-001
   0.68147823056564683        0.70782581031200303E-001   0.27557400090839440        0.30248654985233648E-001
   0.14734810943163892        0.21624703373655602E-001   0.33562966027367053        0.30279667931184102E-001
   0.59716814051418132        0.20767476466801580E-001   0.32289688614991119        0.30337637325527789E-001
   0.56215971961914790        0.45030656178793101E-001   0.83995382976139366        0.30336388648059171E-001
   0.11796374962014397        0.71835217244649183E-001   0.70764758706412884E-001   0.30286165544570077E-001
   0.88447949490145095        0.72627018974827220E-001   0.79737888571252624        0.30354835653043633E-001
   0.96753398055170414        0.19699803864797413E-001   0.80167441497325609        0.30334904881160751E-001
   0.34888843182315936E-001   0.19888968474662861E-001   0.88891883179505637        0.30330319271391262E-001
   0.99798463096073120        0.71966014687901578E-001   0.89410144345820974        0.30329072389487063E-001
   0.99411934511652977        0.68858888606710522E-001   0.62834774544619187        0.30369187112716401E-001
   0.33039504615613485        0.68251319561384846E-001   0.67303425491983393        0.30287460968571319E-001
   0.36049202051073259        0.60781098336505260E-001   0.87459839234950965        0.30330581422930759E-001
   0.34131040846666655        0.72724734876038519E-001   0.38217012064050299        0.30372868198944046E-001
   0.69512143056901898        0.21729702782887373E-001   0.48922336432690972        0.30279019143496205E-001
   0.72272309091726794        0.14994605924153187E-001   0.91553233530534883        0.30299743701814111E-001
   0.40814721320978009        0.20173875973542341E-001   0.30122552398107898E-001   0.30366107392319198E-001
   0.46046871571120873        0.22643344252356024E-001   0.62983528428052257E-001   0.30292377872823593E-001
