 3 HS poly
 400 2
 320 80
    1.0000000000000000         0.0000000000000000         0.0000000000000000         0.0000000000000000        0.10000000000000001         0.0000000000000000         0.0000000000000000         0.0000000000000000         1.0000000000000000     
 T T T
   0.76567041679776371        0.57627378286411068E-001   0.34105776815782857        0.35223091773654319E-001
   0.66728962887283072        0.55612675418651260E-001   0.71270887849101894        0.33424632260874672E-001
   0.56802501874795623E-001   0.59236932781169031E-001   0.41120561012382129        0.34211356298272919E-001
   0.66956667121933033        0.55554304220794840E-001   0.85747952100418912        0.35245941558381920E-001
   0.73055496674084064        0.76582618323376671E-002   0.31084378747768698        0.32891462340768507E-001
   0.22821364027535085        0.86080759217099651E-001   0.76637481864548085        0.33656758057597325E-001
   0.33448137763576313        0.36141228316642245E-001   0.84663771563197743        0.34829520558501546E-001
   0.43474128513854599        0.51711052176107976E-001   0.89691979027868363        0.37638247732221880E-001
   0.47329958408960204E-001   0.38313061950341794E-002   0.81792964975857230        0.35434249361362913E-001
   0.22474745358471335        0.87317841991282230E-001   0.84204684356763015        0.36145548490653767E-001
   0.25094723786092987        0.36024678078246761E-001   0.80231487604092511        0.31925568477057242E-001
   0.24128968128773728        0.91439265263439595E-001   0.91254057542358635        0.35757991116924202E-001
   0.54901571088969514        0.55727822539367547E-001   0.37475436662165323E-001   0.33098241413529059E-001
   0.32815831072926765        0.59254494240619675E-001   0.41026055671974937        0.32816549243856658E-001
   0.82578408016087335        0.77923731184919437E-002   0.49241713190751668        0.33945060919224813E-001
   0.39015575318000567        0.58492076827981833E-001   0.43715929582846025        0.34592723223031717E-001
   0.24958499923308683        0.89205414156290404E-002   0.54540011351224649        0.33764111531454442E-001
   0.49371701997546386        0.58661999797027589E-001   0.30583509438230111        0.33836698027742265E-001
   0.94910194017025973        0.57238065861923842E-001   0.16342588019897647        0.36264892543228067E-001
   0.61123429554833908        0.57530460055353505E-001   0.62503235068006799E-001   0.33987433834940455E-001
   0.37760523455347417E-001   0.38466867549805622E-002   0.98263460411893166        0.34314911351336762E-001
   0.79478646957550880        0.55469905443933647E-001   0.66664749732952777        0.37030011099851642E-001
   0.78669591459173971        0.76495770604671281E-002   0.38574215792362904        0.35024349630811948E-001
   0.24500839683121003        0.93907791912682653E-002   0.33118589069818533        0.34975620472747555E-001
   0.52163528857761188        0.58472058497092222E-001   0.10139930792233105        0.36455419457093657E-001
   0.27502241039250776E-001   0.59061230244845768E-002   0.49774493604861074E-001   0.33513998095239660E-001
   0.24902069816979699        0.58775776788166673E-001   0.20901630286728734        0.34845390875584303E-001
   0.16087635718745516        0.58767173838094877E-001   0.16145159882347707        0.35562224779399534E-001
   0.34733972267109314        0.38859531610175517E-001   0.91436293294897986        0.34134989065648220E-001
   0.16341832619016214E-001   0.58678535824311699E-001   0.14908248509365787        0.32301903761905316E-001
   0.99989947472288554        0.56011765057858293E-001   0.85325855912927240E-001   0.33569116713461897E-001
   0.73704444102700134E-001   0.38986307392348644E-002   0.75299002042065688        0.34578043920689569E-001
   0.82463539056414670        0.57514959635356966E-001   0.42945694155540015        0.34766924043339378E-001
   0.45962505918455088        0.58319851746187146E-001   0.44348720507723827        0.34668063111611816E-001
   0.51307778247107538        0.58365548738992662E-001   0.56697578848990371        0.34800318049952657E-001
   0.93495435520356140        0.53896771667373236E-001   0.95802162435303406        0.36092607300123022E-001
   0.43774114811798731        0.58640494897570263E-001   0.58248477449639335        0.33611408537662701E-001
   0.60381688473643036        0.58255928413721960E-002   0.95117963813714279        0.34430968830409081E-001
   0.22134276212223952        0.59549503177459301E-001   0.47562627410502328        0.35421581838272161E-001
   0.69265187704265180E-001   0.55802316007214206E-001   0.72519881672615735E-001   0.35399314593573206E-001
   0.44045905502439486        0.58288164107405005E-001   0.51004853531635608        0.34571773677743771E-001
   0.91507763053665769        0.71542517239021721E-002   0.12812877027801775        0.33696835575550192E-001
   0.72936067879490418        0.57678216902933635E-001   0.14081128413263713        0.32106738658527936E-001
   0.62820511414951030        0.57128300447750928E-002   0.88021621614665069        0.32793597908761012E-001
   0.44007197674066340        0.58586272129304506E-001   0.16492416787673908        0.32945368848266710E-001
   0.10963990001893369        0.58716039005372249E-001   0.20922830913857240        0.34406547682585317E-001
   0.81239358523842076        0.76217134606537387E-002   0.31854801783783981        0.36774676349695758E-001
   0.48388162235838156        0.50883912536685595E-002   0.87048596079490337        0.34973283359309271E-001
   0.31639254100076242        0.58710402076745542E-001   0.19424469719923629        0.34099017546510395E-001
   0.82610447598888648        0.30954308186011666E-002   0.95692745654252176        0.34080460490189368E-001
   0.64154958389875427        0.56130775205861731E-001   0.64003865896010792        0.33362953448992774E-001
   0.28531197728876972        0.11518036643528795E-001   0.73772419104027132        0.34930090958412083E-001
   0.28338060088894212        0.92895554551785681E-002   0.39672889181736182        0.31242981427962804E-001
   0.46863666520067276        0.40876908019012925E-002   0.93645854426062436        0.32598012652233957E-001
   0.77161037457494541        0.56931654646530362E-001   0.65736715615289612E-001   0.33889357356070737E-001
   0.55318209995345213        0.76423262147959766E-002   0.88522751677436107        0.32512413706405875E-001
   0.80930520635052228        0.57721011074393751E-001   0.14207209579160629        0.35011826663386716E-001
   0.92095425566111577        0.53894288620682188E-002   0.74278009845540505        0.33374821350745952E-001
   0.27358806568571226        0.89059010061879485E-002   0.47613641542263829        0.36392527753793390E-001
   0.34968080448786104        0.79955290690497088E-001   0.73698458095010400        0.36695379193348823E-001
   0.50777977179836620        0.55009236079493665E-001   0.91258011654565052        0.34545699654929998E-001
   0.57816395387814434        0.87353761438901251E-002   0.22754577577152738        0.35488780609877958E-001
   0.11519810508203972        0.95110223940688653E-002   0.50210051717600979        0.31389158873968336E-001
   0.88514721684902609        0.57268443639712785E-001   0.18722844122900467        0.31973002054752959E-001
   0.51572994954201923        0.55691838920148833E-001   0.77841407401959040        0.35673765830840601E-001
   0.60849747501352658        0.67070304933852624E-002   0.60852229780401712        0.33743426387852576E-001
   0.40776671335548847        0.86074618788408892E-002   0.13502279252354776        0.33641058653849393E-001
   0.22496277227111505        0.90792612260630675E-002   0.70128063213153968        0.35396834019544361E-001
   0.15601068503897683        0.58715878756025977E-001   0.60469368134976842        0.34506294736400718E-001
   0.11215681588787652        0.55349106515255923E-001   0.65792861019425142        0.31554736080917016E-001
   0.18381229948507122        0.87953026969219833E-002   0.11635049613487847        0.35499353985808307E-001
   0.36677168202963001        0.58689196787903720E-001   0.11013739739648232        0.34778678418662688E-001
   0.20805668585127546        0.89931661496870877E-002   0.60337844675966434        0.37438341820895914E-001
   0.34857467332056574        0.59326657005283993E-001   0.42371925177514862E-001   0.35270657991120467E-001
   0.29906172591043834        0.58770374426349872E-001   0.12602110176809095        0.34674980383737161E-001
   0.63761548794817613        0.77384978150079019E-002   0.40664249406792247        0.34577664234566263E-001
   0.63467628369787772E-003   0.83493198403387890E-002   0.72004256788140597        0.35576234921596471E-001
   0.27730722657242718        0.60283521144369349E-001   0.99646358249972378        0.36318400469515830E-001
   0.76021852461115891        0.57389661091912285E-001   0.20654972768984090        0.34839342028734670E-001
   0.64467715282809812        0.55837529926652266E-001   0.92403612430977344        0.35534607342763529E-001
   0.59102094541149042        0.58898603960446487E-001   0.12708952126722384        0.33674371408893150E-001
   0.84476139494831778E-001   0.58752963340274390E-001   0.14237506700348540        0.36146912933277583E-001
   0.66522322469874418        0.78089899140766222E-002   0.32124534256961446        0.33243964780267539E-001
   0.85214020658274925        0.56336110665015501E-002   0.75335319077126972        0.36161653701436862E-001
   0.21128356829534213E-001   0.66767211895656835E-002   0.59999165525539833        0.35002794995269870E-001
   0.52930041271048034        0.17303229339805789E-002   0.45786414786519603        0.33016847749735144E-001
   0.18333953758568966        0.58854134222276137E-001   0.22887991037498856        0.33772974363483553E-001
   0.77621191506780721E-001   0.53970115496448479E-001   0.45539214226175155E-002   0.33021764202363843E-001
   0.60220424547947593        0.97265643843273859E-002   0.53880745593464940        0.36234970615025973E-001
   0.43953069167802855        0.83258754766594514E-002   0.32201064134275187        0.36351232155469530E-001
   0.70743890579203128        0.55683894934210956E-001   0.95605107408565981        0.34894879877583350E-001
   0.51169217743742412        0.84713417245472489E-002   0.35087558422125070        0.34095717257940895E-001
   0.47722969339442717        0.88081456031415522E-002   0.26162629933119308        0.34796234842336911E-001
   0.20519318481900639        0.87320239935987972E-002   0.18594168961417298        0.35501343076509866E-001
   0.41149159214192338        0.84977646414113091E-002   0.39007449695556784        0.37261401793182901E-001
   0.39028869697372337        0.27064433224077346E-001   0.61864307094418147        0.33492322066275081E-001
   0.24853596672221831        0.10026170741696405E-001   0.39830328204225975E-001   0.35639420881709509E-001
   0.46417007998526544        0.58477100481479839E-001   0.37111925397468226        0.37778550720469192E-001
   0.22352333472063837        0.41591626562613573E-001   0.95666126994464840        0.32972659155732192E-001
   0.70930656385268756E-001   0.60264392058024176E-001   0.50121360289442829        0.34519171074179775E-001
   0.99659719857858486        0.46774932274614824E-002   0.86508341305906178        0.33690964979572961E-001
   0.57403209543967515        0.79797600322229316E-002   0.37977937803935807        0.34440085815634819E-001
   0.90555773466866796        0.72486859692827395E-002   0.35965742454871957        0.34626629374246855E-001
   0.47315994777372161        0.84618041370879554E-002   0.61963547869837898        0.37762999086715369E-001
   0.80297011145449615        0.55663337186545550E-001   0.91289608772750386        0.34632406011236183E-001
   0.76270502709298615        0.55585115146707831E-001   0.82167354494082778        0.35085323722045841E-001
   0.87129336078451503        0.57717819558319075E-001   0.50673628456169106        0.35083780539914289E-001
   0.89344258599668469        0.11792859369478742E-001   0.67918616220196654E-001   0.30379512893178907E-001
   0.95417980561920201        0.53649205976070979E-001   0.88769755070160028        0.34803009949443207E-001
   0.16570997098038096E-001   0.54475162776043556E-001   0.64892509300054413        0.33449575301515204E-001
   0.47595326866665377        0.89634197095723039E-002   0.69210287720008712        0.34630836059624540E-001
   0.32794378735741597        0.21584661519623610E-001   0.68258974659122917        0.35119246699074340E-001
   0.64184624889741348        0.58849230505190399E-001   0.57165364844418376        0.34782074679238398E-001
   0.39807727769040957        0.85319783321241727E-002   0.55104627208848111        0.36933784479509235E-001
   0.88402478889520164        0.55421781880725177E-001   0.71245521582789528        0.35718113061047295E-001
   0.63446897185199047        0.74478823829699226E-002   0.10377625022452573        0.34784788303074882E-001
   0.17065206119556385E-001   0.56934084786089773E-001   0.35618207757442671        0.33533293039972822E-001
   0.97134125128518312        0.54296091509055136E-001   0.59875890920665664        0.33593497507939642E-001
   0.13546160633577020        0.59058485964918556E-001   0.29741258207769300        0.34365311792083741E-001
   0.99834899542370426        0.53935279665829665E-001   0.11027754913407318E-001   0.34603110478999687E-001
   0.15777239431959225        0.99947127165738670E-001   0.84456143171513398        0.32047636827213226E-001
   0.26875352970427363        0.95920051979985627E-002   0.64496605175470756        0.35902773326194619E-001
   0.73980036730236487        0.78955591898631737E-002   0.51963361221558391        0.34550920613361027E-001
   0.97688173661869127        0.38244560695173593E-002   0.93056694983236665        0.34635203131711943E-001
   0.75687289275432612        0.56565616494429942E-002   0.93771864061721888        0.37746879025949552E-001
   0.78639122026349773        0.54889721767162015E-002   0.77932918987107225        0.34423239220316031E-001
   0.54382781906647815        0.59009729777186638E-002   0.67089589671816707        0.36511793584092303E-001
   0.15862134808519909        0.50054932752699934E-001   0.94894158146015029        0.32915456256803116E-001
   0.89172922523334053        0.57489421136327101E-001   0.40659735179668782        0.35106179357343670E-001
   0.42337254901253202        0.58030024304976960E-001   0.26828936932916020        0.36216413515553006E-001
   0.19474781841516448        0.41560990177754151E-001   0.88935298760290893        0.36183166535373713E-001
   0.96567872202319882E-001   0.53909512069437719E-001   0.81541602224237431        0.34702625141705169E-001
   0.76689386626166101        0.76630692663733103E-002   0.45418169489307464        0.36193440329286147E-001
   0.29224660380704998        0.59370229296963652E-001   0.35091421844388859        0.36520524331318804E-001
   0.59052422736909971        0.55622815662832385E-001   0.77532640279075660        0.36066615101830790E-001
   0.89055528967529762        0.39187571146744567E-002   0.98198141738246614        0.34892721080135095E-001
   0.26746467558168496        0.58702423286591990E-001   0.27845064961571853        0.33801296409194520E-001
   0.48059616519978379E-001   0.53704800867468129E-001   0.87105991327218391        0.37398255778220466E-001
   0.22821148482230474        0.59245684576756934E-001   0.37879728914492811        0.33312472642479732E-001
   0.95887589273835927        0.70864766044543177E-002   0.59089246884927851E-001   0.35403523223364639E-001
   0.43213137373286459        0.86389750284622691E-002   0.20837139982459374        0.33642431480700029E-001
   0.34271019345992892        0.94124148538240384E-002   0.36510508383187879        0.35882345208157869E-001
   0.38732159096352275        0.30081060239067803E-001   0.76550165728656983        0.31960672105999940E-001
   0.51003789656359477        0.85228588923955025E-002   0.20371647073519578        0.31605554311073522E-001
   0.27403960921981746        0.89536650211907813E-002   0.16782923380455381        0.32659265866149076E-001
   0.76521412988076354        0.55104484481809657E-001   0.99736911199044409        0.33720731208615060E-001
   0.58897796279399828        0.57787838414214455E-002   0.17886523446850024E-001   0.33751491011469639E-001
   0.99244990183734905        0.56917515740937397E-001   0.29194419568961438        0.32757219269678492E-001
   0.67328523883626656        0.88517849465895981E-002   0.53677738647547824        0.33803906730311965E-001
   0.96813568316331133        0.43360631946159850E-002   0.64729758307975771        0.36056346315284218E-001
   0.22788690341422606E-001   0.10178805534422831E-001   0.50337673862785470        0.34832228042249398E-001
   0.29289509310952783        0.86043289300455378E-001   0.81954303067007306        0.35532856578882034E-001
   0.59815417655805703        0.82121297510647836E-002   0.46606094403686282        0.36612176747786288E-001
   0.43356913307615763        0.58720795607810274E-001   0.99348133760676513E-001   0.32883343865097489E-001
   0.11250724004378408        0.39815587268035310E-002   0.97164481830314864        0.36082940722331064E-001
   0.53438662152059258        0.49964680922318589E-002   0.95302574875793322        0.35007598281373363E-001
   0.61389827866997082        0.57901605288515770E-002   0.67568116615594487        0.33638492024870570E-001
   0.86309230319594066        0.71557980740984397E-002   0.22767096514331001        0.35903582885130153E-001
   0.44017601387690425        0.58798232148232613E-001   0.66048608324856029        0.34379531097014790E-001
   0.84397393229295303        0.54589842897718316E-002   0.68263235431881064        0.34890614505821711E-001
   0.26093647162421418        0.63328992742757190E-001   0.59303741186969638        0.32807572906695288E-001
   0.15333698261674569        0.86088154176746073E-002   0.55797591694683391        0.33638342894909606E-001
   0.48671115500654422        0.58807009143174264E-001   0.40738977513521797E-001   0.29363251060167534E-001
   0.14201520412207522        0.23162820466782750E-004   0.90834919104341116        0.33559027290814586E-001
   0.72745328945150164E-001   0.56709433822073912E-001   0.60190982206511134        0.36820369104953996E-001
   0.22961149447134216        0.58676814483526324E-001   0.14054875667157241        0.36249164075035797E-001
   0.87302611430056543        0.57258768475986072E-001   0.12207389065822741        0.31756240680158997E-001
   0.75010723320905814        0.54217677613387959E-002   0.64424260188407589        0.33580197796914422E-001
   0.55596149607234879        0.58522154279019425E-001   0.33492615787480723        0.34521689395519133E-001
   0.29234520851595924        0.58944313305174134E-001   0.52404989770912602        0.35321977524091899E-001
   0.17728058215055384        0.85382808499742772E-002   0.45405184839477142E-001   0.35736765136667507E-001
   0.41974982875251071        0.51715741212502456E-001   0.36555082703364133E-001   0.31633345535873589E-001
   0.63332186778342214        0.55715661935166597E-001   0.99536216372650987        0.36681247262599810E-001
   0.30712119610722600E-001   0.70250518850408549E-002   0.31341080847576130        0.33559327846067716E-001
   0.30898936829880025        0.87419716157796160E-001   0.88659810083819712        0.33090194867864145E-001
   0.95708352214501780        0.58911864507811135E-001   0.38597536832521628        0.33353721459368151E-001
   0.12179321931065543        0.53940608262933169E-001   0.74850067091560613        0.34857566794734979E-001
   0.65751709070351438        0.61387747899239427E-002   0.39085972028255374E-001   0.33682135494264187E-001
   0.57025739981514600        0.58097872149488798E-001   0.50356546044688610        0.31389841448598035E-001
   0.54923243459200699        0.57791561481116815E-002   0.74208392716334670        0.34530259918267803E-001
   0.37518127478154450        0.77555713340330526E-001   0.66066914220898576        0.32766429911708160E-001
   0.11751975328402411        0.50433588581910820E-002   0.69996674804922809        0.33634611999441254E-001
   0.97093436084555640        0.53233801390473380E-001   0.50500517492400976        0.32329461871736548E-001
   0.17682001262606442        0.59490772609624924E-001   0.42090789081072921        0.33062178664852830E-001
   0.32250933448010177        0.88962187719257763E-001   0.95124139902238325        0.32665847717972180E-001
   0.37088359284649219        0.50971330105662127E-001   0.97719454118927240        0.33986762482785142E-001
   0.49547288476537811E-001   0.89457144992194492E-002   0.17470601710119266        0.32743797662681484E-001
   0.76652142788905109        0.54822383411813188E-002   0.71187293259714846        0.35859764637936525E-001
   0.69789972987565740        0.57732667559678465E-001   0.35149335755548089        0.33259655442688836E-001
   0.84515475024937703        0.53044473442563328E-001   0.99942120672030377        0.34177073799694604E-001
   0.20331594337936865        0.58917217865607101E-001   0.55170278413059515        0.34567435220643428E-001
   0.16668427738372940        0.55629886600605631E-001   0.69590057407142536        0.34194357874982866E-001
   0.37564617526420263        0.86462440557251649E-001   0.87315129096654343        0.34881359115940105E-001
   0.83986723296800470        0.55511227471739324E-001   0.59410405581540204        0.35073023302679682E-001
   0.96689313224513551        0.58330351994207247E-001   0.23006050901207667        0.32232446110044437E-001
   0.39424013037833616        0.27229270573104366E-001   0.70032790234121711        0.33575435058787309E-001
   0.80420638684463952        0.25648156283408496E-002   0.25784639798731475E-001   0.33923795877300364E-001
   0.14392245733047096        0.58548092786983225E-001   0.82856334289376457E-001   0.34983386498816486E-001
   0.87297058633310898        0.55554896098854410E-002   0.55777833486712547        0.34777067323859906E-001
   0.63931721151588816        0.57768230518375041E-001   0.50343534283904434        0.33032368978693008E-001
   0.78281382885039341        0.57962952001834628E-001   0.50526643107231850        0.32807359927945534E-001
   0.87967146929096407        0.68583764943004489E-002   0.29582469215943369        0.34235126984748815E-001
   0.83727268988733972        0.57171926485914286E-001   0.27291356510478243        0.34561637276864447E-001
   0.70642798877655094E-001   0.92353129859552262E-002   0.36744305541326727        0.33634548252502276E-001
   0.91755253447501206        0.58173420419330796E-001   0.28057893716887244E-001   0.35174691149845214E-001
   0.86290381861196708        0.57382405374592042E-002   0.82480532416410235        0.35972503112054043E-001
   0.34362047424507991        0.82389017865200382E-002   0.45667644919635114        0.36251429998945386E-001
   0.27320156725712053        0.61060349062417335E-001   0.69363450366051893        0.32456106343286134E-001
   0.29901115050175366E-001   0.53927906872615707E-001   0.77209137275489703        0.34497845281873885E-001
   0.72758821569690113        0.55499796927985047E-001   0.68555089575249539        0.32693566832522433E-001
   0.21992770259835337        0.59042300609786040E-001   0.65327455190556805        0.34065690562703671E-001
   0.98058729657283317        0.60527771743200337E-002   0.12297483896280059        0.31894764005062561E-001
   0.85742974071424660        0.57224436920065513E-001   0.34497238540899272        0.34927629036697563E-001
   0.80748885327412934        0.55143644589717870E-001   0.73542223576575472        0.32670055632515758E-001
   0.71911871441034203        0.57798785620680429E-001   0.47457631703955427        0.35789679694028860E-001
   0.45273156348596783        0.99410513070960493E-003   0.93150553917770976E-003   0.33838894768470365E-001
   0.11504075764412589        0.59264471551446957E-001   0.44811014138886385        0.34400296005115662E-001
   0.32397157522782499        0.93114674259677337E-002   0.84400787906276267E-001   0.34435223954729637E-001
   0.79366841325221216        0.71558565708203879E-002   0.24742606337085160        0.36234091342608993E-001
   0.63056053244847388        0.43894968638738732E-002   0.81305534455488671        0.34338888262247971E-001
   0.18629228959374020        0.90928658736570116E-002   0.36588026380084804        0.33077043668199677E-001
   0.86868093912840749        0.53641522216790687E-001   0.93407094070096675        0.34315335646035852E-001
   0.89597990599094526E-001   0.13634832050440429E-001   0.29062391906519608        0.29919881617725942E-001
   0.83393390006837442        0.11552496053886521E-001   0.94101430965330468E-001   0.34373780476860204E-001
   0.54872567501113112        0.93797597233162069E-002   0.14855714623112756        0.34300358030230009E-001
   0.96086164779554811E-001   0.53602798811679390E-001   0.92516442808368282        0.33832193469727795E-001
   0.46071619886198617        0.87956541123344802E-002   0.66661403478086190E-001   0.32646413523674672E-001
   0.97156083928237336        0.30484740137671365E-002   0.55037520897636893        0.35048180242860168E-001
   0.45648195368618633        0.30192046305115624E-001   0.75320282283060602        0.32880691826252417E-001
   0.71023120548231933        0.76105333922812067E-002   0.39988013145827883        0.37254340629449267E-001
   0.91045429203630690        0.36481613639405691E-002   0.90974586689445580        0.34950732631788328E-001
   0.55424750031130687        0.54711238414507117E-002   0.81229497544030882        0.35792312982632503E-001
   0.89972202339932650        0.55650049286221616E-001   0.78707991094715601        0.36443953953161135E-001
   0.90478110394512512        0.57073868494161052E-001   0.25520709177948714        0.34716668949825377E-001
   0.76724500658885475        0.76338360880185106E-002   0.11505644510543121        0.35606205402145416E-001
   0.31853649684871144        0.63332600104029052E-001   0.62807099119647147        0.34098244148083594E-001
   0.54195767759233515        0.85862438076803795E-002   0.28830492074055003        0.35210656336135564E-001
   0.92960402406146381        0.88126710136754785E-002   0.21023924066292449        0.32837910485820784E-001
   0.33563702501557580        0.59252122799948008E-001   0.26169999248089265        0.36030856634887136E-001
   0.89112791577772865        0.55781389832425324E-001   0.86315828335975409        0.32763757205762981E-001
   0.97157670894216819        0.86234042406234807E-002   0.34425021678672924        0.33107231695561297E-001
   0.73629253809546069        0.55670745586626470E-001   0.88761188440710870        0.35892246705822015E-001
   0.36079637908134493        0.85357929078253000E-001   0.80622186573703680        0.33579721430726003E-001
   0.94752227679737244        0.70664335614334722E-002   0.27967040232400231        0.35446645390298223E-001
   0.36119593254099838E-002   0.89547068864360771E-002   0.40819493002491658        0.38320980887650846E-001
   0.55821947032175183E-001   0.54047507832205757E-001   0.70666061256536017        0.35750995394048787E-001
   0.53362515788886378        0.79063957058324585E-002   0.52425853259481936        0.33734596128044476E-001
   0.34081675010851403        0.87109108671490944E-002   0.15234817317172314        0.35506548115095349E-001
   0.63838219226016582E-001   0.42486443882193874E-002   0.65621370544164381        0.35575316428758358E-001
   0.10693453472012791        0.57884461274023448E-002   0.41795739677648748E-001   0.34244023616819393E-001
   0.65698949138317531        0.87757540680572302E-002   0.25350691113044810        0.34955090428964164E-001
   0.15691781115217196        0.59391005188354454E-001   0.50171417941181828        0.33615767695526141E-001
   0.71128862629680845        0.56240457457807196E-002   0.82777846964465296        0.36236276787909742E-001
   0.74233107221865990        0.55633547575737935E-001   0.75518183813031448        0.34451730201216300E-001
   0.16968952262830780        0.60211268598941150E-002   0.74144754496177612        0.32987010346822110E-001
   0.54238472790841974        0.83810939017478058E-002   0.60163157828070590        0.32679304166860691E-001
   0.38665922325542701        0.59492880705099532E-001   0.33847713002696395        0.35636253157134937E-001
   0.70032145295233342E-001   0.93069947517172881E-002   0.45446915206854777        0.33139610074981993E-001
   0.78107389860604926        0.55973284843315440E-002   0.86602198479209835        0.34199326845059594E-001
   0.96329983785092155        0.55410595020689693E-001   0.75730607043534981        0.33713864043473526E-001
   0.14315550694205989        0.57670161977386558E-001   0.12310035440050450E-001   0.32586759389516384E-001
   0.28323320926455231        0.41443260971477144E-001   0.93101035320826320        0.32009361667228557E-001
   0.72254847955820722        0.70730862352697170E-002   0.60726005811713613E-001   0.34744293445959681E-001
   0.57955153027603046        0.55764964476485469E-001   0.70592171612357046        0.34112360869355055E-001
   0.13940217479917577        0.88594903095300433E-002   0.24835269323505799        0.35568461778523887E-001
   0.36406702925265205        0.91722327071188971E-002   0.21938827722559626        0.35259506134409389E-001
   0.67493187490926099        0.54795263950975996E-001   0.78406179594788961        0.38241482347306913E-001
   0.29086790874822749        0.88192737829429421E-002   0.23576748173466630        0.35596145225064366E-001
   0.59264851245583039        0.55594032678227039E-001   0.84781755887954557        0.36450573357419691E-001
   0.75403239214877471        0.57858426233132157E-001   0.27495638297244057        0.31479479114738203E-001
   0.66242849959106120        0.59565633766741510E-001   0.15178613529731477        0.35154516243697503E-001
   0.47870254789639549        0.84697417790772171E-002   0.13428769969315654        0.37162098927190308E-001
   0.62615859583889211        0.57734501132904140E-001   0.35470767944991372        0.38412627856105559E-001
   0.79997232824869535        0.60512937284053761E-002   0.55832957914734349        0.36858615346204146E-001
   0.70074334765956270        0.59153788170076870E-002   0.73955593180136348        0.32034138607491672E-001
   0.56820068152837822        0.83993689078162275E-002   0.82766681234930667E-001   0.34295071276667727E-001
   0.40056269308807485        0.10120572596406634E-002   0.93887797348627700        0.35555834570709308E-001
   0.69039708668125632        0.56494028185630008E-002   0.90581273052618427        0.34343522068890943E-001
   0.10933081913278278E-001   0.82283697843839460E-002   0.24674260259319722        0.35987202463715201E-001
   0.53134035702107341        0.58684688937869371E-001   0.24113842651761014        0.34236996235346533E-001
   0.63058758561094430        0.56790112685438264E-002   0.74312578749620417        0.35598806764070082E-001
   0.17730704492947513        0.49724464474175556E-001   0.80030964404272398        0.37221920320647472E-001
   0.69476562319446244        0.58255489071196390E-001   0.22556660318370578        0.33251408607952795E-001
   0.84430365184919787        0.56390666836142241E-002   0.89180599048539466        0.33546599556957081E-001
   0.22297572156168688        0.86554545468004104E-002   0.25546889595089312        0.35045539663188185E-001
   0.87962787902030948        0.74051993270770880E-002   0.45184213073432611        0.33333753376078482E-001
   0.53001771858448121        0.57183757414100062E-001   0.40244300929533167        0.35125027104145348E-001
   0.23516190521724940E-001   0.58718100896261942E-001   0.55134507792453924        0.33157118052393887E-001
   0.62685481848458369        0.58741615929176143E-001   0.21351673695703263        0.35691951492904085E-001
   0.76848945396833890        0.57315365516299378E-001   0.59990211769913171        0.34351734348206313E-001
   0.23387226094196779E-001   0.53831460142794135E-001   0.93814558779118995        0.34051133611748864E-001
   0.37018814406727674        0.58958805592580224E-001   0.50476490880025582        0.35879829940237931E-001
   0.30396252545439928        0.13311883289471183E-001   0.58486488298193418        0.33518459838215595E-001
   0.40130936208622997        0.34131992727739348E-001   0.83094061678982289        0.33759900298098985E-001
   0.26821211418826552        0.37357587377667589E-001   0.86633606508219974        0.34270869376989803E-001
   0.46933828082822071        0.83172707368743253E-002   0.54763954973603979        0.34305630431646798E-001
   0.42581762402191936        0.80066270636411141E-001   0.78669202597382593        0.34512175543174872E-001
   0.91989869390517109        0.55607389655993128E-001   0.55543065847733786        0.33671714357635156E-001
   0.30870994191952733        0.93200763244979234E-002   0.30341982237474474        0.34342018152578618E-001
   0.91119255225356433        0.55474366307043034E-001   0.63564112051725086        0.34586548173324398E-001
   0.61322593114697221        0.87221697186600517E-002   0.16824807597752250        0.33094882564483716E-001
   0.40914506701799064        0.84543162809757513E-002   0.47783268985785671        0.32477865115352264E-001
   0.68350642308806564        0.55760771032688080E-002   0.66646014970262091        0.36559964302926559E-001
   0.85343095144491887        0.72632123904017055E-002   0.15898996182048833        0.33385642373943175E-001
   0.94987061757157998        0.54440125300202286E-001   0.69172506825882940        0.33203089948312017E-001
   0.49618207264621217        0.55039147381750801E-001   0.97916930813885994        0.33026590323816413E-001
   0.22322259811160025        0.92156889385907430E-002   0.42529804323022175        0.35069765075996462E-001
   0.12928174375383139        0.92888933650791036E-002   0.40254134553513260        0.34691326546813631E-001
   0.37634325155707316        0.92836711078336468E-002   0.29005683521549169        0.34377173166478973E-001
   0.67877411025138101        0.57441421555027475E-001   0.83431193194419412E-001   0.35034954566372539E-001
   0.52343239680820119        0.55488466804420933E-001   0.84732257787015830        0.32551465579645875E-001
   0.71392228285535861E-001   0.69178484039603087E-002   0.55273526575597509        0.33140424851580537E-001
   0.97856332918838573        0.55347454530937729E-001   0.82494311956874233        0.32312408406320534E-001
   0.93241255863218953        0.57342632391497762E-001   0.32361102896355842        0.32505646588078890E-001
   0.66955696717750335        0.77799938599351698E-002   0.46827244397144452        0.34798548904396723E-001
   0.59140163838244875        0.58304604897190949E-001   0.27396693269811501        0.33655985387131548E-001
   0.35311177755194917        0.58712542782448390E-001   0.57119214745080704        0.32594365962657856E-001
   0.91876666414374930        0.76749662149283998E-002   0.50641421430038303        0.33792949673321727E-001
   0.71571839502260215        0.76207772490926376E-002   0.18342370181027096        0.34917110950796582E-001
   0.93298501388288757        0.43480927040482923E-002   0.83819499421522603        0.35344322045175333E-001
   0.25981340641053413        0.10698742225999838E-001   0.10519705006853297        0.30183580976438987E-001
   0.26800090321689635        0.59184585355016098E-001   0.42936868243607701        0.30258185043137920E-001
   0.85934383984520923        0.61662966772606666E-001   0.61719739248414639E-001   0.30229071945614253E-001
   0.50415566098752551        0.57556666197797084E-001   0.49641789292777555        0.30258526923977014E-001
   0.38792947958522400        0.85641286266738698E-002   0.73680454993055616E-001   0.30187474286782569E-001
   0.92421562548178704        0.57018142111550721E-001   0.46349364389744807        0.30243483001988158E-001
   0.28587651908879308        0.59889299322649893E-001   0.62477354707217547E-001   0.30219254382126207E-001
   0.51777120509669894        0.58257057801641310E-001   0.63204289440078176        0.30230276743872627E-001
   0.87123641856778944        0.59797484780536696E-002   0.62325125040666729        0.30214984178948648E-001
   0.33441505497305613        0.89346929237804316E-002   0.52905909132168150        0.30192760683468222E-001
   0.97483219469805898E-001   0.99794860638636518E-001   0.86137837438206444        0.30131477176618994E-001
   0.75576801190656490E-001   0.86925138646094455E-002   0.23223211807717056        0.30243518115420191E-001
   0.43463155911490220        0.50914611526721221E-001   0.96501737878057370        0.30209970286967681E-001
   0.72103254023619845        0.57314878088975917E-002   0.99566727729990523        0.30287388825462887E-001
   0.32712858185258470        0.35586394105118456E-001   0.78185583740997833        0.30214478305376668E-001
   0.21138403249195098        0.60079927076378936E-001   0.15973548259221815E-001   0.30201652268976999E-001
   0.98739868595311675        0.72375211016275798E-002   0.18484088267982776        0.30202816381029965E-001
   0.98839260042145194        0.53370512515899145E-002   0.78851950453784536        0.30289604620043323E-001
   0.31907205159228863        0.10068893462991226E-001   0.10795417942908392E-001   0.30157432920025082E-001
   0.37764976573599396        0.58502779238558025E-001   0.17452812110630966        0.30204033541249561E-001
   0.48221641507754509        0.57259500980427385E-002   0.80533858732456920        0.30187697767205958E-001
   0.21035432338468546        0.59392891569026135E-001   0.30757433293030711        0.30204783886189898E-001
   0.59473604163106653        0.58139216645315406E-001   0.41927187915744291        0.30239807815763561E-001
   0.47024751327951470        0.58753238403622600E-001   0.22046105436874133        0.30253400443223166E-001
   0.72711262329744986        0.82453926343811958E-002   0.24766887570629745        0.30248293579343145E-001
   0.96074484571894836        0.41082016650982904E-002   0.99334970113912924        0.30174964990325692E-001
   0.47163951940450727        0.83440568181132185E-002   0.48307558052017940        0.30190666710077391E-001
   0.70621680781737628        0.56076758481757763E-001   0.62512009977971983        0.30167602666048617E-001
   0.83298551762598205        0.55549332008718227E-001   0.79297305904778204        0.30242584207872875E-001
   0.82547415706624883        0.56814774706156992E-001   0.20524598040014680        0.30173900255357215E-001
   0.51468238188634041        0.60155135511399317E-001   0.71044439365060663        0.30214814589386789E-001
   0.82852529845815936        0.56741751364245863E-001   0.85327195928108068        0.30214176625199447E-001
   0.15024667616233273E-001   0.60535420884560459E-001   0.46060529103675696        0.30212558236327992E-001
   0.21238301359017361        0.60488313977315668E-001   0.76357131394789515E-001   0.30132997327473141E-001
   0.36635591828771019E-001   0.58989668547457907E-001   0.21075568123166979        0.30172328498391261E-001
   0.16159261604543110        0.10371784980106430E-001   0.45935662367813773        0.30264530309194199E-001
   0.79308700089637441        0.74955540778911551E-002   0.18090980068586071        0.30168695501443507E-001
   0.19599799352273817        0.95448853114350821E-002   0.51020359989197250        0.30285166056012097E-001
   0.56675926152754097        0.58710541149947407E-001   0.18636093147149335        0.30249602170030771E-001
   0.51473975950460304        0.60938083738502277E-002   0.17620284268816698E-001   0.30222931284353820E-001
   0.11886294273249395        0.87495320613703922E-002   0.16931332965878207        0.30189163337700949E-001
   0.68722656632958523        0.57830261641006069E-001   0.28891771610586825        0.30197621923523609E-001
   0.14726030731664341        0.59047717156545936E-001   0.36481804165676390        0.30237204127727482E-001
   0.17649355767258668        0.95189246021464263E-002   0.30280014624204415        0.30160412326041702E-001
   0.73008669381152269        0.75185764778028883E-002   0.58369216471100360        0.30202066221288269E-001
   0.13095155033397909        0.50016896010770556E-001   0.87032369854767178        0.30188582703729087E-001
   0.96904342419115486        0.30364079200227451E-002   0.46704571699460018        0.30169048750908294E-001
   0.56950526097396217E-001   0.38233328088765773E-002   0.91579307229756868        0.30172488725498867E-001
   0.18204174600232312        0.99895156145541633E-001   0.98005928135500453        0.30271193850226846E-001
   0.60206870161214243        0.77458060932951911E-002   0.31408192289837972        0.30190175813676622E-001
   0.90898027236061496        0.55964740800333451E-002   0.67716949460301834        0.30223740691735782E-001
   0.43512643735152755E-001   0.50992545876556109E-002   0.11193577350518896        0.30160371810090948E-001
   0.42794109973528932        0.77240845402263447E-001   0.72204019734401048        0.30210967190224661E-001
   0.57791696205423859        0.56229286501001952E-001   0.64041177519447168        0.30253072935995148E-001
   0.75390584078949874        0.57696248449820242E-001   0.41226678264638933        0.30202561270268585E-001
   0.71369003372456941        0.58327867002132709E-001   0.55237028926159926        0.30179477647277648E-001
   0.48646204290003597        0.84909509568777755E-002   0.41160329481297980        0.30236162549349778E-001
   0.85124005971872518        0.75723620991263885E-002   0.39502506690153005        0.30179388663398674E-001
   0.93405947957910040        0.90465628967456007E-002   0.41820161627010410        0.30205776621458888E-001
   0.81083539961457518        0.54613004917641317E-002   0.62461185125236485        0.30202574116013726E-001
   0.57692271223856040        0.58186747915192065E-001   0.57959346176825421        0.30235413746109916E-001
   0.12702493015496899        0.90629451650381162E-002   0.33749620181530676        0.30186848995763224E-001
   0.12880985006768900        0.39102101481456883E-002   0.78955518512138068        0.30156405143637446E-001
   0.67350890985600731        0.57717216487467832E-001   0.42667392887333061        0.30127137243600874E-001
   0.11679623111979727        0.86459036802332134E-002   0.61744956649427418        0.30184767763877532E-001
   0.38981312401638513        0.12378900100999070E-002   0.13352688356221611E-001   0.30250804468607458E-001
   0.67200142085321057        0.85203015095010742E-002   0.60076889553497947        0.30176941611139360E-001
   0.56886120735424883        0.54998553600928694E-001   0.97706384488843800        0.30261414821954862E-001
   0.92535662443447808        0.52433110976510535E-002   0.59641845163445018        0.30191097420903104E-001
   0.77560883471866987E-001   0.60122250188386843E-001   0.32688208657636297        0.30220617503859643E-001
   0.11440298138987434        0.58537181917266028E-001   0.54931382519696981        0.30168682022406981E-001
   0.69578612116053173        0.55724526551670962E-001   0.20168093647236127E-001   0.30229102891439964E-001
   0.66678128429855898        0.57084762845018523E-002   0.96594077659857702        0.30222579661672515E-001
   0.50938595518916918        0.58487614111721757E-001   0.16737830147014274        0.30161000484815178E-001
   0.69763982766767141        0.74442085649609668E-002   0.12087539530404050        0.30153145921395653E-001
   0.16420188031051350        0.55150123638240053E-002   0.65495978919547826        0.30188780487159759E-001
   0.58983553461704162E-001   0.63901638559627202E-001   0.26931507529243365        0.30173405308874031E-001
   0.93193869369102955        0.57100890107283912E-001   0.91969910115581852E-001   0.30173769862428885E-001
   0.46185553587011913        0.55037882099966608E-001   0.83452438323322398        0.30327940112050408E-001
   0.10900525564686318        0.87289814457934579E-002   0.10632167909461464        0.30175050641296674E-001
