 3 HS poly
 400 2
 320 80
    1.0000000000000000         0.0000000000000000         0.0000000000000000         0.0000000000000000        0.10000000000000001         0.0000000000000000         0.0000000000000000         0.0000000000000000         1.0000000000000000     
 T T T
   0.85141707085068286        0.83241289818092923E-001   0.84920762378903203        0.34615732335588116E-001
   0.77718414859952833        0.88127419329001144E-001   0.96581457975298202        0.35199047435251339E-001
   0.39420086815956024        0.28614318176594350E-001   0.42753179357425786        0.33486628282929788E-001
   0.31281492471029188        0.79708507241232109E-002   0.68511605973772838        0.34105604965686959E-001
   0.83962964406278728        0.79861387814739504E-001   0.20496932873303891        0.34793321933917577E-001
   0.61238342583850014        0.35770344675185667E-001   0.27017696713331957        0.34726393947574472E-001
   0.54727387425729801        0.80186769827067558E-001   0.68631981245062179        0.35725716221126219E-001
   0.71615562870611704        0.85260952861072520E-001   0.81798378020441720        0.35918714232085758E-001
   0.59802068264033370        0.28761855242665169E-001   0.67649435327823737        0.35013561048312297E-001
   0.66233420132103615        0.85686018120161411E-001   0.25969133043077353        0.36534848062939301E-001
   0.47907153324034946        0.78592492862861962E-001   0.41227195361615832        0.33659061037844315E-001
   0.14886483742658160        0.54082345958219959E-001   0.81756560416191892        0.35203930163333098E-001
   0.29630005819543115        0.10242524948843930E-001   0.47007569076230932        0.34710773740858986E-001
   0.33359641882768770E-001   0.42638052208848240E-001   0.53204040915135725E-001   0.34712479414941169E-001
   0.26948660293694606E-001   0.56479287914041588E-001   0.38316822255400540        0.34829336874931754E-001
   0.46442112515444745        0.60594906161306875E-001   0.56210025790392026        0.34577753525093222E-001
   0.83660835577890413        0.26612755373292059E-001   0.60283312476208983        0.33108689213242969E-001
   0.26287765407040681        0.37129133539255087E-002   0.98509501179896619        0.35173169085931877E-001
   0.45586480796159767        0.41633775713852079E-001   0.23756159768947252        0.35085225138384482E-001
   0.12065369525687070        0.41749794375134470E-002   0.31498787951351620        0.35369402622244389E-001
   0.77345610636737316        0.80103318911381394E-001   0.25321594884723869        0.36152066109434583E-001
   0.23603337543108643        0.39129094439655813E-002   0.88777937984084887        0.34549417128198340E-001
   0.92490433686038920        0.42079951733953840E-001   0.93063579673655150        0.34274485014222852E-001
   0.19686413917403103        0.50882164525795304E-001   0.60223757077037705E-001   0.34324097505627378E-001
   0.51923846229560566        0.38047247839932928E-001   0.62055392910184873E-001   0.35714851450806918E-001
   0.13229781622147882        0.51141125691223116E-001   0.26369407497442143        0.35043939050051306E-001
   0.77261152406342914        0.38158909869557736E-001   0.91523250200315454        0.34193422200067380E-001
   0.55336098220799801E-003   0.43658753376129067E-001   0.11657149069419064        0.36207743982235620E-001
   0.12351997049171451        0.88226316986898309E-002   0.58257891219607660        0.33337168472108505E-001
   0.39074762915486561        0.38825229854790144E-001   0.27062624082738479        0.32898330220978669E-001
   0.52866650953619410        0.73863775441784768E-001   0.58276616643398882        0.34050731467778060E-001
   0.51333397050915797        0.87693428575181337E-001   0.11464561413275684        0.33652284752408008E-001
   0.45244959032688076        0.15468159990892492E-001   0.67181750626180037        0.31700942947833988E-001
   0.89398724647384942        0.82662521929357288E-001   0.79408393156261747        0.34995626696458788E-001
   0.25138303370270521        0.53861646673546038E-001   0.93538334662613010        0.36095046713588916E-001
   0.93529034670731859        0.72867901819580597E-001   0.64906367831129330        0.34227195365122393E-001
   0.95467494238101547        0.94121608700755824E-001   0.13576929857633760        0.33940928606019036E-001
   0.25935899048125122        0.12345223584211069E-002   0.12802740523226949        0.32397930841258631E-001
   0.61485176053578017        0.32472458896919958E-001   0.77821675591301143        0.35644323604691448E-001
   0.95397589972930108        0.68928428204129133E-003   0.82356979322527968        0.34104574589775137E-001
   0.55636636334315626        0.36544611859202318E-001   0.83620385599137714        0.34947365946998543E-001
   0.96169037732223883        0.70576514604618765E-001   0.51460118628321661        0.35047634515756522E-001
   0.92544392772610184        0.82228894454589706E-002   0.35452642399284917        0.34150146747495141E-001
   0.82459041797920865E-001   0.92636423587046546E-001   0.35993396577387704E-001   0.37380051225487876E-001
   0.62225295469932451        0.75798632100450930E-001   0.56960634378238162        0.32145737826034415E-001
   0.35311377955270212        0.40643783793668987E-001   0.21560642413535203        0.33690802087164899E-001
   0.45334575577517472        0.88114736650740128E-001   0.15515553683535599        0.32718617213239432E-001
   0.97031170052457183        0.56367568727724207E-001   0.34831073136646651        0.31657790734411898E-001
   0.65596620007479456        0.29132522807838249E-001   0.47053842100549431        0.30473691175551737E-001
   0.69492289596846868        0.82594787241593415E-001   0.71264036143807585        0.30789290396205888E-001
   0.86476131679662938        0.38486808973219655E-001   0.89958538710974612        0.33359165009412745E-001
   0.21433266339072762        0.56807548223641917E-001   0.37814420329146919        0.33897785569207667E-001
   0.56390593005963918        0.80274194691727696E-001   0.78300593424883647        0.34274993978810349E-001
   0.95571406113126312        0.51492900684495357E-001   0.87059892866226118        0.33853794807780738E-001
   0.51494934969710068E-001   0.94018108128446701E-001   0.10273153330359833        0.36198354296206450E-001
   0.98697469652971950E-001   0.48252402027728252E-002   0.71734160059926233        0.34154169092949445E-001
   0.52766223718672102E-001   0.40725871033113290E-002   0.79171908214854769        0.38332749062438706E-001
   0.27011846087605162        0.57825458939786037E-001   0.71236033774935048        0.36956228042536662E-001
   0.54566932131102175        0.35946757781343146E-001   0.28532572983788973        0.30412165007245258E-001
   0.98964284319225448        0.20704360663983006E-001   0.55410705343639644        0.34383039857588636E-001
   0.72770719324360800        0.88259386408486462E-001   0.17390219319683837E-001   0.33198916453398807E-001
   0.82777205185134017        0.30048858656323146E-001   0.25656150037745962        0.37702663712343210E-001
   0.67787647442005783        0.88316244365339969E-001   0.73015628920129763E-001   0.33746467348539450E-001
   0.28552142008420123        0.10201429326395839E-001   0.54301839379843564        0.34679240402617960E-001
   0.15968407884141925        0.56820806246835810E-001   0.41959917239357675        0.34642278175605834E-001
   0.34611327475714804        0.51853393016066611E-001   0.51755293296129171E-001   0.37318718510858231E-001
   0.67964134142301721E-001   0.54823052734060365E-001   0.68183015663177249        0.34417258059017748E-001
   0.73434421254807536E-001   0.65262642636931233E-002   0.36775034162035947        0.35048032494546959E-001
   0.25997745085344820        0.10230853926468978E-001   0.60570340654800614        0.33007278127165952E-001
   0.87458337587521928        0.27946910766567912E-001   0.31174077036355091        0.34455500243128295E-001
   0.46814433456984250        0.90309321494141032E-001   0.34230029405249185        0.32473810199016274E-001
   0.98666896519323799        0.94387333612285754E-001   0.23169969235425433        0.34347884323743486E-001
   0.67127849746907164        0.35336133805862140E-001   0.31116621978645692        0.35226732588515115E-001
   0.47388446919402233        0.52744083247097610E-001   0.79535093542487745        0.31449132734789158E-001
   0.82445518521111660        0.27389126315392739E-001   0.35706614074489079        0.33111671528289428E-001
   0.66897451818580767        0.76060104283099186E-001   0.52077123009786830        0.35210416889588751E-001
   0.37140907116676469        0.60535256524674563E-001   0.59452445710698176        0.35002923507377139E-001
   0.56811743888605637        0.85851418259294321E-001   0.24870966446691242        0.35310703871475585E-001
   0.18022308009556376        0.21127691473366845E-002   0.27259486304316199        0.34059241042497662E-001
   0.57097591500579081        0.37296921293798323E-001   0.92472435631250260        0.33249043286334497E-001
   0.11899428765718405        0.56488611028359739E-001   0.36366838062826523        0.32678844957485832E-001
   0.14482504437004978        0.95020894961095143E-001   0.72991970490689798E-001   0.35039738054621385E-001
   0.91782482644219676        0.92084086962306438E-001   0.36411000541547014E-001   0.34843128670819651E-001
   0.94912424123580075        0.73624825542688219E-001   0.58222152601570698        0.33746930895014099E-001
   0.26263198639706076        0.60225720781727235E-001   0.50240916074161412        0.33660971083695451E-001
   0.41763848503261047        0.10556703966418645E-001   0.57794068923134101        0.35068027524390200E-001
   0.22601296535564552        0.78230026283222665E-002   0.73568659438106609        0.33661008579537903E-001
   0.56642033622923993        0.28736809947157535E-001   0.48113356495905341        0.36615449958716226E-001
   0.86614780278421510        0.25362442493819266E-001   0.46943217773272083        0.33908080404465774E-001
   0.83165857627496720        0.88289787120906280E-001   0.10702945118728682E-001   0.35349676020155506E-001
   0.20875667080965418        0.71929125060893832E-002   0.42431842193918556        0.34005477950791202E-001
   0.24602294350490252E-001   0.97289209983905701E-002   0.43023020067908274        0.31480962962256949E-001
   0.17044119532583957        0.55550974995659780E-001   0.32127135004490720        0.33968224789135824E-001
   0.97712961983043545        0.22849605300982387E-001   0.62325423843912753        0.35843718089118522E-001
   0.79201413617897765        0.80396787673211068E-001   0.15451291407223963        0.34571763085297226E-001
   0.30972995786558252E-001   0.16906522935201961E-001   0.27670829033947802        0.32617104189870509E-001
   0.87690601813460034        0.25390859553793957E-001   0.40119496110621550        0.34937589432685719E-001
   0.87663468394206767        0.32631293298679073E-001   0.74762203242680325        0.35378714053137209E-001
   0.83454122584046286        0.73857853841527571E-001   0.10052300581887263        0.34356325744863803E-001
   0.16479932214866480        0.65330455546487257E-002   0.37033004098423167        0.35409339507525124E-001
   0.30100479777393668        0.98528482338306675E-001   0.19952858862073852        0.35184872166076131E-001
   0.37725334115739073        0.10314480777037829E-001   0.48828763122571311        0.32099139359736122E-001
   0.66949756155921336        0.86665528241225240E-001   0.15560034464477643        0.34327435111131857E-001
   0.66949388861558734        0.88137971306710708E-001   0.87200846545560196        0.35513150400496324E-001
   0.40115632866820278        0.60454735096502149E-001   0.52916234049556277        0.36510189240822284E-001
   0.16756747707247818E-001   0.72836501414354285E-001   0.59474671862776363        0.34013235628741048E-001
   0.62015794074266162        0.86852131760760565E-001   0.20289727510172195        0.34013336251288349E-001
   0.97321651117494590        0.22960295206592707E-001   0.69548908440404023        0.33617187757562783E-001
   0.18064295005136355        0.54090445931787134E-001   0.90512834630089123        0.34455937944566736E-001
   0.42516636005869363        0.34478288153348365E-002   0.95129487842058325        0.32528996164027921E-001
   0.61621392635396943        0.82667036939520044E-001   0.82719872433520014        0.34182508412260615E-001
   0.73723379043154214        0.76084926912295694E-001   0.55044314393096350        0.39211413986829126E-001
   0.69570693063692526E-001   0.37873779607382752E-002   0.88273037862777959        0.34206509801286922E-001
   0.81980281452448178        0.88319754651577015E-001   0.91055555701086532        0.34583727264612889E-001
   0.82087146424155419E-001   0.99081701993201543E-001   0.19669167504711424        0.34157772803835196E-001
   0.36094004161962762E-002   0.53939394673300937E-001   0.96184568618722666        0.35489340255943455E-001
   0.51504463107181964        0.78572891830282363E-001   0.47942756483452570        0.34962613450063539E-001
   0.47017767712620123        0.87929546112169299E-001   0.62128899811629973E-001   0.34188806999957147E-001
   0.23622240380386753        0.51296801582187627E-001   0.16906717047440609        0.36135040915536050E-001
   0.75121434017813515        0.82521318697845167E-001   0.75566071894361175        0.35632643779067372E-001
   0.72382006968921009        0.88125133893525234E-001   0.91835554981379464        0.35684652848724699E-001
   0.63705190720977012        0.32004584197526505E-001   0.37153334339757271        0.34024802267712956E-001
   0.57363875668455333        0.86670939617384604E-001   0.87975819448037440        0.33419795992134085E-001
   0.89922436246299708        0.75360355040983928E-001   0.44069298757533204        0.32537270901553624E-001
   0.74246131011318206        0.76366893878860309E-001   0.62421352029391897        0.34624322263825974E-001
   0.62686313201413946        0.87819093651183289E-001   0.24755873234467596E-001   0.36422942530350319E-001
   0.57393362790676181E-001   0.14447439105391688E-001   0.55973527446077787        0.33863697652122576E-001
   0.31998529282611599        0.98513005929767736E-001   0.99509933607723589E-001   0.34331935239088555E-001
   0.65578258771838016        0.32234856296490311E-001   0.71687925441797806        0.32332198955696612E-001
   0.57505110291308326        0.24014596540312641E-001   0.57604536730284972        0.34355366378945054E-001
   0.11378355335871310        0.99140541508136407E-001   0.13369489055727171        0.33060375544932047E-001
   0.15599664991891174        0.59868584632670245E-001   0.61509066278480240        0.33736137169248115E-001
   0.67013907553012275        0.36701468798233321E-001   0.20592198354909319        0.36588569459621891E-001
   0.88531553939743912        0.30377675514187921E-001   0.21494267823202848        0.33284500637947731E-001
   0.30625560032685573        0.48524027064487531E-001   0.14807330922090253        0.36681206387613186E-001
   0.90693856880987656        0.23845578089237512E-001   0.60723770847619418        0.36114104169889666E-001
   0.73050923992300743        0.88213388051568392E-001   0.11960416678654344        0.36509700867511728E-001
   0.55882083196918242        0.30219613277080518E-001   0.73512624085092337        0.35066125463771865E-001
   0.88484455816670460        0.42051293250617627E-001   0.99918634839928555        0.35619133773742387E-001
   0.77999792426537295        0.78473742166602203E-001   0.35755329178075956        0.32912352099055298E-001
   0.68064433034443345E-001   0.56492254504635610E-001   0.31827516157026270        0.35294052045577159E-001
   0.19489702358192434        0.10537196668434756E-001   0.58961896956986837        0.34027554642632053E-001
   0.98189577820250296        0.37274770777110306E-002   0.91465497257636685        0.36181651242960682E-001
   0.10855931026331581        0.40062874580998496E-002   0.96984877509327394        0.34580624905148086E-001
   0.38117554732905812        0.53148612387833111E-001   0.82969128726348917        0.36667181020039713E-001
   0.62525548669852138        0.87092482887572223E-001   0.92473152708989181        0.33191191485231530E-001
   0.39835533087437108        0.31336438442109635E-002   0.87699959600262667        0.34202228140147964E-001
   0.68595698854874498        0.26056932273773183E-001   0.56538148292766199        0.33894823758056268E-001
   0.82651643504802308        0.38325832811336329E-001   0.95912937934026365        0.35171241790995768E-001
   0.89299858408133392        0.75485964504533293E-001   0.50722296237199649        0.34150990053595787E-001
   0.72066752523634325        0.30086807169253917E-001   0.25883914645146094        0.36762347620337116E-001
   0.62129518929458261        0.26009341143235550E-001   0.52570718102609726        0.34009968185391225E-001
   0.35204564026647461        0.53194534520306785E-001   0.89753738019863583        0.35619631593378762E-001
   0.42552702086334970        0.40750710335258664E-001   0.32821536701190462        0.34336544514578737E-001
   0.94220884714902309        0.45276055608865474E-001   0.24706994715034494        0.33614162322972110E-001
   0.60847169704386894        0.81010277121947930E-001   0.72673734233317044        0.35047434708045597E-001
   0.77758408074843255        0.30484568664471356E-001   0.20172222086437297        0.35322806180085764E-001
   0.35374286848236647        0.10543597217255646E-001   0.54996545346250914        0.33888384550136881E-001
   0.57576638913052591        0.87872272020096065E-001   0.97327547699604455        0.36077983941055672E-001
   0.96311174501619834        0.42503618165799353E-001   0.18324013088930141E-001   0.34665078184849936E-001
   0.64902001062184089        0.78817162981000499E-001   0.41981989539584619        0.34165797308406062E-001
   0.13853352891701040        0.57766228047203896E-001   0.68323415812177146        0.36221526955125295E-001
   0.71291980575604785        0.26035132891834619E-001   0.50370771782673873        0.33363058572560146E-001
   0.30037072217349237        0.40347632981799974E-002   0.92037433972255578        0.35350157266109503E-001
   0.97081779561482762        0.42521498057933226E-001   0.18570743975156584        0.33934551405495540E-001
   0.57503106705798535        0.34949405016901511E-001   0.34299914498548623        0.34272950941736061E-001
   0.18233666112536095        0.15027316470487527E-002   0.15610632448285868E-001   0.33748464214854265E-001
   0.16981666599638223        0.64216957023211257E-001   0.54372812914955571        0.35819528679209345E-001
   0.41572819490152491        0.37555913035060520E-001   0.61817189042231303E-001   0.34316840386780720E-001
   0.28221559736104634        0.98573193930008685E-001   0.29749789800144438        0.36129904682518685E-001
   0.31522437205354120        0.54062079911000531E-001   0.80309736018539624        0.34294803304838521E-001
   0.12649532239677280        0.49135339127113334E-001   0.17838621158091492        0.35118535088136879E-001
   0.84592074436281273        0.24122292646133855E-001   0.53521931310232995        0.34891791587729669E-001
   0.43613154287965916        0.58071891347624666E-001   0.62440901722838982        0.33896883409057214E-001
   0.53465610074697234        0.26037438488171163E-001   0.63312644054895106        0.35581062845254884E-001
   0.10021371343766887        0.54111064217706444E-001   0.76623796052157256        0.35094466595126918E-001
   0.84236848896709982        0.82476441076812901E-001   0.70847700307621864        0.36385136927730446E-001
   0.37409338931413610        0.39057479058792810E-001   0.11817564713702387        0.35714160349426927E-001
   0.16066829905471658        0.97603974644148508E-002   0.46631271088303311        0.29835359010016674E-001
   0.82250427349445460E-001   0.53899174722998947E-001   0.92913782200502593        0.34947204419438417E-001
   0.36653088835799824        0.28589286302721246E-001   0.36157847955023675        0.34519992549896621E-001
   0.42031377033263467        0.87873579036620408E-001   0.15818070202773649E-001   0.33530856359185582E-001
   0.78155080583216907        0.38074216155224029E-001   0.15094246371899891E-001   0.35090754411785163E-001
   0.33374865185193381        0.42967206521461541E-001   0.30216612433378620        0.31317195886814621E-001
   0.63236106952920090        0.26029796581063188E-001   0.61481025918624566        0.34703076542531908E-001
   0.47546073992435517        0.28615763503697218E-001   0.45600131501011465        0.32845000132128849E-001
   0.87479577576481871        0.73796391594973865E-001   0.57186650273159001        0.33018595275931296E-001
   0.91033794190210893        0.46554323895215508E-001   0.15485640602365597        0.33769097480712516E-001
   0.80825636024353087        0.76202185332249067E-001   0.56688956050836914        0.33690470386703662E-001
   0.86255237637443161        0.23828256438507247E-001   0.62975441633478804E-001   0.34130755083746266E-001
   0.66310121473395933        0.82436350662575722E-001   0.77166005534152193        0.34036296318626730E-001
   0.50630444357487236        0.87971225171115996E-001   0.84164715519176880        0.34999792720342968E-001
   0.67531914529387749        0.38384746551809117E-001   0.20134297989705056E-001   0.32595359103512654E-001
   0.44991291497643626        0.46818556124386818E-001   0.85762068436489913        0.35482606165382798E-001
   0.88051927622068482        0.80386185364779053E-001   0.26155026653120605        0.34899588141779160E-001
   0.94527900930383191        0.91185939519455028E-001   0.97337572841345177        0.33839982529229241E-001
   0.34888850812891586        0.78594813998773036E-001   0.43704175324509159        0.34479021328680699E-001
   0.98371230598991033        0.92607972314425191E-001   0.65235224404981446E-001   0.36501520703286099E-001
   0.29904388401089055        0.78118738254302341E-002   0.75462653349209541        0.34564380927616864E-001
   0.42885201933522443        0.78727263438109374E-001   0.45839988417434396        0.34423376466397752E-001
   0.69540565421187017        0.26141062235595449E-001   0.65193886271521984        0.36087210509020869E-001
   0.80109561914494376        0.21980977174867328E-001   0.45360490764004818        0.33018904950948808E-001
   0.31688774699360177E-001   0.64292613553763617E-001   0.52380233593329983        0.32350435904352652E-001
   0.86827129100792144        0.75285872374482837E-001   0.35769247539706883        0.31794210381917230E-001
   0.39179453631284439        0.79825382286599234E-002   0.64362010562961613        0.35554505410841333E-001
   0.17829735321090830E-001   0.92935618570583967E-001   0.16745556569343370        0.36694052712845593E-001
   0.86922757337376055        0.73493230167769194E-001   0.63737632089819474        0.32710096688993801E-001
   0.24307718089969638        0.89662196633151460E-003   0.60779476688621749E-001   0.33618866019783047E-001
   0.18214189513791024        0.20149635325764350E-002   0.16979109817090846        0.34272843668569287E-001
   0.67701371692661982        0.76032748433329536E-001   0.60837951050328809        0.32635038031764818E-001
   0.36285874075791491        0.88900776894384956E-001   0.16735827004222978        0.35191971541168328E-001
   0.87911532594542163        0.92006465046267735E-001   0.94862002965851422        0.35682910056251155E-001
   0.52173107346736669        0.88051033125334174E-001   0.92494124512685816        0.35400121017614819E-001
   0.62084341703835044        0.86076131144624674E-001   0.31945925983366613        0.35694456347762263E-001
   0.52423986249610000        0.37878808432748746E-001   0.97583352223973185        0.35756459250739038E-001
   0.98627332379606303        0.98019192450563924E-001   0.75913678738892998        0.35885398096295415E-001
   0.53380281334756274        0.85968102904451241E-001   0.32246675541973246        0.32713216285152023E-001
   0.92992629524670434        0.72971943722357810E-001   0.72000416304057557        0.36894959421126930E-001
   0.46620726820876679        0.37833397305143276E-001   0.15257856460822746E-001   0.34306037016594099E-001
   0.66746160995754367        0.36701801462439454E-001   0.82288725221240921        0.32992477791831884E-001
   0.31426200329437204        0.50947382994873884E-001   0.97144511984402260        0.35200427454134535E-001
   0.21934608839002759        0.21943323206443130E-002   0.32800487840448633        0.33742440905804701E-001
   0.35624277191748133        0.19927550721072838E-002   0.26515836281209241E-002   0.33361809727427784E-001
   0.45033273388538814        0.10547663717401557E-001   0.51612761344815272        0.34755488561102346E-001
   0.33256716473480186        0.60076248747297528E-001   0.50511349674976602        0.36168240610834484E-001
   0.67613819626951999        0.88057604370521667E-001   0.97227161608098944        0.35311388301067663E-001
   0.62592868195358031        0.37885115304138607E-001   0.97405730345644836        0.34723987572283850E-001
   0.18118882217980553        0.76888226547018922E-002   0.65673443347401761        0.34486236124042238E-001
   0.89729670884208423        0.33060616545519166E-001   0.84128266387104533        0.33519351113658592E-001
   0.48568684706411697        0.43783185087685285E-001   0.30201156947902263        0.31334842319170074E-001
   0.35628236488346471        0.58002726048040555E-001   0.67436535562605060        0.32986501641668969E-001
   0.20016375169782297        0.59785676831766346E-001   0.47544953703750026        0.34367000798057927E-001
   0.72535976572296185E-001   0.99318771264461439E-002   0.49008762060114902        0.37504744647308831E-001
   0.23448034629224343        0.20270702437609231E-002   0.22644498549822498        0.36599782912942101E-001
   0.61951854414389096        0.36494553591923905E-001   0.87777743424657406        0.34200148791460501E-001
   0.77930896210354272        0.26207370157770499E-001   0.51700006671273624        0.34074022118413670E-001
   0.60987532227363639        0.87630882334617258E-001   0.12140509256322110        0.34314006318512794E-001
   0.72466990090437167        0.80088233393760810E-001   0.30903040219605310        0.34195451582453205E-001
   0.40289281026607487        0.52887442531460618E-001   0.76192801617256933        0.33905230899527961E-001
   0.28504194598537896        0.53843709572038503E-001   0.87158819465809134        0.35873392172244410E-001
   0.89518783944969271        0.22914232261748570E-001   0.67887330331765905        0.36420583811806594E-001
   0.34304524908300038        0.92889393351535440E-001   0.26166059322325352        0.33166765836935473E-001
   0.32720420742678913        0.10358955444797025E-001   0.61539109298927785        0.34784575624823594E-001
   0.31781599609220146        0.78602586722837667E-001   0.35646761903633634        0.35420730531020191E-001
   0.82517582036350745        0.79991582679047282E-001   0.30810462382098974        0.34065985604085795E-001
   0.70231123314287658        0.76003922284540504E-001   0.46099938486747194        0.33205785473966430E-001
   0.31316508812474042        0.28542684831689716E-001   0.40537802060506822        0.34515523903352031E-001
   0.15768142945042626        0.53921484617747623E-001   0.97116895706386541        0.35446071776337115E-001
   0.76833460152620137        0.33444756067652077E-001   0.81471445040877866        0.35101205284979564E-001
   0.65067340257974240E-001   0.59791012593822614E-001   0.43999422289182227        0.33527946273710640E-001
   0.98297841686358717E-001   0.44341684958341065E-001   0.86166636686672127E-001   0.34009612367698526E-001
   0.56100638738390340        0.37665190295244871E-001   0.11985830497103800        0.35594026466500062E-001
   0.98226358101694583E-001   0.64316590337324453E-001   0.53926692293362644        0.33709743530425627E-001
   0.18374759164059704        0.57778415274912676E-001   0.75669157997271330        0.35053555494333352E-001
   0.84145028501276020        0.33075126910716963E-001   0.80563213845591186        0.32320355390121402E-001
   0.12172988426257292        0.59740397876598128E-001   0.47631806880680777        0.33638920197098889E-001
   0.29316452028210249        0.48535671039139000E-001   0.24798529405052330        0.34865506474113107E-001
   0.77160447008590483        0.26218688610264947E-001   0.59024496468037513        0.32248062012561675E-001
   0.27172023946280383        0.50854698117900048E-001   0.90166589872474223E-001   0.30780839862101540E-001
   0.10434627427855106        0.78389586538259899E-002   0.64844241599076979        0.33564036072498846E-001
   0.80371609567043523        0.32514985866565489E-001   0.74669476791085110        0.37405463683868059E-001
   0.24685646879943254        0.79362796094418417E-002   0.66999460494610830        0.32505277017399990E-001
   0.71987078356304224        0.38185711428665364E-001   0.86977566429342801        0.34087462120791605E-001
   0.37403666553103276        0.81085221967989313E-002   0.71783371271392904        0.35247260588057161E-001
   0.24784557146781367E-001   0.53782716596116276E-001   0.89184358336043079        0.33460930508568035E-001
   0.57021868631931794        0.85426770903081733E-001   0.67040309783558863E-001   0.32839739640385120E-001
   0.93230716997283503        0.92469566234348155E-001   0.19628449273073537        0.29905988412897003E-001
   0.41274031047099563        0.38187273158536150E-001   0.17854919589115403        0.35681641468472726E-001
   0.64986712992868720E-001   0.44181165051848312E-001   0.14889697131758364        0.33036329851762955E-001
   0.22919821848014088        0.52092334389885087E-001   0.27927262265794700        0.36229002924307488E-001
   0.18438280944763097        0.51911909574489656E-001   0.21734060046702333        0.34676658605430878E-001
   0.55845857541640564        0.87601237816369637E-001   0.16941758368591098        0.34504113510646112E-001
   0.82628505028508503        0.74044966339446822E-001   0.49314066868788609        0.33275812189642741E-001
   0.77792770655665588        0.88091168117538310E-001   0.63622972692798679E-001   0.34609822685236151E-001
   0.50740986165826996        0.39959390690605702E-001   0.36392568036595047        0.34349467853596258E-001
   0.25603086043622469        0.57142831787560848E-001   0.43371058506294269        0.35365919578083410E-001
   0.48586792950403319E-002   0.72871742834201947E-001   0.66305291591859361        0.33785784596017214E-001
   0.42874665635942327        0.28357127952390914E-002   0.80475068078224465        0.36428519636634432E-001
   0.20248766517990588        0.38971594826442469E-002   0.94904675404596173        0.35115884675668473E-001
   0.28698356532950126        0.60264058641021183E-001   0.64268019649337371        0.34750722764344197E-001
   0.64584948390579078        0.78293756395862307E-001   0.66775848437799845        0.34372178425631401E-001
   0.11256525957387683E-001   0.65008952189123783E-002   0.33895646866544943        0.33453956931629066E-001
   0.21455558077638806        0.53997115434602373E-001   0.84364348865961425        0.35449098279704418E-001
   0.21867494086676198        0.10098834419638585E-001   0.52054484158412129        0.35079795947162866E-001
   0.83170863772355164E-001   0.58565280344731054E-001   0.60589736361472668        0.34821813450982161E-001
   0.68078148605201017        0.81818668494961222E-001   0.36043973604740098        0.33159805201037756E-001
   0.84261845097819388        0.29888584648227690E-001   0.15484743905286003        0.35956673305955478E-001
   0.16056931031799404        0.44896980169613188E-001   0.11793282288071051        0.33880176253333998E-001
   0.40025811360887792        0.88321363103530087E-001   0.22575888373325423        0.34044593516625553E-001
   0.50235546673605180        0.93762022061713857E-001   0.26519850707366915        0.32919707822878432E-001
   0.77493592434102998        0.29738041765402169E-001   0.30844660262878182        0.36295478477729917E-001
   0.72710631735307496        0.38213555981749532E-001   0.66213507876891384E-001   0.36630490089036565E-001
   0.73675873729186270        0.32510434175798290E-001   0.70872647752573237        0.34441605905557109E-001
   0.16965991087257218        0.40470276371105014E-002   0.86012346873780110        0.33628744962568409E-001
   0.67326650276964972        0.38060132582396031E-001   0.92227307715478368        0.35416216127872512E-001
   0.82463323155005164        0.73867307370229271E-001   0.40967921539120383        0.35797488726115469E-001
   0.73180397536723629        0.79149915988191738E-001   0.40209414882471661        0.32667086830373254E-001
   0.10947917803047094        0.97790164807829028E-002   0.42726161163679804        0.34523726978840402E-001
   0.40740412480525007        0.78605284139724119E-001   0.38416363568496298        0.33881937205378916E-001
   0.93439506995618016        0.20836568962664385E-001   0.47469797033425015        0.34218716807417608E-001
   0.26429884796468767        0.39254438833051719E-002   0.81975013533489527        0.38880756963267905E-001
   0.31788596485876154E-001   0.43003902605389999E-001   0.21556232881907389        0.33862744687869498E-001
   0.38680471410098471        0.52918381449778534E-001   0.97028604646392602        0.32862711862402937E-001
   0.46555240401066922        0.37925134771954257E-001   0.11046518945793123        0.35295682423809926E-001
   0.72677847654787009        0.38100121688030293E-001   0.96951598857669963        0.35841538511340962E-001
   0.50816270511790396        0.39958642174060310E-001   0.16456284497644644        0.33529107698742552E-001
   0.43758158621098808        0.90877784597431260E-001   0.28282067946556766        0.34159068220712019E-001
   0.35965867962794661E-002   0.54002175514144338E-001   0.81274122321979769        0.34822743553495988E-001
   0.72459147875798524        0.31788885447330550E-001   0.35661606127306950        0.33285414074702008E-001
   0.44094441299484793        0.25771451373729644E-002   0.73524746529427054        0.34028235233662052E-001
   0.93260204995835638        0.42154816529783236E-001   0.87009477653235814E-001   0.37740018165785226E-001
   0.98544820592267734        0.59919141994013062E-001   0.44942780587960041        0.34696071452873511E-001
   0.58455934590004366        0.76022855144352211E-001   0.62593316948957189        0.35353626122933232E-001
   0.33264680758097348        0.31614418299450880E-002   0.85018722446228645        0.35868259184438957E-001
   0.62941290713912657        0.37767928978415313E-001   0.76529208782312771E-001   0.35535436504017880E-001
   0.50232297490112598        0.27637775562421975E-002   0.76430799954977924        0.33879567641806919E-001
   0.51755493615665848        0.23348066601012005E-001   0.53452115464603445        0.35928354477162722E-001
   0.48776936621104577        0.52822759294620263E-001   0.71676323083500582        0.36439130690412116E-001
   0.70694401425648545        0.32484517833332588E-001   0.76926783747269445        0.32445571777533835E-001
   0.23667531323741162        0.60198807861933795E-001   0.56617107970394231        0.34798555036571040E-001
   0.71666761425606768E-001   0.73970714168614185E-001   0.25513953707595260        0.30289447285006248E-001
   0.47297649064465974        0.44920562015752001E-001   0.93432193563532362        0.30348915872455032E-001
   0.13346644447106179        0.14268363760065770E-001   0.51986878975289930        0.30384809705134987E-001
   0.62019424913350363        0.37596352632211776E-001   0.16126240565207645        0.30408281864469467E-001
   0.72385338363374718        0.39513188877601378E-001   0.16512068689761958        0.30303975436298997E-001
   0.20015401044258768        0.95127481173522127E-001   0.10800555789477487        0.30380153034943781E-001
   0.56800198696158788        0.80539969288130370E-001   0.52768663449058850        0.30369831412093099E-001
   0.96077867204235701        0.16148812372350569E-001   0.30104130057351547        0.30324119042693349E-001
   0.77445527095752698        0.28875922170838859E-001   0.39648055455941417        0.30360016377927620E-001
   0.10882540345366806        0.40876193146320468E-002   0.83144397561268157        0.30329536455462450E-001
   0.52261120786050219        0.42400696049855469E-001   0.22902793352928497        0.30375325103795398E-001
   0.77113087884628573        0.26387757107039250E-001   0.65422045311505261        0.30266206773888360E-001
   0.81227865766949892        0.33141342337304647E-001   0.86344122308211713        0.30344159365963908E-001
   0.41670581171255966        0.87435938754194739E-001   0.10377679649520088        0.30312746208034140E-001
   0.90898434621024249        0.91605686589401353E-001   0.88949524559482085        0.30340676138368387E-001
   0.76777301350584171        0.84771580170025937E-001   0.86454414310145267        0.30389571281986414E-001
   0.25674368430949723        0.50345595526564944E-002   0.37996259293251144        0.30326738466748680E-001
   0.73835909851147175        0.26019312046598766E-001   0.44523910476767758        0.30366687358477622E-001
   0.34524357893238940E-001   0.60071357640696819E-002   0.71060974908507712        0.30352923892582755E-001
   0.57886259054496958        0.36215506535009281E-001   0.26035387150136917E-001   0.30362530855866265E-001
   0.89275803132205445        0.96527996957590470E-001   0.11847863031067163        0.30385376240436236E-001
   0.76495452538828201        0.73436813745477170E-001   0.47525502791289165        0.30315091170341292E-001
   0.37819020131158093        0.84732257084075932E-001   0.31460144400450274        0.30399955111266055E-001
   0.46091630615229695        0.96833156284710398E-001   0.89921007441824241        0.30388143843495526E-001
   0.80659848482226637        0.79408209488086204E-001   0.63364176684779316        0.30267932291190736E-001
   0.80542685033341077        0.83111731569603567E-001   0.79354275112265649        0.30384441728905691E-001
   0.21959446688712275        0.53325866294326257E-001   0.99397477441282012        0.30331276679452675E-001
   0.57536882029937675        0.78727214285900987E-001   0.43754986474018948        0.30298562555631309E-001
   0.60925188596482038        0.28931262570269400E-001   0.42957564269350940        0.30372512276351411E-001
   0.41908440569239280        0.65450494209725887E-001   0.68732980816317124        0.30344995581791847E-001
   0.19805666000675226        0.82378104661865077E-002   0.79851592391631154        0.30364168576932925E-001
   0.61460612451483587        0.77101093777809354E-001   0.48393945237833319        0.30332604059019514E-001
   0.36029969709751621E-001   0.55401816725078046E-001   0.74591906669385022        0.30374257802524913E-001
   0.94737140115356921        0.47710556830850286E-001   0.77998131049071406        0.30337421921162285E-001
   0.49513462245751261        0.90169701771173422E-001   0.20242207555585121        0.30350237455030970E-001
   0.20488369177596732        0.55763108575392642E-001   0.69432897162291118        0.30374840624371728E-001
   0.47501726127036010E-002   0.13805775125213214E-001   0.49106030413282442        0.30348877586886425E-001
   0.72534707456299441        0.90050468466442907E-001   0.20297770733169340        0.30394852931654032E-001
   0.35993383898885195        0.86797943994449192E-002   0.78259491650044666        0.30356947243860628E-001
   0.62035089524099640E-001   0.44907040596960955E-001   0.99196504646053996        0.30425379886148064E-001
   0.42336535413230646E-001   0.17089137856652972E-001   0.63544696430544212        0.30396193937247025E-001
   0.73719124116085791E-001   0.54156614246349238E-001   0.83415296659310256        0.30380605237984692E-001
   0.53019782950150551        0.39629993228928025E-001   0.42500604048038804        0.30425513477110172E-001
   0.77699920852720039        0.81600297380922920E-001   0.69481189223192974        0.30400148899045593E-001
   0.12983431083731112        0.94162496105225285E-001   0.90921214112830662        0.30328004308392466E-001
   0.49342986715319842        0.75207339074930865E-001   0.64828745531288123        0.30350062420814450E-001
   0.50985419883293914        0.38005739742870304E-001   0.88382516998466176        0.30367412216012340E-001
   0.26927221031383825        0.51957645262295384E-001   0.28994079426452383E-001   0.30332182174379607E-001
   0.53837564964254114        0.89976200073806564E-001   0.39085662235637114        0.30315975435369680E-001
   0.14149312461386762        0.40824186426166222E-002   0.77571893454499974        0.30395473067350822E-001
   0.52621618540609760        0.88086495434211598E-001   0.19250691600601656E-001   0.30305860813568161E-001
   0.10747938720021366E-001   0.38653292077510714E-002   0.85436530744701611        0.30448319575571394E-001
   0.78167790124513736        0.32630188337045347E-001   0.11089785951917555        0.30363195740606638E-001
   0.36337232703675809        0.29498049767531717E-002   0.93934585249603431        0.30341333501068015E-001
   0.14207838043286722        0.12998501808758902E-002   0.22056954043067506        0.30405631185310519E-001
   0.68908039209572691        0.28480237920505986E-001   0.40971623313790112        0.30358727865028984E-001
   0.20000325370008318E-001   0.18955131918857724E-002   0.41478558267059760E-002   0.30309888755279742E-001
   0.43964630223861663E-001   0.39867692424562003E-002   0.94688862734207968        0.30395508011926788E-001
   0.12032420329582683        0.44149555605623760E-001   0.87597757457723846        0.30352310495000059E-001
   0.26274113270204563        0.48529344085656366E-001   0.33675949010249201        0.30324469635114371E-001
   0.59763564402806157        0.82120910296357430E-001   0.38105396605032055        0.30245756985047358E-001
   0.21998048386899979        0.61716179534104978E-001   0.63134898480717749        0.30406749443652941E-001
   0.97573953906981792        0.97833620332343177E-001   0.39419897057471981        0.30376294366559659E-001
   0.47896611812934609        0.10654134232619078E-001   0.60105799181451669        0.30374992015602776E-001
   0.57892331241529138        0.36951220353465986E-001   0.20621435728638290        0.30364869522406666E-001
   0.92091545012590859        0.24528305575904082E-001   0.54201518575393393        0.30375010626926494E-001
   0.68261650927353335        0.36753534274140541E-001   0.11645004298882156        0.30370386122821575E-001
   0.48083281896896529        0.87879624389021263E-001   0.97671531987202265        0.30450616530173617E-001
   0.16386752582465627        0.77795368693358118E-002   0.71927969028026284        0.30402849340831664E-001
   0.13004688239945136        0.42096400666279843E-001   0.29880502818540763E-001   0.30354097083500908E-001
   0.24642728969822411        0.53973968530734752E-001   0.77527310683216633        0.30338278463087825E-001
   0.99471269081803604        0.66686302879493273E-001   0.29061450907357522        0.30425431202348533E-001
   0.33890197243319370        0.57981513008066490E-001   0.74238151215110626        0.30372527510715931E-001
   0.94137997970759812        0.48215617959425049E-001   0.40261342740884465        0.30377032578804843E-001
   0.92658555709169699        0.66048409919295670E-001   0.30547317477925806        0.30310276062538128E-001
   0.83037382308510477        0.32444550297864153E-001   0.66582520053584315        0.30370865489328217E-001
   0.44756579938767793        0.28602781664646078E-001   0.38779035690356928        0.30289422252852558E-001
   0.30721405853647504        0.60239123549918554E-001   0.57861004576912545        0.30329150838767999E-001
   0.41596563978569523        0.53266555321979450E-001   0.91404668563452607        0.30337793539564093E-001
   0.30272988264990569        0.19356593779558768E-002   0.37252117682267556E-001   0.30344208655196839E-001
