 3 HS poly
 400 2
 241 159
    1.0000000000000000         0.0000000000000000         0.0000000000000000         0.0000000000000000        0.10000000000000001         0.0000000000000000         0.0000000000000000         0.0000000000000000         1.0000000000000000     
 T T T
   0.33830975168802413        0.52501533641912103E-001   0.75347895237066853        0.37770934240945658E-001
   0.39655803812572643        0.24059544764147185E-002   0.43065515426049139        0.35430678983496174E-001
   0.81928940293395314        0.51535367040334540E-001   0.29340860316773393        0.34689191202917129E-001
   0.93572274747747497        0.25728989963162210E-002   0.28768462510559673        0.34794375436637680E-001
   0.46989783615480347E-001   0.25262370948327677E-002   0.55730528539036650        0.36757898318861004E-001
   0.40563103974935727        0.52439045035012490E-001   0.14462830925274206        0.37540009469473293E-001
   0.66715181006436808        0.30177601618029096E-002   0.96621850550418931        0.36651921485234176E-001
   0.54844973691644183        0.52895303005779229E-001   0.67499658001450483E-001   0.37512682844502175E-001
   0.49622884665117439        0.28295357883964729E-002   0.73254486022414633E-001   0.34946537378296443E-001
   0.51959673975780142E-001   0.21302530421920068E-002   0.18634491704641462        0.36993344907999576E-001
   0.70173390919071676        0.28145506026778914E-002   0.29899765090558444E-001   0.35758410431503691E-001
   0.88982893275887531        0.25110328627335364E-002   0.16132904988399996        0.36564805224430640E-001
   0.63674284199126918        0.53297766877150488E-001   0.69273158779983246        0.35653722841264723E-001
   0.75998392206482335        0.24909850197109770E-002   0.22270759521635228        0.35685055474912387E-001
   0.57665353705788081        0.21833877144741480E-002   0.20609459921078052        0.32896383011266503E-001
   0.76090252222772181        0.32977752610836072E-002   0.83464461861652250        0.37331829628202390E-001
   0.93306673793986861        0.54246365441157851E-001   0.95542206860370127        0.36346633260903559E-001
   0.21469921626174182        0.52386106406599346E-001   0.45557169338701903        0.34615107517374517E-001
   0.45571813965179253        0.24190154970085767E-002   0.12993417750164257        0.34719776733942428E-001
   0.32379249761246615        0.25232226232234315E-002   0.37225740118277062        0.35760274110876226E-001
   0.61186970219473405E-001   0.52629497962897009E-001   0.37209159311114615        0.35020787528607329E-001
   0.18287006582104423        0.52029441338862739E-001   0.24782889752695433        0.34994178803222566E-001
   0.51603436909312850        0.52463435181197698E-001   0.81821466020939282        0.37568951630173833E-001
   0.47896983284173777        0.52060597623487248E-001   0.67968933975435153        0.34510501186274918E-001
   0.23773220880212628        0.24269150131200883E-002   0.50051672162974215        0.35233339292925867E-001
   0.61845022097583535        0.52898737909606509E-001   0.76200382099500052        0.35951554169640861E-001
   0.15143617006859647        0.51611350718983234E-001   0.11053621525042398        0.36307720168885491E-001
   0.51249321347177701        0.27558125700187877E-002   0.57655587861100543        0.32718109443184741E-001
   0.12284860098736301        0.52956055318016351E-001   0.28264731410241961        0.34325655529260007E-001
   0.87662501748711741        0.53250447943288030E-001   0.48415348123492546E-001   0.34776646039274745E-001
   0.96013352115888151        0.52556003218187701E-001   0.24084879421320976        0.37922827718871455E-001
   0.72135840387048122        0.25571736210239040E-002   0.35300569252208031        0.36103933102809439E-001
   0.35217221730819859        0.52486601105949215E-001   0.33203398363854975        0.34379165518543524E-001
   0.37678874815113605        0.51692551851783564E-001   0.93220064708249173        0.35813894684793721E-001
   0.35430050870879343        0.18952288535006138E-002   0.15785908903049387        0.33364866773901665E-001
   0.82309019371543091        0.52429128843538009E-001   0.40726163134921628        0.33345774078735575E-001
   0.53737899185282845        0.23805723327578964E-002   0.38703750681312449        0.34307203892202716E-001
   0.57806579727213558        0.49922395397074054E-002   0.86247298089685998        0.34415971656025252E-001
   0.19183455817720474        0.52502717523616994E-001   0.59858708251714599        0.35510795262541868E-001
   0.54530229852039547        0.53834016281066745E-001   0.67274063656913885        0.32207012647124708E-001
   0.39108890701751364        0.27030082465806654E-002   0.90173386213293294E-001   0.37603208972194567E-001
   0.18603102495040214        0.23632542592035653E-002   0.35062793383394153        0.33985042814860249E-001
   0.13362028581319452        0.24351405044474479E-002   0.80904284931559423        0.35457598041583396E-001
   0.69303489184636868        0.52807733109393608E-001   0.46081592751440736        0.33997305923886313E-001
   0.85272275715231338        0.40310161083908736E-002   0.73708876750200880        0.32603451164499218E-001
   0.75967705380072716E-002   0.25317402245516075E-002   0.26689014076414636        0.35741659928173165E-001
   0.40998309996334792        0.52397380043786461E-001   0.38627922618137200        0.32697077827795011E-001
   0.87080838098930147        0.24352177458084497E-002   0.39361190156338638        0.37067872397722149E-001
   0.29303983013723445        0.16289264343515711E-002   0.99910162687102178        0.35906640730516720E-001
   0.77563751715763252        0.24666700521513954E-002   0.40028416257422689        0.35852054786771614E-001
   0.58439220597027974        0.32014173492445710E-002   0.70021551746093613        0.36488519099931088E-001
   0.48459382571953047        0.46411979984794342E-002   0.86596767079671133        0.36157928773536768E-001
   0.90558352946328580        0.42557068793066203E-002   0.69874759277302823        0.32685766259555174E-001
   0.62673425732301136        0.23317930554520158E-002   0.26282649179168804        0.37906390498979085E-001
   0.53000049393643045        0.52453900626927910E-001   0.33807593827134336        0.35792708985906620E-001
   0.82853931875241232E-001   0.52112217693566956E-001   0.14413966249723129        0.35067216617809732E-001
   0.92185924308149692        0.52535533460891827E-001   0.40778607450448201        0.35656046581587109E-001
   0.74332645601310599        0.53243688866086804E-001   0.88268490618939621        0.33251934880625243E-001
   0.28287360707131110        0.52529416185068081E-001   0.47569395639696388        0.36454558054704538E-001
   0.25327083910406145        0.22053629403449336E-002   0.36628481140399605        0.35011784190837135E-001
   0.61503722994627619        0.52580670982049042E-001   0.96883079493829793E-001   0.35269102633108861E-001
   0.18768756197101175        0.52547394086831317E-001   0.66866317364736927        0.34602813296427705E-001
   0.79877545408432060E-001   0.52493607738237739E-001   0.80710892829288794        0.37175625279382903E-001
   0.78140942027782337E-001   0.27086703790215206E-002   0.85846223706056723        0.34365592404479936E-001
   0.31465164504700682        0.18350377009499538E-002   0.30184049683003783        0.34461325386215137E-001
   0.15975065531992108        0.52104544993465007E-001   0.70446429435055760E-002   0.34412179866089070E-001
   0.52275351592154196        0.26037020535397046E-002   0.15581738365503753        0.35814013687892408E-001
   0.98491963029457708        0.52737082058822639E-001   0.62064648707639247        0.34174516324045764E-001
   0.73604478919566463        0.98363974609454771E-001   0.55129085363827435        0.34645898615273590E-001
   0.39246507768897870        0.26382696046695223E-002   0.50083445722912967        0.34177106547511611E-001
   0.11372728246787273        0.21852032255312028E-002   0.91980152632305412        0.36485431812691864E-001
   0.90166451943613868        0.52615643819707472E-001   0.51203880900225152        0.33533213891494149E-001
   0.13224699202349724        0.22602202015900106E-002   0.16265887849096236        0.37062588829696111E-001
   0.33236017659414685        0.51207642884464902E-001   0.61088513415734325        0.33493493827717685E-001
   0.82982827655262437        0.33578465714217730E-002   0.25934894380888175E-001   0.35078217608243110E-001
   0.47165602132426176        0.52458034652110547E-001   0.76100518447623033        0.34834498976220513E-001
   0.22941638716747764        0.24645045683708970E-002   0.63641950603589315        0.37562943469971466E-001
   0.68142430383665142        0.26860369043966862E-002   0.41307942626542227        0.35982063060880407E-001
   0.97912225320294333        0.23728403970497709E-002   0.84236045682219651        0.31506024074242647E-001
   0.78331083308738769        0.21292611836602111E-002   0.50130273764460953        0.33856694218489441E-001
   0.54923000374340170        0.52835533286960501E-001   0.54300302756591923        0.37168474246993356E-001
   0.13831066924888696        0.52403428578808087E-001   0.35882792497241423        0.35567990950276469E-001
   0.56457118297220699        0.24925715279433894E-002   0.30325420756800681        0.34232291247405053E-001
   0.42968895878985602        0.51088843217109270E-001   0.97858510374539531        0.34524329017457486E-001
   0.63276266556623784        0.30276238910527885E-002   0.46996782869519471E-001   0.35254057607759196E-001
   0.36418535263184121        0.51612380376084926E-001   0.20487224780495703        0.35541453846544925E-001
   0.85421136410663578        0.53082388998414033E-001   0.58495575510125286        0.36087357239423530E-001
   0.48543608725627219        0.53019991645598764E-001   0.92034314302295239        0.35643529591702951E-001
   0.32639956892487471        0.15967177271785941E-002   0.93623406721207258        0.35204345508395164E-001
   0.23814448622280288        0.51562257297795101E-001   0.11576923047085975        0.37953306555650240E-001
   0.22931206384675959        0.19532189490893180E-002   0.92469296977391602        0.35486636610329310E-001
   0.22811014344200086E-001   0.52588298928765834E-001   0.68074709975458059        0.36819424700872967E-001
   0.16951680975679811        0.24432059959427822E-002   0.47834904999315553        0.36478958702059743E-001
   0.13591277394135511E-001   0.22756757474126396E-002   0.49144605218446075        0.32822411260014638E-001
   0.32641324324982135        0.25605316961219279E-002   0.44627852955772440        0.36032915738985517E-001
   0.48968406296833406        0.52411425943938522E-001   0.39705210953534259        0.35490384768957689E-001
   0.48558127137667256        0.52573072507099784E-001   0.26202967097793006        0.35997591316819150E-001
   0.77322867078221413        0.53240057183534611E-001   0.94331744979836607        0.34270544513180241E-001
   0.99868511607220434        0.52525193298369632E-001   0.77986100671825165        0.36937800210765981E-001
   0.26955609413763337        0.52530789500227007E-001   0.67403227878608984        0.36692788601464729E-001
   0.49049678276179745E-001   0.52455403925728762E-001   0.30057712317453078        0.37318454258111533E-001
   0.27794782942525870        0.23982034706474158E-002   0.79312177812299545        0.35046985540654510E-001
   0.81239657649952823        0.53131460268894738E-001   0.64032478898747136        0.33272804550405523E-001
   0.21534736393906029        0.52367333219502613E-001   0.31128295164256881        0.36009552468773659E-001
   0.85174337164773783        0.30963895825971287E-002   0.96363226149882450E-001   0.38647446139934198E-001
   0.12391864562399396        0.52456655271944458E-001   0.57568855777564010        0.35383669231957099E-001
   0.96898838041045432        0.22063942897992471E-002   0.42168438597986319        0.34204437780868083E-001
   0.66384567367007263        0.29852199367124146E-002   0.73320618537778637        0.33778903704824163E-001
   0.27993888593208849        0.16472588621739002E-002   0.86476411699603351        0.36612754135227930E-001
   0.18370191661148924        0.52050399494774725E-001   0.81280055165406462        0.34749837029575376E-001
   0.88772083875640040        0.52565456404818162E-001   0.28147045163625400        0.34766282399411874E-001
   0.19549206093001406        0.52393773686988901E-001   0.73883507903446488        0.35899478310021188E-001
   0.62372823251842768        0.52279534634646123E-001   0.20051852252514554        0.35914346315565150E-001
   0.57296692042297881        0.52450497663266926E-001   0.25455877582629555        0.35868257929815156E-001
   0.44557493896962119        0.27675205282461134E-002   0.57653553543940861        0.32874983694781423E-001
   0.70672090122283193        0.32407111065714100E-002   0.61150496227846773        0.32092901103930989E-001
   0.35103372547905859        0.52637646233006576E-001   0.48611364843368143        0.32400669562048026E-001
   0.67891857943233780        0.53184552598484092E-001   0.91505725394204795        0.35721220030313285E-001
   0.69244898211353889        0.31064912726946024E-002   0.86468758544203606        0.36299805899539912E-001
   0.44787682066561324        0.23332258055069779E-002   0.71810138105541332        0.35086189260910602E-001
   0.78870825847377146        0.31669664877707845E-002   0.59883025361960818        0.35836230109057399E-001
   0.16101413670229453        0.15974789129094048E-002   0.59476055984479206E-001   0.35036819332499199E-001
   0.80821503677447093        0.52879233239058347E-001   0.85197703852667750        0.32804740332872007E-001
   0.43688759523027410        0.23298585334184472E-002   0.31095187829579946E-001   0.37132186151279931E-001
   0.56540977510721693E-001   0.52097380636809500E-001   0.81760178253255641E-001   0.32204108210621668E-001
   0.51482461725340467        0.24794702208600122E-002   0.70720768852603100        0.32562297366175504E-001
   0.59464215376175966        0.33244994800484076E-002   0.97451178898053925        0.36226774055895493E-001
   0.25348846155004084        0.16558809286751092E-002   0.16551119978509812        0.34135123206827371E-001
   0.19308853165705192        0.52458728682827777E-001   0.52590668912678507        0.36416700331094690E-001
   0.25162722486526501        0.15427917099919254E-002   0.60274343640308925E-001   0.37814968243190021E-001
   0.10923350679222783        0.52681326674218043E-001   0.70643464224455388        0.32189939065924197E-001
   0.87038595845429723        0.52522047608979543E-001   0.21176038237299707        0.37010311492638587E-001
   0.45542291825585635        0.52425308071790681E-001   0.33071995652821368        0.39015998079033540E-001
   0.77860419432630990        0.53270143912302975E-001   0.16952939416598101        0.33864324126503510E-001
   0.97153017756536106E-001   0.24354063728762956E-002   0.32663804919382528        0.36671743649666570E-001
   0.62161757563955067        0.24328261625594216E-002   0.37555612912466035        0.34479781480516454E-001
   0.48752357400330798        0.23846437778997720E-002   0.44732992079080230        0.35421903640652314E-001
   0.10245450591501391E-001   0.52419155725379286E-001   0.96505792433896587        0.34984678530972084E-001
   0.35269280558251220        0.13894745348227741E-002   0.86816489338064484        0.36008541057898080E-001
   0.54426903111501956        0.52680674897468194E-001   0.44049273360569952        0.34263962204288047E-001
   0.78823062667297050        0.53141230247595685E-001   0.54963830266560321        0.34283534279293960E-001
   0.31864645007751885        0.52267138518805129E-001   0.82574930131885049        0.37079348567556160E-001
   0.95689101979694347        0.52329007546061360E-001   0.47011385071155715        0.35795057883586869E-001
   0.90260563748039724        0.32470743345801162E-002   0.23497995179876806E-002   0.37843667419756706E-001
   0.43738490827978493        0.52389596521360084E-001   0.46292414869910425        0.36572416395442571E-001
   0.10491461405917049        0.52359053392808920E-001   0.21031813039004887        0.34670915832324137E-001
   0.89941258777508148        0.52710720750475976E-001   0.11438209330838624        0.32380074987192399E-001
   0.59131224658122628        0.53307269663750004E-001   0.92436029469864744        0.34647621581932145E-001
   0.34100842921104274        0.51911648560173301E-001   0.67851865483751550        0.34680880240844300E-001
   0.63088526043358240        0.52633878978118588E-001   0.42752533005519888        0.36502946518554853E-001
   0.91762291620825021        0.54068555320695114E-001   0.65454647449072878        0.34913042052958664E-001
   0.58553244466506082        0.26297904268742667E-002   0.43163173088633244        0.31068029366965379E-001
   0.30366082327696309        0.51681993039809297E-001   0.16540491402916638        0.36668665214224509E-001
   0.92261052084413697        0.28268873723632172E-002   0.74961301554230114E-001   0.35113514029279952E-001
   0.37930589359236599        0.16448624687102774E-002   0.25104077945575082        0.33941497801402397E-001
   0.77391606471067231        0.52538440180561918E-001   0.34810675442478517        0.36348776002892734E-001
   0.53939164048947386        0.50489568260310980E-002   0.92761979434161324        0.36185177162722952E-001
   0.97762123959710112        0.24405507201634711E-002   0.55203602880548068E-002   0.37096498461226070E-001
   0.94033050908324123        0.52879493895558738E-001   0.56823961709614312        0.34625018477089507E-001
   0.91701082201827586E-001   0.24468423933804401E-002   0.61542482344944094        0.36135574338588362E-001
   0.30420375696556012        0.24487610971046054E-002   0.71258525689989549        0.35157474320458466E-001
   0.79117458960152476        0.27994240862794732E-002   0.89959202728322818        0.33989703537878314E-001
   0.82691928191630160        0.32233624261980040E-002   0.80074431935208323        0.35479737754303117E-001
   0.28402277216729899        0.52138385738576647E-001   0.40441951908229384        0.34828540141670916E-001
   0.67026603327331680        0.52807910914705769E-001   0.14843594758965806        0.33875284508922382E-001
   0.37657535626821065        0.19012841945911020E-002   0.71384798207658284        0.36071416341654484E-001
   0.26095045845891829        0.52856138505716979E-001   0.54194137915056584        0.33312838169325246E-001
   0.61326016265690708        0.52436915959300438E-001   0.32231110998406287        0.38008224621410361E-001
   0.42569048686589284        0.16061924825970149E-002   0.92990908232344960        0.34025160906510053E-001
   0.48208169075548241        0.30924747512798643E-002   0.97265801040917188        0.36710723384524108E-001
   0.36798850875275768        0.21238883928772954E-002   0.64030433701235756        0.33531793120239232E-001
   0.53817146762447410        0.33369240322357941E-002   0.17205396584112166E-001   0.33806835465201211E-001
   0.10535981395881142        0.24060868971838914E-002   0.39985000257515135        0.36988848056526080E-001
   0.89872991820617631        0.55407358277614609E-001   0.74494495136472572        0.34197395232936759E-001
   0.13095400109416316        0.52673631416649262E-001   0.86374116965571368        0.38513528275872663E-001
   0.84299557532817782        0.52373047423230873E-001   0.14618897753639354        0.31765611843176514E-001
   0.95220281272182294        0.23764504553447758E-002   0.51970679180870505        0.34730711491636285E-001
   0.36776612057869235        0.18972178996460856E-002   0.56552684277223730        0.34444334411341322E-001
   0.97747423569997782        0.52541599696837249E-001   0.31442967209229017        0.35565976775986489E-001
   0.26597349330841469        0.52293417788478652E-001   0.74562240977859806        0.34819007375471833E-001
   0.70693114433290483        0.53711703123861282E-001   0.66833451200130645        0.37009493847109422E-001
   0.47937004584064274        0.52761953612733538E-001   0.55066159654168023        0.32584958892367628E-001
   0.85293737794484492        0.53389200655337178E-001   0.98201297260058684        0.35348006636498945E-001
   0.70127119852273312        0.52491392508266947E-001   0.30640299246526120        0.35040949928202121E-001
   0.13427799888057869E-001   0.25090630327272746E-002   0.73098772242720789        0.34493196586145913E-001
   0.72075186640385491        0.31254722703755382E-002   0.97495642026425425E-001   0.33156121645942158E-001
   0.94307813546920938        0.52524810293928186E-001   0.16813487693734161        0.36750483253541744E-001
   0.61325997778848076E-001   0.52509105079048227E-001   0.50500408016952913        0.36902197458580026E-001
   0.82299320940124343        0.30385332235762005E-002   0.18862090507272194        0.35149011374254517E-001
   0.64178950992286132        0.52831587487765855E-001   0.85450537219491984        0.35229016917199034E-001
   0.68127260335814943        0.52770582238686664E-001   0.74314285688608206E-001   0.34046309860142197E-001
   0.81143547069639976        0.53441760273465165E-002   0.68537079376368981        0.32016851267362444E-001
   0.30179058406629666        0.18136905297473458E-002   0.11351772811657611        0.35293515086365010E-001
   0.54869107622348312        0.52455339598653977E-001   0.74159510111089189        0.36717753524412713E-001
   0.58412310238237307E-001   0.23748667518799136E-002   0.96410117861833589        0.34371878901081877E-001
   0.66019655428422708        0.53198912506832279E-001   0.61116828738408413        0.36031240648953515E-001
   0.58074614344866626        0.17040423719408384E-002   0.59393912118309666        0.37600556993053875E-001
   0.37473827709991964        0.22107893197069930E-002   0.99018434050493154        0.37229064349866225E-001
   0.83644738298763954        0.53065193993115850E-001   0.91389494796412030        0.34730267977031111E-001
   0.96829576417207297        0.30677553258737114E-002   0.66859885371866790        0.36652826971847990E-001
   0.85271799080906718        0.29499859079156468E-002   0.86707292165569205        0.35567761876822597E-001
   0.35990193000475679E-001   0.29090793082946448E-002   0.41204491552943234        0.33417347997061614E-001
   0.14884448381949092        0.52394531304501370E-001   0.43017859286207011        0.35872494526922698E-001
   0.63251114847494794        0.31873920015980921E-002   0.90297620436869597        0.33453867212408020E-001
   0.27583458611761708        0.51645402060036844E-001   0.94912272027647593        0.36807724124943736E-001
   0.93182853601921900        0.56045247495943244E-001   0.80551367885456526        0.34756556123508163E-001
   0.72769766773888200        0.52802415467250230E-001   0.40090437765894582        0.33134820590616558E-001
   0.13032213369343916E-001   0.52117106277066186E-001   0.15198750124952359        0.35006161260697888E-001
   0.72818806168228584E-001   0.26673406400485274E-002   0.68312280552796756        0.33880247604090717E-001
   0.45992774513003792        0.27610220795562805E-002   0.51108510137654128        0.34032661281748748E-001
   0.65220088950456800        0.28703341503191647E-002   0.80303447989547616        0.36981428889751526E-001
   0.44350165498479893        0.52196789602814930E-001   0.82884172559795882E-001   0.34839348297463144E-001
   0.95721923812187429E-001   0.23458604848877770E-002   0.74872810445843230        0.33508521005077840E-001
   0.96210217879410953        0.53078262661993052E-001   0.71866290472030059        0.34356928621091361E-001
   0.72775813594983030        0.32149805315037474E-002   0.92719006446954189        0.35161352451402644E-001
   0.18630666195279050E-001   0.25158526891541477E-002   0.34476579899891480        0.35917933003278439E-001
   0.40063762813450932        0.23362700853768359E-002   0.33440465772565831        0.35155059602927016E-001
   0.63329408352874733E-001   0.52332300369853826E-001   0.91552873926744316        0.34371586309722181E-001
   0.48988874290918033        0.53040419806312279E-001   0.23967501728002490E-001   0.35308391418017358E-001
   0.47148835018672930        0.52612585357906971E-001   0.17837830067002189        0.36459334646865113E-001
   0.77607452515505404        0.52667111078049736E-001   0.45526881330128000        0.33846761668939442E-001
   0.23478167858872429        0.24028100607509932E-002   0.71001824878345510        0.33902316621615344E-001
   0.29785036533384002        0.23298034885416911E-002   0.57688806613692512        0.34895480344475864E-001
   0.43877133514378891        0.19749282467413864E-002   0.64637341568448892        0.37211607983270951E-001
   0.71659677060147331        0.52451672047911395E-001   0.19886485829450246        0.34599395412779087E-001
   0.10049476739698424        0.20342176180377343E-002   0.96755707105155284E-001   0.35971133732209032E-001
   0.85787426854794591        0.52850204365616917E-001   0.69017235600883453        0.34179224673436447E-001
   0.23743571316501049E-001   0.52420125344431738E-001   0.85298929147243419        0.35069775013565389E-001
   0.22861339381827453        0.20626965255716714E-002   0.26282838244652590        0.34383536442835594E-001
   0.89470446800248216        0.29365672794962124E-002   0.55724163509809532        0.33772626363354409E-001
   0.27523244209071934        0.52115812913900744E-001   0.27336336527358296        0.34730441995061423E-001
   0.24267045320309980        0.51520855496666476E-001   0.21184153754959062        0.34744993708600180E-001
   0.42879313187640455        0.20077960288990434E-002   0.78565554413579508        0.35103545209135785E-001
   0.54488524238034830        0.28199319267606894E-002   0.48990590988224691        0.35877022663175467E-001
   0.86559712947662548        0.29540808661418162E-002   0.63848240612693652        0.37926751176932179E-001
   0.79613235135849017E-001   0.23182452687728317E-002   0.25489961712142967        0.36853865346335252E-001
   0.15533953406723511        0.27470432621902441E-002   0.70624825043862205        0.35652430691308919E-001
   0.30064679129181610        0.40172115659051592E-002   0.22426709853180296        0.35065660958054676E-001
   0.11114501521411820        0.19685253289064377E-002   0.98785982223041462E-002   0.35228164993537460E-001
   0.40306998948268735        0.51993303008133367E-001   0.60361381832717320        0.37544564005497258E-001
   0.96308589339401951        0.52579192517676065E-001   0.88969604680322889        0.35749118343513124E-001
   0.71411422197925478        0.52065481127505531E-001   0.97771253794866064        0.31124555308699203E-001
   0.77927409616919330        0.40890734314793396E-002   0.75411375453631369        0.31186704039210263E-001
   0.73771842979402547        0.48078378360267841E-001   0.50812399626869287        0.31209628334569299E-001
   0.95263010206741627        0.46879256779099260E-002   0.76313679625146935        0.31114555248717764E-001
   0.74369188441854250        0.53104718124885868E-001   0.59907881129041207        0.31197981630721790E-001
   0.81281686156041499        0.54122243579181939E-001   0.73757989899180854        0.31208373810224635E-001
   0.46310963299167374        0.25868567584681717E-002   0.22317815526554305        0.31167408298635534E-001
   0.12973529212233548        0.52353442667567675E-001   0.50126841677135159        0.31271030419956748E-001
   0.61446219755631304        0.40074204025598711E-002   0.15424235439399547        0.31300469965313500E-001
   0.53562942106749711        0.52144079817096414E-001   0.61005951308906770        0.31234596812516995E-001
   0.11065196758063847        0.24419782409258999E-002   0.53379378167385216        0.31085815333285857E-001
   0.63350861251678869        0.27168110546424203E-002   0.47341426235581235        0.31216187622732240E-001
   0.82264714217341861        0.24219637446912228E-002   0.44808941936357871        0.31147310963573437E-001
   0.21584733024161618        0.25696805052789367E-002   0.84237896905957343        0.31115935537887211E-001
   0.91593462308585771        0.51074765670257122E-001   0.34121210231063920        0.31194874242664775E-001
   0.35002308251679926        0.52554846958335982E-001   0.40815044785419374        0.31110300894980684E-001
   0.97337800360835891        0.25115305601414758E-002   0.13331876805101628        0.31146558037908872E-001
   0.38150560683372692E-001   0.52163623361102245E-001   0.23130713900385855        0.31140184469000017E-001
   0.16599667652124023        0.24700134641897926E-002   0.56264424470940122        0.31239166273623852E-001
   0.46049879726473730E-001   0.27533596486191865E-002   0.43109780839678674E-001   0.31096685705101271E-001
   0.16530756041520506        0.26088224377892304E-002   0.28857287693566558        0.31195073481597627E-001
   0.97713636446079266        0.23805377305185626E-002   0.93701471232485622        0.31182500360880529E-001
   0.31557971206831897        0.51690260847893299E-001   0.89387957564923726        0.31120707768734605E-001
   0.28691748249562998        0.52417820868607912E-001   0.33844826783165477        0.31190046318342119E-001
   0.19429601367121024        0.24901453145336032E-002   0.41534339185020563        0.31217963996466879E-001
   0.81840790511239681        0.23679012091868332E-002   0.33793610263567098        0.31202522552006097E-001
   0.59055170679003366        0.52478998151990530E-001   0.48686586985638908        0.31206173429825741E-001
   0.40792048169312867        0.51872052895857314E-001   0.68146121483592204        0.31138565287998181E-001
   0.12606093847907618        0.52627607372195101E-001   0.64513336782626274        0.31195520610904460E-001
   0.35773588494594867E-001   0.21217854129535296E-002   0.11486239182167525        0.31214863330659565E-001
   0.19235089365331182        0.16241786526713859E-002   0.13021521239957209        0.31182914491166686E-001
   0.34084368294029677        0.51493290997608354E-001   0.26749267994232040        0.31112217155092610E-001
   0.81832024920656769E-002   0.52392499205742397E-001   0.40711568653860324E-001   0.31145082012342062E-001
   0.20953971300392954        0.52213587626756180E-001   0.96435794396666630        0.31111822309441747E-001
   0.11345912043181032        0.51957481179027688E-001   0.53719856388543069E-001   0.31192192736786691E-001
   0.65737757688009180        0.27299351183121250E-002   0.10878994416300791        0.31159287303818676E-001
   0.86857502667805742        0.53325493076702937E-001   0.82404951268443749        0.31137244513047516E-001
   0.88066251012738572        0.26323814140645574E-002   0.32399950478209050        0.31074512064794606E-001
   0.91074609827525677        0.17269485805903309E-002   0.45193238584213119        0.31200952821524380E-001
   0.21121634072067239        0.52754369689229232E-001   0.88298610383675058        0.31152277840145626E-001
   0.16045143216527627        0.25096928961889911E-002   0.63008493206307514        0.31202156918686073E-001
   0.51350617442877289        0.24751283581304143E-002   0.77108529572181350        0.31129481429876399E-001
   0.77588632658570145        0.29577160036483780E-002   0.64495233663605545E-001   0.31080722289964530E-001
   0.92962905158697573        0.45865251845811144E-002   0.61235059785059776        0.31214020949005175E-001
   0.10866550406706658        0.52282780540788922E-001   0.96555452876003012        0.31256363671536440E-001
   0.51573125746873272        0.20288783992395642E-002   0.64206175871593441        0.31181512377071990E-001
   0.80414600939740966        0.52357040055183823E-001   0.22932259396549382        0.31153580805048837E-001
   0.30323480251711760        0.25300660122875556E-002   0.64284309984272991        0.31128112813215546E-001
   0.29841202612300399        0.51494554929252923E-001   0.69029328117368019E-001   0.31160525339371189E-001
   0.59807478102905509        0.53263445965393175E-001   0.19789176297427710E-001   0.31214384164997590E-001
   0.95167092565209599        0.32057714808446738E-003   0.35785771823881235        0.31239325822682913E-001
   0.57133333330954561        0.53550450050904509E-001   0.14690487601039229        0.31134161566554457E-001
   0.13366648566404024        0.52436273252324000E-001   0.76491506711549451        0.31177329586937568E-001
   0.20019373007725344        0.14905240496650978E-002   0.20359927851364537        0.31151866737237795E-001
   0.59835424637772283        0.51417901985650362E-001   0.63812406279337308        0.31116139990465717E-001
   0.81298315962027234        0.52953596716577470E-001   0.66476691068460297E-001   0.31134964154500889E-001
   0.62698335917318257E-001   0.51662486396134161E-001   0.78612437315243588E-002   0.31193565681833384E-001
   0.87038133460759626        0.53968132617331147E-001   0.45180380553147781        0.31143840425078815E-001
   0.58483691115904290        0.55124637594526293E-001   0.82021638219525450        0.31246909309320427E-001
   0.68517054332618044        0.53091004157007897E-001   0.76977881228569012        0.31212402766439870E-001
   0.55109449519711994E-001   0.52388835239254472E-001   0.74111099023668892        0.31183245884781080E-001
   0.57166280248578683        0.29684681892529811E-002   0.10865123929929434        0.31220660998226468E-001
   0.91510880745999013        0.24677204634261617E-002   0.22475670095717518        0.31187822257616498E-001
   0.84904121709107760        0.38611908575051329E-002   0.25591106121803320        0.31110005127806047E-001
   0.20855905374168520E-001   0.52873255113586030E-001   0.45017295834366922        0.31202282896332888E-001
   0.35581826055455157        0.24866782349705634E-002   0.79751718344892708        0.31092749906112556E-001
   0.53624730874306759        0.52559919556926293E-001   0.19843865377407399        0.31190955256569435E-001
   0.78332592472397256        0.53186253172334025E-001   0.79287563009047346        0.31221262000367473E-001
   0.49865739330858422        0.26393637355072480E-002   0.30615900417417652        0.31146539039451370E-001
   0.96091299396355923        0.52463296398840134E-001   0.98137669574935790E-001   0.31158112321614539E-001
   0.25022758005421919        0.52460610140033316E-001   0.82698314164453746        0.31187810241249180E-001
   0.71477904102111001        0.53422072511945362E-001   0.82475095756123551        0.31159984732942916E-001
   0.79067477996798397        0.53308912019716631E-001   0.66162844939229295E-002   0.31184033150429703E-001
   0.76676146723117877        0.26733583501105463E-002   0.30275161811139645        0.31138108049006425E-001
   0.21293773257647206        0.52462693493436720E-001   0.38311558153390995        0.31095739579434345E-001
   0.10205242968840567        0.24170301548040057E-002   0.47203989686634523        0.31191523037881030E-001
   0.91595668070101399        0.59750562230938137E-002   0.84564189160392611        0.31227914846989016E-001
   0.21467687950643011        0.16308340578838080E-002   0.18120760387184335E-002   0.31085368999287120E-001
   0.24748343490410166E-001   0.24121105231634937E-002   0.89662187498356316        0.31220589040170960E-001
   0.57964924006224605        0.52456419596152541E-001   0.38315750095441231        0.31208174902284058E-001
   0.54048550826744990        0.55032121919242977E-001   0.88242889427338778        0.31182348638039491E-001
   0.72182623542680924        0.33979639983898234E-002   0.77834415421102032        0.31110877566720947E-001
   0.79010366815285582        0.32375787297460250E-002   0.12939672894677620        0.31229321944854373E-001
   0.77160193679355393        0.55538549903641876E-001   0.69023189536522223        0.31190183610599796E-001
   0.73566280770898274        0.28551024407890559E-002   0.16005640723906023        0.31118631069700472E-001
   0.70608894536772526        0.21534822838054249E-002   0.26232117130815941        0.31123582436947024E-001
   0.82451639945108679E-001   0.52434717456875612E-001   0.44022539828570423        0.31178421221950598E-001
   0.65303221527094757        0.15737371232884497E-002   0.56443069051937111        0.31126051937151667E-001
   0.98212786010700903        0.27420251375750264E-002   0.57849006442472373        0.31193712834204416E-001
   0.47314993093514107        0.51737597723972809E-001   0.61414506561934135        0.31152885934349298E-001
   0.69324045334711015        0.48325255161098375E-001   0.55284161628403594        0.31157124090764501E-001
   0.76014828705755466        0.53149655290631925E-001   0.10700822794481782        0.31102984383429559E-001
   0.33362279402760077E-001   0.24657429066143022E-002   0.81055300601935687        0.31168623789727304E-001
   0.18166726096544436        0.51401261992538506E-001   0.17105189033324711        0.31161068847363072E-001
   0.57643560623163270        0.36805341231210664E-002   0.78184015812715324        0.31110671079700239E-001
   0.99593892860629119        0.51563943105595145E-001   0.38497128517227142        0.31056160816044724E-001
   0.66019156687154423        0.53118736783096122E-001   0.11714832505798701E-001   0.31218643018125151E-001
   0.74300573125549318        0.52952094260531039E-001   0.46908620119397886E-001   0.31116083043303887E-001
   0.94161307357762003        0.52659885662130083E-001   0.35392378579499874E-001   0.31164459302617280E-001
   0.87003044679082742        0.33571516516595797E-002   0.94149200028529711        0.31162959367200784E-001
   0.22872843251939781        0.28468015647892028E-002   0.56694783936483983        0.31155013549873864E-001
   0.75438795781534240        0.52447500495808354E-001   0.26685977997818705        0.31173824676542713E-001
   0.44917569772763943        0.24056980422486130E-002   0.37962508333235268        0.31165826833565839E-001
   0.74264745304683200        0.54085838227712860E-001   0.74546731142257194        0.31185191752554898E-001
   0.25024619635246120        0.51593368711619195E-001   0.12633628010042450E-001   0.31176547607332378E-001
   0.21280873327973676        0.23612495509111749E-002   0.78013662716571541        0.31155676121855609E-001
   0.16472943339958365        0.22980228154695572E-002   0.96459443586757709        0.31200671584735544E-001
   0.17353258883889316        0.23823181777359987E-002   0.88812178768448791        0.31192164455128759E-001
   0.50046941863972705        0.52583269666190313E-001   0.11689445716849373        0.31223273922555295E-001
   0.61499201791165459        0.51681106283534811E-001   0.56129151257368148        0.31075277276830824E-001
   0.39094400347753244        0.52586094653882899E-001   0.42530068146713992E-001   0.31090273455175638E-001
   0.66168494770018960        0.31989748059282927E-002   0.65599954027422291        0.31112030772948947E-001
   0.15928483726457190        0.52235597103225145E-001   0.92746866046326260        0.31196258894861856E-001
   0.82712499596334277        0.52620943334361542E-001   0.49676487573523642        0.31252061544186478E-001
   0.99923658272418081        0.51098090848158931E-001   0.53838405507519549        0.31146685677695407E-001
   0.98378900539541614        0.11051779382546588E-002   0.19747663822936784        0.31195938661441994E-001
   0.86471787315280180        0.26237805617718851E-002   0.49406924258356649        0.31174088059376184E-001
   0.75321428978703897        0.43930073508910974E-002   0.65563266648178742        0.31090145905752500E-001
   0.75428809911512495        0.40448814855014335E-002   0.98821619923830739        0.31288634078560369E-001
   0.52842206775300127        0.25842655163418344E-002   0.24834551131594210        0.31222549780148542E-001
   0.66105235040398236        0.24264135569791057E-002   0.32299012449209175        0.31133171485139936E-001
   0.49988546144793533        0.52648577173286505E-001   0.49014382460874750        0.31164152261476143E-001
   0.83053706773860947        0.30977306299483816E-002   0.54638218510544256        0.31244866397461012E-001
   0.67107815498384471        0.10563797076014927E-002   0.19920109530772237        0.31143416808107883E-001
   0.40866946982224189        0.26495929438874579E-002   0.19274167960033980        0.31155630220968528E-001
   0.64899355498577849        0.52502220569143089E-001   0.50900258194017522        0.31240679911767131E-001
   0.66885149650895459        0.56366304715157106E-001   0.36435973314037984        0.31096362706887481E-001
   0.34574800305410880        0.51740876870759650E-001   0.10994245650907247        0.31192649444665082E-001
   0.48037248855715878E-001   0.52425628189610898E-001   0.60344257512931043        0.31157927351900556E-001
   0.27096405848763289E-001   0.25253233892703428E-002   0.63458238146411794        0.31192685486525162E-001
   0.41637915927951730        0.52541596174152598E-001   0.53593349735071616        0.31215457790001008E-001
   0.72620243134975182        0.41085583359326818E-002   0.71198734999576496        0.31156458907860587E-001
   0.31087328570216144        0.26973464482942652E-002   0.51201745733268222        0.31173601436994488E-001
   0.54634638591798856        0.54541750673175564E-001   0.97361486884102844        0.31185403007354801E-001
   0.60074338178505116        0.15798836137360041E-002   0.52695776970711428        0.31144274259016978E-001
   0.42617880501739425        0.52780304285223338E-001   0.22968603478151980        0.31163044667709829E-001
   0.89501499518320682        0.52500152059848149E-001   0.88220578933861871        0.31168368376476064E-001
   0.44083294750851931        0.27126477518717540E-002   0.28151352427041365        0.31178369778271636E-001
   0.20438384006939575        0.51526411443133725E-001   0.55351829616288734E-001   0.31125149911487938E-001
   0.89220704557565900        0.59485390285414783E-002   0.78747866146583179        0.31182202732504251E-001
   0.14311720863784036        0.22060936755304867E-002   0.23014085553600849        0.31133969984986774E-001
   0.44805952539268140        0.51330509007967533E-001   0.82877696192110384        0.31220960724463124E-001
   0.40704103335809660        0.51900963255108325E-001   0.74716603857021868        0.31246662259632428E-001
   0.25431297897918120        0.22147305231873899E-002   0.43593599577232311        0.31197803371228721E-001
   0.85374003275029842        0.52456116739026074E-001   0.35035999350200153        0.31188330123592276E-001
   0.92224817544035120        0.25141079606097426E-002   0.90755967289738937        0.31096179185212895E-001
   0.81110374475045488        0.32467807835700950E-002   0.96214394969179828        0.31211441488344635E-001
   0.98889173798050467        0.25299774679680537E-002   0.72936272008250272E-001   0.31158616855259443E-001
   0.38650530801787364        0.52472467019951466E-001   0.81869470420526225        0.31117580503657712E-001
   0.33290900677302715        0.15703191783674427E-002   0.53385655030184498E-001   0.31186372667783114E-001
   0.40025008029847214        0.51681891111842695E-001   0.28722682466111549        0.31201881110878051E-001
   0.41783387588109089        0.12250806118437579E-002   0.85113137038539166        0.31251240248625627E-001
   0.26599782920368831        0.52471586557560068E-001   0.60622948834105417        0.31127196238840478E-001
   0.42704252937038106        0.51343763215809884E-001   0.88758292022353846        0.31192219587388676E-001
   0.67186330997032517        0.52253746088584345E-001   0.24715241333835214        0.31101770246493951E-001
   0.33471812619836855        0.51625216486725793E-001   0.15766015406635442E-001   0.31187758510371286E-001
   0.73441785005405225        0.27395973532259375E-002   0.45443092727516493        0.31162017065420957E-001
   0.32868774374546383        0.52067447593741413E-001   0.54598608916681168        0.31178037846437537E-001
   0.68876166668018945        0.41297172758763077E-002   0.50471666757127331        0.31093680688514976E-001
