 3 HS poly
 400 2
 241 159
    1.0000000000000000         0.0000000000000000         0.0000000000000000         0.0000000000000000        0.10000000000000001         0.0000000000000000         0.0000000000000000         0.0000000000000000         1.0000000000000000     
 T T T
   0.48613074449558219        0.43055807556095782E-001   0.59846542122733970        0.34581094055088003E-001
   0.89377968963198196        0.43151800676401619E-001   0.67298324161502232        0.34022275738550697E-001
   0.67700046321825325        0.93057301646956525E-001   0.64617742928005895        0.33756544652940861E-001
   0.74670639829566532        0.42622921995003005E-001   0.74081045909942334        0.30912558076001084E-001
   0.80581752486450697        0.42979867615843187E-001   0.65151748295657552        0.39371680803660707E-001
   0.49174784745793404        0.93162860338107736E-001   0.35233207249131226        0.32358886705817214E-001
   0.54135126529249378        0.92680645095681247E-001   0.65698036512863767E-001   0.32758268585313902E-001
   0.34923927590928533        0.92889986686210332E-001   0.31465704255283600        0.35082657890052729E-001
   0.49202740133330763        0.92772313794427796E-001   0.14405931507604908        0.36749659654455584E-001
   0.23288526352060124        0.93371998845185086E-001   0.33508346405071937        0.37180200086704758E-001
   0.61098848219635138        0.92550347855867257E-001   0.90100363819762511E-001   0.36212661829571301E-001
   0.74267002761150180        0.92420077331384173E-001   0.98534744241095273        0.35043617868986333E-001
   0.97887945826948719        0.92376414195465495E-001   0.96419203540070941        0.34291916466016384E-001
   0.12606917007509608        0.42043721004211519E-001   0.82321193789942027        0.36788642262005435E-001
   0.53418698333452053        0.43028813227611679E-001   0.80084718503259866        0.33582581811653668E-001
   0.19257336769771244        0.92402327662245112E-001   0.95837120960722755        0.33792292327141829E-001
   0.76210145226549864        0.92819588376041706E-001   0.27198618605915736        0.36163778427119604E-001
   0.65371864928940671        0.42762732940403669E-001   0.32921048714985235        0.36312506272572334E-001
   0.40408113834104337        0.44374615748353531E-001   0.81473425269666044        0.33018177008618990E-001
   0.59181891057636682        0.92907568476498975E-001   0.60102227284037768        0.33040400750857478E-001
   0.85549448446713183        0.92312401264587465E-001   0.91609317827643011        0.37329733777508749E-001
   0.71479879315973527        0.92318648863607591E-001   0.83165668368925305        0.35803780561493165E-001
   0.52939863703383294        0.42772950566056372E-001   0.31645816868290694        0.36128201579173923E-001
   0.60817155439293236        0.92811205926369156E-001   0.30967917645669785        0.32419763059315078E-001
   0.28297419569211474        0.41860213768603521E-001   0.42473043058778498E-001   0.35007685305006121E-001
   0.98992248589638032        0.42635802255840460E-001   0.40600188767749285        0.36763671309229369E-001
   0.65589799056252007        0.96921050300940947E-001   0.58233267684112089        0.33582444592688589E-001
   0.44691711655537308        0.43656335715315256E-001   0.25128994831550749        0.33340385837631450E-001
   0.93838338084787387        0.42977246700705768E-001   0.19963783246887748        0.34436371792806814E-001
   0.18303570100283703        0.43533438585224397E-001   0.31732085015991340        0.35403352855422857E-001
   0.10529168390663668        0.42957579993027427E-001   0.58882058422856953        0.34150129096280020E-001
   0.41010918806724794        0.94002881174546193E-001   0.21727602182847539        0.36653451688327961E-001
   0.56412652348208847        0.93025013988840707E-001   0.76298596305705280        0.35885871832934020E-001
   0.77088681220446253        0.93052558661821549E-001   0.69688184370284711        0.35678989936232225E-001
   0.84170651064172974        0.92723981219142770E-001   0.28880763546701921        0.37199820703339354E-001
   0.19838762803259368E-002   0.93421509730488336E-001   0.64081458134946423        0.32974695352908298E-001
   0.21736753431805467        0.43010552914178386E-001   0.51825142754104525        0.35106844066354045E-001
   0.26800248047908076        0.93141133985486652E-001   0.15413957654487187        0.34597168428373008E-001
   0.36914825447711652        0.43371663797156283E-001   0.26031264465841403        0.38274283194405526E-001
   0.19976872983833147        0.43218608412745357E-001   0.61990182519927384        0.34259808676297118E-001
   0.63936325455754883        0.91471696278176140E-001   0.23052565475538730E-001   0.36540557941305195E-001
   0.42264890816348200        0.93001651112731260E-001   0.36081052778776324        0.37255644130700850E-001
   0.11330929702042636        0.92627631637188776E-001   0.14806923800478744        0.37498591149942202E-001
   0.47528594718375988        0.92912526064139689E-001   0.19973749348075689E-001   0.36570261091633416E-001
   0.84047999877851232        0.43108935532426701E-001   0.37337693847120307        0.33614930470502777E-001
   0.12697100494200511        0.92008286829711475E-001   0.94050316262501898        0.32441559047415719E-001
   0.32499068409258186        0.41945629098055194E-001   0.77091166379337017        0.34888980103056341E-001
   0.29853466910329723        0.43734434470727307E-001   0.25578891440471080        0.32442546276702358E-001
   0.37187876291981492        0.43008603045380595E-001   0.67764121375228237        0.36393545275704917E-001
   0.15036327541843394        0.92994798285682981E-001   0.60769271034983463        0.35364653635485285E-001
   0.20240050637246279E-001   0.43641920995435325E-001   0.67709356298727619        0.31251295476183646E-001
   0.21059795454148603        0.43454273397574211E-001   0.38241177048278935        0.35041961002190161E-001
   0.38123112409938549E-001   0.92960291333122086E-001   0.27780551757173566        0.36513469105413046E-001
   0.80838990160447888        0.42786503392450298E-001   0.24462204000395976        0.37236350737646175E-001
   0.83945808334126876E-001   0.42029452382084671E-001   0.95086923157649572        0.34279504339991114E-001
   0.69227996495907518        0.41762183130534571E-001   0.74312922280649609E-002   0.37695355701352531E-001
   0.85043300495812912        0.93129922694094397E-001   0.50279983346809698        0.33573109652366047E-001
   0.85518369772930436        0.42979010356090440E-001   0.38506461936091002E-001   0.37536991938616995E-001
   0.86547898177337634        0.42310397741563283E-001   0.96692600234513015        0.34615910871205462E-001
   0.71706395061196512E-001   0.42678321127987875E-001   0.17778114405904286        0.33960214732610024E-001
   0.12701887368474560        0.92917199275705950E-001   0.53924743777058504        0.36930962380424752E-001
   0.61046439074922842        0.42917267953954508E-001   0.55872600691081287        0.35020639846544521E-001
   0.36394065464088982        0.41364603686327647E-001   0.15115288346429671E-001   0.34480562504165500E-001
   0.66484183943923958        0.43093073797461579E-001   0.84140155010566953        0.34951928558142657E-001
   0.14581589216627550        0.42112159117301623E-001   0.98125492695681704        0.34619857459101157E-001
   0.26383107967889639E-001   0.92301526787285607E-001   0.29320836382116796E-001   0.33420586036691811E-001
   0.71687139739943273        0.43415236772097202E-001   0.44641507374729411        0.34761029818495229E-001
   0.66572250310207703        0.93153291823034057E-001   0.43049550435414813        0.34764683740456409E-001
   0.56256608899027705        0.42515962394730170E-001   0.95308111776209004        0.36095840230280216E-001
   0.30181753864860189        0.42923328984291902E-001   0.70586771895603528        0.34113081222689072E-001
   0.82407099252294080        0.42309836140581168E-001   0.87448680794577027        0.34824864143760646E-001
   0.91121167040013573        0.92291742009700584E-001   0.95985042959063083        0.33485879463808009E-001
   0.12839620396225288        0.41952542037964162E-001   0.46171962129736344E-001   0.32063131693085584E-001
   0.77700999229916468        0.42881723008915074E-001   0.41008134894612686        0.35501467714305193E-001
   0.74591879515355053        0.43007628841523760E-001   0.60297135939189513E-001   0.37620733918405480E-001
   0.13452353023853841        0.93510433953126318E-001   0.30613592831502934        0.34909248707168050E-001
   0.55977539471222715        0.92385444656599550E-001   0.90108945141174734        0.35979945437294138E-001
   0.58435880546882235        0.42789779601567490E-001   0.27185087332064423        0.34625460616105781E-001
   0.61299160302371969        0.92468267980632041E-001   0.85148125302891897        0.36772221144405030E-001
   0.47094295625586807        0.43428380097501502E-001   0.83600909456088524        0.37031559685752315E-001
   0.50514025981791821        0.43103769187707308E-001   0.66680422006320994        0.35476004917851842E-001
   0.30463090357875078        0.42202403540511003E-001   0.83931423004003380        0.36477280562398573E-001
   0.67868533727461866        0.43066070936257361E-001   0.75111132139218195        0.34236172007683870E-001
   0.35192677811947043        0.91816517100382355E-001   0.96439850569955199        0.37378629542931793E-001
   0.11798367905597430        0.92767098872496984E-001   0.46543659024879225        0.37396423167727649E-001
   0.85507318178091291E-001   0.93041393469480690E-001   0.62742045748227199E-001   0.34399267257349514E-001
   0.56514853636898277        0.92532298674468397E-001   0.14673321361244440        0.36165620796345110E-001
   0.97456215292131509        0.92418695595057901E-001   0.31100699796010073        0.34708113132028789E-001
   0.26280569456310926        0.43115446053983264E-001   0.57238803228622637        0.35244189186290589E-001
   0.66961284074998872        0.92742260386980691E-001   0.28106329955684717        0.34833258332428334E-001
   0.23586081256096914        0.91492140015914505E-001   0.58415521443942776E-001   0.34863063625159153E-001
   0.56865790282165463        0.92978277394205638E-001   0.53383634174319983        0.34602795923405302E-001
   0.51323363392606847        0.42946143773516757E-001   0.73622107458732500        0.34292117200044998E-001
   0.61564401422423964        0.42648407112932885E-001   0.14061962395544028        0.34889654160245559E-001
   0.97909251975505751        0.93164590672450143E-001   0.23256388464765221        0.37593223523207230E-001
   0.34151916608137461        0.43482903827175873E-001   0.80234764738084025E-001   0.34409970454442482E-001
   0.82362115548492454        0.42322504493019844E-001   0.80306577674191215        0.36493684506048493E-001
   0.94697982678193393        0.92621277850164843E-001   0.37742387256824489        0.35015950282222916E-001
   0.18069507754601316        0.41494653351368080E-001   0.77669910535737074        0.34952077486076621E-001
   0.71985628450636385        0.92955974740389136E-001   0.56016642172667885        0.34151906443847066E-001
   0.78995554662265066        0.42071555926558056E-001   0.93622749544042416        0.35643792451817022E-001
   0.40036463239470965E-001   0.43131989172796113E-001   0.61321737874663473        0.35438866472211859E-001
   0.67416196425427743        0.93105170607607174E-001   0.89081192884542548        0.35943280020040096E-001
   0.75572347052277011        0.92056164203308449E-001   0.90327141171006098        0.33190243744736676E-001
   0.71625434322529102        0.41829760699364456E-001   0.93493799276326961        0.37773365361183558E-001
   0.64833452171108508        0.43110121469992206E-001   0.68691051416729820        0.36776844321563563E-001
   0.94089438465502495        0.43136008728918145E-001   0.26921641832638193        0.35141343252101512E-001
   0.38487374757298876        0.92987057674977919E-001   0.45867829420544393        0.37714201527353441E-001
   0.33803199915817324E-001   0.92611387690084118E-001   0.43177422084835620        0.34495164939348309E-001
   0.25535285097483529        0.93544603964950457E-001   0.23228550932283670        0.37381634304787671E-001
   0.32711224285505069        0.42247621251173734E-001   0.91829942769582418        0.34521435534912562E-001
   0.83149991387547972        0.43013972648360072E-001   0.54562670153109105        0.34840224962244266E-001
   0.40767786981717768        0.92962425540493498E-001   0.71319418835304482        0.34602334198814408E-001
   0.35589889011395415        0.93931794617531941E-001   0.81304131622789722        0.36038783768974993E-001
   0.95762578193637837        0.43018084253838171E-001   0.61319225671414734        0.37322598135855853E-001
   0.18959377248829443        0.41373922717196206E-001   0.72771447189233965E-001   0.34594987515862298E-001
   0.84697115390747679        0.43043510982364974E-001   0.17988084635753565        0.33378522250877625E-001
   0.64437705816795776        0.92649063842534227E-001   0.18212369996400074        0.36090850257874244E-001
   0.92661161569555528        0.92509978039857221E-001   0.70063871747582385        0.30972740273800738E-001
   0.44777549346721718        0.92874552972115221E-001   0.86823634988202572E-001   0.35592877785652732E-001
   0.44875972420783578        0.42695286182393682E-001   0.18315805974072810        0.33706601055608507E-001
   0.57165606109517353        0.42972628333535122E-001   0.64253064566857210        0.34898861080459490E-001
   0.89521232609957446        0.42614800546544776E-001   0.87828142373649964        0.36393026349777688E-001
   0.82965087830945394        0.93015260879280165E-001   0.42397098734369659        0.38261152062715874E-001
   0.18681560068806993        0.93201317152155891E-001   0.66814158450898364        0.35040529633161281E-001
   0.26705317090138514        0.92013697453043733E-001   0.99582156869486160        0.34959180005532844E-001
   0.65964360568110658        0.42656078860760449E-001   0.23178262800664221        0.36001767930566898E-001
   0.16850707954886038        0.43113713348514299E-001   0.91635989534279061        0.34126963097917462E-001
   0.72798283971441835        0.93569182554375574E-001   0.39990193551048753        0.34237416812591973E-001
   0.95481742383924140        0.92403338852320285E-001   0.76163011704042050        0.36178484678381535E-001
   0.23833589381477993        0.42231542390883677E-001   0.81400516152248614        0.33700824015587182E-001
   0.62090899908431377E-001   0.92915149162066127E-001   0.56914010858672426        0.34537162043160097E-001
   0.35342684419949955        0.92811990448720308E-001   0.13072360121984983        0.37170835536733143E-001
   0.25883951730772910E-001   0.43000494100061140E-001   0.53625298706050339        0.35180561530125450E-001
   0.27630638883507591        0.92194408537823971E-001   0.92448396040645098        0.36949730390777244E-001
   0.65382163149443517        0.43066415635689845E-001   0.48058304105355537        0.36932833962022023E-001
   0.70056880145582878        0.43085627974641653E-001   0.60566991638647372        0.34751272338676323E-001
   0.99218855211778889        0.93005531509047751E-001   0.57307654583714518        0.35456847761699058E-001
   0.62565539933283620        0.92964329486668940E-001   0.73088414629766585        0.33460155923738688E-001
   0.77902194203973751        0.42849706861274289E-001   0.16089321615480937        0.37127126268618645E-001
   0.40887698699780151        0.42881006923030103E-001   0.12385559553356258        0.37748137712890366E-001
   0.33653205742560977        0.43832991854309153E-001   0.36120079170452873        0.33566968698017660E-001
   0.50281088674284757        0.92540291374157008E-001   0.55344507353015571        0.34028884159551735E-001
   0.21962382572237893        0.41935146875678377E-001   0.94661241875337657E-002   0.35237353942283459E-001
   0.45770731383312169        0.43003923785290450E-001   0.32087063005391459        0.35670921159326408E-001
   0.78632909059282874        0.92311258153391695E-001   0.84079246282029629        0.36297371806769230E-001
   0.52745245926975148        0.92987396358436225E-001   0.62275769241127577        0.34626297102420288E-001
   0.24365714489762935        0.42398673110618700E-001   0.74463645784334642        0.35653384123302913E-001
   0.21381909208762057        0.42926328176694943E-001   0.45033458535510501        0.32900142080911590E-001
   0.61410595963085089E-001   0.42348587837083229E-001   0.79502681269656217        0.33729161234305097E-001
   0.81641573794090733E-001   0.92842528262782539E-001   0.22258755467419733        0.33734270262661979E-001
   0.72165869471907917        0.43028691057832615E-001   0.67741884538113262        0.37091108968171291E-001
   0.79277491777244524        0.42980961647713548E-001   0.31897605580733185        0.38709399087459392E-001
   0.78377685569500277        0.92894610803228223E-001   0.77065125401176349        0.33891914325947937E-001
   0.33246649177834708        0.92482674094458733E-001   0.50291525452220631        0.30863674097607544E-001
   0.40744666861661505        0.43008541009730464E-001   0.41081435618719303        0.35068530590853381E-001
   0.20385207442531622        0.91681738252331835E-001   0.12264425435278316        0.36748328568714426E-001
   0.62291407671192334        0.42699222537814052E-001   0.90415611982112143        0.36316859389997388E-001
   0.21118563996994011        0.93011966842442298E-001   0.56923897279240832        0.36571633858779415E-001
   0.14189594578393991        0.92054569541499778E-001   0.87370590040572094        0.35970535573201963E-001
   0.52108078151645676        0.93049677038133105E-001   0.84346045186633667        0.33374822505251853E-001
   0.28702217316861384        0.43072792995374504E-001   0.48129644380307718        0.37277196854754724E-001
   0.73475917161821536        0.42814344881876631E-001   0.22316151799093500        0.38693045336398703E-001
   0.92624103485918474        0.43186412826956490E-001   0.62584052222619160E-001   0.37256489530333753E-001
   0.78859952169129891E-002   0.42374403140257665E-001   0.74710602504975043        0.38056304491070413E-001
   0.48811604905897499        0.93009361508389940E-001   0.78091396785280076        0.37189412518531799E-001
   0.17052897964435745        0.92096434515240619E-001   0.25278161193516436E-001   0.36418398352501685E-001
   0.90345489639310972        0.42798694641414260E-001   0.74377078160468357        0.37384101588532642E-001
   0.63011007586521306        0.92803306212194125E-001   0.37190398538665587        0.33491747946774633E-001
   0.43802680741181726        0.92957270971870010E-001   0.58402626148760561        0.36192369212559819E-001
   0.80758018458642156        0.42978676853003182E-001   0.47619370306374170        0.37283055191581350E-001
   0.76356467856657462        0.92905911299285382E-001   0.11066056981178646        0.35361075548506087E-001
   0.32762762019391961        0.93753004193313630E-001   0.22081304876474317        0.35134945546091249E-001
   0.92485935054243296E-001   0.43248763481298823E-001   0.27292644669131022        0.37217473969430537E-001
   0.78347993491923562        0.93012882933905222E-001   0.52595484123287861        0.37220174178952799E-001
   0.36569338256241785        0.43625894377174047E-001   0.18499424766244824        0.37082250889910365E-001
   0.53950434557168872E-001   0.92908660547942432E-001   0.49738066425268967        0.34006599388470796E-001
   0.12086133600296481        0.43510238884023632E-001   0.36015685292176564        0.39954376542287395E-001
   0.32329829620884759        0.42342483330853005E-001   0.54150943223120218        0.32649788557519932E-001
   0.65635276695135214        0.41496396036599770E-001   0.69218491220166781E-001   0.33573047831258682E-001
   0.14027375069287856        0.42620703847113528E-001   0.19561386268913744        0.36525408643749764E-001
   0.87804739563882550        0.42980136369410990E-001   0.60911983226597410        0.31684129593888909E-001
   0.13137357743947300        0.91856721454637857E-001   0.77185681319788391        0.34902817530394106E-001
   0.74601919618776302        0.93052345793779689E-001   0.62895008114631479        0.36656173872254297E-001
   0.48416815790330692        0.92819671412063695E-001   0.21607058951023719        0.35581369808532250E-001
   0.61750363257346541        0.42749251445121650E-001   0.41789594541814457        0.35443102227919299E-001
   0.25116721825137100        0.41807510654343960E-001   0.10410425149060192        0.34306021268295239E-001
   0.65517383545151142        0.93055805034357439E-001   0.79315504857676344        0.35150249307546538E-001
   0.21023034483405525        0.92270983790463279E-001   0.89179995042379978        0.34669615291948064E-001
   0.80032844285696314        0.93004287728390089E-001   0.47855577119617562E-001   0.37255130471859313E-001
   0.57102011230053074        0.92553874114817206E-001   0.25447144294380242E-002   0.34650679451866902E-001
   0.12014490414037268        0.92462861813798952E-001   0.68852005870486399        0.34565264759782874E-001
   0.20520011326853868E-001   0.42527117547436433E-001   0.32428430744160169        0.33672941905419682E-001
   0.76742872688548802        0.43042404587505703E-001   0.57881174025008253        0.37262654098102220E-001
   0.74064450339983587E-001   0.42662580837818667E-001   0.44688802103482395        0.31319378476407478E-001
   0.47546335211176177        0.92982837531318308E-001   0.71131309943124865        0.33032136543316888E-001
   0.85922835528779684        0.92627088077720798E-001   0.90732367959523982E-001   0.34201028124217048E-001
   0.50873948350825582        0.92495439873992197E-001   0.95405056295267077        0.37322209355893463E-001
   0.89569046109187256        0.92937710091379480E-001   0.17182010360585576        0.36761507752195714E-001
   0.98617046427344113        0.93622983257528894E-001   0.89631262332724004E-001   0.35893806697396953E-001
   0.29326357151710839E-001   0.42941599236072325E-001   0.22989586746792459        0.33168594988023513E-001
   0.47075448792925761        0.93021535230616348E-001   0.48689052562059926        0.34677018796298850E-001
   0.86180865525575379        0.93034737533059061E-001   0.70650877633453379        0.34046838773012546E-001
   0.73298299803049005        0.43034987897146368E-001   0.51410085101782943        0.34783071937937581E-001
   0.42851857489166734        0.42884052598375022E-001   0.40721336238199971E-001   0.34916276552924196E-001
   0.60403047895006290        0.43010550458850015E-001   0.79714399034987116        0.36354932656378666E-001
   0.32045441847648504        0.92974407981972484E-001   0.65730022200207983        0.38001831010734344E-001
   0.32928309349120000E-001   0.42296084275732941E-001   0.85996646313556790        0.37156234663291841E-001
   0.92083065017616850        0.92495879990098936E-001   0.50959491024004366        0.36884321800778462E-001
   0.48309517447722342E-001   0.92821045882217845E-001   0.12016217011112690        0.33145225490777121E-001
   0.71048699431093473E-001   0.93463668800835897E-001   0.33954769253155154        0.33449573164813839E-001
   0.81838788679662211        0.92424599827627352E-001   0.97803329905977621        0.34848755132564038E-001
   0.52648711896416822        0.42780244194193698E-001   0.22090343800315253E-001   0.34925268072270942E-001
   0.36404551754150555E-001   0.42650904347632308E-001   0.75284707239769461E-001   0.34896917077892241E-001
   0.38687109391243302        0.92889826715102083E-001   0.63119285089771415        0.33354848371119149E-001
   0.81479883676357778        0.42994455321877928E-001   0.72895122426757786        0.38120638431305545E-001
   0.60624656494357936E-001   0.91847992752160934E-001   0.90433278010135243        0.33704186565106063E-001
   0.93273825101018304        0.97496815375668844E-001   0.83153698304987211        0.37269766114942336E-001
   0.27616364638399277        0.92413432607238166E-001   0.78396339318113928        0.35624772152548140E-001
   0.67177598999491761        0.91772878294162974E-001   0.96052743046729805        0.33813272815667657E-001
   0.49958825804209922        0.43094289373850514E-001   0.89661316129031512E-001   0.36236335943297233E-001
   0.34432940031974285        0.42915318177467694E-001   0.60761298001594544        0.36376994564173586E-001
   0.96563417380469585        0.92933891866746318E-001   0.16314086811485379        0.33107734704751375E-001
   0.43306890811770016        0.43192923950866505E-001   0.90015086214887896        0.37230594328404795E-001
   0.16215649500738401E-001   0.42293089409756429E-001   0.93135612156019298        0.36157990948065488E-001
   0.19284974507240987        0.92897798918796945E-001   0.19429963501430955        0.35754198402436904E-001
   0.86352626043991965        0.92786511283379600E-001   0.77392410819039037        0.33338812883221193E-001
   0.29593365154036960        0.91404580209808087E-001   0.91742748646034461E-001   0.31915473100777039E-001
   0.90367219906763951        0.93158004937714145E-001   0.43432040721463783        0.36420185742515258E-001
   0.23028813795288139        0.42881515267619158E-001   0.67875692094734619        0.31553394951262533E-001
   0.81305613233384011        0.42066764969523926E-001   0.97899756592399564E-001   0.32897539737362813E-001
   0.96099710310236175E-001   0.42432015764542155E-001   0.73360706796231556        0.36782970472755520E-001
   0.24699483527617203        0.93607509629335506E-001   0.41535791346199818        0.34867158078847771E-001
   0.16645559311958882        0.42964011878410112E-001   0.70999678601708149        0.33086839657862827E-001
   0.58013044296184235        0.43002503354092642E-001   0.71334603406612684        0.36332634933906885E-001
   0.72763474424583208        0.92281954827635848E-001   0.16988702398103539        0.32232383736277029E-001
   0.41464266631890107        0.93821285915261024E-001   0.28899966829050139        0.34526694629326185E-001
   0.45685230660389164        0.43164727075304020E-001   0.53461646082630920        0.35652494715751833E-001
   0.71660085896009407        0.42806669818412212E-001   0.29473706944962363        0.35081848424927391E-001
   0.28220192592861904E-001   0.92691761091732841E-001   0.18260934608571150        0.32375617308672645E-001
   0.52596238383050753        0.42769073352643121E-001   0.18520693535024568        0.36342400413609588E-001
   0.91872298239720085        0.93085247257955528E-001   0.63912660206364713        0.31042881041935914E-001
   0.92204160786266165        0.93182751767032959E-001   0.10902932086898166        0.31092727313376683E-001
   0.24088161486518983        0.93077800074883477E-001   0.63008758377088658        0.31064547762262539E-001
   0.69716437992551850        0.91738796857202543E-001   0.61177350629358189E-001   0.31092587095649417E-001
   0.87609433948531468        0.43137413394978126E-001   0.47058935304254473        0.31196633952494460E-001
   0.98857080753444559        0.92356918545172542E-001   0.70343273508055570        0.31040594703545834E-001
   0.63629003892688518        0.46709414074483313E-001   0.61965012984113099        0.30954238098448838E-001
   0.27999102725913705        0.43832161230413759E-001   0.32983764385532227        0.31063683749621689E-001
   0.56067499061645243        0.92776756759663903E-001   0.21411298434790352        0.31003018531487313E-001
   0.42749311841212423        0.42897976196322629E-001   0.62810577644608057        0.31063217884697705E-001
   0.23258410519985759        0.42349063695330577E-001   0.94434797598611908        0.31073892412913577E-001
   0.47014250503824928        0.44829037193259882E-001   0.38746305403705783        0.31040398247514072E-001
   0.71885914362818260        0.92672170975957202E-001   0.76482061526710432        0.31019524760132047E-001
   0.19921208666776802        0.92754379050754510E-001   0.73458817928000464        0.30974588166923608E-001
   0.76467719150632807        0.92865167850870109E-001   0.45516772553310053        0.31078842734794797E-001
   0.93302803911712973        0.42193106871249171E-001   0.99455430952809432        0.31091091942993778E-001
   0.51125210456540604        0.93362069456010333E-001   0.41680957488192882        0.31040992748162764E-001
   0.89986106073231098        0.92869274326368517E-001   0.23547645566818830E-001   0.31033625896408151E-001
   0.33188427103516771        0.92189482903694719E-001   0.87581922108584120        0.31132832410054930E-001
   0.37585133642630458        0.43162511709497177E-001   0.50551143416004185        0.31038654304055786E-001
   0.67498910095302567        0.47588506220587599E-001   0.54506401216134537        0.31071506883275684E-001
   0.11939410946735240E-001   0.92315439995359003E-001   0.36544271515673471        0.31032949949042959E-001
   0.48019158689892816        0.93007150882204292E-001   0.28277066140241619        0.31077392760343096E-001
   0.27718201423343519        0.43065906678802217E-001   0.63716314939699692        0.31054583710935179E-001
   0.15102829090504994E-001   0.42841751385355412E-001   0.14453331973077152        0.31092621946990084E-001
   0.97007164631093779        0.92644909656652646E-001   0.44744564561272127        0.31129692248029837E-001
   0.17112618433241628        0.93493281361505642E-001   0.36447767641203055        0.31052412180323161E-001
   0.10389873495792956        0.90319927157517396E-001   0.99959499725170686        0.30989694108993472E-001
   0.19560797184313997        0.91193063584966483E-001   0.81772593486154466        0.31108807970091665E-001
   0.19221919428983714        0.43268365393444454E-001   0.23922192538023876        0.31064949865780473E-001
   0.60890584604466302        0.92652124029614619E-001   0.46410233915239379        0.31013174232146900E-001
   0.14571425947622899        0.87791414471146523E-001   0.87869683220940450E-001   0.31024992580545408E-001
   0.95818982041016243        0.42268644277918113E-001   0.68153360080755221        0.30955099111190890E-001
   0.87652205596721611        0.43655638464926275E-001   0.25320111065087642        0.31025780393598521E-001
   0.54508815654392306E-001   0.93571285869983978E-001   0.69216895368538445        0.31131688824023607E-001
   0.19849467066523613        0.93462654127297456E-001   0.27619026275008690        0.31018578092720857E-001
   0.53407430840750969        0.42847514736706865E-001   0.38384538807056690        0.31081088919065039E-001
   0.45018260867822985        0.43050510401651761E-001   0.75360976622685161        0.31065423865621940E-001
   0.68813958347884230        0.42715255157293394E-001   0.17103210419430936        0.31084001707191389E-001
   0.75568578438630973        0.42934043072865441E-001   0.80256011175601771        0.31047531719278241E-001
   0.56647943456873184        0.42582275935792190E-001   0.96751451818696127E-001   0.30983822316781710E-001
   0.35812518441213509        0.92629748616819538E-001   0.56317083520412914        0.31075989435554462E-001
   0.87482058027707171E-001   0.93432488280857498E-001   0.62995618671716880        0.31019606069515156E-001
   0.86373610300121095        0.93024129171655923E-001   0.57397265817537879        0.31048538089590530E-001
   0.89765287561232088        0.42525563975590902E-001   0.54950473667189037        0.31031386752266393E-001
   0.27694250956661548        0.93134248362307812E-001   0.53094381220525355        0.31123344649677621E-001
   0.43014997318864878        0.42986774962458611E-001   0.47309521936514048        0.31125339416840963E-001
   0.78069815788011743        0.92813584002938418E-001   0.20723582935667192        0.31040269526142958E-001
   0.68848046213688940        0.93100170230735399E-001   0.71004557462431472        0.31128227592714695E-001
   0.42393748570204381        0.93486377648404728E-001   0.85096011602748622        0.31017629259412097E-001
   0.60794022504844369        0.91881916530071911E-001   0.94792203662373098        0.31139808787705302E-001
   0.94773931838094155E-001   0.42893698154871818E-001   0.50626623685480876        0.31039900462591957E-001
   0.91032067408216566        0.93411552217987484E-001   0.23804044500377489        0.30993350775498554E-001
   0.98950788841689730        0.90261052170244813E-001   0.50660171306773216        0.31114217032460301E-001
   0.55041579077920122E-001   0.92323099969849137E-001   0.75428714369877625        0.30988423283749907E-001
   0.47907841816002816        0.93285292700838254E-001   0.89243094617997565        0.31057808928691057E-001
   0.53846037247892320        0.92928920786394142E-001   0.69562378926084945        0.31016070150979874E-001
   0.38499432105919584        0.95841592789553925E-001   0.63466451532834409E-001   0.31059294453953432E-001
   0.44338410006446442E-001   0.92438516518152103E-001   0.96705177559454303        0.31045205665092890E-001
   0.78311470814291295        0.42459665707682254E-001   0.25870076199298190E-002   0.31039965119029966E-001
   0.70101290593141730        0.92939999368531520E-001   0.34038926033529288        0.31068485708230311E-001
   0.93540754611977883        0.92562591031164210E-001   0.89975850538290147        0.31163835898434574E-001
   0.53595706972282797        0.92269782521584895E-001   0.47669284056868916        0.31066766315345249E-001
   0.90949896498943139        0.93070078014708998E-001   0.30080817991117736        0.31078496900480361E-001
   0.57326662201034440        0.92300962905514747E-001   0.41285361686829875        0.31093601481344543E-001
   0.56669780211347942        0.42366944690590991E-001   0.85671940876998665        0.31061544532862459E-001
   0.30748614829199622        0.42807696479181631E-001   0.13725878932242047        0.31037953191096444E-001
   0.92576568526386871        0.93773553683885930E-001   0.57741052185092157        0.31057120960350269E-001
   0.79947302791055122E-001   0.91363105549323198E-001   0.84067673231026707        0.31060640627188500E-001
   0.30777445948350379        0.42056788276708890E-001   0.98107258640805484        0.31153434446045226E-001
   0.38805977759803967        0.42822317428017044E-001   0.75118735394520619        0.31040576558176353E-001
   0.62939994340579530        0.41701594922154209E-001   0.97840165462884920        0.31035741693739689E-001
   0.40193388096884886        0.43241902825782948E-001   0.96160423851778598        0.31114079369949362E-001
   0.96184108725519857        0.90197994472818580E-001   0.27273294885618703E-001   0.31073873517989844E-001
   0.26014357672839661        0.92233894960293425E-001   0.84894588573150753        0.31071867593076178E-001
   0.99684433087439095        0.92269340632521915E-001   0.88951764073568029        0.31119638095429468E-001
   0.14488500845529503        0.92516898517949933E-001   0.24097433656458347        0.31044182235634807E-001
   0.52078874643352302        0.41825803777052695E-001   0.51298722821336018        0.31061593440643694E-001
   0.44225680750840379        0.42949421011420241E-001   0.68843724069519674        0.31006090412414231E-001
   0.41375023717282522        0.93736767909008367E-001   0.52114550884655075        0.31037073169571439E-001
   0.44944059401883490        0.93228903231101362E-001   0.42434645441592866        0.31051297146042763E-001
   0.96244874355766563E-001   0.42702193089897311E-001   0.10423949957571155        0.31091333417982491E-001
   0.70567733314276160        0.26482256719520342E-001   0.11355062463894269        0.31115287787251728E-001
   0.30238872972490505        0.93058926938298647E-001   0.59046203980701517        0.30977984734281441E-001
   0.54343636200326922E-001   0.46800122376406690E-001   0.38498354932128542        0.31083248790331863E-001
   0.23927776450380264        0.44902026343380100E-001   0.27981611679919516        0.31097838043742353E-001
   0.30836895792903962        0.93006273325090927E-001   0.43968856462749822        0.30996236899009520E-001
   0.15595133451820758        0.42333896441050123E-001   0.49368400913152694        0.30976836396744447E-001
   0.63319994057793350        0.93021140151378426E-001   0.52188664000656093        0.31024647659171633E-001
   0.97658969321381217        0.45129124942818205E-001   0.80933127527749793        0.31006761206238919E-001
   0.34490222653849811        0.43074964039882015E-001   0.43319501170365832        0.31036834808435321E-001
   0.39698420202002310        0.43003533216059459E-001   0.56451609121074509        0.31109184311371947E-001
   0.55258563017823825        0.42283994659269679E-001   0.44358925540421523        0.31108064094603524E-001
   0.74568114196948232        0.42111079108373563E-001   0.86395722643572781        0.31097338549535454E-001
   0.39110688728559900        0.42876018563845951E-001   0.32619132990292521        0.31101243589894474E-001
   0.69161417576110884E-001   0.38813200576033990E-001   0.16639443158578356E-001   0.31002764137106977E-001
   0.37146111929933728        0.43210140567990135E-001   0.86995474675620521        0.31063036591317202E-001
   0.55519171806929180        0.92798298241021704E-001   0.35333731958796000        0.31093358571951474E-001
   0.96250408109697205        0.42686868851978255E-001   0.87341631712031598        0.31052624476576987E-001
   0.84879849671259622        0.92771994719330897E-001   0.22086476885921913        0.31068731075984669E-001
   0.44045308981078202        0.93188012359721933E-001   0.94622560675261702        0.30927754446580070E-001
   0.36257031834726966        0.94273518012543911E-001   0.39361101480944216        0.31080760976826851E-001
   0.20343810005433231E-001   0.94594661574905703E-001   0.81128316944569112        0.31066473696099526E-001
   0.28671512719960679        0.93737547689038567E-001   0.29311003156880033        0.31041698984990890E-001
   0.32693153912979200        0.91261400156040243E-001   0.36302716787702367E-001   0.31060875110352455E-001
   0.98171208321631384E-001   0.42173585958369897E-001   0.88535392565640036        0.31046457765573722E-001
   0.18739177433691434        0.41100867871282962E-001   0.85391540222778461        0.31015813828848965E-001
   0.59203851527727325        0.42810400350157762E-001   0.35630445648633868        0.31039039437999023E-001
   0.93747087995497591        0.42624332458194435E-001   0.33531608734513274        0.31033663188603729E-001
   0.61580174516069497        0.92783252632877164E-001   0.24296098050221179        0.31084246389536319E-001
   0.59521049677453419        0.42357309334065812E-001   0.39044955629764476E-001   0.31022486524693287E-001
   0.87701937798980290        0.42895535613545609E-001   0.31985684849350260        0.31077534818196164E-001
   0.88595938608992975        0.43438837704757427E-001   0.12489998318384524        0.31028488530358046E-001
   0.93839989081844366        0.42642803426216985E-001   0.46679341401409757        0.31118472380795983E-001
   0.18176111465286895        0.92882141366128809E-001   0.42607596679129123        0.31036312803973440E-001
   0.48775663776180150        0.43160294137405297E-001   0.44741351397685830        0.31058101030854678E-001
   0.81780850696547669E-001   0.43559609666052122E-001   0.66702557284771025        0.31097171784676077E-001
   0.54537106114350287        0.43265408430653428E-001   0.56996271128280007        0.31006836917120917E-001
   0.78901555492930164        0.92921079925875033E-001   0.36765412533347008        0.31119719397140928E-001
   0.34182899635374853        0.95487985581781148E-001   0.72699516877928794        0.30965965366770459E-001
   0.90397711484537424        0.42808436531737964E-001   0.38839892816080329        0.31094512703582600E-001
   0.60543361806641638        0.92994489112617137E-001   0.66943978742650823        0.31116748536563470E-001
   0.51405750294373043        0.43039965761299447E-001   0.90547872327757617        0.31109720017817685E-001
   0.38667248461869563        0.93081141559302250E-001   0.90537147439350907        0.31095066922567322E-001
   0.22635367846901897        0.43100741364593659E-001   0.16474845095882568        0.31076543725072604E-001
   0.88235392974127580        0.92511064114944030E-001   0.35730247439409019        0.31056692327520546E-001
   0.23972039944008916        0.93025635952769747E-001   0.48099874342601551        0.31114233047971940E-001
   0.95928072163936429        0.42077503774294395E-001   0.54152774269625081        0.31016495648113485E-001
   0.94888393809127636        0.42500251713934172E-001   0.93439754332367075        0.31057939187162643E-001
   0.73513604971057134        0.43694738497882711E-001   0.35835897339518519        0.31038454888424858E-001
   0.46616335520634855        0.42902335734567650E-001   0.97449015626375790        0.31139207561634595E-001
   0.25984409434671601        0.92911942742446602E-001   0.70234997710628877        0.31065793823406244E-001
   0.41022841844566638        0.92557044083028880E-001   0.75846761291768012E-003   0.31124161631662144E-001
   0.59749870536922367        0.42759788369568209E-001   0.20474300826301647        0.31110218755318525E-001
   0.16582325556243913        0.42853806096120502E-001   0.56413910287761115        0.31001482226590688E-001
   0.58716920603954870        0.42916363286913603E-001   0.49527472045867349        0.31069123498246205E-001
   0.28269730749009214        0.43352355899047179E-001   0.19427606442358991        0.30974401168729668E-001
   0.82389079605301563        0.93003837187916549E-001   0.14616179002701346        0.31109491870533863E-001
   0.80815045988364409        0.93009792721996595E-001   0.60173453869392446        0.31051338403770248E-001
   0.15681922644068549        0.42717201456589610E-001   0.12970443686712507        0.31065262260698091E-001
   0.85635036963948508        0.93161827319952317E-001   0.64101902903847852        0.31098498909109498E-001
   0.51178333652284647        0.42496337853391408E-001   0.25115682637699044        0.31099156539066135E-001
   0.14179489390673158        0.43028884311057711E-001   0.65072897265673946        0.31080275161169776E-001
   0.29427561317667950        0.94399890934218494E-001   0.36503459823390316        0.31086816172299706E-001
   0.89055452401509516        0.47281837928318540E-001   0.81099808545245233        0.31055808658364468E-001
   0.86077395867639506        0.97341623527862894E-001   0.84099861196461567        0.31093461099722983E-001
   0.95622155077646109        0.42948246084485560E-001   0.12400834391244947        0.31034044552374952E-001
   0.92208934656514280E-001   0.93434088091875145E-001   0.40189505858554864        0.31105261299888647E-001
   0.66953804537084616        0.76455973225885071E-001   0.12200438466483127        0.31043867733653648E-001
   0.25245970761162490        0.42198978325225157E-001   0.88506232004742835        0.31027624924398003E-001
   0.69960635590644527        0.92949984484276507E-001   0.48700551641090967        0.31049866026706924E-001
   0.88537557921439351E-002   0.41833162287656663E-001   0.47193504356084220        0.31106557211449431E-001
   0.54174711250421881        0.92737506189413066E-001   0.27327104032645760        0.31038608335045938E-001
   0.14482936831823051        0.42882533009734804E-001   0.42702496706883764        0.31037348715029504E-001
   0.68185282435387706        0.43245113420983715E-001   0.39053148951684163        0.31143799302500132E-001
   0.41985327471433737        0.94395827072005001E-001   0.77773479612682916        0.31066033532905876E-001
   0.46529815507600847        0.92928965714392020E-001   0.64626811219112457        0.31020668883516900E-001
   0.28920407164106726        0.43636958650582695E-001   0.40526474574566368        0.31090233707961479E-001
   0.99458364538785016        0.42289867642010558E-001   0.36820512998098011E-002   0.31068877624560013E-001
