 3 HS poly
 400 2
 241 159
    1.0000000000000000         0.0000000000000000         0.0000000000000000         0.0000000000000000        0.10000000000000001         0.0000000000000000         0.0000000000000000         0.0000000000000000         1.0000000000000000     
 T T T
   0.99811775633790567        0.94114503805579439E-001   0.52633872126025039        0.33116585063866798E-001
   0.44176951838883260        0.93578741781598140E-001   0.29278361871414554        0.34333280373531255E-001
   0.81397916658768632        0.93588168428941271E-001   0.73703848253301085        0.35382676195803320E-001
   0.84993600980230954        0.43685217684139820E-001   0.80996814057663280        0.35997285173231391E-001
   0.15383509963479053        0.44152720391219986E-001   0.43426129061252866        0.35540178623754866E-001
   0.98014215898431911        0.43911626747129409E-001   0.78690763710558131        0.35910162377789323E-001
   0.54552188087213693        0.44062312213240556E-001   0.51675238923935041        0.36364677929855434E-001
   0.90731477255477488        0.95066148704245637E-001   0.90589781809857584        0.31776243518945403E-001
   0.27643842014075698        0.92371638543979340E-001   0.18831074415785637        0.34597690711417016E-001
   0.15173582146882639        0.44203173917356578E-001   0.90870982758378505        0.34411261126529688E-001
   0.93959812119674224        0.94091262854758245E-001   0.58318102427517504        0.35014458200699441E-001
   0.53474559724131576        0.93509889537828406E-001   0.62742416995656025E-001   0.36860178904340922E-001
   0.20588123162181707        0.92756257130787237E-001   0.11131297520992064        0.35429822162548461E-001
   0.45275236434541138        0.43475915823186190E-001   0.18387675080074681        0.34691263098719075E-001
   0.60155039379117214        0.43795583908518183E-001   0.23341755835739011        0.32210118211094409E-001
   0.15288010912043565        0.43913894424207796E-001   0.65340561446261591        0.36783062535698685E-001
   0.18811953029712819        0.44678688796938204E-001   0.32290126028281145E-002   0.34195287591267207E-001
   0.95438416551637806        0.94462487878272841E-001   0.29699894884439093        0.34923021948237230E-001
   0.41487437371485120        0.94152719528006315E-001   0.44906409218547816        0.34794404181476467E-001
   0.41162595572051414        0.44464387200719782E-001   0.29908423756963197E-001   0.33701843119752044E-001
   0.26810867138306754        0.94152196332555380E-001   0.48160050763577283        0.37608386415115914E-001
   0.61655411870752330        0.93946958455092100E-001   0.12855303362201839        0.36665566745465783E-001
   0.34214189859882160        0.44413311497422163E-001   0.82791188873775146        0.35601395105602861E-001
   0.51937254936464206        0.43598228014874202E-001   0.45078020078563108        0.34485115755200337E-001
   0.38911751383893756        0.94071177650717042E-001   0.64247133258815503        0.34014898464196322E-001
   0.86381125073061382        0.94038973491530370E-001   0.37408986486586987        0.36457218439147406E-001
   0.74329930408323397        0.95646123027436108E-001   0.26397198498576790        0.34016485932311352E-001
   0.32084642383899553        0.94312385760958337E-001   0.63219636206916363        0.34978067684128103E-001
   0.43744762204291621        0.44218838113460890E-001   0.40472416888713081        0.35695957077009725E-001
   0.58403927348461504        0.43950014595263036E-001   0.85277329415259701E-001   0.36400443604124068E-001
   0.81105614480238386        0.94245084181620239E-001   0.27987233175857901        0.34828503810461472E-001
   0.48499183554664332        0.93998350358217200E-001   0.60245316502071189        0.36699797213589722E-001
   0.39257572753539621        0.94152748638965181E-001   0.98485740720648640        0.35686815581404435E-001
   0.74623739733245142        0.43667578256145173E-001   0.60774566593142676        0.35185911754351221E-001
   0.63461501042975421        0.47101382878479481E-001   0.51587118673079735        0.34133517275324592E-001
   0.77151902309051035        0.43737861089735153E-001   0.53362683171508454E-002   0.34448598383678967E-001
   0.29010620666589788E-001   0.36690532656508311E-001   0.19423932743193564        0.36392065720428662E-001
   0.42928859300654543E-001   0.96787148551513200E-001   0.90818717551354877        0.34021838626131368E-001
   0.68344120844402789        0.93758148767284902E-001   0.39029924385661707        0.34602792545230368E-001
   0.56996835717846750        0.44124546747105767E-001   0.95430193647590093E-002   0.37661243026612418E-001
   0.74253490229888119        0.43686688378854616E-001   0.93535191272143225        0.35563313815778590E-001
   0.64504821525444778        0.97057339638961862E-001   0.56424141900710567        0.36174068554398579E-001
   0.96858288405524917        0.93964179482198179E-001   0.45605518153011881        0.34449540329554738E-001
   0.27303923967036559        0.44088231284702795E-001   0.36732568329589116        0.37807770104988668E-001
   0.81743267072871251        0.44078909301445660E-001   0.39661348839478622        0.35317346309333753E-001
   0.42603947896978878        0.93547267885292287E-001   0.22496162342833440        0.35218711956487792E-001
   0.69265556918335891        0.97065874079251671E-001   0.62128455365547508        0.37013231476746927E-001
   0.21458727172818703        0.94543587636686119E-001   0.42097987401319710E-001   0.34324200948597498E-001
   0.50900611811935881        0.43907121591039308E-001   0.78630525634742476        0.35988869992135644E-001
   0.85349218131477855        0.44269395214736829E-001   0.25675532117533173        0.34685135295355801E-001
   0.57873390370410915        0.93988168762795282E-001   0.95353135646668996        0.37784787659751740E-001
   0.63803873268822275        0.43625522592036441E-001   0.29173570494550716        0.36567921940189638E-001
   0.63976952551387711        0.93882644745740679E-001   0.91704917184911072        0.33311361064316973E-001
   0.58311144722721719        0.43922957100267314E-001   0.16834751447924182        0.35414451000394941E-001
   0.59472119759179549E-001   0.16874474745353332E-002   0.13599999813786773        0.38056686031964285E-001
   0.46076735994653611        0.94324008512849444E-001   0.35977545253676552        0.35286619470502552E-001
   0.73053018192252073E-001   0.94166072686492255E-001   0.84635250865198464        0.34789024305373832E-001
   0.99064725481593319        0.44491255052195450E-001   0.99697385649694592        0.36595074710488257E-001
   0.85360854943507558        0.94069587554627826E-001   0.60168339436756857        0.34768743859248677E-001
   0.78737700731182925        0.93801578873381072E-001   0.57922616335366073        0.35153337655607651E-001
   0.24402427795371007        0.43114315087994383E-001   0.15156733182906185        0.34706758598450529E-001
   0.18091736571779413E-001   0.94237765137769269E-001   0.36668045782507191        0.32201674988943982E-001
   0.53492698833786889        0.43459455837850436E-001   0.24437577164430377        0.35279734248778089E-001
   0.55125711534326027        0.94326136314691111E-001   0.40553289130188597        0.36786470769857235E-001
   0.67587976487088197        0.94024636200962630E-001   0.25945848610529137        0.33548599582365668E-001
   0.76740299110644916        0.93534493721185885E-001   0.88781028468902357        0.37521642437597695E-001
   0.42217835370214329        0.93343037255862821E-001   0.79549435568926283E-001   0.35684326511901322E-001
   0.50965919669699689        0.94069806852790691E-001   0.91024311546807379        0.36034737609848960E-001
   0.15048467469907509        0.93942015935666090E-001   0.77479909057171381        0.39114216987225003E-001
   0.34411002365722421        0.94135574042087417E-001   0.46101649824691771        0.36957410732185350E-001
   0.72603499089467738        0.43727178657132687E-001   0.92443945510743697E-001   0.34804286473307848E-001
   0.89419792853917668        0.94376972080249033E-001   0.23884787922335374        0.32091527312982378E-001
   0.35258108227602314        0.93757716646155120E-001   0.11919338458694981        0.34585092608325041E-001
   0.95953320118751440        0.94478901799575965E-001   0.96055941022209734        0.32619181761211438E-001
   0.35625160226741426        0.44312862122480624E-001   0.69495517588641909        0.37247591304398989E-001
   0.35758942979814168        0.93171339056297348E-001   0.24558615625016289        0.32715447688786654E-001
   0.61306121802070547E-001   0.44080069667707639E-001   0.38829170436603583        0.36798615855728772E-001
   0.60230695687251568        0.94235674477340048E-001   0.77721697980975979        0.31053744914713400E-001
   0.71789144534787441        0.93653898712623626E-001   0.78365001328547723        0.36788367972856423E-001
   0.24533583590119146        0.43042242818416850E-001   0.22673373698360219        0.35028919013416225E-001
   0.30367160049807490        0.94096177321628310E-001   0.32346926446783925        0.35286881078225446E-001
   0.88285789317173236        0.93889947166271762E-001   0.98137913442688729        0.32965004662193334E-001
   0.97477885333199865        0.96576840456932711E-001   0.89451017540253919        0.35053404291972873E-001
   0.63352495021650346        0.37172651215479267E-001   0.36326633833212513        0.35095188897174411E-001
   0.67744181212847893E-001   0.44658979428394252E-001   0.95294498825170537        0.35075638936097227E-001
   0.37748622526374548        0.43970166685634013E-001   0.54703773509847542        0.35937630339377316E-001
   0.14700953767667396E-001   0.43852990267289983E-001   0.67969192635647357        0.37664824028171812E-001
   0.96146199591288095        0.44211818628424430E-001   0.20846779042617003        0.33006257284094266E-001
   0.60435711864767386E-001   0.50609858889855086E-001   0.31637694988856502        0.35353475082401997E-001
   0.98924315125667472        0.44117603929104132E-001   0.40793554868471754        0.37842413507904703E-001
   0.52376442705956516        0.43948358602392205E-001   0.85525851331004521        0.34409465062829020E-001
   0.22904602330411680        0.94656951899774119E-001   0.82031710860412665        0.37155256114150478E-001
   0.11976848649529295        0.43891749965605770E-001   0.82354024557306738        0.37099681051335792E-001
   0.94386692351916890        0.94212434804834141E-001   0.31327901691404793E-001   0.39788981779543250E-001
   0.65563830717978622        0.43892257343922693E-001   0.93941743829992541E-001   0.35578649830149765E-001
   0.13838233944052003        0.11898963040139416E-002   0.93555187472977405E-001   0.34575806917325466E-001
   0.44812475304366987E-002   0.46775648179184545E-001   0.92934304161967862        0.32438503738864637E-001
   0.25001901994673509        0.44199968026329250E-001   0.87730383585607608        0.33647089119510511E-001
   0.43475706048139545        0.94113431299993625E-001   0.87087667244472156        0.33164871631360796E-001
   0.74828245258292103        0.93761436068823256E-001   0.48298596036044639E-001   0.35326125040961387E-001
   0.53917142187021749        0.44165230563785671E-001   0.60565778061604170        0.35517418364525280E-001
   0.20155247686300576        0.93987185576017096E-001   0.52754255801977634        0.32621182036455199E-001
   0.17408763285557627        0.93869578532832898E-001   0.60599811315030150        0.35212241325575051E-001
   0.32903783024291644        0.93894969331446310E-001   0.55589267846249535        0.33824398566379421E-001
   0.94535789284631605E-001   0.94603410041103064E-001   0.99399215645304195        0.34781876231741816E-001
   0.99367802020347423E-001   0.51487973969279455E-001   0.17669469740834051        0.37608445210760739E-001
   0.16350804782737524        0.43998481141706937E-001   0.50386416760882546        0.34508494137093899E-001
   0.56812983490157461E-001   0.44590087149006606E-001   0.20502587070327875E-001   0.33194078607316567E-001
   0.49975389836875383        0.43947021793255409E-001   0.95989421184253776        0.34747516417212569E-001
   0.53032124548494719        0.93185400934540044E-001   0.33727999681118154        0.34466850624647612E-001
   0.47282980573878036        0.94006888030323491E-001   0.68607205488009426        0.33642983541727130E-001
   0.17093068840834058        0.42750111647652599E-001   0.15282620755182869        0.38327339715489975E-001
   0.28760735929180686        0.98304445963481646E-001   0.71507723008069346        0.35166007899468665E-001
   0.35061587298240815        0.43770976823026782E-001   0.35464650419579963        0.33619625958731914E-001
   0.30642830096094564        0.94290680916457550E-001   0.58068054608741225E-003   0.36531520030562349E-001
   0.46383216831397378        0.44903356426846709E-001   0.73263862692332482        0.34064755637031735E-001
   0.12772352281741151        0.41125964006347382E-001   0.58392212649551711        0.34402354359028928E-001
   0.78895782253080737        0.93737585946463794E-001   0.95841626500291333        0.36287674916047501E-001
   0.74668142915419244        0.93690946183283677E-001   0.71545559909471279        0.34486818130806132E-001
   0.45484517784437811        0.44189699217143726E-001   0.47125348691874863        0.32926470585208784E-001
   0.21680921875840725        0.93812930635400624E-001   0.74242731402809281        0.34474342406889603E-001
   0.39130153946631285        0.94143042506491081E-001   0.38216766488573367        0.35893841204065434E-001
   0.61822638129580290E-001   0.43982646791618320E-001   0.61244090910229299        0.37407198319525797E-001
   0.38618487862286272        0.44217858546013941E-001   0.76939126065215591        0.37604614687738083E-001
   0.44282708542505705        0.44226306660283363E-001   0.82021880466142105        0.38341356364792585E-001
   0.27963013253526664        0.93536925179216357E-001   0.11140960574972199        0.38295211079952263E-001
   0.65730435666815634        0.42640343278421859E-001   0.42987812957725469        0.33365590104332959E-001
   0.57121821032693376        0.93942236431320769E-001   0.87137342986879718        0.36375971796278050E-001
   0.90725798876935404        0.44030152514651824E-001   0.40047391618191108        0.34833307539033569E-001
   0.75589002934190985        0.93344557273747825E-001   0.49767513374432115        0.36956990604319354E-001
   0.76784932012979978        0.43597836548393998E-001   0.76215430690361974        0.37049759295492417E-001
   0.69368166214203064        0.92621369206339607E-001   0.46040542456658312        0.35556729765066804E-001
   0.87315177496176211        0.44117793693290080E-001   0.24991058133095739E-001   0.33663938274316484E-001
   0.87809272060370724        0.94179264471484864E-001   0.14091525994914353        0.36508823116738254E-001
   0.31195843236093285        0.43513359306099349E-001   0.64875489488751867E-001   0.37233490645589618E-001
   0.10329015279361456        0.43956376636266552E-001   0.74335904810510689        0.35215401771432286E-001
   0.20048498511702864        0.94229727350206488E-001   0.88982875812882134        0.37806725181669269E-001
   0.37417925054933537        0.93801613271805986E-001   0.31228679635047168        0.35972698327762821E-001
   0.79756737816496892        0.93601035466742366E-001   0.80680772327003769        0.36210540521129618E-001
   0.17748105129135741        0.43092575976779859E-001   0.23293540134803806        0.33078255547770219E-001
   0.45879366183960851        0.94152111945430383E-001   0.14087669104411164E-001   0.36511003360091054E-001
   0.67418172155606282        0.93935274828791673E-001   0.48980817392619627E-001   0.34105752317592192E-001
   0.42909096901003713        0.44183669943824430E-001   0.94643779670156336        0.37157454424677029E-001
   0.22560027416360057        0.44150283871674828E-001   0.44622961174022863        0.36894748702831416E-001
   0.11206393426078898        0.51353958039618300E-001   0.24763712016137199        0.34338828479054756E-001
   0.31538274760072527        0.44325812989008236E-001   0.89149331242309771        0.33171628599849616E-001
   0.94866042033658327        0.94058165932948246E-001   0.36997141193277916        0.36867986807906900E-001
   0.42615532260928096        0.44110878498643993E-001   0.67391885383873684        0.35666042495764938E-001
   0.83924071683140922        0.44066243997332881E-001   0.32668692339915417        0.36656989649649356E-001
   0.24235679002067001        0.94155348543457029E-001   0.58022302187489350        0.33981892110116964E-001
   0.48027690605939305        0.94037836160831847E-001   0.42537584747950180        0.33128127548150296E-001
   0.98958938521282647        0.86519877996896075E-001   0.15880845711437444        0.36327547796330933E-001
   0.64343163116533508        0.93795068735213719E-001   0.98698910178752308        0.34982357892362925E-001
   0.98979806256326486        0.93901750760927646E-001   0.73210859705169018        0.38796205423440401E-001
   0.29745089631463900        0.44091346460557852E-001   0.43691111492964368        0.35522111285881140E-001
   0.25676795449308348        0.44541989150400634E-001   0.17225754596454340E-001   0.35646974574240521E-001
   0.39055427191087305        0.94205379856740740E-001   0.82040333145769895        0.33911390078703238E-001
   0.10859080898462763        0.94216491321249429E-001   0.92661847239983530        0.33995550754446408E-001
   0.77337250364104215E-001   0.94033870579584677E-001   0.61999628403974334E-001   0.34417718421247044E-001
   0.47629133057909151        0.93370692906362476E-001   0.13126263230177665        0.38434618629968720E-001
   0.70404434912869174        0.42730663364925398E-001   0.51031316205360699        0.35615667975240163E-001
   0.94115063129134280        0.39389602897502853E-001   0.69314025773464572        0.36395450012962793E-001
   0.31651316258438267        0.44095290632387089E-001   0.50759305762074414        0.36640654598363222E-001
   0.28642220448763234        0.44288304473127357E-001   0.95315773485100419        0.34907254016788597E-001
   0.85718722324347640        0.44142932744212854E-001   0.97510661653255365E-001   0.32877190260823655E-001
   0.57604121835971689        0.94484386967994785E-001   0.71344984387305554        0.36291152376711405E-001
   0.38372495596118050        0.43581974293268190E-001   0.19770632780248046        0.35664092417415173E-001
   0.69264679211145064        0.93707377007044193E-001   0.12993122007046592        0.35887359756940601E-001
   0.79352165002035246        0.44224680458765236E-001   0.71965501303216842E-001   0.35682704073932509E-001
   0.80756988483678271        0.44822702295789690E-001   0.15662724775872755        0.38715038421463885E-001
   0.62353365538669991        0.97048016127662895E-001   0.46909129342677952        0.35184872690546404E-001
   0.95027224971067448        0.44101470176084047E-001   0.53323543015299257        0.36409911975243320E-001
   0.62093248949077071E-001   0.94208097539374119E-001   0.50265668610650449        0.35034349959121303E-001
   0.71524295752401490        0.93774264859368073E-001   0.98124017944259190        0.36855693620842858E-001
   0.42702588450390505        0.85185806570765854E-001   0.51534512719992343        0.33074931987774871E-001
   0.79365347646580164        0.94104208712669044E-001   0.35214575052823949        0.35552843824957589E-001
   0.39087552951633842        0.44422240113339416E-001   0.87719024280380031        0.33428055659991310E-001
   0.52022941165079806        0.43451965048892108E-001   0.10614675855546213        0.30728030329601416E-001
   0.20633778537213804        0.92897488092347519E-001   0.19490558253782461        0.35787369496512518E-001
   0.31585011186580586        0.43547653376068550E-001   0.15028468080564675        0.34572944550238884E-001
   0.73167210924782466        0.43555227627048200E-001   0.16223105972350377        0.35182793693857267E-001
   0.23099952032621132        0.94098296984463370E-001   0.33219796683812741        0.36352736266052281E-001
   0.17212084611035736        0.94399310991281807E-001   0.95834990840664480        0.34544450881290045E-001
   0.25186848067892148        0.93998429440839165E-001   0.65012959605236409        0.36197519388076319E-001
   0.67358138601703454        0.43681704639365056E-001   0.94881597954245289        0.34612420527087163E-001
   0.10988215934939474E-001   0.44145345260997615E-001   0.48100136470634125        0.35550396099650543E-001
   0.21749283670268110        0.44351567456617877E-001   0.94035007011350980        0.35188052539964265E-001
   0.67946296588134170        0.43742457019473102E-001   0.87990414448355081        0.34262669510838159E-001
   0.31606528877315176        0.42922513268218693E-001   0.22090472252266782        0.35708315648872543E-001
   0.49467726555500219        0.94163171077450647E-001   0.49949545536916223        0.36925077807411853E-001
   0.41443999632749751        0.94159659463593032E-001   0.72363281933643098        0.35756281566264272E-001
   0.66571293466088921        0.43711627124767206E-001   0.79624186888051207        0.36454438759981868E-001
   0.70114690649957978        0.44722490272717408E-001   0.73560937124320347        0.33421990632708343E-001
   0.78541501646969869        0.44580196234275275E-001   0.23315752463529402        0.37327411515035047E-001
   0.39140301428574102E-001   0.44160457421275223E-001   0.54467639968377124        0.34051308413336229E-001
   0.76951877462235063        0.44141369100255484E-001   0.30741949135087743        0.35621632390015270E-001
   0.89241626441445843        0.44082024440810282E-001   0.57403320482361142        0.34137908563776909E-001
   0.13632695465268525E-001   0.46765512309985185E-001   0.86065185448424752        0.36609715571190367E-001
   0.51213262807751658        0.93885693373617227E-001   0.73940605230625311        0.32592544084440470E-001
   0.83335712062197298        0.94030196282355885E-001   0.20859521144816207        0.35678936768327243E-001
   0.48481542116187681        0.43511431725504091E-001   0.31532129668395581        0.35189618454877794E-001
   0.59165930578455439        0.43728975255004909E-001   0.82235263825038962        0.35711356153423829E-001
   0.10782011826952989        0.94118541189143645E-001   0.41289496951811266        0.35660395074749066E-001
   0.24805871117906847        0.44004062521132779E-001   0.53175015953533411        0.35777683832754946E-001
   0.12713693730559716        0.93903269788851801E-001   0.69918741739733992        0.35574533718034367E-001
   0.47320406348945726        0.44108215218936916E-001   0.54952914914959916        0.36919347262222291E-001
   0.84164323082882506E-001   0.43972779012491005E-001   0.45752486549959637        0.35308105443363304E-001
   0.82831927816660200        0.43805780511268849E-001   0.54770195539540978        0.34911082345331274E-001
   0.39940114806902860        0.43544001576979914E-001   0.26740849381066489        0.35489779679360331E-001
   0.58288596118724711        0.44991717858667624E-001   0.66014456703089586        0.34214704807140561E-001
   0.91292538670755252        0.44178889316333771E-001   0.32871348616826357        0.37021044707003098E-001
   0.80914497783144457        0.43665348816994770E-001   0.91493113993626685        0.32926705608926368E-001
   0.53445994359731375        0.94449290781295353E-001   0.65548705966760223        0.35001326419697665E-001
   0.59084486764849165        0.95411756633179440E-001   0.61191918124348033        0.35197198856272684E-001
   0.33348553423911637        0.43901630926464708E-001   0.28743505830094895        0.32993096940744870E-001
   0.36011890133074559        0.93627104524920610E-001   0.46952065837772949E-001   0.34374663127047442E-001
   0.73012757315432708        0.94221740802324219E-001   0.32979394577814314        0.31717488674674318E-001
   0.28291784731516911        0.93146146606816332E-001   0.25714544172282999        0.34165169371893213E-001
   0.41246721129397135        0.93983503440834767E-001   0.57947183110227074        0.33096130350408606E-001
   0.82091770556949839        0.93345243481020468E-001   0.66525863031499377        0.36691939774283616E-001
   0.89353263063797195        0.89979677268201719E-001   0.84223508993892537        0.33249950939731335E-001
   0.50473678292529744        0.44382188411872255E-001   0.38274567869514775        0.35088818809702313E-001
   0.46676818636790890        0.41547382808487465E-001   0.25002398435101258        0.32328941692285965E-001
   0.98627608702250547        0.44093416618140382E-001   0.33477778574289024        0.34867337791938485E-001
   0.82289150264281452        0.91558878720994427E-001   0.26689090646635313E-001   0.35414080894566262E-001
   0.17149495110152066        0.43935000540406791E-001   0.72342386370751821        0.35462567619289231E-001
   0.32063658871247425        0.94134131575060662E-001   0.39216128174959225        0.35433392234621407E-001
   0.94105884825254071        0.94188696615082321E-001   0.10756899784424526        0.34655401416592360E-001
   0.29168535424135322        0.44232056297603413E-001   0.58956179093696692        0.36639109016143527E-001
   0.76832772739583544        0.92547983849317478E-001   0.42035363363267675        0.36908198366120887E-001
   0.88418382288247466        0.44152287446052513E-001   0.19311585214082430        0.35928504528574663E-001
   0.97218790233583297        0.93854061390616722E-001   0.64620938127708749        0.35931597845771858E-001
   0.49688253621318751        0.93477029065415551E-001   0.20934752086816180        0.36634420713724462E-001
   0.62924166055376429        0.44365392367369638E-001   0.71588685323778589        0.36467606721686877E-001
   0.85226993798295980        0.43442050771924492E-001   0.70577399478763092        0.34774484858326168E-001
   0.36576733913940833E-001   0.94138650338640009E-001   0.43588984213853704        0.36434971274217076E-001
   0.64064512242433136        0.93744395093771818E-001   0.84531279922559388        0.37762804495270988E-001
   0.23616898789148577        0.44052920183158290E-001   0.69734785144793732        0.34270099082329628E-001
   0.79640560379603942        0.42298908470851118E-001   0.46437669855503549        0.34693477630913551E-001
   0.65628725917629827        0.43703644791415037E-001   0.16973367005948883        0.37629152365192403E-001
   0.19068195623321174        0.43150065223016475E-001   0.29983330033737710        0.34901353371911220E-001
   0.50310935181892813        0.43981319012602250E-001   0.25872759757333823E-001   0.31015336546835803E-001
   0.54841991053740025        0.93625825127650747E-001   0.80796774973062213        0.30989654464217697E-001
   0.87052898304723658        0.41108752173417203E-001   0.87817020381425748        0.31055337118229123E-001
   0.31803261568928776        0.44233044826177827E-001   0.76150511351485983        0.30948123082547404E-001
   0.93343173267500223        0.90698735957590051E-001   0.77329107364364624        0.31041621875764362E-001
   0.81880755532217864        0.94304312013571590E-001   0.10840454134713116        0.30951113689215468E-001
   0.73799842617795119        0.43241001227300978E-001   0.82659013569806372        0.30919013532401729E-001
   0.86255571609997195        0.44510985104142059E-001   0.47691359639437447        0.30963514270821169E-001
   0.63634232674830360        0.47109121987916447E-001   0.60831956791731456        0.30938758121897704E-001
   0.25600368232282750        0.44017647087228849E-001   0.75961389316349914        0.31034096317481174E-001
   0.83259321329143110        0.93647487697309628E-001   0.86465761186542101        0.31085556505554630E-001
   0.80327046285127102E-001   0.93893071952066740E-001   0.78052125616225687        0.31079131705943740E-001
   0.98706147648994536        0.44316825502625015E-001   0.26880747041096958        0.30980071879481798E-001
   0.92394502160832270        0.43996339918781747E-001   0.98502614610491301        0.30879956619474569E-001
   0.49015411018032445        0.94074255900716386E-001   0.82922839762875766        0.30943863719727235E-001
   0.19044962059120607        0.43862089260478618E-001   0.56555783776920876        0.31013582287313105E-001
   0.92845437744281478        0.94186619157158868E-001   0.18588965517775441        0.30961479438871956E-001
   0.30900775516531126        0.94455278830235190E-001   0.79755054184328977        0.31099356871401130E-001
   0.91625183013765421        0.44211797004963423E-001   0.73107829381054631E-001   0.30919662082962991E-001
   0.16148450550426627        0.98197184439224386E-001   0.34519712215220738        0.31059297720270843E-001
   0.52402070149681035        0.93950640290564616E-001   0.99538365940080831        0.31092861396441133E-001
   0.21978598417884892E-001   0.93904859013981296E-001   0.58747233809590471        0.31103288697959090E-001
   0.94435730488486769        0.46753700392238751E-001   0.86365643338022446        0.30936902150201711E-001
   0.20420588372790267E-001   0.64567609015960111E-003   0.29892935827502953        0.30957539380627876E-001
   0.20146957376111724        0.44152533516442188E-001   0.36889719432280249        0.31020289314626661E-001
   0.68503430316287128        0.97338194784285209E-001   0.69376069785490935        0.30912045441625180E-001
   0.87997810227455731E-001   0.43924955257248516E-001   0.67877840550064206        0.31092670153911074E-001
   0.68869361144728358        0.47063996163328153E-001   0.57506352803281657        0.31061367111164775E-001
   0.43680366988161724E-001   0.64813288872266242E-001   0.25375969529174441        0.30996959478067746E-001
   0.95839525527460145        0.96981084782770649E-001   0.82967166844891793        0.30897218721547649E-001
   0.26447533430585513        0.94371294364413411E-001   0.91598891918364789        0.31045059308343868E-001
   0.58990329689703702        0.93954376763185743E-001   0.52599128414045249        0.30981733771487257E-001
   0.61437003842679272        0.43906974579699727E-001   0.88521017512129352        0.31030225088608983E-001
   0.57008171268209584        0.43571056855957649E-001   0.30066515078497352        0.30960091573255313E-001
   0.72275852337019797        0.96556830771672320E-001   0.55760108275845865        0.31027546843992008E-001
   0.37797645497618582        0.43703255712960805E-001   0.85167134127745361E-001   0.30966398939826743E-001
   0.55743673551339745        0.93984077585095249E-001   0.47305163894916930        0.31002327234364170E-001
   0.75959565042111221        0.94219655154814341E-001   0.12733378942667484        0.31098032941963095E-001
   0.35215218336013432        0.44159849646387472E-001   0.39027488632621546E-002   0.31002976790506429E-001
   0.19881556433184852        0.44031991453284791E-001   0.78420088082865902        0.30989695779465025E-001
   0.32528171292884417        0.94357090363320573E-001   0.93154381686282861        0.31077324231666918E-001
   0.53903837979350022        0.94087719756814986E-001   0.56153703334735361        0.31047479710265852E-001
   0.19159060180411766        0.93250407821911699E-001   0.68008674203497410        0.30975708504652394E-001
   0.63685754758542146        0.44071678459393214E-001   0.29918658161118244E-001   0.31010495339829223E-001
   0.40993431982678646        0.92787748783467058E-001   0.15896731869927694        0.30999793082068565E-001
   0.89637328076515832        0.93967091293784888E-001   0.44206761281111451        0.31016012575832783E-001
   0.61876225197129542        0.87156281166580502E-001   0.40387703251888585        0.30942352455021707E-001
   0.66860583070240120        0.47345269485478902E-001   0.66123301746287888        0.30951500192366397E-001
   0.87076960269524040        0.94093496906262411E-001   0.53816782287761844        0.30973125322164428E-001
   0.28833286373026201        0.94153872296367638E-001   0.85683069408544854        0.30991476536698599E-001
   0.52400018077694610        0.43630819805906884E-001   0.69921190657693311        0.31000515415600234E-001
   0.17513598032224614        0.48783264676499682E-001   0.67210296532586547E-001   0.31024733070602925E-001
   0.88017162014974587E-001   0.43500804703741305E-001   0.88898842928507293        0.30997900089507500E-001
   0.88047649871662170        0.94137347581049857E-001   0.65326936453293252E-001   0.30965674038149101E-001
   0.69529876481560171        0.93592557215095698E-001   0.19697545765563698        0.31049082991717963E-001
   0.91952903790348695        0.94015499177593734E-001   0.49972431477398566        0.31105548256527435E-001
   0.18424518450048999        0.94126799902339672E-001   0.46628068048906096        0.30994935650616416E-001
   0.36412606276231337E-001   0.43919787013531768E-001   0.74657853513988726        0.31013279255762638E-001
   0.93223813111805376        0.44064418770958617E-001   0.62585214730512029        0.31009198826761397E-001
   0.59226063536476203        0.42450491885860427E-001   0.56517813848240983        0.30906896873822105E-001
   0.41970845110122706        0.43892454641928730E-001   0.33602044596742797        0.30947348324876223E-001
   0.39104955019392701        0.94427991605700257E-001   0.91806843885208755        0.31087946879100947E-001
   0.24406288651835298        0.94387482044185317E-001   0.97467444989711549        0.30990828427825471E-001
   0.18471245180513876        0.44106928614257995E-001   0.84491603201427234        0.31036524825617046E-001
   0.53787600763247380E-001   0.43902791168637982E-001   0.80623999097817323        0.31057298800758082E-001
   0.38583503323330387        0.44176005566519114E-001   0.48058225261182441        0.30988953873958339E-001
   0.80682228436596379E-001   0.93071592922108121E-001   0.56643803653408809        0.31079006041087827E-001
   0.36036425911639131        0.44026056881452905E-001   0.61200700580088119        0.31004843846223845E-001
   0.70967661923092284        0.93745521461293724E-001   0.85088729986814526        0.30943332329275486E-001
   0.55425812100373639        0.43971690651217560E-001   0.91318587679267393        0.30941283078719871E-001
   0.82385405622763508        0.92359971094134408E-001   0.49773280986278795        0.30963810167103804E-001
   0.10959370641536624        0.91046866579256036E-001   0.62604440837597553        0.30973543531384800E-001
   0.21482496482493674        0.43472595725040690E-001   0.62286065544037517        0.31033007961888986E-001
   0.66749068168213377        0.93416729519341116E-001   0.32665968998139772        0.30984398797966956E-001
   0.86914658742994011        0.44263785053429622E-001   0.64204299833539935        0.31000552286536861E-001
   0.34856048920129262        0.94283293295020831E-001   0.74095885202109579        0.31023147387327615E-001
   0.28560455740837057E-001   0.94601196876715338E-001   0.97152270407211849        0.30957980037365038E-001
   0.83462147323399027        0.94106579647705010E-001   0.43672526524818295        0.30949392748588687E-001
   0.42663733810043031        0.43372623765070069E-001   0.12359235658246404        0.30951202818516831E-001
   0.13784267610525189        0.91652274399427483E-001   0.54102783661377818        0.31011030339235784E-001
   0.10076291505032318        0.43806220443478927E-001   0.52312526481605692        0.31013269987490804E-001
   0.92595106364931679E-001   0.25542507440611011E-003   0.34708086631919138        0.30962348407346768E-001
   0.43981419752814005        0.43983424386125299E-001   0.60869242254019584        0.30944286324557108E-001
   0.18465226095189462E-001   0.94541407021641627E-001   0.33013245583262289E-001   0.30959072137270446E-001
   0.56779428445780911        0.44283792968518018E-001   0.36274947414373293        0.31019052967044051E-001
   0.79754559765890831        0.43573958269678463E-001   0.85178889926760115        0.31009354450927767E-001
   0.46925467605563848        0.44092036601686667E-001   0.89134184592969345        0.30914447399773129E-001
   0.97992577031274147E-001   0.51541598509666234E-001   0.10775087910263989        0.30976587163027758E-001
   0.51660323408257902        0.43423233947970104E-001   0.16800894835609650        0.31087561966804771E-001
   0.15241425293055066        0.97541395686103982E-001   0.27043383338922949        0.30994621946254280E-001
   0.70980799987191356        0.43914539816109793E-001   0.27245665327590110E-001   0.30977716665148786E-001
   0.56942794035662159E-001   0.93875644117522375E-001   0.65898828140934762        0.30941401894112160E-001
   0.56996581825198289        0.44552118388039130E-001   0.75824592323514883        0.30976261372495640E-001
   0.69779431019797478        0.44307236688252732E-001   0.34955352271096890        0.30933556243463774E-001
   0.75502070419272804        0.44013422912932719E-001   0.37358443915596556        0.31069284578862235E-001
   0.63513049466179555E-001   0.93773820874315295E-001   0.72062371699056993        0.31033214893393817E-001
   0.60246482300158388        0.93993757034611908E-001   0.43752261498064264E-001   0.30974332577597852E-001
   0.23850029285130900        0.42866106865406151E-001   0.81793149781971969E-001   0.31034472872770644E-001
   0.60099457832433545        0.87637489289770984E-001   0.33323983416229003        0.31035715935646909E-001
   0.81225104633777068        0.44715360118090290E-001   0.61659001603906138        0.31042453355777315E-001
   0.13140775690211390        0.44350461158901032E-001   0.97100745851790482        0.31022237855229156E-001
   0.80451898717865483E-001   0.14416849071827980E-002   0.21976968752335468        0.30979344351689610E-001
   0.26355618584256629        0.43410397528553024E-001   0.29721733585609506        0.31000403602162385E-001
   0.76611519597712907        0.94577284587765445E-001   0.19062351075517861        0.31040173041482072E-001
   0.13548788944016410        0.93941930256563375E-001   0.86715334046203307        0.31014772108427121E-001
   0.12828754982606905        0.44300405136466665E-001   0.37276459410410029        0.30983329111729695E-001
   0.94118758937537961        0.44563887699299719E-001   0.92548732354377683        0.31004289389020556E-001
   0.92025618494105413E-001   0.11970757535560419E-002   0.28494411652427709        0.30997314588316834E-001
   0.14046479976520612        0.99672579722909826E-001   0.20348974957705984        0.30977186790991172E-001
   0.87149538618144362        0.93960259584757941E-001   0.77054211200783240        0.31022263230759264E-001
   0.56866787732811619        0.93949847233602612E-001   0.21057297920216420        0.30968762144327033E-001
   0.72855266286725739        0.43852723698485779E-001   0.67658269156461881        0.30953898229367258E-001
   0.15040120203615615        0.93479663060820561E-001   0.29239136137401523E-001   0.31041628519785640E-001
   0.90250064200049596        0.42921112548426968E-001   0.74828929722476112        0.30987080577318298E-001
   0.36382066515430717        0.44938658444331196E-001   0.41825006662301073        0.31010625665299288E-001
   0.87579110300742902        0.94166327529988589E-001   0.29928580697996371        0.30970348821433350E-001
   0.21647519501595056        0.94186540120174800E-001   0.26275434923307739        0.31019952744308982E-001
   0.93563556866520370        0.44138067588515323E-001   0.14985980235738844        0.30974183932319176E-001
   0.58744956825797201        0.46186578276577038E-001   0.43931793846466882        0.31011464524867641E-001
   0.89526379526470068        0.92807912278138560E-001   0.71229096584229901        0.30954540918018324E-001
   0.18672790948688919        0.94387634589835845E-001   0.40385820583859072        0.31070945139282009E-001
   0.45892584112351514        0.94298309908211059E-001   0.77478224051159306        0.30969547899847290E-001
   0.11701782846162784        0.43526322036925129E-001   0.45393390886841127E-001   0.30980933522580970E-001
   0.27626018914325384        0.43979390629604875E-001   0.81822932682480087        0.30980003947588583E-001
   0.71716009510333367        0.43690222756623424E-001   0.22694520521663383        0.31030551202982475E-001
   0.76224731421247571        0.43496444542989753E-001   0.54349455569869776        0.31005650470439097E-001
   0.99338574699351301        0.94264934899161254E-001   0.23257715765546860        0.30976106346425124E-001
   0.17372121018920092E-001   0.93921841984382415E-001   0.81128311248259311        0.30949743358585396E-001
   0.70403002291632788        0.93735545839142190E-001   0.91398689513943576        0.31019802061711194E-001
   0.91685598624324660        0.39604339447116214E-001   0.80855868677733311        0.31036658980770990E-001
   0.84759335251966650        0.93630798992963615E-001   0.92525906919306578        0.30958607458903286E-001
   0.83041559715037783        0.43702337078881749E-001   0.97641111418607207        0.31025181496473375E-001
   0.92688650226248193        0.43981089776388704E-001   0.46343292020554866        0.31044697106560805E-001
   0.59315200892630537        0.93724475432350851E-001   0.27140325331779269        0.31028881012901004E-001
   0.75477917864417121        0.93763664820474726E-001   0.65044131066384780        0.31006151596851609E-001
   0.63311480526619524        0.93806557516740260E-001   0.21086315992639501        0.31044057619061951E-001
   0.29407768493922415        0.44110909065144824E-001   0.66648464698843179        0.31031746756732103E-001
   0.54520750357038894        0.93795384449820607E-001   0.14163965897978384        0.30980135043371156E-001
   0.36093443295437633        0.44276262391413870E-001   0.94144799798709167        0.31018535442156474E-001
   0.92518145434661525        0.44380829903505656E-001   0.26179194710964215        0.31013320346960416E-001
   0.97828176934940081        0.44134717461740053E-001   0.68160288457874044E-001   0.31069513472698988E-001
   0.70559276509167690        0.44084525017900660E-001   0.28799840606239857        0.31057400579822807E-001
   0.72255406725102711        0.42601940168760358E-001   0.42661826766469213        0.31063945420336806E-001
   0.78705161350271602        0.42789435257761993E-001   0.69689525906806549        0.30940787617218062E-001
   0.35018825046423541        0.94378660491287042E-001   0.87117888617852601        0.30952667588720697E-001
   0.12674285055614548        0.57333927537067078E-001   0.31188437358075505        0.31037231151511191E-001
   0.34185314287651442        0.93617257073759022E-001   0.18386424891587475        0.30964409233714445E-001
   0.52900687369291412E-002   0.94130638996144447E-001   0.93776719997881855E-001   0.30971340068063749E-001
   0.48786344254529823        0.44001970206261676E-001   0.64800592429782766        0.30962260726213695E-001
   0.90536826066818166        0.94094141268829756E-001   0.65113168074648375        0.31030462167402031E-001
   0.65854665864930673        0.94341607432977648E-001   0.75063580374403349        0.31052476110435729E-001
   0.88097779542181909        0.43690756337881539E-001   0.94047288524679373        0.31002927986702723E-001
   0.50536668893486048        0.93544819399813559E-001   0.27644365897707651        0.30995476666414619E-001
   0.25733387704383048        0.94406712128564191E-001   0.41232850883345656        0.30992716349426373E-001
   0.12322209981582295        0.93852631691982852E-001   0.47778259669705586        0.30947597449807743E-001
   0.62875483202114735        0.96937024450493403E-001   0.66629623051354436        0.31061786306900849E-001
   0.98470554715168701        0.43841196644678164E-001   0.59230480183769119        0.30981679362700677E-001
   0.46621025637048730        0.43366945600823124E-001   0.75731722836913984E-001   0.31012693448698701E-001
   0.40665572546358122E-001   0.44102992598350987E-001   0.83386633739317664E-001   0.30989800542271007E-001
