 3 HS poly
 400 2
 241 159
    1.0000000000000000         0.0000000000000000         0.0000000000000000         0.0000000000000000        0.10000000000000001         0.0000000000000000         0.0000000000000000         0.0000000000000000         1.0000000000000000     
 T T T
   0.24704956039823248        0.15809395668697778E-001   0.66511037523965355        0.32358984662584994E-001
   0.67517647599815755        0.15392727503674151E-001   0.59789548622743005        0.32296415693349116E-001
   0.90927486891275972E-001   0.14531915759728641E-001   0.78808256056140202        0.35784057703903506E-001
   0.11363320734718062E-001   0.65548978285411494E-001   0.75427931333464715        0.36427028044871371E-001
   0.67628808954672748        0.65255678920051352E-001   0.42103783693646185        0.34586682741867804E-001
   0.22328184180539384        0.65205072487569696E-001   0.23275373981884515        0.34680170257169469E-001
   0.70844301969029400        0.15341679290577656E-001   0.24284238872320851        0.36226653883246009E-001
   0.96128869487692836        0.15701308794184708E-001   0.99441124946694992        0.37585407836734766E-001
   0.15989177745888952        0.15379628274107937E-001   0.79012440095435865        0.33191410953035516E-001
   0.20076322401489249        0.65273422415306856E-001   0.16520012194204409        0.34694675634087874E-001
   0.16024738987386472        0.15425358380386743E-001   0.13628477500431732        0.35727068773679281E-001
   0.25405556630585019        0.15381814483300294E-001   0.82294542954373440        0.36154990323820302E-001
   0.31495927253242567        0.65377843940221170E-001   0.47546717297175745E-001   0.34025624250683520E-001
   0.13291826330347421E-001   0.65742400179007662E-001   0.13886251841541335E-001   0.37040874394671006E-001
   0.49373550420714546        0.15353120330870629E-001   0.26239478114141696        0.36949577077033835E-001
   0.22228607205962381        0.15387172522644744E-001   0.75665941509989987        0.37308159293415737E-001
   0.75259620009436112        0.15419675484997314E-001   0.80456548659647575        0.34576600761668089E-001
   0.14610208714471409        0.15597355040943124E-001   0.55544009438401522E-001   0.35592750577988448E-001
   0.26314809711654733E-001   0.65513549771268151E-001   0.33220917440565018        0.38162797938738745E-001
   0.28302338821777667        0.15409148502594297E-001   0.88644276213980167        0.33383508363823138E-001
   0.73481074498778864        0.15264154895465679E-001   0.31223010365402820        0.37820235276283171E-001
   0.10086898125664313        0.65521716364825913E-001   0.67538023637387878        0.37991708828681726E-001
   0.72946446591887271        0.14856446699441930E-001   0.14268614393848092        0.34726801058838776E-001
   0.49398340291060716        0.64607031651572805E-001   0.36502075038642967        0.35093782614956055E-001
   0.33943741776399233        0.65229485178451230E-001   0.73116332477055512        0.40332750676648897E-001
   0.99156905716255039        0.15786090799301860E-001   0.89993761079157153        0.34155223709162748E-001
   0.72952414948073152        0.65609165886629309E-001   0.93457997920519431        0.36035350854244148E-001
   0.22471618601014298        0.65379591620729954E-001   0.46029337185236124        0.37278759132708540E-001
   0.82348465106667601        0.15048931839159972E-001   0.51228631388664714        0.33892171427602945E-001
   0.75325695625482825        0.16036636846577631E-001   0.45620989003246439E-001   0.34982357608730329E-001
   0.82170440156076163        0.15128362822608819E-001   0.15750560131996630        0.33377503917055906E-001
   0.31861692231661319E-001   0.15736621254958057E-001   0.96431092460678858        0.35660889968701627E-001
   0.62936990624542533        0.65664252993095681E-001   0.92334381451766023        0.36830813250260469E-001
   0.68470224270300084        0.65390149020119887E-001   0.13215105418655160        0.32657548222976326E-001
   0.90881144372507972        0.65658621182968058E-001   0.82429293246307989        0.36083771528298468E-001
   0.29128437084210157        0.15290398797062879E-001   0.92294319953992524E-001   0.37014743433229753E-001
   0.63197407578233045        0.15258115840550455E-001   0.43266399048319765        0.33099074528871002E-001
   0.14102807483262861        0.65320720654440001E-001   0.95130416727574296        0.36584863087381549E-001
   0.20941576156498998        0.65790477829959323E-001   0.56347045408981311        0.34597797718139943E-001
   0.35428630331664296        0.67049257825952127E-001   0.63311699539450594        0.34422002904164258E-001
   0.64497010594310578        0.65333671695208054E-001   0.75732143032488111E-001   0.36018913035270800E-001
   0.31899546425315456        0.15539971270879725E-001   0.78721379327369079        0.37215986277275917E-001
   0.98722217728428174        0.16095201998663336E-001   0.29942185584326836        0.32857802147655983E-001
   0.69448191179414143        0.15601810199944419E-001   0.82430986917448920E-001   0.34294141995201026E-001
   0.36052536333611312        0.68961505016902958E-001   0.88939777043043911        0.35789231924246247E-001
   0.72071488065911005        0.65264523149651768E-001   0.59063017728069844        0.35589433701843171E-001
   0.61769772536128989E-001   0.66115813260145651E-001   0.22048779978925120        0.35312139529522238E-001
   0.42475119631975555        0.65032978418917239E-001   0.39142511372812072        0.35310134087613201E-001
   0.36167313830940184        0.65403712180420764E-001   0.96111054905828741        0.35897375846433426E-001
   0.76871112678527098        0.15137973934385391E-001   0.20273631884892748        0.36086959988772802E-001
   0.64084485757762299        0.15414403888249684E-001   0.12490807451023667        0.34122815642184508E-001
   0.54702234426291063        0.15522530585887220E-001   0.90210663101569155        0.36991200162451839E-001
   0.94334912792161205E-001   0.15379998108202784E-001   0.93412943829290096        0.33651409829212511E-001
   0.58759410580856064        0.64934146733794801E-001   0.42309149181030287        0.34174809902268288E-001
   0.47240473284301771        0.65643064292532652E-001   0.65221944052298553        0.36619266207326931E-001
   0.31037938430550560        0.65267445177987757E-001   0.28203483392265705        0.35964616207072489E-001
   0.79067615903180366        0.65451549047617019E-001   0.89777358990702238        0.35274352663223277E-001
   0.53616410471430076        0.15829281319110166E-001   0.82805252546083663        0.35384080026648564E-001
   0.77098924773786201E-001   0.65681073172649498E-001   0.98137632685678999        0.33730923838673349E-001
   0.84830155586958322        0.15362521587163306E-001   0.38083753572313611        0.35607141090714209E-001
   0.76499185943393916E-001   0.15583300563217488E-001   0.33476371238984132        0.32641439882010341E-001
   0.87145794087620143        0.65281687659186988E-001   0.72526053931613688        0.33592726877496731E-001
   0.71803523628968058        0.65378784320765021E-001   0.19192346457416143        0.35739306880905285E-001
   0.85532046621657232        0.16271289758733511E-001   0.75680184317922436E-001   0.34970303043565742E-001
   0.56760769006242973        0.14424047444090905E-001   0.27001095353102428        0.35324243247688146E-001
   0.60419442358006969        0.65514004967416981E-001   0.62827346872972967        0.34970182308419161E-001
   0.70368805224843745        0.65848724169967107E-001   0.33088634210942804E-001   0.36315245216650048E-001
   0.63705199117679800        0.15556099317867972E-001   0.87130996329112365        0.35654174631503742E-001
   0.47895849999386769        0.65680355325619125E-001   0.88716243258805311E-001   0.32351832707136229E-001
   0.87870551002934749        0.65388660524679620E-001   0.27929864964102535        0.36853934961184533E-001
   0.85138347269718728        0.65389055034153265E-001   0.86200481607305091        0.32226617706783020E-001
   0.67079945023142273        0.14922575766551500E-001   0.77501322729239364        0.35388569968779184E-001
   0.40104908938140355        0.65583202400098642E-001   0.68397643583594436        0.34585130599753100E-001
   0.80323324620949510        0.65472816520849769E-001   0.31803038401380673        0.36107921997696114E-001
   0.77613570200512894        0.16191524472076009E-001   0.59036463315478782        0.35199462687984934E-001
   0.14003683792601593        0.15697516160593398E-001   0.30202050689071602        0.38711708271829535E-001
   0.84050376640598223        0.15442951672411940E-001   0.90722903738485050        0.35919694112826597E-001
   0.77686536188594801        0.64996818735692394E-001   0.52637628803921421        0.35867804016830714E-001
   0.46374745627063152        0.15914758496816960E-001   0.90610395099852903        0.36193029343963304E-001
   0.20367406013470257        0.15741825417580586E-001   0.61258869649269909        0.35673044379695346E-001
   0.99887573206795399        0.65560698742547413E-001   0.40796327182751685        0.33177736647482386E-001
   0.26335283487630834        0.15700265791120209E-001   0.57310759171948567        0.35823484430814519E-001
   0.24160331982891847        0.64969344971591778E-001   0.29978284456678800        0.34695337450868842E-001
   0.94902831541749799        0.66739920734475683E-001   0.27861736817464972        0.32830764804830354E-001
   0.74017013781213947        0.65483788599755247E-001   0.85102107107204716        0.33513555939943596E-001
   0.62862238077012356        0.65364151826670325E-001   0.17411137299218307        0.37024689947021523E-001
   0.16325051371713739        0.65808344627284271E-001   0.25926914561726999        0.30919908342515907E-001
   0.92420630225895206        0.16047815428869554E-001   0.63090963526386645        0.35432769512997120E-001
   0.73955845878945381        0.65220872701693952E-001   0.36758648861525367        0.36854292619803108E-001
   0.56715423976323204E-001   0.15723617823465038E-001   0.72275047286036698        0.37959619042927016E-001
   0.20634373140238824        0.65143515546044958E-001   0.39230773785167283        0.32323315688706965E-001
   0.61894512156039416        0.97377792368273638E-001   0.36691965761908224        0.36258758073168487E-001
   0.54428374762057363        0.65536180460340918E-001   0.71256196453621323        0.36549100573297161E-001
   0.35182533361152041        0.65247170189296891E-001   0.40944287090162024        0.33854141865595037E-001
   0.29817716126990601        0.65503296763239044E-001   0.45475461359957048        0.36214531603927007E-001
   0.29504441252437846        0.65417546190572273E-001   0.98306220530747823        0.33423359168602208E-001
   0.80479652081723574        0.66070376724807797E-001   0.58559442467827051E-001   0.37956628831074070E-001
   0.23389793497413047        0.65760479454594664E-001   0.70691669640072552        0.33846661072130864E-001
   0.87050242250942100        0.66755098558314685E-001   0.49103769886863052        0.36372317810082620E-001
   0.48418202821846890        0.65624973114452034E-001   0.58069111109669702        0.35491157369352037E-001
   0.85458582726668997        0.15465749193355442E-001   0.23104938237177930        0.36554723079375538E-001
   0.57498607373577904        0.15458350120599353E-001   0.66952348911099790        0.36083468634315392E-001
   0.80442744749187989        0.65583013101920037E-001   0.45913926069319227        0.36794729412605254E-001
   0.39364578730508484E-001   0.15587570186455409E-001   0.43153014952966529        0.35276765820670811E-001
   0.71924269709792221        0.15617593690035916E-001   0.98422366527827532        0.35111983784601758E-001
   0.64956258584014853E-001   0.15707820925972126E-001   0.29283337669711439E-001   0.36424761529007949E-001
   0.25454808872312579        0.15335942224304228E-001   0.41620774900345014        0.35605218909965139E-001
   0.57377140437079824E-001   0.14751856412690509E-001   0.87791765911453590        0.33224099941631606E-001
   0.62459488667696031E-001   0.15303419822439100E-001   0.63972838954946476        0.34185500724543225E-001
   0.67998982730978141        0.65246134766276054E-001   0.52089933630991370        0.34039821102329358E-001
   0.16860238703140001        0.65517903964547972E-001   0.74161162300799865        0.36778491270810634E-001
   0.39233251883197229        0.18980738174169058E-001   0.84648919706547066        0.37187995146780152E-001
   0.82721954750556004        0.65588656400561149E-001   0.57879160249124717        0.36750406132335565E-001
   0.18229381070740538        0.15502298054901107E-001   0.43088754605833363        0.34487706734362224E-001
   0.62387698793298745E-001   0.65576945772462009E-001   0.39257134497555812        0.32111234917506344E-001
   0.17421028937403454        0.14796404230494007E-001   0.21017917684140835        0.37175927060711149E-001
   0.69156802740321688        0.15257490578796388E-001   0.47092034315957365        0.37570995259504407E-001
   0.77669122292150927        0.65206725119165879E-001   0.15400730782250158        0.33928201726212422E-001
   0.28435560421319644        0.15223500787685459E-001   0.72059003110189956        0.34443228670134066E-001
   0.24571994589651028        0.15252867360208203E-001   0.18779698005728004        0.36166075013467136E-001
   0.95383501307040741        0.65528175148612200E-001   0.54240916519518026E-001   0.34686438177830493E-001
   0.91315940853358690        0.15629430721817005E-001   0.31722914517601647        0.34010313060177634E-001
   0.15017259076839465E-001   0.65705750460283610E-001   0.86169245463911237        0.32897686215962139E-001
   0.58787432683667473        0.14709989742959527E-001   0.48462417055018153        0.34918059834000738E-001
   0.49858643496124583        0.15659154492102301E-001   0.44018752749606829E-001   0.37430691959467563E-001
   0.33924338604742038        0.65394302151456626E-001   0.11232053956534396        0.35028039746840683E-001
   0.47152379012952089        0.15005012559460938E-001   0.41002973447112928        0.35348903634499350E-001
   0.72705546006905220        0.14917756209842576E-001   0.63857519720598721        0.33504313960089231E-001
   0.37913191769098631        0.15221314063128237E-001   0.36932047953261343        0.35745940212551584E-001
   0.87738692272722940        0.15555134709571190E-001   0.96889881715262460        0.35821882102936554E-001
   0.26715886102495162        0.65676280801686207E-001   0.52079911136502044        0.36615678442763172E-001
   0.44964813229583833        0.15212671996463700E-001   0.34377752894139896        0.34157714574707815E-001
   0.26715570889424012        0.15176206820619971E-001   0.25574808442751212        0.35051843446494493E-001
   0.57354265138248883        0.65352699436881143E-001   0.22022932580617999        0.34799333216303525E-001
   0.35933909895156818        0.18377533338721729E-001   0.58160793974181790        0.32664917050147388E-001
   0.77980748401309852        0.14965527375776748E-001   0.94730544847677745        0.34584233313297567E-001
   0.54930572003711031        0.15272273644840243E-001   0.38720834771818058        0.37951409964941153E-001
   0.31686515907012242        0.15424785611985209E-001   0.94392749964222089        0.33280491705857611E-001
   0.22687039669141423        0.15329371037702898E-001   0.12052758489060161        0.32683058803010347E-001
   0.45172750374092646        0.65596883726373109E-001   0.21178751213692330E-001   0.34654286195791258E-001
   0.65293299288951712        0.65675685913902868E-001   0.82477242987415356        0.34352342486351703E-001
   0.21879146130820440E-001   0.15650968678607165E-001   0.81260345993357408        0.37462130559914368E-001
   0.13857962203094309        0.65421499934539926E-001   0.44685867510819943        0.33727000841335814E-001
   0.40275930504843832        0.15467904271539996E-001   0.98661536126860450        0.33418749662778802E-001
   0.12218539595789502        0.15140437801612880E-001   0.85284504768450187        0.36108046170475555E-001
   0.92710365443840437        0.65679779853398942E-001   0.15002486922784647        0.34695619936326839E-001
   0.98328824006231030        0.15545997625358403E-001   0.71003763125327524        0.35886766453125850E-001
   0.17056440739628986        0.65667361227936608E-001   0.50655909099265761        0.33909270531008673E-001
   0.89566660069123316        0.15347817577355675E-001   0.77081857929529518        0.37989474825501961E-001
   0.99078004061662373        0.65648043521397678E-001   0.11823482814221557        0.36376199671701477E-001
   0.98259155071360171        0.15788725912674429E-001   0.23044015110965457        0.36148682277875543E-001
   0.29421382725277961        0.65142772801730905E-001   0.21065534313982084        0.37050678603569746E-001
   0.98486436105294550        0.65765210637666591E-001   0.94726458519704282        0.34992994833903307E-001
   0.45236114683944567        0.65175147282212478E-001   0.45395341292369934        0.33035325937395291E-001
   0.51454583020361322        0.15839843395054311E-001   0.75789809037059674        0.36604317125796308E-001
   0.50391250440808677        0.66322220504239304E-001   0.86834749219736584        0.35938549850867939E-001
   0.40517292171289826        0.65121262117511194E-001   0.54088356329054721        0.37607386486968979E-001
   0.28423576726135952E-001   0.65143090699107606E-001   0.59955266427491272        0.38217450338662987E-001
   0.91857600539763218        0.15625351288047078E-001   0.38566814457334497        0.34545931491253151E-001
   0.98926447603619350E-001   0.15296514559816371E-001   0.17347326112309763        0.35890746627297979E-001
   0.89922664927164753        0.15926246739950904E-001   0.87145551779111341        0.32802982424282590E-001
   0.76276406583803538E-001   0.64956905020160785E-001   0.83489405313957732        0.33946979743691798E-001
   0.75776744462093970        0.65592661464528065E-001   0.26170493176945492        0.36263000195683744E-001
   0.12348659562450325        0.15637952762326084E-001   0.49322728236985164        0.35811956761328152E-001
   0.50251982606499668        0.65787305681214145E-001   0.93986044802934987        0.35334892831210524E-001
   0.27577953110569009        0.65223366241459912E-001   0.36902492024959554        0.35347366802616270E-001
   0.51801092973298801        0.65345385329369815E-001   0.43212567194230483        0.35978507644134225E-001
   0.40341264009886946        0.65237529142262773E-001   0.32175826584128714        0.37394113898874051E-001
   0.16905117468712055        0.65742533066765377E-001   0.64889971771354082        0.35151113044388012E-001
   0.94394141110743135        0.65830996522914242E-001   0.88725242245054803        0.36007253070894960E-001
   0.61890644782118620        0.65294113582214833E-001   0.69843836112429492        0.36190618445059400E-001
   0.81707118969284753        0.16674867810593307E-001   0.63996214719924472E-002   0.34534603738261622E-001
   0.18645904804047694        0.15743728751128495E-001   0.97801825797913022        0.34990240805224351E-001
   0.95279262277447430        0.65439802824820328E-001   0.34809551469445188        0.36614619302233045E-001
   0.93976661731413236        0.65181994623801892E-001   0.73829768845625188        0.35744085636835107E-001
   0.46487351037264169        0.16193515737384059E-001   0.83374771273032389        0.36131412098587716E-001
   0.60665175258535831        0.15863263527343796E-001   0.80640572060214211        0.36006197426337663E-001
   0.47008525940192925        0.15738435314576901E-001   0.97662555411389729        0.34550478292002584E-001
   0.15560952663379662        0.14658345115018283E-001   0.55806573491902045        0.36391175603721501E-001
   0.25260653275557354        0.65776262246900336E-001   0.62131283619390909        0.34246997172768787E-001
   0.40813662772393167        0.65802774837054490E-001   0.95556788972268450E-001   0.35712002544674902E-001
   0.44994169482910074        0.15533504865705469E-001   0.12489874743314618        0.35529907597038834E-001
   0.58280850839759923        0.47440467170503382E-001   0.33055201386895944        0.35194063960274968E-001
   0.85348902679056826        0.15558684109734117E-001   0.62404502310426779        0.35580969859925766E-001
   0.12010935046246667        0.65507297200747411E-001   0.35496978887746944        0.36658659753895026E-001
   0.11294154309517801        0.65439280266750222E-001   0.12640391261769454        0.33795761674708026E-001
   0.86369437910342739        0.65466533257554083E-001   0.18001406448396148        0.35330891667382798E-001
   0.65067599329884429        0.15241289089867417E-001   0.30257911115631131        0.37620840828158052E-001
   0.42031377633454975        0.65340506793766101E-001   0.16498979250592732        0.34614889355164324E-001
   0.27257881068484796        0.15918597449748675E-001   0.23492530920653551E-001   0.33701560570388457E-001
   0.44328204894883155        0.65282609203121830E-001   0.23994556623185706        0.36893228230708924E-001
   0.81021604513847745        0.15536708093460617E-001   0.76333301265085141        0.36258188153210899E-001
   0.65398009593619744        0.15575655393436534E-001   0.27589515395108760E-001   0.33708328057003530E-001
   0.56044728228027962        0.65866516682919624E-001   0.78334595803966534        0.35862904240099462E-001
   0.58274550068813968        0.65849093156812102E-001   0.85716306351416327        0.38870711570604559E-001
   0.60915186448619918        0.15720614205213302E-001   0.97327994099513215        0.36516441462153097E-001
   0.21676416430488918        0.15588732077061077E-001   0.51549323406317493        0.34509495898192057E-001
   0.52218562120352607        0.15952168784073299E-001   0.11737779822816659        0.35793681241670233E-001
   0.68526837398498719        0.65082677474918804E-001   0.66672083005140770        0.37284711864989745E-001
   0.18770880896078845        0.65430890689153726E-001   0.89808800563178429E-001   0.37787181937237992E-001
   0.43135482442894091        0.65656376090111310E-001   0.94723585758526319        0.35027413839444528E-001
   0.54801873625937536        0.65676735098449179E-001   0.65825138420564519E-001   0.36134533718990391E-001
   0.49397616393258309        0.15312829679564011E-001   0.47828681405137108        0.36168981223575682E-001
   0.60314919496604980        0.15640129318580553E-001   0.58139147699221438        0.33400766664092751E-001
   0.38218509044707299        0.65658440796035736E-001   0.29384289218688273E-001   0.35347459878531613E-001
   0.83763601908655380E-001   0.13954447596070896E-001   0.57319388301752716        0.35682068130221650E-001
   0.87072396754834414        0.65541831382708707E-001   0.21989194610935649E-001   0.37392410971414061E-001
   0.37462885079673258        0.66009460808292036E-001   0.25549526685646212        0.33189146220660173E-001
   0.86243276520928086E-001   0.65661482503077601E-001   0.28760947396274517        0.36062475994732113E-001
   0.35512861217319164        0.15262305646054172E-001   0.30325777271435511        0.34400602891762035E-001
   0.20455594179593850        0.65391080056778253E-001   0.80714847402908463        0.35917898952899617E-001
   0.54020715831166388        0.65360668892714413E-001   0.50095792201884626        0.35567771082402555E-001
   0.24969205972193695E-001   0.65534372665463331E-001   0.67545327182021309        0.37637700793586262E-001
   0.75383095906817443        0.15079800166883848E-001   0.41782933170636721        0.35308657973887755E-001
   0.69284525536395880        0.15158886862044042E-001   0.37939220560916609        0.32403107243045515E-001
   0.46883316719506996        0.15215583976729750E-001   0.19367887573821213        0.35760104893169511E-001
   0.97563293977317267        0.15315270675278556E-001   0.50367696686493324        0.33592839884971838E-001
   0.47180498037217022        0.65833122839965438E-001   0.72553391260793820        0.36681856783857041E-001
   0.15907770156492402E-002   0.15491200062190206E-001   0.64840174058652639E-001   0.35108520445946007E-001
   0.33862178675351989        0.15376860101675433E-001   0.78135919969026576E-002   0.33960926978893288E-001
   0.30510316369764540        0.65394744574826108E-001   0.84120026124781389        0.37555680471374031E-001
   0.26969182711838063        0.66035769057014623E-001   0.77581553750804688        0.33491237395907439E-001
   0.26954438296792577        0.65320124991313191E-001   0.14117216568262150        0.36178206312558824E-001
   0.78308753561187316        0.15186661783093615E-001   0.67958397720924524        0.35930632651181300E-001
   0.18679887323080194        0.15764765283165904E-001   0.69397239656743392        0.34447807946181873E-001
   0.51781370952222971        0.15667181963591289E-001   0.54499652139242072        0.34473678540557787E-001
   0.55536079928747206        0.65640182068083128E-001   0.57695821382905677        0.35722448509610573E-001
   0.31964876465256165        0.15321955677039990E-001   0.16097952706942986        0.37258990186753785E-001
   0.38572759079482399        0.65295170826543056E-001   0.47009944348938537        0.35506327022864617E-001
   0.95341280022482511        0.66078694402039881E-001   0.66959931275917828        0.34130203757029978E-001
   0.68036123059845344        0.15541007519235038E-001   0.92651639660228347        0.34429437971892865E-001
   0.22937521128218707        0.65725251599230400E-001   0.30350302895358170E-002   0.35149505246861966E-001
   0.94108210962150107        0.15627528420252331E-001   0.10293906070715436        0.35277807419433344E-001
   0.22844482574187558        0.15176559466907000E-001   0.34875024999835524        0.36332369493243609E-001
   0.30550432695031338        0.17025730684935479E-001   0.63063498111628946        0.35456116490342721E-001
   0.11868357245770568E-001   0.65529213367909095E-001   0.47554374016577222        0.33988619336866033E-001
   0.74119996754863793        0.65524741143439147E-001   0.94694913258468572E-001   0.35083876649683481E-001
   0.72636024430297663        0.14944053999395801E-001   0.53890920248866148        0.36241976801623513E-001
   0.10770583295486985        0.15601711124973779E-001   0.40750974764503967        0.36853971256366164E-001
   0.39769346660500737        0.15269280661570048E-001   0.21067763933470501        0.36740537963605317E-001
   0.62206049183256384        0.15408528984175197E-001   0.22551230569714431        0.34874047042797694E-001
   0.56438829048065997        0.15604223203101290E-001   0.23974305098801909E-001   0.31018706021990250E-001
   0.53937927546871101        0.65552047298785471E-001   0.64207836855826628        0.31075346162496371E-001
   0.73668484347762697        0.65194652477063728E-001   0.45796206574344051        0.30946670502444755E-001
   0.44729803468783808        0.15176368044031541E-001   0.76488620708209587        0.31006524364825608E-001
   0.59183730490202280        0.16762504734034577E-001   0.73845953803505571        0.30960380922033150E-001
   0.76461816140169059        0.15176180442678639E-001   0.48337618613533195        0.31030593284073777E-001
   0.88329802544017322        0.12824721580568325E-001   0.13549303155533510        0.31098195813104464E-001
   0.20412872545715454E-001   0.15162462623661705E-001   0.55232182137246755        0.30991885784142865E-001
   0.90249876394782810E-001   0.15495677818559848E-001   0.91859240402804479E-001   0.31023713610819032E-001
   0.10740320861079755        0.15263090630658694E-001   0.24038876075953050        0.30961421538744260E-001
   0.51510448789320373        0.16172137369479731E-001   0.61301259056865487        0.31014937998870104E-001
   0.29220027759696104        0.67327790688958153E-001   0.67535907746663504        0.31030395569625474E-001
   0.85000576106956138        0.65142995333123385E-001   0.78628582816581172        0.31021756829756077E-001
   0.25243339397780162        0.64921429412289164E-001   0.66282750175569879E-001   0.31008427323687929E-001
   0.16387765082131717        0.15489277236995613E-001   0.36803433593347107        0.30983895021954436E-001
   0.10448235639662957        0.65251565263441502E-001   0.89427963614884043        0.30961269849263860E-001
   0.30755188112392173        0.15763208036477933E-001   0.49937435448991091        0.31070879030909385E-001
   0.49545599950405350        0.65722801381321180E-001   0.80009176436594109        0.31049775610664767E-001
   0.53838200665279778E-001   0.65704716846451836E-001   0.15451701660381087        0.31076385444172190E-001
   0.73117642486513656        0.17795457365229177E-001   0.74115519102015570        0.30998679115623085E-001
   0.35823677802128090        0.65302336719774298E-001   0.18719606937341760        0.31093169697914591E-001
   0.36865518282338311        0.15328536472244431E-001   0.51076074172838437        0.31022246762105510E-001
   0.84153066921403774        0.65695038718920226E-001   0.11746502900378733        0.30991625795940527E-001
   0.78557318942082766        0.15130336349615626E-001   0.10332026062419200        0.31032437376492004E-001
   0.65548316460317924        0.65563645490137254E-001   0.98603234997915679        0.30995585904821845E-001
   0.60286008854841167        0.64988874020597415E-001   0.19763888546666185E-001   0.30997150073126364E-001
   0.51573483582283075        0.14413506309134225E-001   0.32694846467330796        0.31002328322182315E-001
   0.48026618290180539E-001   0.64196051712355692E-001   0.92077790065528242        0.31046200776415046E-001
   0.67348775436406272        0.64702362312971023E-001   0.34471194921573112        0.31021967599330378E-001
   0.76471319758700862        0.65616666963023804E-001   0.76336281922752991        0.31097633274765502E-001
   0.89744399212759118        0.65314518139597877E-001   0.90709201404063008E-001   0.30907262776878830E-001
   0.93774977284863736        0.65584583772306790E-001   0.48658252271549784        0.30968330555338531E-001
   0.46906542558659264        0.65300336321513872E-001   0.51579975646430920        0.31025891843153762E-001
   0.88439819904267492        0.65698587879829753E-001   0.91816311541316420        0.31040004157118398E-001
   0.69939844013674990        0.15384086719697472E-001   0.84374946908021298        0.31031365295282904E-001
   0.42718257907545287        0.65942904976838121E-001   0.80861081799157963        0.31001855895140863E-001
   0.11321530878628264        0.65082979663038623E-001   0.53721940036861804        0.31015791398930216E-001
   0.34922511062947231        0.15418984970124642E-001   0.68085945075173193        0.31055457367471246E-001
   0.54633977595764416        0.65477415544491116E-001   0.15960799072883319        0.31051863782033080E-001
   0.53737619390005220        0.15231134272730835E-001   0.19648132335640703        0.31035943171070269E-001
   0.20818239990781434        0.65531270524801941E-001   0.94032390964423507        0.31027847976446529E-001
   0.95724594711207089        0.15735647664531571E-001   0.84404673231918936        0.31021930185755678E-001
   0.45250369852743250        0.15626587289128028E-001   0.61099068853449567        0.30993950968056117E-001
   0.92242627543340272        0.66541110512600712E-001   0.54758796590950287        0.30962399248456791E-001
   0.74391767782767737        0.15574919797507029E-001   0.89214292583398913        0.31043052046954230E-001
   0.19249575272289654        0.15353127390500057E-001   0.85044396050983451        0.31117783323236340E-001
   0.39414503691018365        0.17562181925465388E-001   0.92121075378295636        0.30978646564729428E-001
   0.59490325027992863        0.14532168112159542E-001   0.78154619046386056E-001   0.31017706171187598E-001
   0.79561631019925061        0.15579779776749014E-001   0.85427640084095302        0.31034297976586127E-001
   0.41498200768824983        0.15244666168809571E-001   0.27635171814596537        0.31093666253703328E-001
   0.74415954439063148        0.65306236672992471E-001   0.70169826226368792        0.31048318848596827E-001
   0.30803850243767089        0.67272123062350378E-001   0.58560441641944727        0.31073930035187679E-001
   0.12567344315436563        0.65576687326734759E-001   0.59836479132348008        0.31032445597435253E-001
   0.62502941776815168        0.65657156514791579E-001   0.76536553496380877        0.30920355143513340E-001
   0.99399900006986197        0.15439980682372862E-001   0.36775878987224414        0.31072012164126486E-001
   0.45196798624116652        0.15525017971706965E-001   0.54883542498233384        0.31036514768020846E-001
   0.82663780749922622        0.65574222735952328E-001   0.65908205893343419        0.31072535683014036E-001
   0.84810429210285354        0.15367315651632929E-001   0.31415129403036557        0.31035115535691164E-001
   0.85021997528368842        0.15278350231921631E-001   0.82317246795856658        0.30980128340034295E-001
   0.84915900725283444        0.15341445135838617E-001   0.69071889462579295        0.31011651883825517E-001
   0.53526290524177900        0.15738032653678003E-001   0.96913923080597375        0.31027174174962108E-001
   0.42062920676077031        0.15727638332903495E-001   0.50501119326644105E-001   0.31009548738342975E-001
   0.95932410814880931        0.66068469518388948E-001   0.60411414370498273        0.31018207004193877E-001
   0.91077161394297246        0.15551417437453925E-001   0.45084586927752729        0.31030059390265100E-001
   0.93672238253604145        0.65667113676279684E-001   0.42439878882248983        0.31094315600496275E-001
   0.50769521741157508        0.65270378248849778E-001   0.21831758588156888        0.31039022021977392E-001
   0.59166850497171786        0.64368489131321802E-001   0.11687833321090731        0.31031612175170708E-001
   0.99635494746258912        0.65850122285513471E-001   0.18733855906577943        0.31040073173681047E-001
   0.20322452976105235        0.13744814025017935E-001   0.27249825265702449        0.31022075734796033E-001
   0.69026243720167080        0.64434918581090517E-001   0.73507506837240855        0.31050637255770286E-001
   0.91261450362448937        0.15514517652633251E-001   0.42836913545326163E-001   0.31053780011765061E-001
   0.53054630682935411        0.64383083772475466E-001   0.29335775491275073        0.30982830101088713E-001
   0.64339275569642562        0.65603271779078653E-001   0.57493570861853138        0.31072385473524981E-001
   0.40583111543158962        0.15308231891644384E-001   0.43098414086082198        0.30973301697264588E-001
   0.43583451854791949        0.66372722067738171E-001   0.87021335793584287        0.31008454142734603E-001
   0.88242691832769493        0.63228423348763552E-001   0.34939258967163678        0.30973749948638562E-001
   0.12767011605265735        0.15641008709191617E-001   0.63567025953782874        0.31009383456379422E-001
   0.84883443057049046        0.15495164046876054E-001   0.44759367377280118        0.30982413128390451E-001
   0.86889934158133020        0.15578142597955195E-001   0.55928110472473735        0.30957551269966965E-001
   0.78523676668028086        0.15371667674862911E-001   0.35936520052882531        0.30987311102429364E-001
   0.33836305723945365        0.63079616472646913E-001   0.34481324594940693        0.31129841248295608E-001
   0.38652533790242177        0.19351190355008697E-001   0.77849948558057513        0.30979246296492818E-001
   0.66465863134120917        0.65256568562066436E-001   0.23208942778568215        0.31017744792422437E-001
   0.12547199014087740        0.14736489344746620E-001   0.71725116509987086        0.31008738856721632E-001
   0.40837550071558532        0.69352598335109206E-001   0.74904424548779325        0.31000063868401474E-001
   0.98436727828581994        0.65137971152707641E-001   0.54407965049763585        0.31081249031336512E-001
   0.15896460489603151        0.15269719976142154E-001   0.90931009200078627        0.31059620069208302E-001
   0.39751895395838316        0.15679825594590111E-001   0.64125562745776432        0.31090729666716461E-001
   0.31507806900769031        0.15251164264091566E-001   0.38822163921383046        0.31000444453993969E-001
   0.97174516161796543        0.15648568362363575E-001   0.43908547580600354        0.31053380124899950E-001
   0.89123187096068290        0.65456317472454076E-001   0.60112709893736715        0.30974237971388614E-001
   0.16428040977592198        0.65552726822771384E-001   0.15335985691993174E-001   0.31048647963876796E-001
   0.91241140364634521        0.18584156527695982E-001   0.69762677549907259        0.31020789294429443E-001
   0.42712101261010382        0.14502145339311460E-001   0.48921821061241261        0.31030989084982238E-001
   0.56819922843729254        0.65697562728113876E-001   0.95272879280843459        0.31015119766489987E-001
   0.33490387122016541        0.16347970080175914E-001   0.23632056065072873        0.30996427898696870E-001
   0.80726214176165734        0.65358823227461602E-001   0.71813216060527985        0.30995790120206732E-001
   0.41534157404944727        0.65651444091704189E-001   0.60885992202519490        0.31052268905153797E-001
   0.76980288315999956        0.64289308572775941E-001   0.99786256968173348        0.31088610881876935E-001
   0.36524040939374708        0.69296791445803960E-001   0.80842915477867416        0.31000755603360346E-001
   0.35986485696901882E-001   0.15652841552410434E-001   0.12209590319743686        0.31070605155562259E-001
   0.91232068937009481        0.15561018305124800E-001   0.19044220009263252        0.31058471340442095E-001
   0.99053135098325062        0.18167645895089696E-001   0.63677148590594179        0.30986929311365471E-001
   0.23702066172537903        0.67167073611551928E-001   0.86868416387319614        0.31034702547799560E-001
   0.16270123338669987        0.65300518692617091E-001   0.87256692501158295        0.31053975148307503E-001
   0.46926380472363494        0.65506287759235879E-001   0.30302359101375337        0.31052471134977742E-001
   0.33585682685965523        0.65944320975468415E-001   0.52940645645797457        0.31105295687028949E-001
   0.18386898894650913        0.66313823120559778E-001   0.33134418153338407        0.30979596405083309E-001
   0.44357997849316472        0.15601213337968817E-001   0.68805009654612814        0.31038863538473616E-001
   0.61356032598756205        0.65398527009085189E-001   0.27298338373779851        0.31113306844653906E-001
   0.76848398195836709        0.64983093890243912E-001   0.63704481770374621        0.30989509415494748E-001
   0.10204971963663977        0.65594125103305270E-001   0.55611421005126789E-001   0.31020534633669068E-001
   0.48470106595602747        0.65292930929769996E-001   0.15228005799866401        0.31004363115838658E-001
   0.63874869263498169        0.15318197242941598E-001   0.52752275468817444        0.31038750137737787E-001
   0.36116646344088932        0.15695518058527119E-001   0.73891696397322848E-001   0.30984177050648657E-001
   0.80476379756625882        0.65375656796603038E-001   0.39126346656699795        0.31066918845908561E-001
   0.10040958748672633        0.64586832110489670E-001   0.74462975525122543        0.31053953001090064E-001
   0.12201411862831982        0.15798077350002462E-001   0.99323866912052894        0.30997294655254047E-001
   0.79525813475529361        0.65681275622989199E-001   0.81743027307218008        0.30971844909302559E-001
   0.67440922824729854        0.15448034873399352E-001   0.18414206830951424        0.30994639445294962E-001
   0.52226515908926563        0.65579408921450449E-001   0.36969545609711247E-002   0.30946077272953790E-001
   0.48464887874062584E-001   0.15849481306326036E-001   0.26273355835151996        0.31089131060701727E-001
   0.96839079061244859        0.15850088672713029E-001   0.16335812028762295        0.31009181006135693E-001
   0.97478314661970822        0.65532551160212338E-001   0.81111896084429935        0.31077748207954777E-001
   0.66390702937124135        0.14739407793429957E-001   0.70876415178553287        0.30984696278811757E-001
   0.74769761639443877E-001   0.65587126743827842E-001   0.45883537665397256        0.31045494659067318E-001
   0.43595616621364991E-001   0.65599060334187262E-001   0.76278744790888642E-001   0.30976437662856401E-001
   0.58272096296988374        0.15547321751384086E-001   0.15421937560317059        0.30940926267327869E-001
   0.33142973812177172E-001   0.15815139101977318E-001   0.18578680472763001        0.31015665576033993E-001
   0.71049905216665576        0.64799579783433620E-001   0.79373992966856954        0.30995086712555870E-001
   0.91035743235135624        0.16545251325397078E-001   0.51291977765238417        0.31051992108462635E-001
   0.12730128672395918        0.65110250627899685E-001   0.20872576205182011        0.31081106810561171E-001
   0.34596882342382690        0.15144098599808234E-001   0.45053049395205996        0.31008259417444152E-001
   0.95413600374957397        0.16098288465692653E-001   0.56761800268528129        0.31062728187759497E-001
   0.88861835589653959        0.68482037062930601E-001   0.66305715549946342        0.31010530918073570E-001
   0.22125160817584436        0.15366067584595564E-001   0.90568640946377565        0.31006276039225764E-001
   0.93291061020329435        0.15772586146312561E-001   0.93133876890377665        0.31046689402287213E-001
   0.51321506351525076E-001   0.65231852268245058E-001   0.53219673082379582        0.31062302934930845E-001
   0.25059564831210090        0.14860796100556871E-001   0.96177873759414145        0.31034461525523270E-001
   0.21292208880804869        0.15709060227505321E-001   0.49034188022928075E-001   0.31078960668911623E-001
   0.87431454200696213        0.65665658235485841E-001   0.41972062221133410        0.31085569965448291E-001
   0.68365713284290031        0.66759927726964791E-001   0.88253328023290545        0.31068800200789018E-001
   0.11523314530492452E-001   0.65742440137122507E-001   0.26468056117007888        0.30960187177387657E-001
   0.50907357816139898        0.15531973341884496E-001   0.68373408819741321        0.31045388852348286E-001
   0.91877283357329531        0.17023931229571056E-001   0.25222674911255949        0.31026101982480767E-001
   0.60117629195243372        0.64920208503966459E-001   0.52824329202031062        0.31136455257117085E-001
   0.94004746486614132        0.65505809361052561E-001   0.21501755286639140        0.30993045248174984E-001
   0.80143642791832337        0.15576688285522914E-001   0.27307709189844015        0.31049995114874784E-001
   0.29111597612594808        0.15588309694774680E-001   0.32415873815471696        0.30984211605260960E-001
   0.63148557858551213        0.64803038791517401E-001   0.47338078509065368        0.31027560525910308E-001
   0.92197819209576015        0.65544756127687884E-001   0.96790704484398160        0.31120973336093680E-001
   0.26850760983650773        0.65469084506056097E-001   0.92433551915071432        0.30939083815498130E-001
   0.96451678399798657        0.15290603027915803E-001   0.77525987924367434        0.30968850916929254E-001
   0.38450765365804351        0.15339080487170673E-001   0.13900822017482470        0.30964152755612713E-001
   0.69498563690895854        0.65284237210897531E-001   0.28642108239840414        0.31048076190989780E-001
   0.81049997258646278        0.65487480387343519E-001   0.21979754716530719        0.30986113069700387E-001
   0.82799067033833162        0.66675115331157692E-001   0.96422243073717251        0.30971372593543826E-001
   0.56662374694536020E-001   0.15319515025538886E-001   0.49559490139724505        0.31053439728868110E-001
   0.64080575921588878        0.15600403281644366E-001   0.65123670811798640        0.31005782523237220E-001
