 3 HS poly
 400 2
 241 159
    1.0000000000000000         0.0000000000000000         0.0000000000000000         0.0000000000000000        0.10000000000000001         0.0000000000000000         0.0000000000000000         0.0000000000000000         1.0000000000000000     
 T T T
   0.33961312644608471        0.55704530852961176E-001   0.95664683217968915        0.36237188222816387E-001
   0.26670702048557254        0.58513652071252118E-002   0.77074403328195673        0.36646840351681323E-001
   0.59382825403943618        0.55672418003921160E-002   0.29941547904474883E-001   0.38201319434128411E-001
   0.49742562726065598        0.55755182462241815E-001   0.63020646974651406        0.36653958471659621E-001
   0.69156866681208601E-001   0.61148663884617602E-002   0.23117725505726078        0.32530766027291109E-001
   0.81913930386114453        0.56231770254165793E-001   0.62720377447017284        0.33912746192019547E-001
   0.26076491052867040        0.56867445274243452E-002   0.50228886726299893        0.33875148721309416E-001
   0.41113058176452283        0.57160332761554647E-001   0.42160093656238207        0.36232822873949549E-001
   0.73811852253837640        0.55328581128804982E-001   0.41109453263031948        0.34167217331577217E-001
   0.75966404575889857        0.56174094034294547E-001   0.59120321955474275        0.35601435770912161E-001
   0.18600468666027276        0.60148446345915313E-002   0.95712264357803190        0.33256557617586877E-001
   0.81840790822185747E-001   0.56637739627126010E-002   0.38776535202783169        0.36711103731284410E-001
   0.96665142245939406        0.55492127597642190E-002   0.72416120223596281        0.33151406562485962E-001
   0.46525327938522554        0.57903011744796862E-002   0.95811602772834226        0.37484264760907486E-001
   0.43400019361139258        0.55825996563640949E-001   0.76822922811522665        0.37069685366089247E-001
   0.85606146909328196        0.55820619407392517E-001   0.24949224942155612        0.36863338980685390E-001
   0.54919116495289044        0.52078212406958787E-002   0.54600798650940174        0.37244763473054367E-001
   0.41541808102107933E-001   0.57040506968629879E-002   0.55340474544687157        0.36205302916269499E-001
   0.41538686227854766E-002   0.55461536543822770E-001   0.52211332669623634        0.33410030965304142E-001
   0.53120197290946602        0.58138045487762498E-002   0.99052511716987812        0.35725184062099354E-001
   0.71709587766236083        0.55994218185423635E-002   0.30652573425670920        0.36560609434457735E-001
   0.70341122809711742        0.56010931962697658E-001   0.54777946718523296        0.35359729878095041E-001
   0.23860733763352235        0.55645030412264734E-001   0.31511999943424990        0.33896690002702567E-001
   0.93093438417926111        0.55554951258784346E-001   0.69538146414563196        0.34675854136968713E-001
   0.55407201978783649        0.57780706852001498E-002   0.90677361852480143        0.34903599366457323E-001
   0.82926800599584582        0.33568256353961215E-002   0.67636270619832928        0.34390340789245057E-001
   0.93359250977577510E-001   0.55703431859531964E-001   0.33796117148928112        0.34766240500511469E-001
   0.18257010012815475        0.59119842072096890E-002   0.65410032722833544        0.34962506083443048E-001
   0.14478601361297003        0.55759352929874967E-001   0.29327095101745665        0.33351233444814048E-001
   0.22062035092424456        0.57588795063674989E-002   0.71331931822002348        0.35177375600625269E-001
   0.65257711592316470E-001   0.55108062059575792E-002   0.96187392029901098        0.35922334641936046E-001
   0.26986453546477090        0.55784213849356425E-001   0.45365459324714164        0.34296246655128669E-001
   0.28485067883458842        0.55643036609636112E-001   0.36792851902124551        0.36294452471523207E-001
   0.41816269294757963        0.57198243889267336E-001   0.34484672219937001        0.36338884544860409E-001
   0.73135299144699073        0.56350631781902798E-001   0.73069672562818810        0.34167012618287654E-001
   0.26321677434848513E-001   0.56378449994043733E-001   0.91580013987924180        0.35532674077327832E-001
   0.23629259678578066        0.59622513046718303E-002   0.36662984549524066E-002   0.34956765627734289E-001
   0.34464053426291780        0.56978076099459879E-002   0.61824702669430320        0.33921717579308119E-001
   0.58064563371837208        0.56032586846053459E-001   0.86991151268597425E-001   0.35397801576928990E-001
   0.20414633370272810E-001   0.56340080223455805E-002   0.80494475208133354        0.36870666753456675E-001
   0.97868194328639313        0.63860500183410595E-002   0.93841052155605498        0.37116025861299889E-001
   0.65867096445816664        0.55964728225466880E-001   0.87083376615088359        0.34330789813042772E-001
   0.31769301078575163        0.57784797708592172E-002   0.46213908695048667        0.35010532486283462E-001
   0.32711552217690404        0.55848215664667258E-001   0.63325410949922736E-001   0.34917042214159026E-001
   0.27792673363407272        0.59364724744991925E-002   0.60134650117646009E-001   0.35181137679699714E-001
   0.73479444791802084        0.60236232067426331E-002   0.78092158029946912        0.36054094974575859E-001
   0.12112648488176862        0.57318730524415988E-001   0.86613824585172627        0.34884160172100227E-001
   0.59024249960790793E-002   0.56359432878085591E-001   0.98429205279364040        0.35923416048404058E-001
   0.86934951670985205        0.32637331349429396E-002   0.61932316912873475        0.35310547068452054E-001
   0.27646907470971105        0.56715812279627123E-002   0.66947578515634398        0.34977305347506690E-001
   0.60290240346589064        0.55897873679394250E-001   0.91172168045159174        0.34772758103229565E-001
   0.37827167922326449        0.57301348871486449E-002   0.75681449154991842        0.38576330387465947E-001
   0.78687831091125360        0.12186714070521004E-001   0.83010389596333889        0.35567573520834332E-001
   0.54445814273948456        0.55924857052084997E-001   0.69704749666748966        0.34336270696295065E-001
   0.94803712812119867        0.55846654665558652E-001   0.25770446566176575        0.37872830233708625E-001
   0.22941645324222401        0.55773033518174003E-001   0.84778035951338115        0.34183277443385951E-001
   0.73799532593415151        0.55612795338022485E-001   0.15455656327515468        0.35488766418662769E-001
   0.78503482671902391        0.56042772625077314E-001   0.77472942433422320        0.35022459663038290E-001
   0.78192723987411283        0.55746580201962673E-001   0.15718020130820527E-001   0.33792980246103450E-001
   0.16578352339456787        0.55676687070299540E-001   0.70629343065859207        0.39024046662143499E-001
   0.10393545801635991        0.56192209433083996E-002   0.74460615301852073        0.32899060952273664E-001
   0.59955261394443693        0.61117915285258386E-002   0.59509911741724619        0.33054115544222176E-001
   0.34468603115256691        0.55513262184504558E-001   0.22782706258825083        0.35916353247502524E-001
   0.28592881221732308        0.60399556410798390E-002   0.18173415036919577        0.37235306269759648E-001
   0.13316532885482460        0.54420844182624844E-002   0.91475215277778643        0.34428571169960523E-001
   0.77816874626580892E-001   0.55619487388605428E-001   0.70329909622141462        0.37015013871558582E-001
   0.18345518330189761        0.55701327335347030E-001   0.90249752884567802        0.37266881782292906E-001
   0.97294700144352531        0.60009595015947485E-002   0.36919035286919677        0.35935866771920108E-001
   0.27584951209360936        0.58111948895982792E-002   0.85468168694114921        0.34326139918312140E-001
   0.83434756971506197        0.58363873466767274E-002   0.10962571466204230        0.37083301014785762E-001
   0.67364418016303873        0.55525530561382222E-001   0.38420997870710272        0.35647651428776350E-001
   0.74516571310991420        0.58785364798825124E-002   0.97229638500926710E-001   0.36981802844620201E-001
   0.21584519584485989        0.57507718409503571E-002   0.44327203968821755        0.34095864683407313E-001
   0.87138114389170773        0.53149091307996769E-001   0.66655401762651367        0.31524193720927227E-001
   0.43126460239085296        0.55853252850745827E-001   0.85417562231939692        0.33497052967884286E-001
   0.92244126845209895        0.59887227088811440E-002   0.43692128824458043        0.35777580700312998E-001
   0.45051365132895738        0.47515683096201501E-002   0.52827674622807053        0.34717728198974028E-001
   0.19026914681065446        0.55590223894191299E-001   0.59317495344704507        0.34303410047341817E-001
   0.84422827941853473        0.57095429905961925E-002   0.99217921346360438        0.31910641285546056E-001
   0.57617072602419450        0.58367396493830184E-002   0.13660130077776078        0.34548511669402808E-001
   0.33602716449917480        0.56235786924173680E-002   0.90472196418845896        0.35663545431001954E-001
   0.51400309616604489        0.55503708761708140E-001   0.24441802189580433        0.33013700686741074E-001
   0.96802798965020009        0.57746882735895660E-002   0.20569978684390305        0.36882974816415871E-001
   0.55026910674423679        0.59272377665397268E-002   0.64567572479060498        0.37551802658019835E-001
   0.21095034568348420        0.55759878386527101E-001   0.49270609963867940        0.36315970146775074E-001
   0.33436225951773718        0.55653551037365905E-001   0.85557420425428765        0.34380282648236789E-001
   0.11311290782574146        0.75941849846694531E-002   0.81314205717243904        0.33307350796190814E-001
   0.23170508595427075        0.55958544677276081E-001   0.95568580309722584        0.34413935235789686E-001
   0.79381989979645595        0.56177833151807480E-001   0.53006392149782222        0.34118387222378081E-001
   0.48717415064353986        0.58398994634493552E-002   0.76547968281938128        0.35931567165954116E-001
   0.52076408666661833        0.54147837113839893E-002   0.29310879344304092        0.37027720960355830E-001
   0.81064534733329452        0.61318386122712013E-002   0.57759373346867704        0.36718692533076837E-001
   0.62695564471378562        0.55648587375699034E-001   0.14728954116364668        0.36300659295572482E-001
   0.98753422605662533        0.55724045561499957E-001   0.15915516861006457        0.34006365278217626E-001
   0.14047534432983644        0.56097604167347666E-002   0.58697476265922421        0.36422541555783727E-001
   0.77942965504557959        0.62849260382428513E-002   0.72520813072644941        0.35314960520674510E-001
   0.51887138342223504        0.56292067951099090E-001   0.87161944452583262        0.35165869747467576E-001
   0.20398926778389939        0.55905511793041242E-001   0.25578639022410443        0.34790493592060150E-001
   0.60486667780959880        0.55922875097772107E-001   0.65834233020901556        0.37383351819550090E-001
   0.88687976953226078        0.57831912158901582E-002   0.29442243247154370        0.34416010180352660E-001
   0.64991748655936610        0.56055922804744009E-001   0.59787736993201746        0.37911747566538645E-001
   0.85021806568629732        0.12517663766642876E-001   0.86048056859324973        0.34605498194552720E-001
   0.59629237825973055E-001   0.55891917990089968E-001   0.27659085866249539        0.35246330708036559E-001
   0.30872530268654624        0.56457464074266862E-001   0.51028994104619030        0.34285940634803024E-001
   0.92115860711185715        0.55760986683413387E-001   0.31170070855563572E-001   0.37007374543833432E-001
   0.53843979438361111        0.55868317520169831E-001   0.77256700734600559        0.36005186619301063E-001
   0.70977834092254777        0.56154001792027057E-001   0.64377612000348095        0.36871143766812588E-001
   0.33004196215506343        0.48630318529710136E-002   0.13280848167131654E-001   0.34720539091086196E-001
   0.97352793742157151        0.56348933385996093E-001   0.83525431452083543        0.37562258503789817E-001
   0.79526878818815228        0.62146707122695169E-001   0.87791256836428311        0.34087827137717165E-001
   0.47838700975540584E-001   0.58588191219844992E-002   0.32608083201047544        0.33715710560326101E-001
   0.82408318415234605        0.55365473586421479E-001   0.39232946177476224        0.35367537444152636E-001
   0.87478546179358185        0.55743566279449812E-001   0.95795423116768508        0.35922632115961271E-001
   0.35751555670217816E-001   0.69586771123467577E-002   0.85733122560764027E-001   0.34312825226597995E-001
   0.78444220881581150        0.52939716499816073E-002   0.42158588577344580        0.34752094844676860E-001
   0.67180718404671236        0.56806883025962863E-002   0.24903183394383624        0.34413429794876632E-001
   0.43779373991126297        0.57810952667132791E-002   0.10114614741485504        0.35911227177709164E-001
   0.32244870145652171        0.60802198498624838E-002   0.11690560876424569        0.36956016643326567E-001
   0.28851028380898552        0.57962748570458827E-002   0.95713970082790722        0.34922698435789157E-001
   0.57176399502539343        0.56301726317504585E-002   0.24395126822792843        0.33652475537067891E-001
   0.34774564038063599        0.55827903337971808E-001   0.56924311419678231        0.36000199423142504E-001
   0.83760054586858881E-001   0.58235493494826493E-002   0.62746273724715074        0.33183437763606945E-001
   0.78152598166619114        0.55746112113832680E-001   0.21332557407882574        0.37503660078576057E-001
   0.66396347893016439        0.55405353027078212E-001   0.29792896813373532        0.35676115668438743E-001
   0.36769460465834036        0.56059307827946381E-001   0.47641810002978086        0.33712785909294364E-001
   0.47457673349140289        0.57952774741509084E-002   0.40405315558724973E-001   0.35019868990359762E-001
   0.29287785246659170        0.55615155004709566E-001   0.61889450375873334        0.37936159970324949E-001
   0.72606558716554515        0.56506521185160389E-002   0.20363902880079424        0.35481946747674083E-001
   0.72078253782345103        0.55733574036619528E-001   0.25429953414321310        0.35711055216001285E-001
   0.96809202023959651        0.63809800272321710E-002   0.13718290634910743E-001   0.33258266075185387E-001
   0.18765336374011451E-001   0.53710614159479919E-001   0.21951792603671910        0.31413710829349427E-001
   0.25174757695714362        0.55532635376294250E-001   0.55491925888894400        0.38078868790725501E-001
   0.73567066565923767        0.62421547646500930E-001   0.83908859701891236        0.36360693120588677E-001
   0.12764831923790865        0.56052489952454598E-001   0.13960148962342353        0.36534126284680092E-001
   0.49878941140412186        0.55157657570593946E-001   0.53489510722739309        0.34510851305048003E-001
   0.39274908797427349        0.55856553266867261E-001   0.62493100476077090        0.35404933938167578E-001
   0.32533331781721558        0.55769215640657691E-001   0.76157782440887212        0.34328169310434219E-001
   0.65634804745213471        0.54460761237511840E-002   0.99258265022769099        0.34288601197372141E-001
   0.62168669994904502        0.55581839110944435E-001   0.23833642726343027        0.37101950532626223E-001
   0.66530448501818706        0.55941677930255701E-001   0.70312843588301421        0.37286628141839973E-001
   0.23299573059149631        0.57630196710751966E-002   0.90906926031057211        0.33369233167724340E-001
   0.41384639746636634E-002   0.57248360906651079E-002   0.64780199917570891        0.34339337150047319E-001
   0.46920990313148903        0.55439272271653101E-001   0.29532889229011100        0.34751518652085693E-001
   0.44411430369733029        0.63948636521437121E-002   0.62886265633183058        0.35247917346700360E-001
   0.61482481962811231        0.56919544224842116E-002   0.38952205941755136        0.34006353334809600E-001
   0.46523054860575286        0.54736157331526699E-002   0.24443424737901817        0.36680711582461584E-001
   0.83955690408080930        0.60700536545619677E-002   0.50818596744329203        0.34765327877817526E-001
   0.12087996161801298        0.56013936395077450E-002   0.68153250025512946        0.32266248036446392E-001
   0.87754861711855148        0.57406785521377859E-002   0.36426543761702629        0.35977830066218908E-001
   0.33318495040855295        0.55648458274500059E-001   0.41909446624108659        0.32575575326793761E-001
   0.47546773181325669        0.55527193220014273E-001   0.39018770961290039        0.35375189563245632E-001
   0.86022889486059584        0.55955047567586957E-001   0.55541613511671073        0.36943013942247339E-001
   0.79270987085210309        0.55847236324439165E-001   0.82843700574516135E-001   0.33216536874550520E-001
   0.64631031167683006        0.55866461037896498E-001   0.50799363306694334        0.34219577225361140E-001
   0.69104202245305835E-001   0.55800175252744000E-002   0.89341259646669591        0.32511498212342768E-001
   0.26892496338602428        0.55539415490237935E-001   0.23052382185320022        0.34158558297386753E-001
   0.49591750141336099        0.55769032757309524E-001   0.87159183844468580E-001   0.36585126029158900E-001
   0.52023823386622181        0.55806383654821157E-001   0.94189937012276814        0.34838558347882166E-001
   0.85282507110201655        0.52134475247392290E-002   0.43123708599552135        0.34068163457777217E-001
   0.93228473337246642        0.55708222703855836E-001   0.11842882858642903        0.34596613153422204E-001
   0.84413591781547792        0.55758683142074363E-001   0.32264346198511623        0.37140258993458408E-001
   0.52826762935024507        0.58384260713803780E-002   0.82283469080879512        0.34368192872401296E-001
   0.13905544209822945        0.56052670801886334E-001   0.45917000873932162E-001   0.33007078655485564E-001
   0.41785040524352862        0.55687015012875596E-001   0.21363402156257347        0.38573506475501715E-001
   0.11387905572448216        0.55687920162944639E-001   0.23353200372974026        0.33892987859870265E-001
   0.57486704278885514        0.55602741797563110E-001   0.29525258093549306        0.36535026102368973E-001
   0.65890944143940955        0.61028374833477714E-002   0.75642558673120275        0.35953954363921119E-001
   0.62200993548234640        0.55619498102544046E-001   0.44052429217309924        0.37447849886728668E-001
   0.58235576133624416E-002   0.63399279454599460E-002   0.87332274088178341        0.33002428509488584E-001
   0.64785923465177586        0.55474731638476431E-001   0.41938707133828142E-001   0.36301489982954592E-001
   0.68598140498960025        0.55647487885268458E-001   0.10484402871599294        0.36320818632802072E-001
   0.23358816578548475        0.55974418578771258E-001   0.16097156706444893        0.38017325263462236E-001
   0.61353180786462169        0.55840314343523411E-002   0.19162210806649480        0.31781064104427978E-001
   0.74952572398190276        0.60023434864252788E-002   0.54455582807474479        0.32725616372955443E-001
   0.60860548773964640        0.59433861041533502E-002   0.85939849534583146        0.37301770568286909E-001
   0.17032187867912474        0.55966348352439167E-001   0.19575833091221115        0.33991244494583746E-001
   0.45659490005155678        0.54887574985406043E-001   0.47803243424247288        0.36198212677809295E-001
   0.31405968061485162        0.55803888925893476E-001   0.29396423008088668        0.35213604994798677E-001
   0.89895032586606338        0.56404540848519952E-001   0.82537650826423747        0.37663038638706563E-001
   0.25235589380110536E-001   0.55616623713889847E-001   0.38965176948251229        0.38778899117811821E-001
   0.21375183586023996        0.55669597662424825E-001   0.76432067850469632        0.36210980606787180E-001
   0.41400406357059455        0.47922131761027730E-002   0.79262704533786567E-002   0.33704591065637453E-001
   0.83045955724945515E-002   0.57662196794737441E-002   0.26751123786209341        0.36878385115973120E-001
   0.56519646352716069        0.55516274147221351E-001   0.18827435251035876        0.37788331471293513E-001
   0.13346330112605498        0.60935321415572221E-002   0.57446308483487349E-003   0.34688194313339069E-001
   0.27029104480355254        0.55669012242111827E-001   0.71870048256013463        0.35372698384410789E-001
   0.87978620028547047E-001   0.55672836007881026E-001   0.57846258927107064        0.36453058779962681E-001
   0.32697185728678002        0.57566045094880986E-002   0.80872274262709398        0.34403679402761796E-001
   0.28278092883673112        0.55812592956491762E-001   0.90541620557262759        0.37230601263034291E-001
   0.33709954886680454        0.55788881567464636E-001   0.67858243296383902        0.36335335969720543E-001
   0.92038674928984998        0.56091463682995529E-001   0.33670743416193827        0.35125246321275984E-001
   0.38422816349444722        0.55812161431678831E-001   0.90219090394127288        0.33671938416580068E-001
   0.96155865130012674        0.56386508495176353E-002   0.59499843591667234        0.33454387511972480E-001
   0.18034324359075954        0.55686058404825517E-001   0.35440245777213558        0.36208847446814185E-001
   0.99525825408452828        0.55865243375484153E-001   0.32018810212583654        0.36825975507332590E-001
   0.50558819903925101        0.57541454903327280E-002   0.13900670829054762        0.36069282247646182E-001
   0.38573275996058531        0.57450083143426606E-002   0.67186336034244509        0.33435837833324780E-001
   0.51884626380440300E-001   0.55779198242177697E-001   0.84858136640782611        0.36365988865988824E-001
   0.86872872348785224        0.55762628016333554E-001   0.15258969379705528        0.37187657751530864E-001
   0.32372403095206434E-001   0.54253264145158325E-002   0.17430234263124156        0.34608560206366774E-001
   0.39838703650003809        0.62456164653531968E-002   0.57477670291841076        0.35078689865648272E-001
   0.83583926758066751        0.57978566439713351E-002   0.19782622002985342        0.37798265729970477E-001
   0.56202277524498889        0.55815544324664929E-001   0.39374168930775189        0.38544524918703006E-001
   0.95102159344758219        0.55980299605428996E-001   0.47855529566793914        0.35279819990345504E-001
   0.76245070302230233        0.61589576921295131E-002   0.64198070613780067        0.35668115606413274E-001
   0.79321313430350804        0.70745048165123132E-002   0.34754689265388505        0.36268257981495071E-001
   0.11920825542424195        0.60781200987619294E-002   0.18741724496056994        0.32960713810136925E-001
   0.81518131408436978        0.55433907775351302E-001   0.46322566242010571        0.36027895069679884E-001
   0.94416068594340341        0.56307537052677915E-001   0.90081429048747141        0.34123847310276713E-001
   0.10745505389507873        0.56632713136691897E-002   0.52115009184449057        0.37162324957000392E-001
   0.60680559931704958        0.55962711867008158E-001   0.74824395496699847        0.36554553061930735E-001
   0.46977863035125850        0.55095170182338600E-002   0.34244654933398339        0.33878332084664974E-001
   0.67021841464567952E-001   0.55607367721896152E-001   0.77660094722205641        0.36991400117228637E-001
   0.90093468906604246        0.58197702365699088E-002   0.22775403662708038        0.33714994336501602E-001
   0.67824247931430537        0.55999320731484038E-001   0.19535554241003744        0.33728105759546205E-001
   0.84331487998834442        0.55663887270965523E-001   0.73071943178400678        0.37511228722526907E-001
   0.35523118306417462        0.60141435154717074E-002   0.52045962182707561        0.34039398799118534E-001
   0.43714241384374325        0.55955882684979100E-002   0.71542795856792762        0.33355897670874567E-001
   0.67202495319663413        0.59981736100908163E-002   0.82555951012186313        0.34355907606416942E-001
   0.98867156708524995        0.55722191323638731E-001   0.76465916959986691        0.34625532217297729E-001
   0.13481380681050539        0.55562571626393553E-001   0.63798873631976627        0.35175593770598555E-001
   0.68994721795040781        0.59258847600065128E-002   0.50410225207134574        0.32183084761595829E-001
   0.18006102793702514        0.59655247562003825E-002   0.14760620614831541        0.36096365726169970E-001
   0.65761998933624743        0.60000577282972329E-002   0.65093909737729438        0.35303965887942344E-001
   0.18883596906199207        0.56209950203672032E-001   0.95240842607225595E-001   0.36546140117314913E-001
   0.23819380697506082        0.55781033943566758E-002   0.60888952159606957        0.36678964374009047E-001
   0.19099973618248339        0.57748863643545829E-002   0.30398997140236322        0.35513255065713956E-001
   0.37492614232404825        0.56021482865097949E-001   0.11492169581484231        0.35208281005020742E-001
   0.53039802273361332E-002   0.55640945211763382E-001   0.69658697369872247        0.35438505239271230E-001
   0.13891519632638791        0.60692872297131448E-002   0.90711975468977579E-001   0.34109768623005493E-001
   0.44665881296154569        0.56347824022827377E-001   0.58019655103410195        0.34538632804746311E-001
   0.56918746500626849        0.55949323576646136E-002   0.44813294968470113        0.35414230111625727E-001
   0.73987711543807323E-002   0.55653434419104267E-001   0.58988614756324986        0.34433341785399169E-001
   0.50661165648519491        0.52677104291891305E-002   0.48788760737038095        0.34401719759047614E-001
   0.38358010587636193        0.58463891022243050E-002   0.85007992761966245        0.35698660125743645E-001
   0.15901954533267032        0.60508403551315206E-002   0.24146486304244802        0.33637931852707914E-001
   0.99066735138744921        0.56794496661542182E-001   0.59252216562732191E-001   0.37398707200514567E-001
   0.37833340499827167        0.53096483468049972E-002   0.17047573168031382        0.38001336819052926E-001
   0.19850623099700501        0.55870902846356972E-002   0.54415364997423654        0.35689023508155490E-001
   0.37639679539655008        0.59599140044761072E-002   0.65532201347079905E-001   0.35028167808038260E-001
   0.63354639127819978        0.56560336335441906E-002   0.93810325742144998E-001   0.36958908365429644E-001
   0.95893602417695223        0.56047978477690767E-001   0.41161718540335784        0.31050067693124916E-001
   0.82502390928614638E-001   0.59249299439196879E-002   0.13174880279920864        0.31093950236804311E-001
   0.69070742979345368        0.54656464022398293E-002   0.56307981818333262E-001   0.31085139748158387E-001
   0.16618074049298559        0.57573089582174490E-002   0.48566510847283018        0.31119570397140708E-001
   0.87981364912020565        0.62452493816505111E-001   0.89140644780006395        0.31145556686382674E-001
   0.90566040987537366        0.59610069120010576E-002   0.56288432161997737        0.30994896562434190E-001
   0.89189612197796830        0.54478425716474477E-002   0.71311847499785785        0.31078527057731609E-001
   0.31898917321856279        0.57830392143641569E-002   0.71994139769353616        0.31005744774293395E-001
   0.56305769957222895        0.59154979977946963E-002   0.73496384533354808        0.31097755647494247E-001
   0.40310370860530287        0.56113612189961887E-001   0.53087690054545156        0.31153031402031055E-001
   0.49011959270836181        0.68001523566201365E-002   0.58097173344226749        0.31099020824652168E-001
   0.69906107706177434        0.55250685834992187E-001   0.99596306832254378        0.31077789882822570E-001
   0.61707167438474475        0.60047767560421263E-002   0.70372978015168819        0.31119764921486045E-001
   0.96341233618470468        0.54029840330390875E-002   0.52105860557779615        0.30998606498092780E-001
   0.68143665432952938        0.57459821209328724E-002   0.15092461478463698        0.31074035796417737E-001
   0.60399596292602853        0.59174195405040896E-002   0.50495416040330454        0.31208893004705966E-001
   0.56863758213657012        0.69790312045325820E-002   0.34186564686032400        0.31028573431984261E-001
   0.22760376833045803        0.58167120659840532E-001   0.66423898018414695        0.31072575668660722E-001
   0.12941229536122736        0.55700030131902167E-001   0.48008563799130449        0.31132248057699350E-001
   0.37322263208402573        0.54929233622367062E-001   0.16035146788700223E-001   0.31076636574997353E-001
   0.90791415321022539        0.72559618668398777E-002   0.92422061924238963        0.31085840510319179E-001
   0.70725481031030069        0.62290642863608484E-001   0.91422626472437096        0.31103714928212595E-001
   0.35479714216619312        0.57606421001682243E-002   0.31253695739715120        0.31133419399707998E-001
   0.69057089372834335        0.56057899248271641E-001   0.78775247005817850        0.30967008991629536E-001
   0.96277913210298449        0.56026293675580152E-001   0.63789367662435570        0.31041893551511105E-001
   0.83053683784040844        0.62385119807529858E-001   0.82226241808122758        0.31043959728095441E-001
   0.95348369066091221        0.65167758990540741E-002   0.79072726428231310        0.31175061404749894E-001
   0.71542422519922022        0.64831322403977850E-002   0.69127994864945663        0.31083416097261115E-001
   0.78436909505339569        0.64014034593025682E-002   0.97224613834259310        0.31053400272706453E-001
   0.30605323744120483        0.54145690764254052E-002   0.25043159108531909        0.31075315378768752E-001
   0.53968997657591633        0.56134132892976744E-001   0.34535852971203665E-001   0.31129422233954780E-001
   0.58891612812724980        0.48676549480766908E-002   0.79183122072290557        0.31147577845960440E-001
   0.21607073524904752        0.41560759288940064E-002   0.20873786178887771        0.31082529211622235E-001
   0.32857187455485054        0.56535867238142398E-002   0.37987281496155739        0.31120374047928043E-001
   0.82832063585928861        0.58956732933750124E-002   0.77691267508569106        0.31028534540318359E-001
   0.40917550741443737        0.58464827044315548E-002   0.47421070850997976        0.31113671756358451E-001
   0.78277602703272575        0.56233769253171167E-001   0.68145051075397201        0.31119706923278319E-001
   0.16941368876318952        0.56797416994198097E-002   0.75631480957156338        0.31002943817398518E-001
   0.61995094810850959        0.55710690198388889E-002   0.28911930897338367        0.31008942144731690E-001
   0.32876607116911705        0.56096147384543382E-001   0.16269972606538749        0.31110665120084958E-001
   0.48778908969033785        0.55812703345559517E-001   0.99925870882598011        0.31051297272524300E-001
   0.46179428430320169        0.55790625808652065E-001   0.91112109814026154        0.31115644487434448E-001
   0.91498830863873126        0.57407583248054363E-002   0.15736911534679707        0.31054311654983732E-001
   0.61768772137208172        0.55568344577506840E-001   0.34766888066920176        0.31066727568262127E-001
   0.72566892674443606        0.54503994314613544E-002   0.45170374096419524        0.31135332086634736E-001
   0.88346630113382965E-001   0.55166829264981558E-001   0.51571086109523034E-003   0.31084075684744625E-001
   0.48418141753693866        0.57812470206101300E-001   0.81449691220894549        0.31050691907147231E-001
   0.17383678594686622        0.55940953779001157E-001   0.43632500743074165        0.31114803286584322E-001
   0.74279368656152134        0.55935327345611165E-001   0.34581112657763180        0.31166469165408141E-001
   0.44452078093958408        0.56399106521553104E-001   0.67258819943787462        0.31123622446386934E-001
   0.38425798448398224        0.56090520372734801E-002   0.24881966969547589        0.31112431204125515E-001
   0.10264109317385756        0.61866880084530812E-002   0.28531338085635660        0.31040156454411136E-001
   0.46227093781124419E-001   0.55816827401716854E-001   0.64275158506071084        0.31141559555329386E-001
   0.76508086841763134        0.56445819343499577E-002   0.25763741327178719        0.31070548526797758E-001
   0.57141323471021332        0.55804797613264116E-001   0.83103471195551204        0.31043033396116526E-001
   0.71119520280328163        0.12278260352145926E-001   0.87752995240358056        0.30997443066204524E-001
   0.52033358265775864        0.53707008120976139E-002   0.20457311543264944        0.31119693297731690E-001
   0.65414669086157409E-001   0.55552625512988535E-001   0.50067510371419910        0.31060241597075041E-001
   0.49119304143800430        0.34616681769842881E-002   0.68049546171839237        0.31022163925492036E-001
   0.35054108621662100        0.55706475400467838E-001   0.34972409960190193        0.31096988159497605E-001
   0.38843337227444007E-001   0.79268136302274445E-002   0.73413086483230672        0.31090357247662914E-001
   0.45098985833004607        0.57186746691581447E-002   0.17818302554452198        0.31067929158853216E-001
   0.39100157369068878        0.71566933558133809E-002   0.38122551322238352        0.31105814854295529E-001
   0.48361203320849178        0.55892812235130464E-001   0.72101519951158999        0.31024182610691998E-001
   0.38519553944047824        0.53912712432366006E-002   0.94984997597269594        0.31038606954661849E-001
   0.27285106896250333        0.56323401970179198E-002   0.41146338104410624        0.31046471800436001E-001
   0.39596173988559852        0.55740274741698584E-001   0.71155227588333325        0.31128231187150721E-001
   0.42555413227310418        0.58158323885076635E-002   0.90206702331439548        0.31102685031287963E-001
   0.65683794275127338        0.55600787868307050E-001   0.95026094639674530        0.31014163298603140E-001
   0.44056892831989403        0.59014904121319671E-002   0.81421297414867688        0.31089008706913068E-001
   0.24586269783206052        0.57576184115232017E-002   0.26612346501260320        0.31121665450129166E-001
   0.29756924251969974        0.50300537797333391E-002   0.57032624914310659        0.31067186235347453E-001
   0.57537847422527499        0.55615858366161508E-001   0.98311859339129881        0.31092078715545889E-001
   0.13511286514645315        0.55667776571919764E-001   0.76952866124273855        0.31017979740386035E-001
   0.78247231815215545        0.53145888051878698E-002   0.15417751844595659        0.31088441838805585E-001
   0.18848269546516216        0.51816755622248335E-001   0.53062193281061994E-002   0.31054271631561679E-001
   0.89047463845178365        0.62991271425007038E-002   0.77876201742784512        0.31094020674273321E-001
   0.45625630645409271        0.63160521630138541E-002   0.43079919482093310        0.31101332535417185E-001
   0.80936511798560817        0.56133861584160727E-001   0.94151889763881647        0.31131775651676658E-001
   0.51841069020899011        0.55517154371245117E-001   0.33944784373436221        0.31086532966680316E-001
   0.82262480869259258        0.57756847461930723E-002   0.28132782733104389        0.31150351908513865E-001
   0.16720042694979251        0.57001876255616977E-002   0.85868174409508380        0.31126104558807956E-001
   0.77712461995756388        0.54803626807877308E-002   0.48702609741919389        0.31068776367384358E-001
   0.27995974803590401        0.55917779987319019E-001   0.77227112071786826E-003   0.31078530548407111E-001
   0.55104293312574298E-001   0.54711218720609562E-002   0.46453435460499959        0.31014002940954154E-001
   0.44227324643584871E-001   0.57088035766922812E-001   0.12720003754828574        0.31077737849083759E-001
   0.84501528652750435        0.55706189604895678E-001   0.30585408528025874E-001   0.31018899125482478E-001
   0.48994486452442926        0.54989131362574765E-001   0.18249939797483355        0.31091097106887552E-001
   0.47584787250898630        0.62829459332203012E-002   0.86549394914330346        0.31056300366475383E-001
   0.88187261180145915        0.48617265838790141E-001   0.47057411957289697        0.31077250972833800E-001
   0.76284145532450931        0.15419920424306080E-001   0.91353147358910636        0.31071825519665412E-001
   0.68863739049439099        0.55500620686778371E-001   0.45829353652630872        0.31021138002605551E-001
   0.42081052257690876        0.55504045598078672E-001   0.58707574548421383E-001   0.31120380884971769E-001
   0.87783809662684997        0.57084342695567988E-002   0.47528838980782813E-001   0.31101900254037980E-001
   0.23138753666207507        0.25782461692316896E-002   0.36184428581633771        0.31120634978099849E-001
   0.78267855794963759        0.55138232261207100E-001   0.29228620513242831        0.31128799309890570E-001
   0.98988817327506429        0.58737515668116878E-002   0.43433902113057216        0.31113638339010423E-001
   0.70355912581728408        0.77801771612885781E-002   0.59434452548151984        0.31086553904341962E-001
   0.51547499656827578        0.56427662974355905E-002   0.40868728574947522        0.31182092792010025E-001
   0.91044771888060316        0.53237267575235586E-001   0.60438110749085094        0.31091574603149416E-001
   0.15105306087063541        0.55126473206066111E-001   0.54050996879084590        0.31142392198312292E-001
   0.93365184649237021        0.57307851499957029E-002   0.75670927996456694E-001   0.31059092279480133E-001
   0.37713278485457596        0.55681507798814693E-001   0.80596922023785866        0.31089514896971024E-001
   0.65180287020545735        0.61505112912354446E-002   0.91292517841202214        0.31130604757157308E-001
   0.94133509009801719        0.56417059559654051E-001   0.96607545343420698        0.31120286730224423E-001
   0.88338621921323801E-001   0.46813785124245132E-001   0.84376529197398825E-001   0.31108080570433995E-001
   0.74040859608662080        0.55664576449649089E-001   0.49250587312131616        0.31022217443835699E-001
   0.17906706563563558E-001   0.55948556733833102E-001   0.45911134743409493        0.31059728525465256E-001
   0.22712257025627944        0.55736421284064933E-001   0.40289753018083357        0.31068506136114539E-001
   0.53902226980113233        0.57505203855730425E-002   0.72303087642759875E-001   0.31011621243501264E-001
   0.60109253413563646        0.63541584040083636E-002   0.95511331980524827        0.31101666634020968E-001
   0.74963695307595180        0.56354779775965806E-001   0.95941479767464588        0.31104801941847952E-001
   0.90920169048922483        0.57270527566871537E-002   0.98644135057113735        0.31075021594866983E-001
   0.72785153449475537        0.55448374082544431E-001   0.51828475670146291E-001   0.31168834335721700E-001
   0.28009342913811847        0.57296324088480042E-002   0.32207747673470971        0.31026143762321223E-001
   0.93272011314335657        0.61744739403761292E-002   0.85909791194238161        0.31087814355810081E-001
   0.71204617190014674        0.65439267356035948E-002   0.95781601625992585        0.31112937614981847E-001
   0.65948055101555780        0.53601355097245068E-002   0.34207542329178392        0.31091636380619191E-001
   0.94844271380785616        0.55598919402247371E-001   0.55501361999153065        0.31073066302027399E-001
   0.27471849708320373        0.55469943357252562E-001   0.10543693505065325        0.31080783562075779E-001
   0.16532752012384755        0.62316795711395458E-002   0.39920485403036687        0.31128434570427462E-001
   0.97896136929359623        0.57737189562805536E-002   0.11824283760469644        0.31080660278850290E-001
   0.92742490801793809        0.57259925916395248E-002   0.65165023258106169        0.31055836718298389E-001
   0.95151217387130493        0.58472658286157124E-002   0.30543320121338202        0.31129419818704610E-001
   0.92290725371821170        0.56316820984994645E-001   0.76083202737033984        0.31085253857036147E-001
   0.81075209195795883        0.58159930330895998E-002   0.45611692487554228E-001   0.31110380204456702E-001
   0.92252242154322178E-001   0.55441319807303463E-001   0.92613118535759065        0.31124908708306948E-001
   0.28464623880455336        0.55863333014634059E-001   0.81295253870236672        0.31083775911737291E-001
   0.43371436146709524        0.55706237294763310E-001   0.14559518216015191        0.31051194218226351E-001
   0.88877333207515363        0.55897417328303459E-001   0.40781268682364136        0.31077658525940816E-001
   0.20827614387253582        0.55412707688740886E-002   0.81046474003297098        0.31142638552874878E-001
   0.23734749909959268        0.56564265831576758E-002   0.11261465479810835        0.31010402392472259E-001
   0.56046220622927556        0.57666567760617120E-001   0.49758745872526244        0.31091248121493133E-001
   0.55708221376736922        0.55829759640388256E-001   0.59790596597951595        0.31043452512433165E-001
   0.78593026783299103E-001   0.55573344457787749E-001   0.43486142199113015        0.31141894499480013E-001
   0.14513580601530515        0.56169876975960847E-001   0.95922807863188853        0.31155297078644464E-001
   0.13653798641666584        0.55781899300205240E-002   0.34249970716048300        0.31087014965093158E-001
   0.42118000912833747        0.71916396638104854E-002   0.29935181391345600        0.31050328506456896E-001
   0.92366549493066552        0.55742614686827389E-001   0.19322380307481418        0.31058687756971012E-001
   0.23627532926505396        0.55977170549918333E-001   0.46914601258222291E-001   0.31120282553169246E-001
   0.51607449219630541        0.55345282850904370E-001   0.44623810004535119        0.31075271715880991E-001
   0.64677216920506764        0.61040700442309406E-002   0.55040658437438872        0.31044103714439986E-001
   0.38140193240047121        0.55848788088385115E-001   0.28656701843815713        0.31073307739415402E-001
   0.66743694034280654        0.54163391491604531E-002   0.42806031291355917        0.31037443530696637E-001
   0.71708985591088714        0.53211460913379855E-002   0.37467797984831197        0.31096349013813501E-001
   0.59576842920246886        0.55211287069531184E-001   0.54937965615634343        0.30962810596342798E-001
   0.12707275810847077        0.55557027556880280E-001   0.39546294283638994        0.30981742812835431E-001
   0.16963575334927913        0.55475726848380952E-001   0.82127734393941609        0.31163954635038318E-001
   0.41873586032837651        0.55569037870577424E-001   0.96583747970399703        0.31046662879151955E-001
   0.73771291447073273        0.53862094171705024E-002   0.15363537012569073E-001   0.31124791228456083E-001
   0.11991397430469940        0.57457132839556363E-002   0.44403386595886946        0.31101214392742400E-001
   0.87701178227432078E-001   0.96784434970512964E-001   0.47170630433001653E-001   0.31132411396245577E-001
   0.84350769532338765        0.59656980274020860E-002   0.92567285422958734        0.31050233148634414E-001
   0.63057261882696813        0.56234625231247254E-001   0.81172842406721613        0.31069543507501948E-001
   0.18456424840490301        0.12659724295380234E-002   0.44441982248407452E-001   0.31062391224999097E-001
   0.87583918097771918        0.55709011845035517E-001   0.84639061036296370E-001   0.31119894439532746E-001
   0.74631596234116221E-001   0.55612682809716922E-001   0.18164910572630968        0.31100185835697135E-001
   0.90459097067513050        0.98099345172490249E-001   0.50130651633264800        0.31085002726132092E-001
   0.32201198766071797E-001   0.63560218817276127E-002   0.20282833642615614E-001   0.31058688552834775E-001
