 3 HS poly
 400 2
 241 159
    1.0000000000000000         0.0000000000000000         0.0000000000000000         0.0000000000000000        0.10000000000000001         0.0000000000000000         0.0000000000000000         0.0000000000000000         1.0000000000000000     
 T T T
   0.99568903052932300        0.39326922031505743E-001   0.87629512149625777        0.35021447654332231E-001
   0.68688419693438785        0.39128776436459255E-001   0.78293953698705843        0.35801807856099460E-001
   0.60724078621153443        0.41446209558105795E-001   0.88993497130315491        0.35727249328872605E-001
   0.50170209134030930        0.41206222066450249E-001   0.92907474118377842        0.33339376233826455E-001
   0.43429472283821369        0.38933161213211234E-001   0.69839774300840740        0.34114284382360228E-001
   0.63240211712409289        0.89293945362652755E-001   0.78258440852432387        0.37896454979223823E-001
   0.83756198921722724        0.85859948860234778E-001   0.59996326998332006        0.37226476929609925E-001
   0.49966760403253213        0.91581625174665518E-001   0.85125940018199431        0.30294376738170124E-001
   0.64583275019871753E-001   0.38982102142083537E-001   0.67865816418467145E-001   0.34874112626492079E-001
   0.51065877225401801        0.91084780373729413E-001   0.97796368706317593        0.36863975101519238E-001
   0.59067889593224376        0.89184008229360290E-001   0.63430421683891791        0.36175748314688637E-001
   0.47628352068987229        0.86439526337132033E-001   0.19249289339035497        0.34425341092344769E-001
   0.99454192922862256E-001   0.89199716239103999E-001   0.39234830660189368        0.36418110656864018E-001
   0.41865484754854654        0.92203789002098302E-001   0.86225399981781869        0.34328328752613796E-001
   0.94592455342768800        0.89429779150943606E-001   0.89894943864852050        0.36509902147282822E-001
   0.98768175703409766        0.89326655989708084E-001   0.97474139785152103        0.33501707941447426E-001
   0.85411618517133048        0.39190078941133473E-001   0.36741263213628078        0.35851654180322698E-001
   0.52628648799438293        0.36530013373205182E-001   0.20480440054190763        0.37233965953566844E-001
   0.80238051201735805        0.39570589061558241E-001   0.32004122553739017        0.34214808062904153E-001
   0.49705400022459517        0.39126673941903764E-001   0.49125448176021341        0.36704384475178639E-001
   0.24088145385275073        0.89158737329813165E-001   0.82457798148039746E-001   0.34779393456010284E-001
   0.49776135426531415        0.41310232541118951E-001   0.50143787862920099E-001   0.32986305848216581E-001
   0.84965818944347316        0.35999086778255147E-001   0.45866970828030323        0.32873898770392831E-001
   0.41672825169982816E-001   0.40550686123206434E-001   0.57209354384333011        0.36167952869275211E-001
   0.23286907581879279        0.39161883240633813E-001   0.88602832248768915        0.37159270383117851E-001
   0.13311990558323403        0.90575052769030273E-001   0.97739398084233675        0.32607028637298453E-001
   0.65723543316435470E-001   0.89276877935346388E-001   0.95355162174899322        0.32737300042024561E-001
   0.12897938952907928        0.39316347282613594E-001   0.43467694172209442        0.35331958051380119E-001
   0.86102593311971776        0.89181099772327757E-001   0.31419312936711496        0.37482063901179391E-001
   0.89317256827252153E-001   0.89318813835444710E-001   0.46593722670845461        0.35696487168848906E-001
   0.27477421372915667        0.39144218799560954E-001   0.76083253854816046        0.34591958326804235E-001
   0.95311737613404524        0.39228502228064926E-001   0.34776503813369614        0.34962918092101385E-001
   0.79661228921483673        0.85790048049798298E-001   0.54067385626048448        0.34656857558813224E-001
   0.61292750091695236        0.89272106674138138E-001   0.15838609362526462        0.34030409967102090E-001
   0.14509112760101189        0.89235294065096976E-001   0.61544982293844885        0.34893428621334543E-001
   0.97225881550025040        0.89224071102513042E-001   0.83082435402705834        0.36380971991610181E-001
   0.80263406455309838        0.87256850074410294E-001   0.36826113781727482        0.33348073133916044E-001
   0.38720290152175929        0.40140783916499910E-001   0.97486936836614912        0.36808081917399774E-001
   0.54174999376597655        0.39061432426091183E-001   0.63732755696111421        0.33711478888473964E-001
   0.92430521644156782        0.89382978999621332E-001   0.24283558820088286        0.35365235444569383E-001
   0.31548105556139222        0.89013077173133878E-001   0.42883507052666425        0.35716765743838128E-001
   0.19584781256224021        0.89250671903731413E-001   0.33506230645574153        0.33571632211875077E-001
   0.55558268780645896E-001   0.39381271457296967E-001   0.24509604137104557        0.34819586319624729E-001
   0.75406175743011949        0.38156718852848021E-001   0.36955531213419834        0.34885475001139046E-001
   0.74402212056624495        0.86040824566115698E-001   0.49523528492332708        0.34629268493819268E-001
   0.63953484828293816        0.35610367736051411E-001   0.54867181395728126        0.36543470366058144E-001
   0.57097958103151270        0.94066721970189976E-001   0.10738971479618316        0.32046403228850558E-001
   0.75336771265208569        0.39251323298505947E-001   0.64795716073259457E-001   0.32555037798238630E-001
   0.12041429050166808        0.39180668069065901E-001   0.78367312557307123        0.34331032878109152E-001
   0.22434306319986960        0.39308103325260073E-001   0.66979693577481980        0.35329343670733163E-001
   0.96241719074660415        0.89276975599036065E-001   0.30094730882771714        0.34080540613363429E-001
   0.75280834394508511        0.40177866756224929E-001   0.26622641471217096        0.32606974183927537E-001
   0.46374809141641482        0.38968077714719516E-001   0.63776799556049901        0.33288537483616015E-001
   0.85629553950631743        0.89456490369725694E-001   0.22114834458667665        0.35959834689953889E-001
   0.25563551496125070        0.39170945483405897E-001   0.59995653740335952        0.35643725308273165E-001
   0.17548741071226528        0.39166306274094828E-001   0.95124466366013616        0.36214985661532945E-001
   0.39933189618433584        0.89352955882141885E-001   0.66349854824113796        0.35760900342543964E-001
   0.27648169745556611        0.39134917833761801E-001   0.94309291808147699        0.34559547395097402E-001
   0.65490517082273869        0.91247288863905873E-001   0.10429711353867913        0.34293459236336955E-001
   0.50562254663022110        0.38979378056801905E-001   0.70032782013001937        0.33544136651579813E-001
   0.78985881137925062        0.85888500205011417E-001   0.65365952651063186        0.34358130113682217E-001
   0.42257100911569767        0.42153729767360211E-001   0.91150519184405365        0.35626844600849944E-001
   0.72695407249283384        0.89235813133814998E-001   0.96881494130209167        0.33081141232555983E-001
   0.36715185528268474        0.89961703011398830E-001   0.24507550992887869E-001   0.36259179244400884E-001
   0.24092136015940926        0.91126078600520369E-001   0.23640091921292777        0.32520449910117807E-001
   0.24667227326741689        0.39991576399792644E-001   0.26160694460199006E-001   0.38043013376901594E-001
   0.90094548855247647        0.90266640161174597E-001   0.45698803200783128        0.34807648053781844E-001
   0.86559310845913806        0.39496638334551123E-001   0.86487731773998899        0.37193141023224595E-001
   0.19633725843989955E-001   0.39130367721466171E-001   0.80962152989774461        0.35506986828266279E-001
   0.18489817625143359        0.39402450483835595E-001   0.58211784750203155        0.37024343035667442E-001
   0.82658449421343549        0.89296220677598404E-001   0.98357410488743824        0.37195436947535326E-001
   0.32530192271835473        0.39173941491372773E-001   0.62135014857018611        0.37145246092864986E-001
   0.14934275601090671        0.89395988651455233E-001   0.54465224228212850        0.34858648880348696E-001
   0.44517382509571163        0.39432538713968797E-001   0.53940561677575460        0.34022795310218679E-001
   0.36227315187908449        0.39784812783339396E-001   0.23298833685516057        0.40172175311514076E-001
   0.24538256300711828        0.89424310956164987E-001   0.41496380925356063        0.35722260060104281E-001
   0.91421755379657010        0.40077426577572323E-001   0.40772192215802538        0.36486652295601885E-001
   0.85103757765505139        0.85968998680195516E-001   0.50187171032416911        0.31706366144161280E-001
   0.46301484883641364        0.36628720372624206E-001   0.23382706359028443        0.31563277881250337E-001
   0.27312794945245894        0.38925161213075370E-001   0.45550896968245591        0.33920649604530402E-001
   0.25143611269668953        0.89182170631350283E-001   0.71292083243928273        0.35484809678877245E-001
   0.69396986243846959        0.35604801407434980E-001   0.49278512881890779        0.35575092060984914E-001
   0.74281508673136587        0.39510059589403533E-001   0.83798564359261896        0.32045490876420453E-001
   0.76700444728417816        0.89270377132391165E-001   0.22822332264455993E-001   0.34105108547114418E-001
   0.69492267598063362        0.90623327842019333E-001   0.91002760187778686        0.33775868336418449E-001
   0.37179388871178931        0.89828819325850046E-001   0.17406835367480236        0.37575865864803860E-001
   0.87022283799950828        0.39284918202625883E-001   0.99724369831909643        0.30527954500115438E-001
   0.80739527558391755        0.39241156185849196E-001   0.12294683874430014        0.35578053772132461E-001
   0.23142143799085874        0.41333198534517279E-001   0.28343697486158065        0.36554084035681569E-001
   0.41721977556623957        0.89724657201138036E-001   0.22941489611748053        0.33958359593958778E-001
   0.81279788509008810        0.39310139929282097E-001   0.32873710132631143E-001   0.34302001839617867E-001
   0.58225157621497881        0.38773682801632535E-001   0.69189400853255745        0.34072644786528820E-001
   0.85648517024805204        0.89225279329740309E-001   0.12564608410805123        0.34496079406205679E-001
   0.61919352310666087        0.37847488450447775E-001   0.21184409344649155        0.35347606757665510E-001
   0.77834934631665839E-001   0.89703487814453586E-001   0.60539335255035631        0.33016784892926948E-001
   0.90990683525069693        0.39248436227803184E-001   0.29162898618957267        0.35841451757475544E-001
   0.80162116451428833        0.89566980937514890E-001   0.26939909158053615        0.36883710312685225E-001
   0.79216098780546279E-001   0.90559886262363387E-001   0.53662934946887919        0.35694393793779526E-001
   0.40593447272137873        0.87955557256025524E-001   0.74173658459898573        0.36760992737823017E-001
   0.77389691709192254        0.39230009436228730E-001   0.97451433426441780        0.35703318987480928E-001
   0.26058466054333063        0.41334712423050264E-001   0.19529144545202082        0.34934260852750386E-001
   0.38526675888901357        0.39865411075038854E-001   0.12382752248010827        0.34499810782853919E-001
   0.46509501245074464        0.36433927242871526E-001   0.32693729685512912        0.35551065755375963E-001
   0.84572421680815124        0.35726482646732970E-001   0.54734327527074911        0.35675342806931548E-001
   0.60822043684418736        0.91105065251199241E-001   0.52587558881357459E-001   0.34196232302152359E-001
   0.29963810893714171        0.89155199802953236E-001   0.50248508889162091        0.37477005665740276E-001
   0.29277610871304816        0.39357082602268945E-001   0.68550428984082412        0.34782239091009359E-001
   0.70553179192550131        0.88906645381724866E-001   0.27291179502379653        0.34159670282251094E-001
   0.78698159203149110        0.35776228647433558E-001   0.60635347219286351        0.34097523880721702E-001
   0.15739910384855216        0.43381969314011129E-001   0.21888491430021494E-001   0.36508298259536560E-001
   0.83149360141224538        0.37277434595540497E-001   0.75552360767768434        0.37873705149186462E-001
   0.59933259214891843        0.39434296029382698E-001   0.49132079400964429        0.33574803197083933E-001
   0.18152754598178583        0.89156866743066443E-001   0.69607396551832390        0.35389878652735345E-001
   0.36272160418508537        0.39199842146769387E-001   0.70455050347248649        0.37697642261650344E-001
   0.45955974272974459        0.88805933239969853E-001   0.37705376725899759        0.33525644747041554E-001
   0.16657618058535781        0.89172300241184888E-001   0.76748702189322682        0.35583302178071631E-001
   0.28185469058649681        0.89122232730889747E-001   0.89710021352385638        0.33465677846255960E-001
   0.54241866888706980        0.88813330854456848E-001   0.80093460838191988        0.35381247650634294E-001
   0.21333344249991545        0.89396065370068931E-001   0.62336409397412829        0.33714801021248630E-001
   0.34322797851105680        0.39141444567097589E-001   0.54259960165760157        0.38313202347034357E-001
   0.20782036663934603        0.89165762704512361E-001   0.84158822080931872        0.34245069352742456E-001
   0.60358610689517145        0.88790576634034446E-001   0.35412784552126864        0.34775482401480949E-001
   0.60111472633126428        0.89141867826393884E-001   0.44226411519234626        0.36225956007394089E-001
   0.62993874835672192        0.91279863534053277E-001   0.93722608850532074        0.36498889861521409E-001
   0.74603498325673556        0.35698187172575196E-001   0.54638364108131643        0.36598055733900896E-001
   0.43428963296268336        0.94032314063778433E-001   0.13869526763805984        0.34141271401619343E-001
   0.54928804333625192        0.89150314204782088E-001   0.49198264527466767        0.35582962541650470E-001
   0.13232588385954913        0.39208998107101767E-001   0.90350717944984935E-001   0.36449164744847301E-001
   0.69594484534567591        0.89303365398345130E-001   0.15908556808692920        0.33730513582257808E-001
   0.97030332525084939        0.89436077758019830E-001   0.18770079054474362        0.35771097788367068E-001
   0.12042165146640960        0.38710793636183648E-001   0.50280791308446005        0.33138830008510124E-001
   0.11678579289941496E-001   0.89216474388227857E-001   0.97727532166887995E-001   0.37509498401744362E-001
   0.50790635840228512E-001   0.39289393589951149E-001   0.37134894722101119        0.36294424015517614E-001
   0.67847279265344207        0.40596851728987506E-001   0.95294529933375405        0.33902562903219254E-001
   0.44132026617122883        0.89316212526999464E-001   0.59152114207032869        0.38170011956025693E-001
   0.96152205519797418E-001   0.39244112383988179E-001   0.18757909182467156        0.35523165470090268E-001
   0.11224553715103948        0.39432853463845265E-001   0.57529990088647598        0.34428045997270645E-001
   0.32023691262002629        0.39788141500558968E-001   0.15612181524659091        0.36394997283583898E-001
   0.86223206049345774E-001   0.39219530246075704E-001   0.99839772056886966        0.37438267982828816E-001
   0.75356296398818112        0.87697450975086882E-001   0.32156530295068231        0.34021262269929534E-001
   0.88874783422685366        0.89301585691555968E-001   0.37339741580507471E-001   0.36121711664251141E-001
   0.68098131914941817        0.85375595374205859E-001   0.72754421563404381        0.35533307648797606E-001
   0.27918574858783979        0.91357955343842057E-001   0.29020829104148221        0.32820912917885595E-001
   0.91194189559762096        0.89905628752968703E-001   0.76266847117370296        0.36412867569231400E-001
   0.66498437182467873        0.91041001464068572E-001   0.24335935927489389E-002   0.37410352227830471E-001
   0.22640359478044145        0.89165752254212055E-001   0.93918692387410752        0.36101966497608780E-001
   0.65703505800845352        0.41066607575028675E-001   0.55188339349789228E-001   0.35682730795640612E-001
   0.85438554896576868E-001   0.39184890185238345E-001   0.84412116412372173        0.35466815408206967E-001
   0.14276757309196023        0.39252295260089221E-001   0.36614199171618395        0.34560398250586127E-001
   0.97802423822396389        0.39354256211983428E-001   0.13837856919964694        0.34768301426220366E-001
   0.38396417145638441E-001   0.89208200936022580E-001   0.85497045179343945        0.34006306878428080E-001
   0.33672180874860586        0.42046180799380793E-001   0.90738507585070294        0.35525227403885501E-001
   0.13696047457077029        0.89174329989083090E-001   0.83376358675469742        0.36947062816682037E-001
   0.46625546778479526        0.86447651375746407E-001   0.27748992346672857        0.34755922191420055E-001
   0.17979007941216638        0.89335299840819046E-001   0.26499367151107139        0.34195923778740978E-001
   0.54944603414774740        0.39213733827821617E-001   0.44211277139030930        0.34885395840242785E-001
   0.49751917046184907        0.89116130508498981E-001   0.43675280063902333        0.37198205513206038E-001
   0.42047727804810688E-003   0.89236180111828142E-001   0.35820097633390413        0.34619758195378332E-001
   0.69371167609710982        0.35741348164164209E-001   0.59731352682376238        0.35926535286028537E-001
   0.44395315764098031        0.38982804695219142E-001   0.43809516063271220        0.35873512327128501E-001
   0.10808888599694816        0.89208131704880914E-001   0.45748244087239140E-001   0.34798251255151028E-001
   0.45295710839394610        0.87974007273845051E-001   0.80075750474315555        0.36116470364091609E-001
   0.80259655033768440        0.85747163414597594E-001   0.45561634437858695        0.34697781387694700E-001
   0.21536905207490464        0.39308166032253351E-001   0.37637410828614482        0.34117884429840289E-001
   0.30149730817729592        0.89864197478206703E-001   0.49813036194170074E-001   0.33866339590391099E-001
   0.93284342265462439        0.39298646152172510E-001   0.67232318514479764E-001   0.36929446707799657E-001
   0.33889641372067203        0.39061045940254384E-001   0.47069698616462297        0.33479530511126621E-001
   0.69740159758831022        0.35459638245553142E-001   0.40769183493631911        0.33400129687906947E-001
   0.31807186004461452        0.39935957729388079E-001   0.17786150082434228E-002   0.37326530691589206E-001
   0.29602183772696383        0.89337149396780030E-001   0.80828883451532585        0.37133653052454065E-001
   0.23086099185493691        0.89052026348480265E-001   0.55575975246941334        0.35378686718770723E-001
   0.36814542778769299        0.89292712540592845E-001   0.59141451481215512        0.34980641259670688E-001
   0.33785110723578021        0.90082987882712906E-001   0.10812045510960339        0.34589449136099140E-001
   0.34164010304377274        0.39189124194333000E-001   0.78299237336842031        0.34931152371379885E-001
   0.96115293276916036E-001   0.89291182506340133E-001   0.89300421588344336        0.35007242299709113E-001
   0.99730397548165306        0.97052234065822182E-001   0.67472935946099644        0.38325168225507723E-001
   0.30848280003705236        0.91141190852467066E-001   0.21080983668260136        0.35580257413016327E-001
   0.29967519890992139        0.89144298682051093E-001   0.57543570286493040        0.35303363106871197E-001
   0.78231771567267916        0.35696067604133595E-001   0.69866191122928867        0.33173571243805433E-001
   0.80281219036375051        0.39484307267109199E-001   0.21409247370991891        0.37563581730047674E-001
   0.99471278846785505        0.10404822649025267E-002   0.45987775684787585        0.30818197126600912E-001
   0.69260010214715062        0.85622280408338872E-001   0.54473371168182572        0.36464710009265759E-001
   0.65443066389712756        0.38745898359164505E-001   0.35246353203435593        0.36356131469586613E-001
   0.31918642344807246        0.89137136916259893E-001   0.73743289300069559        0.36253198421884257E-001
   0.86095620584192023        0.39414950069603591E-001   0.17244869043757891        0.33954286861230643E-001
   0.89778954354974398E-002   0.51021679471895412E-001   0.50582581792200432        0.38459393552284733E-001
   0.70257409065850929        0.41045092896528572E-001   0.10899724504431080        0.34788408007784780E-001
   0.88340947132472003        0.43019155177684384E-001   0.69988240786473521        0.38396289752511331E-001
   0.37507655137870027        0.42325488919573245E-001   0.84371781861187389        0.34418330210267266E-001
   0.97423466384972490        0.39454968317057873E-001   0.24598375647403153        0.35213802419351369E-001
   0.50202871407768446        0.39098259672624334E-001   0.58013051824195305        0.35881109070420081E-001
   0.89989792913242450        0.39518595774734822E-001   0.93359812231052586        0.39614216595544274E-001
   0.47965496099337250E-001   0.39235398630405691E-001   0.13590241795282726        0.35072635429964812E-001
   0.98789711645603928        0.97035032826543660E-001   0.76030984454937189        0.36057498001661026E-001
   0.70099628960397953        0.89584744096507324E-001   0.82980245022543664        0.33591466003390406E-001
   0.94257069759927969        0.43291965108050806E-001   0.65408225723717706        0.36195188480082484E-001
   0.14637275923096346        0.89427498739585665E-001   0.20209433322953405        0.36667848094035844E-001
   0.11600962576976477        0.90081040052173475E-001   0.67609776405359867        0.32362598721711031E-001
   0.89957964001935309        0.91563783943974700E-001   0.54925851899167077        0.33301636502099503E-001
   0.13020742327068155        0.89319309663714569E-001   0.32185522015141099        0.33323404748578159E-001
   0.21431101707895103        0.89221223511712675E-001   0.17461270178312668        0.34730875527065108E-001
   0.16798239218656996        0.39529373114381622E-001   0.15366495261388358        0.36145193320399262E-001
   0.29135556254370487        0.39809871980816064E-001   0.93069189181548925E-001   0.32926328665205215E-001
   0.64278682246350127        0.38757009851265067E-001   0.64988412677641516        0.37306667554157076E-001
   0.20372726854739276        0.39318396321780899E-001   0.44573152527261445        0.36112113977901115E-001
   0.55507843947715030        0.91177917309707507E-001   0.91432737738147818        0.40282072850738336E-001
   0.19499682691537762        0.39329260333752981E-001   0.21960624309018614        0.35005228321846299E-001
   0.50815810156873509        0.39149539471543766E-001   0.38415280537209839        0.36104891270035848E-001
   0.41157747791083804        0.39929295602110774E-001   0.44572717340516335E-001   0.33547608692139332E-001
   0.48982761553539861        0.93934531635623333E-001   0.98034917338877300E-001   0.34602043809371312E-001
   0.86294845739833870        0.39306753580203899E-001   0.79178314512157982E-001   0.33944725741727889E-001
   0.89089981148600916        0.92413478942222696E-001   0.64713722722181299        0.34230929887920730E-001
   0.61687525393961495        0.41055995081895509E-001   0.98542688474992346        0.34007828546749615E-001
   0.89911233153666803        0.40287447608519933E-001   0.50357783468088124        0.33484051108045115E-001
   0.22979709628986764        0.89263226298326295E-001   0.48680871934995729        0.33549690686707392E-001
   0.20816305593374007        0.39176364733535675E-001   0.73874962347821072        0.35488550565645517E-001
   0.70785339723866081        0.89940918808900261E-001   0.60193391509698171E-001   0.34489767662667419E-001
   0.38328794269540917        0.88883498207640035E-001   0.45209456647647217        0.35494413307450914E-001
   0.29396346153617153        0.39042216594303403E-001   0.38486625961004545        0.34141538406179062E-001
   0.16053524314825743        0.89390086591851936E-001   0.47466828061648636        0.35956956953661537E-001
   0.54300780935072535        0.41332658787010063E-001   0.85814099625968532        0.35780142246482870E-001
   0.17382543161593533        0.89258089683792702E-001   0.40419991893771140        0.35334501597671854E-001
   0.13548653440506807E-001   0.39436458124611606E-001   0.30770271360733142        0.37437029533131438E-001
   0.37746178500714940E-001   0.89122054076791690E-001   0.23936122773775489E-001   0.36651884344521879E-001
   0.65287102815098774        0.88918232214011572E-001   0.39851116563069794        0.31384080153691436E-001
   0.69738969055677513        0.85763190275664036E-001   0.64762220060879472        0.34739148653863232E-001
   0.41086639957117538        0.38895718051251790E-001   0.37387005704454801        0.36185968189570934E-001
   0.44428451522047607        0.89076477590662367E-001   0.48976060362766249        0.35950074942573788E-001
   0.74543083274480537        0.39310020352938180E-001   0.16654345981749574        0.36948548579340677E-001
   0.57451252396939301        0.88819808736024852E-001   0.73858025538108918        0.34726339613207632E-001
   0.45858840109778509        0.41129100410770079E-001   0.99235923128816761        0.36692188283573679E-001
   0.12824017641076080        0.39453373015946258E-001   0.25112688001632788        0.35620063930955299E-001
   0.89653082239544990        0.41680297429795322E-001   0.59740195657794293        0.35887123923677038E-001
   0.78932136003228925        0.39454286645338101E-001   0.88613068094408876        0.33107299132910592E-001
   0.75577190394435956        0.89142079575633720E-001   0.11307824978454724        0.36864255546140097E-001
   0.23498130726071831        0.39077500762864807E-001   0.13052025510084847        0.34739710996928665E-001
   0.56024706002535207        0.38770712041003338E-001   0.33818087103443911        0.33242279993178400E-001
   0.74954347789235731        0.89310668186473069E-001   0.21888715962353589        0.35516876524244755E-001
   0.74216803748123772        0.85773339816894667E-001   0.59590149933959102        0.33655398867268968E-001
   0.18070996230051417        0.39281328054539454E-001   0.80939889705380497        0.30980177123335246E-001
   0.10050084747438022        0.89234270343642119E-001   0.13451816463303073        0.37434352925725750E-001
   0.55209676860193491        0.89411621058461163E-001   0.39554445399425187        0.31146109407499054E-001
   0.37900852832160375        0.91950930430956090E-001   0.92056056987404433        0.31146934736899053E-001
   0.39936175613695224        0.89937911377060059E-001   0.83667736725418496E-001   0.31063437349581603E-001
   0.59792370863259936        0.39109904963069125E-001   0.39708953375324746        0.31092706211070933E-001
   0.69088518878859329        0.85333081931773941E-001   0.44830410715607949        0.31142762361209657E-001
   0.81305602618477879        0.88502941563480694E-001   0.76052449367283240E-001   0.31152488931777553E-001
   0.49912010887444691        0.38801250733464215E-001   0.80771391454780606        0.31087217743796140E-001
   0.70522458349263006        0.35439100163582031E-001   0.69058131823595148        0.31143369861231073E-001
   0.83432847173334912        0.92647098276972747E-001   0.70182045075146782        0.31137519444258663E-001
   0.46389033686520398        0.37462915752148405E-001   0.75648816783437767        0.31093445594436921E-001
   0.74140564081375182        0.85425192310064124E-001   0.69859527941602650        0.31036056111497616E-001
   0.94889670350560940        0.43157517012796541E-001   0.73088686267314329        0.31080889583983785E-001
   0.66291129534569115        0.38912937617716796E-001   0.26790789863391912        0.31116014270082253E-001
   0.51583234229396355E-001   0.89361538062949858E-001   0.18787050093456972        0.31153760836455314E-001
   0.75030322759331303        0.89455439608610382E-001   0.87594701911431716        0.31091491941774643E-001
   0.58531505261143135        0.39149928357805258E-001   0.58919626182784335        0.31191866508565754E-001
   0.32459735634914577        0.91521221211816259E-001   0.95094955366597078        0.31068743128570497E-001
   0.91139633103830875        0.89300096590768499E-001   0.36112253793667337        0.31085640441494172E-001
   0.74612924668775193        0.36848763216385222E-001   0.45110118135654059        0.31162813875908454E-001
   0.51281953498397781        0.86240837545320026E-001   0.32538701149360039        0.31108079347375577E-001
   0.66335098464755926        0.87352723585778294E-001   0.21584899865201404        0.31015363286997524E-001
   0.27130749995376107E-001   0.39234577240236074E-001   0.96340374760487424        0.31107991518755033E-001
   0.46259597051000328        0.41412782517987357E-001   0.85806671945188306        0.31129074195669248E-001
   0.78548896564358273        0.87265267006875022E-001   0.74279799658821233        0.31168151231829172E-001
   0.93317005137146936        0.39218772472932213E-001   0.85417425020986970        0.31190001611187821E-001
   0.34976992189771450        0.39666319158897845E-001   0.66689801715468802E-001   0.31083057058171493E-001
   0.64719061331040761        0.89387617238465444E-001   0.86598167545866345        0.31082694238011407E-001
   0.14198214997127137E-001   0.89250789727923066E-001   0.91564692712989681        0.31157876952843035E-001
   0.80417699889843097        0.35632463225423627E-001   0.41264204093182338        0.31164059915451250E-001
   0.15327808742886310E-001   0.89419956948397800E-001   0.26078267226236773        0.31128270047235469E-001
   0.53792963361502344        0.91361524595512153E-001   0.52256776376301675E-001   0.31137959620448123E-001
   0.98802485480462920        0.43803874378311677E-003   0.55020948406298142        0.31145522001044774E-001
   0.74003676563034929E-001   0.47017520257103616E-001   0.69674560079836800        0.31183466856325781E-001
   0.58600758576284151        0.38811945663109582E-001   0.79514495926026396        0.31046227848177978E-001
   0.57102328401818281        0.39573828119568388E-001   0.15321208010019735        0.31060507592114390E-001
   0.15865212984312910        0.38735856381107249E-001   0.65796124203152873        0.31117601511626153E-001
   0.53231599066854562        0.43994320155710732E-001   0.10442771286740596        0.31156962526494348E-001
   0.49197591276116803        0.89104268246275584E-001   0.53679158136755922        0.31018946440288006E-001
   0.71111980755035675        0.38256069115544078E-001   0.31552334379337971        0.31074771778364825E-001
   0.48513004147056299        0.36301740210331702E-001   0.14964953499722036        0.31187966082295189E-001
   0.81945441778410133        0.89447966005137228E-001   0.85928773228882038        0.31035341507402749E-001
   0.54175949992937525E-001   0.38521571202804875E-001   0.90722891487474178        0.31130013439518846E-001
   0.44698811352700685        0.44152650486111868E-001   0.98615881178509543E-001   0.31062210038891827E-001
   0.45555385775732110        0.91911745594429536E-001   0.41454744417854059E-001   0.31225352068892341E-001
   0.47463342502571837E-001   0.97035301185558420E-001   0.72307429478948304        0.31079397692293408E-001
   0.99677777144488033        0.40291354599665569E-001   0.41191777553313930        0.31081180542029411E-001
   0.77472562832126113        0.89413191155844715E-001   0.81590690810278466        0.31094720739038080E-001
   0.55259959907343392        0.39195878429698496E-001   0.53606039074361833        0.31116241610507030E-001
   0.68584274850976701        0.40577190192203384E-001   0.86926129992776513        0.31091160381931656E-001
   0.82912331357270930        0.39485621658204406E-001   0.93672441704124143        0.31163287322945630E-001
   0.43044967565256753        0.91246442467022043E-001   0.95609919724892700        0.31044295133896380E-001
   0.57282265292073720        0.86413126482934213E-001   0.20969683644966383        0.31142836759099905E-001
   0.58705616940419791        0.91499730603037635E-001   0.85027434809121061        0.31103027787933977E-001
   0.51947470784823591        0.36228704499799966E-001   0.28820475374347682        0.31073967457312137E-001
   0.79838577562247581        0.89125818343217367E-001   0.16651779570865158        0.31101187230476734E-001
   0.56887448366201643        0.88712600354069290E-001   0.29805916310584329        0.31101895319940998E-001
   0.53134716536765125        0.87482430836312602E-001   0.15621064454123168        0.31176080685808204E-001
   0.95281079488057907        0.48892876445985986E-001   0.46319189804915528        0.31083373987280154E-001
   0.40194577489519323        0.39370885190436467E-001   0.61892871348832057        0.31054963389426871E-001
   0.33250168589858586        0.89484052905219644E-001   0.66766870530182709        0.31043313574191198E-001
   0.57042561313160423        0.41199473735952674E-001   0.33015527479465859E-001   0.31059283925917027E-001
   0.94965665373897057        0.51503774689822771E-001   0.54247386478008908        0.31179421796808868E-001
   0.34225673002970614        0.89814239215563238E-001   0.27978039863692311        0.31054270163607345E-001
   0.27766171536649537        0.89423433376101910E-001   0.13877730625474766        0.31120220819975862E-001
   0.73039117369751572        0.89449305486633088E-001   0.77208762340094039        0.31103499509528440E-001
   0.40990674959633461        0.37958246466295781E-001   0.78776114350104387        0.31109390956523236E-001
   0.20025271180693791        0.94804177294024558E-001   0.20084250647215396E-002   0.31060815689055249E-001
   0.54167024862545621        0.88961626872997704E-001   0.68060536885698319        0.31156443391879687E-001
   0.11033229245978593        0.39121076011263106E-001   0.93404924511437482        0.31090435700410330E-001
   0.71085585879351743        0.40981229633047088E-001   0.12660331717339218E-001   0.31131259893106895E-001
   0.76678223465482209        0.39467804262385053E-001   0.77947479555588861        0.31143670556318292E-001
   0.36782348170712498        0.88921468264658188E-001   0.38728151289832813        0.31108444561020621E-001
   0.37368399657796508E-001   0.47517007429467885E-001   0.64577789694746479        0.31063378232078019E-001
   0.10303350507661003E-001   0.47045376644212572E-001   0.72124669255013873        0.31181725702188488E-001
   0.42174619566617277        0.40639790646546776E-001   0.18468681966345635        0.31081206766461242E-001
   0.75121977051277089        0.87555574105086312E-001   0.41325389054494938        0.31065495779939837E-001
   0.37327004025827931        0.26717012125019781E-001   0.31919133963188706        0.31125187926115586E-001
   0.78130860222259446        0.88704479567120464E-001   0.93005640767784514        0.31094635228786607E-001
   0.64716814048938986        0.84425603383604608E-001   0.59804601928366463        0.31041230058668018E-001
   0.84819777217098069        0.39040169695173259E-001   0.26576136081406171        0.30979753279408242E-001
   0.98848198148597632E-001   0.39716073092435702E-001   0.63980290714436883        0.31193799869873279E-001
   0.35281431050890620E-001   0.89212223140984481E-001   0.41403256369113445        0.31166475335302986E-001
   0.14625565685423305E-001   0.39453449167916807E-001   0.19335781673817928        0.31079895559463361E-001
   0.47177877812065212E-003   0.39284370184944788E-001   0.51830986870520873E-001   0.31151000693011938E-001
   0.62414479435123904        0.88764892069791088E-001   0.69282202087632805        0.31130393643795481E-001
   0.90131769784707161        0.89866974642042477E-001   0.83346052248518387        0.31085305455957609E-001
   0.53593787057468401        0.38766874001870982E-001   0.75748263518238224        0.31123407975396599E-001
   0.31323087087710294        0.41542167952263127E-001   0.31148672629227392        0.31102537180116394E-001
   0.64981894854933064        0.88800342582082387E-001   0.30712710267222232        0.31119695315587760E-001
   0.91406598590829613E-001   0.39320925687853503E-001   0.30941270923775543        0.31109990135255550E-001
   0.97052040010971974        0.39340810791441860E-001   0.93751879863745236        0.31115503496550498E-001
   0.16702504124679116        0.89136379209434402E-001   0.90691381831562323        0.31115819013086229E-001
   0.96683672456704706        0.89295480456872273E-001   0.35953957035566128E-001   0.31126685948513061E-001
   0.27609666919562292        0.88697727919764935E-001   0.64123437178189502        0.31088092543804412E-001
   0.29475218057988706        0.39625831968850722E-001   0.85542067046343595        0.31116599047262310E-001
   0.47098968677150338        0.88932114536857246E-001   0.67827283111776626        0.31067087668845490E-001
   0.94175352521717692        0.90644423245154662E-001   0.60586142627052775        0.31218567922762498E-001
   0.41853823884277674        0.84180453426907706E-001   0.32421600947843193        0.31114063924331217E-001
   0.27382827649483032        0.89950322252902212E-001   0.98680574894074591        0.31072606719568796E-001
   0.59451698807597564        0.85675978265186636E-001   0.54094892839527520        0.31100904238055789E-001
   0.92725017521715991        0.39381203295175263E-001   0.19916934071815171        0.31069478545644125E-001
   0.79376108599860418        0.35713361984983816E-001   0.49784955534104486        0.31127965954651799E-001
   0.64033764254135617        0.89797320255095459E-001   0.49873699012693973        0.31161367643277319E-001
   0.93191166910808254        0.93196915955929591E-001   0.69798402658427672        0.31085721393048056E-001
   0.54765911574683734        0.89606182770904610E-001   0.58187658662272990        0.31125493602848230E-001
   0.14086909873255560        0.37014723810340343E-001   0.71907195204399610        0.31123800915034548E-001
   0.57626369475434835        0.91111510024629472E-001   0.99565467544879416        0.31061439974057681E-001
   0.60818967527419922E-001   0.47083171008090820E-001   0.75774452269835646        0.31137288596373793E-001
   0.61487228074360989        0.87938067097591610E-001   0.25556398774436140        0.31063397078953846E-001
   0.95342520071420545        0.39645172596489267E-001   0.99914003829092546        0.31177264633506081E-001
   0.13675038266138100E-001   0.90601455058599151E-001   0.60751816836172878        0.31100905390101661E-001
   0.73500599709692105        0.40590488742025227E-001   0.92025551554763885        0.30991199597521595E-001
   0.52705027631957801        0.86275537215903642E-001   0.25192734009749895        0.31125299784227137E-001
   0.90561836776354099        0.89358979065226413E-001   0.16912497145608493        0.31101114281320782E-001
   0.38974981678199316        0.88956276958968503E-001   0.52885968223399848        0.31129681809368415E-001
   0.60606009052444065        0.38744521542664785E-001   0.29306186426299274        0.31046594482741455E-001
   0.46806150196982804        0.91296065342139243E-001   0.90536881777157707        0.31074653705780067E-001
   0.16734768460428429        0.39291641951100548E-001   0.30525005901475127        0.31089791192961475E-001
   0.91217665592963459        0.39347871634429654E-001   0.13221996039462278        0.31170794218572051E-001
   0.57930861277651943E-001   0.89173344188976086E-001   0.32601535174549845        0.31190263680125316E-001
   0.70995190698421043E-001   0.95437825781863744E-001   0.79582615442099891        0.31073547889382231E-001
   0.29366174978310405        0.41075349550351192E-001   0.25244964171527245        0.31089318849248385E-001
   0.50239926733544982        0.89092204243758077E-001   0.62468244092683201        0.31040315730740318E-001
   0.92200008261397182        0.89694938980562786E-001   0.97876398698904743        0.31115281654993141E-001
   0.64599748271899926        0.39147086739351980E-001   0.44650620684581366        0.31051526059659044E-001
   0.39950523741885080        0.38953942495445051E-001   0.49301345853708017        0.31063955774935276E-001
   0.33706642825655675        0.92311227191482687E-001   0.86270374232137059        0.31075097338333305E-001
   0.65467575879197915        0.39270941329690084E-001   0.15506794459583662        0.31094240882257193E-001
   0.89157678487104347E-001   0.89489069496054799E-001   0.27211777806093623        0.31099716569273531E-001
   0.41857934212526571        0.39602769609819823E-001   0.27808439933653795        0.30996725084529109E-001
   0.19833265743350501        0.39109697086750300E-001   0.75708131387567712E-001   0.31158009164499161E-001
   0.97808396135438835        0.40595420443627475E-001   0.59688588337298865        0.31166693387699358E-001
   0.19138601518810330        0.42337687063940282E-001   0.51408708515970047        0.31091234054190394E-001
   0.84685890038314271        0.89264041057798948E-001   0.80314581232297899        0.31114271512203581E-001
   0.31948419612391743        0.91500194417897571E-001   0.34814297267835587        0.31118587644213810E-001
   0.94881349191013487        0.98707730661903650E-001   0.50166007495464293        0.31082617652943158E-001
   0.61116176744163020        0.42635957954710681E-001   0.10450059135029323        0.31034076639131401E-001
   0.81184430515393335        0.39671803381529286E-001   0.82254503136208212        0.31134459362582707E-001
   0.85244349654854890        0.88936367586404219E-001   0.41232508312751859        0.31137767725203928E-001
   0.70418837676809987        0.40437210832707467E-001   0.22090331083231957        0.31072017460404177E-001
   0.14170052285964216        0.39129324103344777E-001   0.87969959636092698        0.31050604819956137E-001
   0.94715004252553014        0.39301120021839477E-001   0.79298322986388636        0.31106325507321838E-001
   0.50124347342269548        0.88794611709152704E-001   0.74202461596350411        0.31068197665659394E-001
   0.83703763590188907        0.35626834312877616E-001   0.64860017183952667        0.31116480070756587E-001
   0.63302069496529834        0.39505153076668416E-001   0.73394862386055948        0.31091586468047105E-001
   0.55494377332129519        0.41128959478326961E-001   0.96528845300374655        0.31045733777760560E-001
   0.17825218296074813        0.89048090363276017E-001   0.10740384514039288        0.31070813432861596E-001
   0.63729834788789752        0.39383363970105195E-001   0.83027241369772631        0.31076224183754331E-001
   0.85541273088618819        0.89520149737951457E-001   0.91036789500068860        0.31140447776680125E-001
   0.23231856871722512        0.91053417180351259E-001   0.77847392010639793        0.31061847647833155E-001
   0.25530951631613269        0.39257059147170731E-001   0.51894790693243431        0.31091427903071307E-001
   0.47907049159419922E-001   0.39378955111401430E-001   0.44929511762310748        0.31151697534380282E-001
   0.24306541151021344        0.39235596172858406E-001   0.81845380930881073        0.31076864456095581E-001
   0.70767960829120269        0.85563262615844779E-001   0.36788107121721658        0.31205503142117282E-001
   0.95960325602235352        0.90082594897495621E-001   0.40971883583435359        0.31058791441940719E-001
   0.10646726159226952        0.85071748410412873E-001   0.73876687375407801        0.31135891390922814E-001
   0.94363225560793917        0.89302031758720771E-001   0.11218346939295712        0.31143753130074989E-001
   0.25821832201759870        0.81062149643247039E-001   0.34996493561490433        0.31021412251005923E-001
   0.88497154673045852        0.39879376683846994E-001   0.79930201621454056        0.31164178684505706E-001
