 3 HS poly
 400 2
 241 159
    1.0000000000000000         0.0000000000000000         0.0000000000000000         0.0000000000000000        0.10000000000000001         0.0000000000000000         0.0000000000000000         0.0000000000000000         1.0000000000000000     
 T T T
   0.27363109099642324        0.13571939724155655E-001   0.55714783600495321        0.33731264286003863E-001
   0.24944070131530757        0.13293586068370665E-001   0.12668758393365178E-001   0.34299037672335796E-001
   0.34768374017399978        0.64054765344940034E-001   0.46143462389913825        0.35347158747837754E-001
   0.71931160382393855        0.63476337137855429E-001   0.20377417410693457        0.35380037740856442E-001
   0.46855043950287889        0.63870355255745054E-001   0.84107902227967024        0.34114089347105775E-001
   0.51846717431179290        0.14403525975614879E-001   0.48469753340422583        0.33525488655846925E-001
   0.91315249115703734        0.63341104717233879E-001   0.97433159262831115        0.35455728702280989E-001
   0.11859576147122215        0.49192023353601129E-001   0.69177228072255936        0.36854767092147606E-001
   0.10579346861376114        0.63271789047179838E-001   0.29245745031902848        0.37374943312956342E-001
   0.99544863102999170        0.14721482777989296E-001   0.66736794555073031        0.36005939757336243E-001
   0.85656154555702579        0.15541223958540929E-001   0.46524676364302336        0.35229716756817978E-001
   0.58000743724132153        0.13649560840499397E-001   0.93646658442230113        0.36431904703333053E-001
   0.78329646895215188        0.13135689652893683E-001   0.30792115461289599        0.34835743396750177E-001
   0.91680771550854656        0.14691315662966487E-001   0.65480135862563849        0.37572114210523339E-001
   0.59808292956974773        0.64187102864271026E-001   0.57317816554130963        0.33903710962341613E-001
   0.92773052615245222        0.63166090452167964E-001   0.28550122426080982        0.34177542739910458E-001
   0.78399419514653179        0.63544050978863842E-001   0.83940832869423432        0.34989509505710295E-001
   0.81851838935779730        0.16225023439611082E-001   0.53193443674636642        0.34864194014566738E-001
   0.10156146179011639        0.13514055522525352E-001   0.98430109281692824        0.34697515298789471E-001
   0.37451486104831888        0.63498347649090597E-001   0.39366044077160506        0.36358514578342715E-001
   0.81788793737047794        0.13532628186199209E-001   0.87612602515852789        0.35675509578671473E-001
   0.52588351979227421        0.64142645289925762E-001   0.53895511887241609        0.33755492366301390E-001
   0.94658966131161359        0.13466424172665950E-001   0.86806748191968097E-001   0.36597691069521626E-001
   0.47357513668075429        0.13391260563888112E-001   0.11174458100232459        0.34717173969423587E-001
   0.89834477306954807        0.63063813469684385E-001   0.10682135897215979        0.35399624706068791E-001
   0.88009178623789175        0.14775612432403148E-001   0.56137420436585939        0.33399917200875991E-001
   0.27550372009218966E-001   0.12994687059630401E-001   0.47372174036533748        0.35854092111625366E-001
   0.26355146310161470        0.13086091835150304E-001   0.13926290145445255        0.37509367410362211E-001
   0.23387054038893273        0.22502888586694907E-001   0.73350415063776520        0.37709517194655699E-001
   0.59889762058182938        0.14434471464447427E-001   0.67470866121521933        0.35603119660851008E-001
   0.55527364418686287        0.12375430509929349E-001   0.41869006531199182        0.31742492157857967E-001
   0.62015745025429314        0.63672646855952419E-001   0.90029047618962055        0.37174616913742395E-001
   0.73983463175653807        0.63512113714796467E-001   0.33288441337675334        0.31746535960812915E-001
   0.41957496427199363E-001   0.63027640293463499E-001   0.52367740225053339        0.36171437645319680E-001
   0.48535594411711541        0.13393617170455714E-001   0.32982382823200912        0.34193361464014936E-001
   0.90856917065807163        0.63113267627859487E-001   0.45829980160306799        0.35323554506869928E-001
   0.80691180854299149        0.13512132212101378E-001   0.94614211699996020        0.34401101815551137E-001
   0.91931345091798566E-001   0.13051247795997371E-001   0.50988558780842697        0.35765574597526349E-001
   0.80901423765627689        0.64414724235914447E-001   0.63460912258612068        0.34953785041966889E-001
   0.16692668451262246        0.97693198905344059E-001   0.71613781224295969        0.35734182937917872E-001
   0.68259832447525359        0.14185767756021345E-001   0.49783224854280966        0.38346642235659083E-001
   0.58400759781096634        0.63423995821484669E-001   0.11870624478815719        0.35871644586635727E-001
   0.28341264262616728        0.13517075572314420E-001   0.21003438146469225        0.35834243980815104E-001
   0.11711059107267791        0.64731816003051793E-001   0.86934971972232178        0.35349819914726126E-001
   0.78254754263153670        0.62989153216257934E-001   0.16724199861564559        0.33535053099663405E-001
   0.68022652721288657        0.63495074687959646E-001   0.13941302401146663        0.35686816798969991E-001
   0.94475163405933893        0.13338957989856496E-001   0.93161489602359360        0.37443318611878496E-001
   0.73114315158507770        0.13493994545728531E-001   0.15284435489700907        0.36878546571901337E-001
   0.18829585804911878        0.47757496960754264E-001   0.66966013383158907        0.35751561462628617E-001
   0.57081320997536669E-001   0.63361227168992285E-001   0.95125175193465350        0.35217555797278782E-001
   0.53729138759365458        0.13782347579039518E-001   0.13483705237108937        0.32824066672859482E-001
   0.30869422751407327        0.65959740003952799E-001   0.74539294284214330        0.35991647247702797E-001
   0.89202376171874664        0.64606298842073057E-001   0.60762781295628410        0.35416230102754784E-001
   0.84642253548884316        0.13354305036719484E-001   0.35737952084583785        0.36052420175468669E-001
   0.92522203377152124        0.12817309866423088E-001   0.16279050476856083        0.35056963739726617E-001
   0.88140857183779253        0.13185743275328475E-001   0.29593687336367708        0.34606144731915076E-001
   0.14329287129963772        0.12769309412902545E-001   0.23946969449907263        0.34418535064495444E-001
   0.69290281514918950        0.13367366974551301E-001   0.34230646906719403        0.37326871086889778E-001
   0.88889353788550474        0.15320779761637274E-001   0.72335618559370385        0.36384104862430634E-001
   0.44287798185637783        0.13674873941201421E-001   0.95632983080472644        0.36001174454020797E-001
   0.12867129190249249        0.13109993238591034E-001   0.43804143408727009        0.35004035853366949E-001
   0.13036272072129590        0.12873807483421887E-001   0.58662046466856144        0.34305154794619167E-001
   0.24385300745705071        0.13296241652598132E-001   0.94300187257678370        0.35502266483229857E-001
   0.72055040194800260E-001   0.63587056536197104E-001   0.25355191425526495E-001   0.36226154817636469E-001
   0.63878791501401277        0.13526644359929839E-001   0.29306328453466307        0.35808926398404911E-001
   0.10302094520947580        0.65207055386821408E-001   0.79849385644963566        0.35039370271749776E-001
   0.41639388460705634        0.13173927497783566E-001   0.30858162503061687        0.34587521425436231E-001
   0.27968926841337266        0.13448101341989985E-001   0.79130887603757782        0.35053200722208737E-001
   0.63916082397441820        0.62388760326477492E-001   0.34389597663580379        0.34245813297666530E-001
   0.44403168054887221        0.13898997777433739E-001   0.52689292357463091        0.37340556840383239E-001
   0.34524498948279359        0.13571242322611185E-001   0.35159047729457171        0.35168601984798174E-001
   0.12805750641718780        0.63313071610228575E-001   0.94075445139845382        0.36528642443429772E-001
   0.40379570058041003        0.63826389171433878E-001   0.85984011703660934        0.33091185645208458E-001
   0.27311046685421519        0.63493433782932138E-001   0.90162929102159339        0.35536675284056317E-001
   0.22700521352358768        0.63355613743881448E-001   0.55819300806888891E-001   0.35385041743431593E-001
   0.66670810565177110E-001   0.64771586834035000E-001   0.73906529487627781        0.34590120293742643E-001
   0.86045983615424843E-001   0.13272005461249139E-001   0.91048497298896125        0.35406949548426929E-001
   0.14429501273614317        0.63087400495128163E-001   0.48474229541206471        0.35076916663870771E-001
   0.96004678373035834        0.13093391586320995E-001   0.44312139056763039        0.38002062457106293E-001
   0.85504815023813574        0.63350394439884800E-001   0.40985477977784979        0.36757855036981056E-001
   0.23509116933158047        0.86802183025212892E-002   0.63564188382175790        0.33842662894464297E-001
   0.51928854951822756        0.63731800419628143E-001   0.97839386506666931E-001   0.31882753133905373E-001
   0.19892409609670303        0.13506801295114002E-001   0.57733640229730132        0.34874663864792765E-001
   0.58616975942405780        0.63533996141547130E-001   0.29378538870167892        0.36720908968755871E-001
   0.78303245001502819        0.14391336807581638E-001   0.59266128149018393        0.35267559057833256E-001
   0.23030949342120299        0.13358985703683355E-001   0.87410615766694244        0.34350831672011098E-001
   0.49604597359458130        0.13872604159470725E-001   0.79885796368656525        0.36825924014644192E-001
   0.18706134986181777        0.63299070625189358E-001   0.42604223380833300        0.36368777419575379E-001
   0.39627244829558522        0.63454560362665044E-001   0.93199819535168416        0.36002739118206291E-001
   0.34998596626613115        0.14091858955540756E-001   0.71638098030777131        0.31680612938291337E-001
   0.16357920994974876        0.48186185844293294E-001   0.76734833801716285        0.35019050960564117E-001
   0.11438232238393266E-001   0.63054076460355518E-001   0.42431591514185818        0.36086536548020562E-001
   0.41429571433177975        0.63788495888741165E-001   0.48559771803649976        0.33562067449979548E-001
   0.42382557840736218        0.65112193654431813E-001   0.64521969286989700        0.33561873628327257E-001
   0.55502836620729545        0.63774945362017041E-001   0.36553655396175735E-001   0.37487874628414450E-001
   0.77033159942176144        0.13245423654605584E-001   0.21551402478331136        0.36828085964165917E-001
   0.65361903816177103        0.13484056098761708E-001   0.25394437670097476E-001   0.37076938887534036E-001
   0.40837321082817030        0.13341890575644624E-001   0.72730962304334804E-001   0.37137262546310883E-001
   0.80897314260148034        0.14561615566445958E-001   0.74968887103821524        0.32620145526639117E-001
   0.86975148523647794        0.14266895174989436E-001   0.79435243670829170        0.37095136132939494E-001
   0.59432352489541029        0.13479959102556609E-001   0.70415454930051052E-001   0.34228886979800574E-001
   0.83319406839522558        0.63269115697455566E-001   0.30754429028675084        0.35685217653880254E-001
   0.54370547256013735        0.63450182099677968E-001   0.23802836121527637        0.33194096394473682E-001
   0.42901624163503660        0.13392530965723376E-001   0.23856972629981529        0.36486885940393898E-001
   0.75368273334987324        0.13772001585931525E-001   0.51091779744925725        0.33142588687764644E-001
   0.92306211680410188        0.13069725651367745E-001   0.50700484108694666        0.35718422302938403E-001
   0.34163587337031698        0.63284781382928604E-001   0.88618438829941171        0.34385169444752110E-001
   0.27847941442323204        0.63376307917309777E-001   0.45075006711742910        0.33896640133419670E-001
   0.32542117901059167E-001   0.13288839889228497E-001   0.99361699872930653        0.34662266661297077E-001
   0.98427896626286693        0.63065242214429718E-001   0.32659184962799692        0.35677639654259581E-001
   0.46919229584293431        0.14015635996260323E-001   0.62924069090657198        0.34907217225755627E-001
   0.71494042250924883        0.14239592073660637E-001   0.43032635328342594        0.35558383453696080E-001
   0.54161191620368376        0.63810266675011676E-001   0.83510060520273910        0.35038576976830563E-001
   0.95131963914571493        0.64981910109381771E-001   0.69944099615257538        0.37464005759219987E-001
   0.36269799311057005        0.13606168583955967E-001   0.84568899406951881        0.32941482657732557E-001
   0.56318057735565585        0.64259686566785337E-001   0.47756735781186788        0.33795824019346138E-001
   0.54389368418427886        0.63657478230527323E-001   0.90372035534951811        0.33319593725905886E-001
   0.69004230799024746        0.63274728776292172E-001   0.99111209717818494        0.33472108313353434E-001
   0.20446382354462053        0.63665679762328384E-001   0.52515801834012954        0.37396385404452372E-001
   0.73866043575025631        0.64286937489057630E-001   0.61936957957685579        0.36611071948475973E-001
   0.53562609623409996        0.63796825813555488E-001   0.76524581137849224        0.35030720408121670E-001
   0.37666118391168096E-001   0.65499252256758164E-001   0.82066957489177261        0.33891484554557927E-001
   0.33335873823138629        0.63960629389107945E-001   0.67614727877955216        0.34501716240964472E-001
   0.37883352405596327        0.13698253151469907E-001   0.98741996617191075        0.34991457142999921E-001
   0.17159051180500012        0.63274856187039277E-001   0.35551908118515824        0.35822813032400494E-001
   0.64782330407283939        0.64379023666340060E-001   0.66287563106105063        0.35293337757891577E-001
   0.98538522321434141        0.64475597379868271E-001   0.89559022683714640        0.34856341879517326E-001
   0.62898171147304033E-001   0.12102982316142936E-001   0.12870322515390981        0.35614869613811398E-001
   0.89928274053307267        0.63436200872176912E-001   0.35073068840548693        0.36896317053623166E-001
   0.15581570259037900        0.13270470460179715E-001   0.30788265824474276        0.34984250679985618E-001
   0.39454544673702391        0.13799523437023726E-001   0.44189748219514180        0.35710445492986027E-001
   0.42552560412596518        0.13878485527687161E-001   0.81733234749877948        0.35979450339818135E-001
   0.60756917932453192        0.14369994373803730E-001   0.46013443637947649        0.34989879356839899E-001
   0.64294713640642065        0.97910986483473114E-002   0.39742512627688709        0.37117080820600716E-001
   0.23703646720737986        0.13241347546224552E-001   0.43313488093834918        0.33071650316331296E-001
   0.30773913386861512        0.14212547025784292E-001   0.48931705267441750        0.34112695280329362E-001
   0.15763290921435177        0.62774624899929451E-001   0.74034230431401976E-001   0.35689947210028314E-001
   0.11108406397671401        0.63032022950998398E-001   0.39231699376683976        0.34869045835443424E-001
   0.90662550831070277        0.63271915977134233E-001   0.89648154240163391        0.34493137959617247E-001
   0.36368561004831435        0.63569040338283450E-001   0.61424064353335894        0.34091241481227899E-001
   0.91157591012627659E-001   0.62228182763780331E-001   0.91492282322918908E-001   0.32622067363220694E-001
   0.77496510265089080E-001   0.63019864482011467E-001   0.46045356230186424        0.35958996713932587E-001
   0.37416285787676717        0.13609386729181897E-001   0.50928026024200101        0.34615213070916230E-001
   0.44092312809677942        0.13886266113604193E-001   0.69138156165973141        0.33265845166036166E-001
   0.21332058927489947        0.13258509336778463E-001   0.22731930388211022        0.36036585155852806E-001
   0.27450978189367314        0.13651262249649227E-001   0.34901483196020183        0.35473984355006323E-001
   0.64329391722157125        0.63421503435519277E-001   0.77865625387647491E-001   0.36060650609926428E-001
   0.32009256715711576        0.63518856815301561E-001   0.24331135919542674        0.34514237149836868E-001
   0.77155858483959072        0.63478237602964560E-001   0.91325482534067404        0.35055354280175539E-001
   0.71708873236609050        0.14356635040490657E-001   0.57628642271230723        0.32633568476372464E-001
   0.28322122389305937        0.13284894356796010E-001   0.28106650917434162        0.32831905977504322E-001
   0.84205018687273048        0.63488549316232754E-001   0.91679176656683392        0.33084328880491412E-001
   0.95759012217079942E-001   0.13051841383757985E-001   0.34502786387680878        0.35606898660607657E-001
   0.62725227588055721        0.64270472497461012E-001   0.50802227814893808        0.36845619282338406E-001
   0.99193927125142867        0.13076514067141241E-001   0.37679976374929935        0.35513329216357532E-001
   0.62533254872344568E-001   0.13032719215456373E-001   0.40955446182888428        0.36895789415009234E-001
   0.75869648960152447        0.13537159803134940E-001   0.37407388830122157        0.35701289636547395E-001
   0.38199351978550518E-001   0.13662731832376549E-001   0.62815564734746282E-001   0.34754794702774643E-001
   0.77062375675155517E-001   0.15489550175772285E-001   0.84238688038119491        0.33303306295069238E-001
   0.48558066123175653        0.63980651939698638E-001   0.67598277475800894        0.35426362055992082E-001
   0.58097070477283186        0.13847724156344844E-001   0.86484314079201030        0.35138789116743376E-001
   0.55788780539040350        0.14165571632990998E-001   0.59768442200319316        0.34639121282746724E-001
   0.24007929767480188        0.63232002878237034E-001   0.18552772259314490        0.34367413387154662E-001
   0.57555810205310554        0.14300499276404656E-001   0.52721180576375970        0.37568408371398736E-001
   0.84172650207151278        0.63422345600838634E-001   0.98696750086229068        0.37036585515521435E-001
   0.19791251457969977        0.63309188152099433E-001   0.91504535276726584        0.37876017428114313E-001
   0.68842521946315904        0.63329630284291685E-001   0.29190216395412333        0.33504824711961541E-001
   0.91923441385053295        0.65328894648559038E-001   0.76452910615656910        0.35045495623785297E-001
   0.86718328250159327        0.64807330496231719E-001   0.51573110991727966        0.35480706200235308E-001
   0.72774592822394846        0.64183724077536683E-001   0.47508994457182147        0.32713666857954030E-001
   0.46188243630945991        0.62682069510721417E-001   0.64245725927711633E-001   0.34540526864685513E-001
   0.27561546320310870        0.63352777970444349E-001   0.97670947580779632        0.32555996250973065E-001
   0.72825529122776711        0.13477144519483081E-001   0.93860813541390742        0.35572736672456293E-001
   0.35817026616500913        0.13678995791665000E-001   0.20720252242470022        0.37472576984224196E-001
   0.74884219533306007        0.14558740549627972E-001   0.71986540187195314        0.33600478256956091E-001
   0.58719457696731647        0.13487221335031385E-001   0.34872197713355185        0.36974652677318601E-001
   0.48979520674265964        0.13380780712608304E-001   0.40005699924743449        0.36120405791317735E-001
   0.47484539359221795        0.63408878804605176E-001   0.21686674332966271        0.34592702918118119E-001
   0.69471175342286429        0.13317720367283082E-001   0.89116887491269350E-001   0.36448580183293985E-001
   0.40939704379118191        0.63420106450201699E-001   0.18982804732054215        0.35969654592972918E-001
   0.75428483315166772        0.63217880604869617E-001   0.26640108568789755        0.36267415672400612E-001
   0.38834941561733116        0.64022314741537759E-001   0.78390510801280944        0.34577974823914857E-001
   0.92395578749547280        0.63382607203844019E-001   0.42652972377997193E-001   0.33651179945517064E-001
   0.35174655091155305        0.13535131773636733E-001   0.28107992253564840        0.35630718922987067E-001
   0.18471128340682483        0.63246092509415902E-001   0.26853750032718043        0.34766102080612538E-001
   0.45375286987760677        0.64021239992719053E-001   0.58052812494978234        0.36540533435834271E-001
   0.72636046119773989        0.63425715561817572E-001   0.49032554016073371E-001   0.34876256586037054E-001
   0.45584483053636288        0.63316108312953298E-001   0.28299972280152302        0.33937259600597409E-001
   0.87485610434204719        0.13361544178684860E-001   0.94627765366109140        0.33430799829311568E-001
   0.67998560645965367        0.14411628805789521E-001   0.70203776374154325        0.35844627251596511E-001
   0.66837017174208002        0.64287294343339893E-001   0.59171291397968706        0.38773619354827704E-001
   0.82781830185652372        0.14500196678841535E-001   0.68276223436439720        0.36890459081473877E-001
   0.55337229641695507        0.64413203454292453E-001   0.69671198512197730        0.35446680445344499E-001
   0.32410450044108940        0.63879286288825735E-001   0.81796708876757884        0.35795778582725174E-001
   0.19166207220239426        0.13177837117240002E-001   0.15788609872271173        0.36669113173288387E-001
   0.50698853932508281        0.13858091069132257E-001   0.87225642260462555        0.36157098567942941E-001
   0.98647027145897492        0.63361294583489561E-001   0.96880982695702966        0.37531206528545774E-001
   0.17030735955356485        0.63269483238528212E-001   0.20198949183463621        0.33261570915250289E-001
   0.76123962361579178        0.62654778806422159E-001   0.98057487873936455        0.32913944034913517E-001
   0.96411013259819189        0.13372149616287774E-001   0.16968809727125583E-001   0.35388965335867044E-001
   0.74819767151300443        0.13607532793470115E-001   0.87126631152941225        0.34179900067538675E-001
   0.80278620249298938        0.66154509383248392E-001   0.48303059948405075        0.36733463417065286E-001
   0.39663809126919647        0.13426936483601840E-001   0.14330642821685907        0.33489919888062346E-001
   0.72344725948023214        0.63893545614551447E-001   0.80378461594216088        0.35180458892194427E-001
   0.53572093540109877        0.63878014102701053E-001   0.37026520667814078        0.37615853161219327E-001
   0.33455184731981765E-003   0.13031746812011842E-001   0.20020687630701398        0.36154620670301660E-001
   0.96307286812979931        0.64727760846747182E-001   0.62678693857195533        0.36015420453272877E-001
   0.30281897221206638        0.63037294791175730E-001   0.10567957811250822        0.34299347330281185E-001
   0.66955464074501347        0.13599958518345438E-001   0.88836928482831667        0.33930429615651694E-001
   0.94500752349191053        0.13028073154022374E-001   0.24268847459915613        0.33599811793684417E-001
   0.25242334076748368        0.63248206733342388E-001   0.25272466185420067        0.32170245553197557E-001
   0.27058161833823459E-001   0.62208520132922433E-001   0.15922015080667201        0.32968211095188875E-001
   0.58938291822984723        0.13482566576659152E-001   0.24282531897595996        0.34629042270912389E-001
   0.36027522840764947        0.63728210288829690E-001   0.36854959126826216E-001   0.37273502651044073E-001
   0.24734401804805398        0.63262806520022016E-001   0.39163275634358791        0.32630989708070386E-001
   0.64034545511692365        0.63445134584703314E-001   0.24059311357903598        0.36599244014147249E-001
   0.97766974694908540E-001   0.62977695163558306E-001   0.62353107593261559        0.35222183512088265E-001
   0.34642459098621786        0.13604530494537576E-001   0.57174349379604295        0.33715497818784267E-001
   0.17533765352966404        0.13337151897201633E-001   0.96543156316598511        0.36550184926999428E-001
   0.99993418245585564        0.65227132874269997E-001   0.76188047873140818        0.34282061370545812E-001
   0.46036683365565656        0.64184186151261535E-001   0.75878785585226693        0.36196405145662157E-001
   0.50043277230388927        0.13422595040729714E-001   0.26063730353346026        0.36563178032963384E-001
   0.25671332644407058        0.62258818685055423E-001   0.83459539575036457        0.33330021678525626E-001
   0.50237321551678393        0.13945264599396795E-001   0.72547405456888336        0.36822482237539214E-001
   0.39588354768150197        0.63942692926454547E-001   0.70964452952820989        0.36408447096274679E-001
   0.31637480523613226        0.13510414761785952E-001   0.93038512624823722        0.36526182570159757E-001
   0.42536036124050697        0.63752200356711058E-001   0.46049007323799461E-002   0.35361505622342984E-001
   0.66678590723230002        0.13454322596861018E-001   0.19193054497319681        0.37999023583699394E-001
   0.66075121329638065        0.59753355835099747E-001   0.44578226726897463        0.33768729365789778E-001
   0.79575829597193237        0.13283520639160782E-001   0.16636656824953834E-001   0.36964543762586954E-001
   0.76772427138918831        0.63521712405721104E-001   0.42172407048432625        0.33935625679332185E-001
   0.47161010379340357        0.63729623082210418E-001   0.91193935311115681        0.36675535692250009E-001
   0.62222482805363288        0.65013585681213196E-001   0.97361729557703702        0.33858193390173784E-001
   0.37066133671443613        0.63825034859941440E-001   0.10667654812426774        0.33294820374078292E-001
   0.87558777044318381        0.62913093193562503E-001   0.17478668957688065        0.36075582918011065E-001
   0.14376606478317175        0.15221721005086414E-001   0.82650955524287562        0.35213534099986420E-001
   0.61228143414949421E-001   0.14378448025288475E-001   0.57468058089267160        0.35864092398420651E-001
   0.47368309116177683E-001   0.63131292140085268E-001   0.35946010807595724        0.35386223736494381E-001
   0.42178991452590409        0.13431845529313431E-001   0.37727845010319139        0.34321291390192632E-001
   0.29692708790767230        0.13817021204132333E-001   0.85853438550118610        0.33924610201960179E-001
   0.24281933009063622        0.63559569600747434E-001   0.58761666438621152        0.32387084337946542E-001
   0.43258245749695640        0.63409495787642614E-001   0.12404231147884599        0.31014375752777445E-001
   0.99625901494353974        0.12426893602390056E-001   0.13302608769544225        0.31118699205234669E-001
   0.81648041391347614        0.63282051256126695E-001   0.22231598607586542        0.31098726343862061E-001
   0.99936914547761357        0.14523647806190230E-001   0.60029514455692035        0.31047417780284605E-001
   0.85958703417989801        0.63588369682375745E-001   0.52735068954414190E-001   0.31107359690550181E-001
   0.70604913696873717        0.63505540601923413E-001   0.86808608102153784        0.31114330750535334E-001
   0.33539442558176502        0.63684704773439391E-001   0.52720911936842507        0.31078652451262550E-001
   0.76086518068906117        0.13350408867889152E-001   0.75210262388019894E-001   0.31133412816805598E-001
   0.16774175795555216        0.63339413540861866E-001   0.60745010842045222        0.31083974375538850E-001
   0.76961512129749976        0.64346405780581012E-001   0.75607362610420481        0.31103775539774260E-001
   0.78305554711099146        0.64683931810493922E-001   0.69534562811278988        0.31083094250321464E-001
   0.69461678266612625        0.14841174444790368E-001   0.63650130740007027        0.31100964304765357E-001
   0.31471188497533453        0.11412408865546973E-001   0.55579891426650275E-002   0.31139139822085504E-001
   0.30919390607883823        0.63502351036620414E-001   0.17242213011163809        0.31161210492561202E-001
   0.49819778369094170        0.14101601049478102E-001   0.56989231473721125        0.31113424612258349E-001
   0.51435516808355586        0.60349177419632777E-001   0.61584622460105909        0.31081620882462122E-001
   0.29087466266148565        0.17151292497766604E-001   0.69442092648454978        0.31157932948277116E-001
   0.95461972550542906        0.15513732922748047E-001   0.86380486526026534        0.31112479289243569E-001
   0.77466581409002977        0.64718548784358856E-001   0.54803193385172566        0.31114039203259777E-001
   0.79442826761759500        0.12973890915977405E-001   0.12784126257599968        0.31117344130973362E-001
   0.72854381833492188        0.13315244085610864E-001   0.57351019222400702E-002   0.31106657582694059E-001
   0.14500865981316785        0.99531265793144003E-001   0.65273368435638535        0.31060261535711751E-001
   0.39246640990158027        0.66630092189534321E-001   0.55185714781024608        0.31154559954571271E-001
   0.43118176134239095        0.13792775463549329E-001   0.88957991883353171        0.31180798449501286E-001
   0.93815390007229937        0.14714452311832688E-001   0.58954242745739427        0.31088333145722232E-001
   0.10361098619259596        0.62665294860184545E-001   0.22397147241815149        0.31136640140327219E-001
   0.57872143556602218        0.64250357845905645E-001   0.63518489180095083        0.31054459050088513E-001
   0.84180010352610590        0.64504133838233668E-001   0.72677838312354803        0.31053491629749644E-001
   0.22068163296569010        0.14013918260546113E-001   0.29459924788805691        0.31103352765807557E-001
   0.31757220105065098E-001   0.64498489798089406E-001   0.61780974141691813        0.31023050412386063E-001
   0.33208961213954852        0.13841689861794652E-001   0.14212687307591529        0.31048682366642079E-001
   0.69487218284645702        0.63423527242059283E-001   0.38919119628465498        0.31178349031629429E-001
   0.30648877094328381        0.63608721262216283E-001   0.58228275090709603        0.31087867965940912E-001
   0.63950299705819336        0.14262403612875172E-001   0.55234498631100992        0.31077800986789899E-001
   0.59536625473812965        0.59579756894468983E-001   0.40617727012794641        0.30960595107670481E-001
   0.82389704938945219        0.64379746615825281E-001   0.78655387981532066        0.31106024216832895E-001
   0.61545418531960761        0.60816480558084043E-001   0.72083700801302719        0.31157472645885715E-001
   0.12839398898174875        0.13075031375077159E-001   0.10958012425617228        0.31147480204937027E-001
   0.60031948374661637        0.65943589786051082E-001   0.78144442357709287        0.31119433719838555E-001
   0.96033707019758119        0.14810954213380462E-001   0.74585346226048110        0.31062825763491373E-001
   0.28039664858416496        0.55208810501459774E-001   0.63814289493076171        0.31127202104628424E-001
   0.72140005133994045        0.64526057558041541E-001   0.68500173027871969        0.31136610556890973E-001
   0.68538781918175062        0.13969119768819602E-001   0.82522759430764114        0.31130994054743847E-001
   0.66387821843287542        0.13535597611991388E-001   0.95715258441618056        0.31074193895118358E-001
   0.33899512884487942        0.13191984699032598E-001   0.79428261311397269E-001   0.31086453962554633E-001
   0.99939231528612449        0.15410404728512775E-001   0.80443472550374551        0.31041374210885236E-001
   0.62230066297257169        0.63389251839891039E-001   0.17398701589548313        0.31225800673314739E-001
   0.83179071792202963        0.13015551135320651E-001   0.18634781709850398        0.31132197147164767E-001
   0.52817385556798102        0.14331276195061790E-001   0.65880009193327260        0.31053020865173243E-001
   0.97329130233366712        0.65348311167661877E-001   0.83051402199003854        0.31004274362194498E-001
   0.11845838680651316        0.63080499502131876E-001   0.54596916791445105        0.31000899749980441E-001
   0.86212132658392582        0.12939091452932565E-001   0.13197054471414632        0.31082050908884360E-001
   0.50831193498284333        0.13692854175749142E-001   0.93950258277834753        0.31094998575771245E-001
   0.18558389350673166        0.13085584530755879E-001   0.47160047371107239        0.31033765212393209E-001
   0.41556706738435301        0.13927387808671934E-001   0.75067267945912897        0.31142139670141226E-001
   0.82720503448171001        0.13403850588524828E-001   0.25864213261943692        0.31142006591962930E-001
   0.63552248283143731        0.10811929740171804E-001   0.75231242361068207        0.31209088506304706E-001
   0.14919694700540392        0.63184963156850904E-001   0.14035359888115381        0.31051566678246191E-001
   0.18831750912498937        0.70646297035467515E-001   0.84704353207755090        0.31045709085378466E-001
   0.28083519991392102E-001   0.13054674126955807E-001   0.32005971501730079        0.31067891889771378E-001
   0.54769642495382875        0.63667193520055745E-001   0.96830265885881106        0.31055631812620374E-001
   0.25250512385827210E-001   0.14657042854975733E-001   0.72742804264805894        0.31026030714364366E-001
   0.29187457453954369        0.63109849955712879E-001   0.38298883334522374E-001   0.31103991595380621E-001
   0.87679568121663842        0.12842579590893660E-001   0.18964538292330808E-001   0.31037405852359142E-001
   0.91128354470497885E-001   0.62086182570216086E-001   0.16289005968959522        0.31167716226463103E-001
   0.93975480945313683        0.13301204891930771E-001   0.32627353106775309        0.31062899221699442E-001
   0.14053963635875746        0.62003136222109595E-001   0.79984788530656822E-002   0.31014647537781912E-001
   0.33901394902331627        0.63739971213694666E-001   0.97031648030327533        0.31143325653811737E-001
   0.41033959883997856E-001   0.62795075723727042E-001   0.22185804124498681        0.31082289419219564E-001
   0.16899993412208679E-001   0.14521097537922290E-001   0.86546133079744425        0.31115240689407339E-001
   0.79589830228690961        0.63306058825150516E-001   0.62807755722089562E-001   0.31066256804356530E-001
   0.37665888525447347E-001   0.62995982147934573E-001   0.28414136756713848        0.31139624153622571E-001
   0.76496277320004624        0.14417106027110627E-001   0.65682368543011205        0.31072038151545342E-001
   0.75032348579043651        0.63526258412585135E-001   0.11096230378792275        0.31046678429238334E-001
   0.87129930559869839        0.62931018058720187E-001   0.25266371990551295        0.31095678538384831E-001
   0.17853547509703478E-001   0.13632369414423471E-001   0.92915409516552960        0.31112712622938157E-001
   0.68530538561404641        0.63610957834730975E-001   0.92676880656746996        0.31033658946996286E-001
   0.57136698900905329E-001   0.14792644266898389E-001   0.78093825451078513        0.31187083016338477E-001
   0.30930840882929955        0.63577264770193542E-001   0.37626719780998169        0.31096774384534932E-001
   0.51403726911658154        0.13765977594900973E-001   0.59737985305553833E-001   0.31162623727922292E-001
   0.45488429259948510        0.15730078191938064E-001   0.17567991187930407        0.31067253830867232E-001
   0.57350041050901401        0.13970087470230111E-001   0.73647270725822189        0.31123948187755067E-001
   0.98550117307086771        0.62991129402562782E-001   0.25020850360246477        0.31084408169906170E-001
   0.20826840606113312        0.22531550229286441E-001   0.81317414439850511        0.31053228786844092E-001
   0.45894104297484978        0.12895582212259275E-001   0.45982280283033378        0.30996421938135722E-001
   0.32643721447474289        0.13560823020434022E-001   0.63350008874494157        0.31095314173924485E-001
   0.11231402417239829        0.12129798265530199E-001   0.49258074519231566E-001   0.31104697375074552E-001
   0.23485720704804100        0.64028694065578498E-001   0.32882790528812872        0.31103884699734897E-001
   0.84902665268336275        0.14334184521428709E-001   0.61803147989071405        0.31128843803199982E-001
   0.27416944644848235        0.63663002303757474E-001   0.51567114629409083        0.31101194677376959E-001
   0.51890812949319642        0.63746716558383529E-001   0.30315511737956596        0.31169950057972379E-001
   0.58905628663573351        0.14138550643788071E-001   0.34272977277130445E-002   0.31078176338375851E-001
   0.27682401471724660        0.13116271793216392E-001   0.72003972117769877E-001   0.31022864397070127E-001
   0.80261775696602888        0.63361299158411835E-001   0.36686166430810535        0.31038815130321452E-001
   0.21209658943437601        0.13257852163594442E-001   0.37381641083808537        0.31049169881706494E-001
   0.32742073318742565        0.11717068995299042E-001   0.41696067050073943        0.31008579025666907E-001
   0.83426176859191614        0.67618881752250018E-001   0.57362038393560033        0.30999263832415691E-001
   0.71193277778093478        0.64351735768051505E-001   0.53695731577623640        0.31132966180808144E-001
   0.95073668904671726        0.63529405302865813E-001   0.39544884274102038        0.31039865055647705E-001
   0.85012352954384030        0.63161399192413856E-001   0.84363012004971527        0.31098453491140241E-001
   0.93723890802263610        0.15372163489425742E-001   0.80406653053362698        0.31073408822021191E-001
   0.42990248071393877E-002   0.63495171136761994E-001   0.35151463809978793E-001   0.31091829250421261E-001
   0.39022568088111192E-001   0.65144463312334241E-001   0.67944332731822454        0.31020309976852223E-001
   0.15675209722448960        0.13115994935702497E-001   0.52664580140423134        0.31044110888379745E-001
   0.47848124653907126        0.64410761615013162E-001   0.49428749515913650        0.31182428183522692E-001
   0.38579585358704938        0.63390522396597357E-001   0.25265460234801140        0.31059722562249294E-001
   0.54613309375460339        0.63628439722066624E-001   0.17383354535628093        0.31010009958335128E-001
   0.70700616964166607        0.13139105412070792E-001   0.25327378158049874        0.31075807255755657E-001
   0.98848076930842099        0.64281808816161384E-001   0.56457200616986691        0.31102535139213919E-001
   0.98195978996317400E-002   0.62502282780807467E-001   0.97176149886385343E-001   0.31181236063222831E-001
   0.62418814706396764        0.14043581368917755E-001   0.81357435914237786        0.31090124525927378E-001
   0.91105198560858758        0.65313926929823019E-001   0.83053206012482939        0.31121222926689278E-001
   0.98743967017139633        0.14348090121077260E-001   0.52734807087136526        0.31093366471896942E-001
   0.34592889866502446        0.14004014394323128E-001   0.77904568392540896        0.31105906827335911E-001
   0.17528885840571368        0.12703595966324569E-001   0.33110313082272559E-001   0.31067357065307041E-001
   0.83048923868725733        0.13397714497797040E-001   0.76714692435556148E-001   0.31134944700592516E-001
   0.50590552783306847E-001   0.63355887581728165E-001   0.88442920516616497        0.31125938179359838E-001
   0.40990063993340153        0.13863479966486170E-001   0.59609007474794073        0.31146322653018709E-001
   0.65091151827739990        0.63990060625728304E-001   0.83925466147182082        0.31082410081416476E-001
   0.24222714745360857        0.13630155328364389E-001   0.49708042859018936        0.31044731209935041E-001
   0.46203379970733366        0.63403393578851205E-001   0.36473213850472386        0.31051034629510678E-001
   0.48784536547738788        0.63466711354968272E-001   0.15240016377157153        0.31080670947915501E-001
   0.21335036021477929        0.63383835905752445E-001   0.99065468977640292        0.31071955078873920E-001
   0.22424821420716981        0.72517020474593449E-001   0.77985379418394096        0.31099294380785701E-001
   0.15358235697636971        0.13394001671886833E-001   0.89659729213563577        0.31141631834416081E-001
   0.80964122980854358        0.13354945019237251E-001   0.41778854921714881        0.31243984851763319E-001
   0.59997205831920648E-001   0.12866068852269688E-001   0.64558876434619772        0.31091066629305088E-001
   0.70246667412640529        0.14087373994572258E-001   0.76522663698529247        0.31191110236246829E-001
   0.88305687470440009        0.13269776694425498E-001   0.86119339511417781        0.31064044228302123E-001
   0.24774211534810395        0.72513476829853277E-001   0.68825611948746657        0.31124982901520756E-001
   0.38364564150217645        0.13835036498624293E-001   0.66154571618886671        0.31165685754187218E-001
   0.87326762352836496        0.64720136575325729E-001   0.67300460899618531        0.31065870372735654E-001
   0.48645372136668119        0.60542153611801888E-001   0.97847471765646454        0.31087433216233140E-001
   0.95887968786931399        0.62411272833578092E-001   0.13474220722511826        0.31091172880004094E-001
   0.88510925906355664        0.12921118972687504E-001   0.21848659690118852        0.30999605311778863E-001
   0.44069943394303646        0.64072343423123887E-001   0.42594305056844373        0.31027886415953915E-001
   0.19948751202829593        0.13140235497486047E-001   0.90460426671277891E-001   0.31167721036271481E-001
   0.90210032367289283        0.15600521348212999E-001   0.39961507709560606        0.31037644197636119E-001
   0.12631010090241160        0.12271592548592284E-001   0.17572607303748825        0.31069601107779395E-001
   0.31162959572274901        0.63501071604273332E-001   0.31120781546334064        0.31173760421041460E-001
   0.56398055658098079        0.13816967229522047E-001   0.79804616580884513        0.31079708420718947E-001
   0.37492158945800447        0.63398818592691211E-001   0.31921427867145691        0.31045597133942136E-001
   0.66244180462634727        0.60574012220399598E-001   0.77830743778280143        0.31013471289059267E-001
   0.58519930650017682        0.13391549593906841E-001   0.17720424426374909        0.31096002201574335E-001
   0.92769749058200279        0.62770880020473582E-001   0.55131981490875337        0.30994552993014696E-001
   0.62398770445497131        0.14228068490927804E-001   0.61272876790406994        0.31205184971758199E-001
   0.82921323921777568        0.62946171666121722E-001   0.11519538208410229        0.31010024310013491E-001
   0.67337553193106997E-001   0.13029352619858185E-001   0.19519011694301194        0.31024618766981760E-001
   0.97168188613168816        0.63914697679395865E-001   0.49282424661430885        0.31022727890342820E-001
   0.94763146912196716        0.62446810343714111E-001   0.20053743748568734        0.31078679512652939E-001
   0.46686232921434317        0.13861815522051178E-001   0.19020631686108621E-001   0.31077288965385249E-001
   0.52692703623445036        0.13658893355765398E-001   0.99881582781328715        0.31058811496910359E-001
   0.21990516317567199        0.63186181427048224E-001   0.12190260255021607        0.31017741969283041E-001
   0.71677338963420129E-001   0.14210948481848094E-001   0.25823107206028750        0.31028234830329123E-001
   0.63626842441912168        0.14183441152044458E-001   0.12516709889811134        0.30999799319516280E-001
   0.51481294075883588        0.14149164413522722E-001   0.19456438093221295        0.30987399892440842E-001
   0.11072033837557586        0.12513539564620327E-001   0.74922068739714520        0.31116562660838582E-001
   0.76754598894066639        0.14306493546253058E-001   0.79816313784558157        0.31089431301126288E-001
   0.51004340843327867        0.63454843095259589E-001   0.44029240358181104        0.31114829244021255E-001
