 3 HS poly
 400 2
 241 159
    1.0000000000000000         0.0000000000000000         0.0000000000000000         0.0000000000000000        0.10000000000000001         0.0000000000000000         0.0000000000000000         0.0000000000000000         1.0000000000000000     
 T T T
   0.95210740312927158E-001   0.63273304257436630E-001   0.57843304593984479        0.35624357253310562E-001
   0.42994022579358171        0.62599855271287114E-001   0.84727652093625849        0.35705441994633429E-001
   0.72107272314659118E-001   0.63040304282439161E-001   0.22193088973132771        0.33607293392299148E-001
   0.88638395090399136        0.12613102831679202E-001   0.80984248721908236        0.37128478821465721E-001
   0.71155916463063396        0.13279145375032792E-001   0.90560802691857012        0.34742277870480086E-001
   0.53808379040673671        0.61734867644720887E-001   0.59151495282093103        0.34641856639851101E-001
   0.65225086509601915        0.62678365021324067E-001   0.38901040106990303E-001   0.35971063205972369E-001
   0.95287989246741867        0.13610930981071308E-001   0.77573876790185736        0.37606613014272372E-001
   0.58413238731704675        0.62704156916052925E-001   0.68276321566435283        0.35906105871956286E-001
   0.45449031234378168        0.12505757996887648E-001   0.89310545280710152        0.36302413893276785E-001
   0.71271223913043291        0.63318661964233636E-001   0.43299840058721634        0.33837652635246594E-001
   0.90039335368815299        0.62903885608794022E-001   0.17977399123655513        0.35108057567126330E-001
   0.45660555051051654        0.62483773898149977E-001   0.77961882786564052        0.34824531990377557E-001
   0.18720617013240839        0.13223534293110720E-001   0.61947128468953250        0.35632673810269549E-001
   0.38878911342888811        0.62688441571632877E-001   0.77345984622985875        0.33238616109032282E-001
   0.38185124803222037        0.12890323449767089E-001   0.72797881036629353        0.34506676651831755E-001
   0.81251327379754323        0.64886789238491102E-001   0.66174632223647212        0.33002266706911240E-001
   0.17545099456876687        0.63056650746474222E-001   0.38100197162664357        0.35335917042892788E-001
   0.51470322706483371E-001   0.13228061751574739E-001   0.60274753458830177        0.35068648445646035E-001
   0.60397093900816423        0.62418939029160375E-001   0.10710341544175139        0.33194852528415725E-001
   0.80015654244905110        0.64754551803643465E-001   0.75208048443921072        0.32148414546209002E-001
   0.91073582795690766        0.12909452821629192E-001   0.13135202052351061        0.35052536240613247E-001
   0.10155229559000212        0.12965536050156802E-001   0.46955768109197812E-001   0.35967123786149593E-001
   0.73810545233270541        0.12758704430691471E-001   0.31830268426986996        0.35843221892038132E-001
   0.14601774501297313        0.63325369333852952E-001   0.65154378860237649        0.36335224417577097E-001
   0.61708940023221776E-001   0.63007706794670534E-001   0.71542650751891912        0.35644939376384188E-001
   0.49887952565549498        0.13345872835957007E-001   0.28302875897271967        0.35320550770740984E-001
   0.53284404474423075        0.13441698169491832E-001   0.41569201447694698        0.35357655805226137E-001
   0.86962022329331135        0.63024224932732784E-001   0.35607995659379066        0.38010452076666201E-001
   0.68768077416655871        0.62771869071070838E-001   0.95513931601054092        0.38327052286790869E-001
   0.29645365790126083        0.63189021527837383E-001   0.63557634112172734        0.36990286644380824E-001
   0.87673766331892744        0.13276137543319098E-001   0.47874842010816920        0.36046184688826276E-001
   0.75658293496314866        0.63144100338246870E-001   0.15565710229644475        0.33373063593057709E-001
   0.78074835646706220        0.13259310787298643E-001   0.11407024811186380        0.35872184833857776E-001
   0.42651944563234573        0.63089528210373655E-001   0.49857190512576074E-001   0.34334960172305425E-001
   0.24687467906222210E-001   0.13065445013122743E-001   0.44369822288641647        0.37076553745170181E-001
   0.36044261649395226        0.13172921616543161E-001   0.31256354681627457        0.35344835344418235E-001
   0.63048529182032564        0.63157733947696998E-001   0.48732551790141004        0.33969716086681555E-001
   0.73761669589931689        0.12854236896209606E-001   0.97526503502498885        0.35056133160176799E-001
   0.54098290033892334E-001   0.63114700236659341E-001   0.48992908979085503        0.37064470841980494E-001
   0.10900097848334096        0.13347038519011596E-001   0.89965154003680670        0.34092544821846107E-001
   0.81566385195378358E-001   0.13030612370055233E-001   0.17790791961067257        0.33638909876893365E-001
   0.61672380623054268        0.64187433811398159E-001   0.55303235268365936        0.33075220800743418E-001
   0.96665329138439005        0.12980811015716768E-001   0.93970223244105910        0.37347677925437923E-001
   0.90156527179292723        0.63539628592319944E-001   0.75656915509060152        0.36443919858670799E-001
   0.20245780583668860        0.62936343199869474E-001   0.12692513697906377        0.36348403513546630E-001
   0.16659055148644730        0.12839605864910951E-001   0.76685998630293817        0.33776311875972798E-001
   0.78258116430832703        0.62789914353400061E-001   0.99720666151142501        0.34882593089220183E-001
   0.28418692025350478        0.62570651328511501E-001   0.19246895041408957        0.36190643516537897E-001
   0.75691702138213479        0.63352954599909916E-001   0.92934392915118447        0.35101171197250376E-001
   0.23271059551679363        0.63250841059948257E-001   0.42615532160663488        0.37578484566052610E-001
   0.61714895317957263        0.13464326131610097E-001   0.20969067271219724        0.35372215693786374E-001
   0.15482828130873333        0.63140072572848260E-001   0.93888892827697823        0.35498846416923455E-001
   0.50722407364233291        0.12621732799961750E-001   0.11916235249145457        0.36915965894073297E-001
   0.50693733463320042E-002   0.62980071491653661E-001   0.20086630008012779        0.36360873556765240E-001
   0.51576307557084988        0.62576444473847942E-001   0.66090717753906492        0.35718451569581901E-001
   0.55701358787636812        0.13466965223990716E-001   0.24481476640730948        0.34233627029606244E-001
   0.28820455894310114E-001   0.61282242245281053E-001   0.55675478935747591        0.34237373592049494E-001
   0.31847860220152110E-001   0.17489391069818647E-001   0.54577438755620378E-001   0.32330614974834616E-001
   0.79770027953620959        0.13814263851039642E-001   0.57506722881968053        0.35151907725002131E-001
   0.82248202443726504        0.62795935188953503E-001   0.16865176674760279        0.33791351357423963E-001
   0.80502737769969790        0.13517735441744290E-001   0.94948370427245743        0.37028270712377763E-001
   0.95618465267996977        0.13016712598109232E-001   0.28684872449238497        0.34761728168115631E-001
   0.13040955955081540        0.63132362348203172E-001   0.29381327374893634        0.34955135456883925E-001
   0.10513877927745318E-001   0.12294869503407482E-001   0.51537944561910720        0.32074959548547541E-001
   0.75024844803225565        0.63789620758359908E-001   0.59197014673345849        0.34818008336892733E-001
   0.19490931266550708E-001   0.12371402460597428E-001   0.31388829695945564        0.33933289705122875E-001
   0.47425197807466846        0.12647094387912394E-001   0.82481718444465879        0.34691459658188116E-001
   0.15155254765420073        0.63145011595259593E-001   0.44541345209433286        0.33353232482930081E-001
   0.28812410966561675        0.62575623056979987E-001   0.89887713661814073        0.35891691845766335E-001
   0.39704970445676802        0.62787300425083362E-001   0.98796895046561106        0.34206494309771601E-001
   0.74871482569104683E-001   0.63058805841662569E-001   0.64579302254795168        0.34699722467778152E-001
   0.60476689977619694E-001   0.62377666967076618E-001   0.28968010856512794        0.35089080463430601E-001
   0.29009551407525216E-001   0.13683023989307846E-001   0.84028163831862546        0.34820284599855970E-001
   0.65369122119491863        0.13351676927497426E-001   0.27314279876445968        0.37819088114837189E-001
   0.27780423364404455        0.63000917580645049E-001   0.44819139918974404E-001   0.36176524705111998E-001
   0.76051777327779713        0.12810046262944600E-001   0.43754734820087918E-001   0.36836159834464449E-001
   0.30809775713909297E-001   0.13055686742764095E-001   0.24551231527391465        0.35370670994197648E-001
   0.55932425406871111        0.63549430176895141E-001   0.37463582483190933        0.34377165438865508E-001
   0.64621433513038340        0.63440830396564465E-001   0.41070194790452325        0.35835332436766100E-001
   0.56013224233374648        0.62272670687518697E-001   0.74893993826207483        0.34424111131761415E-001
   0.33525577188000538        0.12572524834730031E-001   0.91523409062904137        0.34695514532381677E-001
   0.78077957899834405        0.63301858902519520E-001   0.42426247903340641        0.34772160665291707E-001
   0.40056607648704007        0.12788487199364224E-001   0.93997224369454413        0.35122007562899328E-001
   0.88504813431544727        0.62927750193864138E-001   0.32350251629861985E-001   0.34530642647826515E-001
   0.94276565491461295        0.63405477546062919E-001   0.67439797268966239        0.37598240347383079E-001
   0.57017368526931789        0.63445764857417833E-001   0.20041745201247715        0.33744561212440648E-001
   0.78302136672198674        0.63101416744222635E-001   0.35310195086440554        0.34267536514681549E-001
   0.63511063977179250        0.63470539656513253E-001   0.32258999816614692        0.34511950953134439E-001
   0.76798099183623736        0.63333586009342621E-001   0.52000992113337019        0.34256169271685614E-001
   0.16658414654642215        0.12799385249274814E-001   0.83527989576994888        0.34391726663884258E-001
   0.39362542792345856        0.61659778129991683E-001   0.61732230638266872        0.37185546643042307E-001
   0.75239311516984664        0.13195786476182532E-001   0.38703807607268514        0.33291542824862769E-001
   0.31906920295993596        0.13003420383565875E-001   0.81485391969746274E-001   0.38253291289109273E-001
   0.36403266496672787        0.11405056309907418E-001   0.56881342274680713        0.38307846481822852E-001
   0.30263238670026144        0.13038449610473572E-001   0.52610639369772139        0.36479498165708078E-001
   0.14910962144495481E-001   0.13002299564247491E-001   0.14805332336226976        0.36962565376973330E-001
   0.97392123456133184        0.62469620574476907E-001   0.33806401729491042        0.37759448611822857E-001
   0.99794535755029801        0.63641455475824490E-001   0.80288421835669554        0.34884451233354610E-001
   0.31321281164076553        0.12145052588683133E-001   0.99016848423810500        0.33277884312815219E-001
   0.73320052283839687        0.62824082320299651E-001   0.89792714597244624E-001   0.36395796804411670E-001
   0.82944041219950160        0.63381999363904970E-001   0.90453046151910854        0.34220131379897746E-001
   0.70028106743688256        0.63135972704594756E-001   0.50836743651403882        0.34385888536687198E-001
   0.94173360929727168        0.62583366815602517E-001   0.98922891074933905        0.36569603963018081E-001
   0.75091817906494285        0.13333067733101660E-001   0.46944226040662085        0.38819962030201091E-001
   0.52140782362152216        0.12939479335723886E-001   0.34791643018196117        0.33338615357655692E-001
   0.79817100397977325        0.14975847537291163E-001   0.70632424053118437        0.35430263859408791E-001
   0.13183084499569195        0.13015762539844520E-001   0.38750740723589611        0.31276399945471309E-001
   0.84381122809800402        0.14873178203433313E-001   0.62788717263065086        0.34836545697465755E-001
   0.81510770239588770        0.63197988373750597E-001   0.74114642615825344E-001   0.36504746413654927E-001
   0.35495574931245000        0.63133526517365771E-001   0.21548486640372991        0.34220269943428382E-001
   0.75661075082482587        0.62459048174917237E-001   0.79961970031626339        0.32329539319902754E-001
   0.52265122352297988        0.11771794615911933E-001   0.54609937990950219        0.34554309411222763E-001
   0.50140641912171202        0.63379345407927168E-001   0.49317222936038124        0.35048491067231430E-001
   0.40616439906934915        0.13117419304668363E-001   0.92420867296880482E-001   0.34333398192041134E-001
   0.82923178681566873E-001   0.63044848773425796E-001   0.94239187301370486        0.36346952270325528E-001
   0.53932374034148689        0.12551455285631006E-001   0.85954720307937627        0.37156959864152385E-001
   0.52365205439111218        0.12522564385696126E-001   0.26838509954168480E-001   0.38340293180728097E-001
   0.84738427991530718        0.19927491794749428E-001   0.75272669630078082        0.32381419513254593E-001
   0.65923712463544104        0.61303671928970710E-001   0.86191212478124335        0.37938428030046774E-001
   0.23501571678086228        0.13080407207322287E-001   0.72719028119500795        0.34113499378268124E-001
   0.73525997546214683        0.62713651136130727E-001   0.86311422599946708        0.34555974824470960E-001
   0.18952797921679676        0.12770250176871773E-001   0.97725195993545877        0.35769208202034095E-001
   0.44636919269405140        0.62682954029642635E-001   0.94013696026952820        0.32546880345094432E-001
   0.23967428736010060        0.12578030587114162E-001   0.88167849938794707        0.35802593956581190E-001
   0.37497735570159635        0.61224544344063825E-001   0.45988755740058651        0.34325093926169593E-001
   0.56069613452649580        0.12594947377654001E-001   0.63695539221372488        0.35582044597411072E-001
   0.43609486192225139        0.11732894549088959E-001   0.58548783926684900        0.35654877531992112E-001
   0.24057683702658839        0.12918648100017697E-001   0.22462650105461193        0.32922289821154270E-001
   0.22516011456483606        0.63141833367709579E-001   0.93217260448932693        0.35059133308344731E-001
   0.47485909616223820        0.63159862033046743E-001   0.32962652965937828        0.36890701099610457E-001
   0.96657013990371587        0.12789779988681006E-001   0.86852964896771556        0.33697644200271305E-001
   0.78312741449483469        0.12842819163058223E-001   0.19366424094241455        0.34490495741477438E-001
   0.47672010111567642        0.61730431672888580E-001   0.55813961885930674        0.34309418141242658E-001
   0.25071173978308281        0.13561105356879667E-001   0.65993428716816727        0.34762196481983372E-001
   0.65979459690644648        0.62473977649892681E-001   0.64416734250358232        0.36138287574835448E-001
   0.13983287266126656E-001   0.62985409745613993E-001   0.97039267881945734        0.38021359584924315E-001
   0.63701587714893249        0.12468478957433745E-001   0.80817716440236753        0.36000858327873649E-001
   0.94290436153515134        0.62650506615162818E-001   0.23501866049904979        0.34512410274254092E-001
   0.88275817453938282E-001   0.63251243902573182E-001   0.40066356777215112        0.36017391849697163E-001
   0.21485670370968829        0.63073046187595197E-001   0.32254993780348445        0.31590385336852891E-001
   0.16830216085189292        0.13103886965596041E-001   0.32913160183699303        0.37011944514409298E-001
   0.70827832476829877        0.66231357770493063E-001   0.75087030038266234        0.36337005813192207E-001
   0.40229072550789180        0.63561912228909376E-001   0.34167382939915408        0.34777401046996587E-001
   0.54522756773604597        0.62682504131376618E-001   0.97533756227042323        0.36452517105358816E-001
   0.97203317347332119        0.13334953237401293E-001   0.88980888222860918E-001   0.35881653076885234E-001
   0.65682335861922389E-001   0.63599471256413215E-001   0.79998786010024381        0.32879280774605821E-001
   0.60462522950421438        0.13368674629268371E-001   0.44379243513232053        0.36976417098979877E-001
   0.25117040466908835        0.63044947871414389E-001   0.54311887164297934        0.37225316742739406E-001
   0.61309694948893345        0.12598306314915798E-001   0.48843043883748495E-002   0.33200952119106168E-001
   0.19778772161961961        0.62797273014326790E-001   0.80064710313723686        0.33959325587504634E-001
   0.88822618275264287        0.12239307851437621E-001   0.40844359507855005        0.35164424353129657E-001
   0.42448854309336992        0.63234924570767861E-001   0.19992417845617508        0.36779665581351643E-001
   0.31973002261624722        0.62891359757548157E-001   0.41823683725972904        0.34845839336348890E-001
   0.57885353183868149        0.62597332446878803E-001   0.41118316674526340E-001   0.37402904067715598E-001
   0.35521393737027657        0.62932976342128619E-001   0.68242296799044266        0.38156987452400294E-001
   0.90924688178185487        0.63011132727658611E-001   0.29506538433625573        0.34281859416866338E-001
   0.42970061902413725        0.62750145510817590E-001   0.68151461422929738        0.36323298651329279E-001
   0.54531638041962460        0.63267378031454213E-001   0.30519784816650125        0.36332107250460974E-001
   0.60187081869601278        0.63476130537151690E-001   0.26151523277774824        0.34951114563382034E-001
   0.57476044354025613        0.12663179197324976E-001   0.93471992251335567        0.34392679278974908E-001
   0.20938344173140494        0.63148646806137909E-001   0.24049608319222711E-001   0.35199865632774316E-001
   0.45673764509590348        0.63832669390055968E-001   0.26192764181062456        0.32914804471961254E-001
   0.72859449495778117        0.13263511049449806E-001   0.54745157925160659        0.34929024044131639E-001
   0.70790533639567521        0.63333775035347983E-001   0.27476984025814843        0.35910175551006070E-001
   0.48108908793153232        0.63520763304969113E-001   0.40417985788522415        0.37443367727202193E-001
   0.47498630948676623        0.13524666075812359E-001   0.21587723501779227        0.35846976568172033E-001
   0.86590088399595602E-001   0.12273030182301074E-001   0.33351407872581357        0.35328085999132584E-001
   0.45273118605994167        0.12729572715502969E-001   0.72886035796272064        0.36253377465750837E-001
   0.83261965291922257        0.12951839950609985E-001   0.20228155478600147E-001   0.38891066859650963E-001
   0.33502326408440442        0.63176268260999785E-001   0.35193441976077533        0.33179514182244400E-001
   0.95107609267450738E-001   0.13313548605822718E-001   0.75867360981809207        0.38142899062665651E-001
   0.19944391621890442        0.13099677255759690E-001   0.54814781890232467        0.34805168292370174E-001
   0.67966300454823037        0.62443479225847032E-001   0.57231793352690175        0.32575076882152977E-001
   0.70259564339448555        0.12450315364846956E-001   0.61379427928395724        0.36299398065646929E-001
   0.17245907541821812        0.13114137133822937E-001   0.19230134558007017        0.35626833033695744E-001
   0.61133474792868248        0.13394269051050067E-001   0.36929765123975911        0.37725552016391328E-001
   0.22931885177431177        0.13110586124447543E-001   0.37090986351718436        0.36901704440169755E-001
   0.67489350385862346        0.13074616693336550E-001   0.46508183922406682        0.36400540702480028E-001
   0.23253657128117156        0.13381417956742567E-001   0.48182581331430047        0.35892972576992158E-001
   0.26780660266287415        0.13049407995207048E-001   0.59235175896137882        0.34843066428968762E-001
   0.76972047865549875        0.14920367405889713E-001   0.64070380708918784        0.36059515378593025E-001
   0.71106470144723766        0.63189151195432544E-001   0.36235919551923224        0.34566910316040422E-001
   0.92229604662243547        0.12493083794313414E-001   0.34746483297701936        0.34590340279737147E-001
   0.64370238963923154        0.12671996833215403E-001   0.92349141505137577        0.35160566288343048E-001
   0.63766360301968930E-001   0.62977798607731825E-001   0.19893317963797702E-001   0.32137995189177260E-001
   0.74040926928634093E-001   0.63084280865792861E-001   0.82156307053820835E-001   0.30959897743930376E-001
   0.93441405030357472        0.62691209151085364E-001   0.83306526520356039        0.35201779388342486E-001
   0.10178006027318846        0.13071479923236547E-001   0.68593201459002706        0.34817825059734769E-001
   0.92363695391510636        0.14626441539413448E-001   0.57344275052563665        0.33544216388301490E-001
   0.70077743942769599        0.13430743629404156E-001   0.21661305255142979        0.35612590635094359E-001
   0.12590315124890747        0.63102313064348145E-001   0.51152030946749250        0.37534338571771776E-001
   0.74867372659122922        0.64940477313947823E-001   0.68990821660617441        0.36761422594960819E-001
   0.17179955314416076        0.13257712401925862E-001   0.69694836845331454        0.35910122153448076E-001
   0.98183581274636167        0.63127200798022934E-001   0.47657705521228100        0.36407281640746497E-001
   0.30070471029877290E-001   0.12739983129142965E-001   0.67230852404840424        0.37245134148275155E-001
   0.85399006411499301        0.62851108177803622E-001   0.96964824037109254        0.35252325670625521E-001
   0.44349920243761293        0.13177645197875979E-001   0.15223112102017783        0.34829413275139894E-001
   0.91507800751996704        0.62873158873005930E-001   0.92045441276827866        0.36932497713474156E-001
   0.13887108403789111        0.63038279724770066E-001   0.22602527822474572        0.33225575776545134E-001
   0.13889123761031028        0.63116647820815983E-001   0.93516614752087272E-002   0.36732915479879016E-001
   0.85662417378728628        0.12914093848991068E-001   0.20099612797160976        0.34641495927221946E-001
   0.94156960657384159        0.13088106790962098E-001   0.50748210556333995        0.34800652519766183E-001
   0.35847889867336480        0.62729345160793260E-001   0.83915836281557610        0.36102516598595473E-001
   0.37346361247957233        0.13080469052937785E-001   0.16829478575900120        0.36802840522866719E-001
   0.30964213582190775        0.13012533444317097E-001   0.24254750540670722        0.38238103975784213E-001
   0.77648576218137655        0.12328228013334330E-001   0.88447496260034952        0.33351574694149941E-001
   0.59048721456526643        0.62547911576969165E-001   0.82818118833823029        0.35096982384011939E-001
   0.71038241506574618        0.12465465902020870E-001   0.81662899520623133        0.37823845299119134E-001
   0.87765587534920553        0.64762255139599254E-001   0.59015687707559317        0.36270622327349449E-001
   0.49330874075797387        0.12674769819900861E-001   0.95674036297467502        0.37981543139335584E-001
   0.82263835057209600        0.12762169104748309E-001   0.38171268399855640        0.34941768937679668E-001
   0.73697109818627343E-001   0.13081162831708274E-001   0.53584470918025717        0.33317481146954965E-001
   0.97810414515525884E-001   0.13594523225263420E-001   0.83178803647434507        0.34393537840114528E-001
   0.69405922113994589        0.12498298029265283E-001   0.62902022181892281E-001   0.32286760043296302E-001
   0.52191146151584233        0.62561957408773447E-001   0.80840367561526127        0.36243848401929492E-001
   0.27567101289903451        0.62853920210426878E-001   0.11866104984364609        0.37327031309271792E-001
   0.69089606298738404        0.63112738726089954E-001   0.16921977464209054        0.33617514374211677E-001
   0.69520995464807933        0.14933468847042136E-001   0.68625774045244303        0.36525680671611757E-001
   0.36591942029710722E-001   0.13165987821382528E-001   0.91492750147296209        0.36714863737612943E-001
   0.95319492713779375        0.13005048469937112E-001   0.43449987892748371        0.34826886699350079E-001
   0.34832389727020996        0.12863309948807067E-001   0.79185516525375932        0.33334679076287517E-001
   0.26102054156283466        0.63034950081162611E-001   0.26701082223913808        0.35413402069248527E-001
   0.10096769761885973E-001   0.63395168478810437E-001   0.62508337669079850        0.33204233669714797E-001
   0.30564508366708654        0.12635579400516113E-001   0.84869564308820855        0.36966796976122332E-001
   0.27615039543607062        0.62921554620837108E-001   0.70403340646669499        0.34392527378089892E-001
   0.23119059106072701        0.13009495915501624E-001   0.77437413960319376E-001   0.39540854767535730E-001
   0.43024153739354432        0.13816968149328654E-001   0.30045918348269646        0.35495973371057761E-001
   0.14224510175022592        0.63040365271704493E-001   0.83268531041518545E-001   0.37245613311146994E-001
   0.65909085121412248        0.12930188060687246E-001   0.53366555834795870        0.32958762146856647E-001
   0.10019474817919150        0.13132877274608682E-001   0.45575492990844424        0.39028733933633694E-001
   0.36612516901374714        0.12379371790604424E-001   0.39184669265966338        0.37011179235118166E-001
   0.45038991232838921        0.11311159924537052E-001   0.51440855764487625        0.36797517234387740E-001
   0.98937430728145104        0.11342371648916346E-001   0.57620881192259144        0.32300226069115597E-001
   0.53906096524838687        0.12583966831619584E-001   0.70509454999651744        0.34894718181423957E-001
   0.68190668683369718E-001   0.63690166392443695E-001   0.87159850463940358        0.35930454393447567E-001
   0.28355126592399549        0.63077795527239300E-001   0.47828873262523103        0.35230773978748312E-001
   0.44173119347243139        0.13503140781161500E-001   0.36989796113587031        0.34711680191490853E-001
   0.12557121078752032        0.63059165878164389E-001   0.15831345626640059        0.35735616191553569E-001
   0.96121481725168822        0.62882448616869924E-001   0.14166730144382969        0.36600976417657478E-001
   0.38932861193291740        0.63309417034836196E-001   0.27425344419154979        0.33840011298986603E-001
   0.41093701472424771        0.12689838105622998E-001   0.80725987390392506        0.31006143468773305E-001
   0.36696381055762717        0.63150294139217480E-001   0.77204606191572794E-001   0.30919470474597283E-001
   0.84473949059732889        0.12828635007166717E-001   0.13398260954655630        0.30955720584302626E-001
   0.25538959678990000E-001   0.12867224917882714E-001   0.76354520744235121        0.31018739935430344E-001
   0.67424731766355595        0.13509370512447771E-001   0.33880155351979924        0.30963306393608100E-001
   0.12090122537219418        0.13111415614951228E-001   0.96712467394869117        0.31072972979516379E-001
   0.58848935125531376        0.12912529841300369E-001   0.14976911877647084        0.31009705887104291E-001
   0.97331888216298890        0.13414273213071906E-001   0.71015631338711505        0.30967983826417009E-001
   0.62639275868773614        0.63456154460139580E-001   0.16716035989010863        0.30905462651301129E-001
   0.53296045920220791        0.13437630541152804E-001   0.18212013872420812        0.30937615011353836E-001
   0.54845038317771777        0.62553420412538849E-001   0.13946351851934544        0.30933480724097188E-001
   0.39120412768063306        0.12730032999271444E-001   0.86972715279691948        0.30970130419544224E-001
   0.50992491750056856        0.12870556352195578E-001   0.76435570115604135        0.30980218371287747E-001
   0.25134445066120392        0.12717607787106310E-001   0.78444038015359954E-002   0.30985879866560550E-001
   0.87739195642197931        0.12905979093276419E-001   0.74131502846891476E-001   0.31045885106743377E-001
   0.56162469871022003        0.62546588504021755E-001   0.52044466078665952        0.30914757564990923E-001
   0.46158099087308446        0.61311136089802314E-001   0.62184418555313326        0.30891125954819840E-001
   0.84089349973866778        0.62756167616878800E-001   0.80048139070599555        0.31003001357221619E-001
   0.63556218478553217        0.12574236802440509E-001   0.60598073155347276        0.31012449846659830E-001
   0.65313462541827749        0.66277769122951510E-001   0.71109120765201883        0.31030276581865246E-001
   0.92843216545535023        0.13738451024757396E-001   0.37898925808694646E-001   0.30895316842531811E-001
   0.41052140446591590        0.62172895668040767E-001   0.54775292312455648        0.30905504168292665E-001
   0.96634113897041199E-001   0.12038238540549891E-001   0.25770094164815766        0.30975159091590911E-001
   0.83487713525037421        0.63084265180358312E-001   0.29642946358713701        0.31011272752826190E-001
   0.89477718344668278        0.12850010327670981E-001   0.98565112180382908        0.30955253140286611E-001
   0.65570442693826625        0.13569108526738927E-001   0.14399831402574684        0.30997091970234737E-001
   0.74479577693869181        0.63501251835800784E-001   0.21892814178336528        0.30943492867217700E-001
   0.98892283439302342        0.63697939369164000E-001   0.40914195541420495        0.30997496711700379E-001
   0.80155063075641908        0.10870801275652105E-001   0.80406265042185376        0.31012525138466921E-001
   0.30733069867386459        0.12953002941642670E-001   0.15316090183006642        0.30925758593406880E-001
   0.25209396532861217        0.62554897816600244E-001   0.83901524202457711        0.31065482874742124E-001
   0.79914527833714155        0.63615196915635816E-001   0.84661569108836365        0.30970249565308531E-001
   0.33003739563057810        0.62921800549186266E-001   0.74688438464784224        0.31042882570038677E-001
   0.33318669432184950        0.11267808271382004E-001   0.46551404891160508        0.30919254712226063E-001
   0.92908364161837109        0.62241198215638449E-001   0.39276811057137456        0.30965021461212907E-001
   0.27330998532532380        0.63008865992589841E-001   0.97763292106656430        0.31024964676272981E-001
   0.21656079487229116        0.62975315049481576E-001   0.19284576512874033        0.30927622494659530E-001
   0.14881585264485318E-001   0.63386418006133691E-001   0.10044301198483620        0.30899510165256903E-001
   0.27961784892142549        0.12925755470132930E-001   0.43393673107638486        0.31025490553787276E-001
   0.90905317136240604        0.14515741086884172E-001   0.63799720403382809        0.30966721183090080E-001
   0.17535970024516953        0.13145083336779493E-001   0.90014540053255621        0.30980854718750676E-001
   0.71716458572423447        0.13997394418656632E-001   0.13576734308535748        0.30988224293621084E-001
   0.77345183327883482        0.63847688751588957E-001   0.28817487060345082        0.30969098439595680E-001
   0.99331968820358274        0.63138785068082126E-001   0.90028554403208594        0.30979382618633495E-001
   0.27077574322342790        0.63089273511417465E-001   0.35082936067730469        0.31049164813040001E-001
   0.43709815348851272        0.11762966963188909E-001   0.70668794236747410E-002   0.30977032987952586E-001
   0.23960515640329352        0.12553696938051582E-001   0.80433062984741588        0.31017418603344855E-001
   0.56788449657578688        0.12385263657679014E-001   0.88324698020894779E-001   0.31008469398570195E-001
   0.67718688449844688        0.12758924151122493E-001   0.19460123700204065E-002   0.30945311237708641E-001
   0.51543420394867256        0.63701446327785835E-001   0.23622706398603255        0.30975467183330125E-001
   0.96068195616112032E-001   0.11760487742657652E-001   0.11432981683124276        0.31059397868237356E-001
   0.91642824658012823        0.63287312726539299E-001   0.45767826012989471        0.31040459274483460E-001
   0.16779391243949365        0.63212683410552153E-001   0.57884906491816168        0.31023683882516511E-001
   0.95607440386384801        0.12910670679556424E-001   0.19096200310502326        0.30942939416933553E-001
   0.47161682116653564        0.12582440324877285E-001   0.66392022651887683        0.31044389380165169E-001
   0.13432813402070209        0.13246077234005785E-001   0.55807669989855901        0.31014962337758998E-001
   0.59938090115802456        0.62243253215646291E-001   0.61496332363932638        0.30962288036474953E-001
   0.78270465171905116E-002   0.13710134510835144E-001   0.37774451862786718        0.30966826721064416E-001
   0.99656499025598955        0.63037627560761478E-001   0.27277989621530152        0.31007270551073680E-001
   0.43956970526393868        0.61305561752096206E-001   0.46982337400954738        0.30995037126981144E-001
   0.68914498765622767        0.13370658298110167E-001   0.39897487683303989        0.31017575445651455E-001
   0.41411855124872088        0.11372509997354225E-001   0.44333141682935745        0.30987764735609435E-001
   0.40994001777380926E-001   0.60152871848392346E-001   0.35313742819106425        0.31000238537107393E-001
   0.34295704637564678        0.13183187457855020E-001   0.63574741658942913        0.30930938627919818E-001
   0.65776393448603920        0.63445465585534086E-001   0.22597757972335736        0.30935770732382514E-001
   0.85000317946118820        0.70116070258944119E-001   0.71346400818552291        0.30976519854431298E-001
   0.49875833695079030        0.11876957961226949E-001   0.60820173748491435        0.30932010376826174E-001
   0.46580546697858088        0.13116959551550398E-001   0.65149792716378468E-001   0.31044797962314429E-001
   0.75770636609042297        0.12369915758091963E-001   0.75928553978157420        0.31023173828743578E-001
   0.94874486055252916        0.64809740795774132E-001   0.60582003086413327        0.30951447440504317E-001
   0.66819925637088173        0.63134601645625579E-001   0.10828908979189443        0.30973018040254010E-001
   0.98261680451396038        0.63399912520783808E-001   0.44962283210316402E-001   0.31036270654312068E-001
   0.60206531639794192        0.12613788571366986E-001   0.73387566046308472        0.31007374444193585E-001
   0.54251686069190930        0.62604905468914535E-001   0.90744270460731535        0.30958282912769808E-001
   0.82843916058434686        0.13042395459501394E-001   0.26034190416420355        0.30947660163927564E-001
   0.84649765946554723        0.62141296594922263E-001   0.42107915043422695        0.30976245876208730E-001
   0.11605007850330706        0.13318046247668525E-001   0.61750547629446095        0.30990748186745597E-001
   0.86556873225226427        0.13521583032671147E-001   0.54534805824379284        0.30942229201306192E-001
   0.56703529766538530        0.12379802932607584E-001   0.79101322971522670        0.30928977243658985E-001
   0.87634526498257592        0.64132504734618914E-001   0.65746055756486210        0.30907994921670297E-001
   0.19531748551819872        0.63029705627472413E-001   0.25681055993613555        0.31026384828831390E-001
   0.27087740634340574        0.13130400414819873E-001   0.94078260528412561        0.30983868394952482E-001
   0.82893454757544860        0.63563015373737153E-001   0.54346426907629364        0.31035739335263404E-001
   0.28357790709556524        0.11509837062309550E-001   0.31307809240847995        0.30976439370941172E-001
   0.34070173634920375        0.62320834307187739E-001   0.20968914371730270E-001   0.31045860760622580E-001
   0.38376243433995255        0.11421732208903194E-001   0.50120129505324684        0.30908102888057312E-001
   0.86639313394333228        0.62801557506543065E-001   0.24278889327164213        0.30964747232348516E-001
   0.71768535909435172        0.62357129370105624E-001   0.19279525800357609E-001   0.31003308651838583E-001
   0.19406174528350154        0.63060174762288132E-001   0.73565211217533988        0.30965207548988422E-001
   0.32388671164230953        0.63201563189856758E-001   0.28862922276512770        0.31016475788825253E-001
   0.40440993178543905        0.63091691478910597E-001   0.13447543095243716        0.31003958374266075E-001
   0.47827417951513468        0.63879944201117783E-001   0.71964314826773283E-002   0.30885134886720327E-001
   0.59157107756321126        0.13569512395210152E-001   0.30344949990535386        0.31024083923531363E-001
   0.59811120969240461        0.12862231825302424E-001   0.51389821199088903        0.31027324423807952E-001
   0.49341190080992819        0.62641356859595362E-001   0.86945006861088847        0.31106596571364001E-001
   0.24488727154648027        0.15043158507354819E-001   0.16085299906041944        0.30942812541867485E-001
   0.62357898384636701        0.62447551526662370E-001   0.76552641874571759        0.31027104606099826E-001
   0.37657658863977578        0.62703800040445387E-001   0.90377840355089079        0.31001885821202564E-001
   0.13489598644515535        0.62474053717648116E-001   0.86469895407465414        0.30962123544023633E-001
   0.83195382593741207        0.63190530607650827E-001   0.48134318879368826        0.30981928030697773E-001
   0.92784788656609041        0.63257254956547590E-001   0.81979616799163962E-001   0.30975255709560796E-001
   0.15727805187507965        0.12961249151879396E-001   0.12735738168567554        0.31000520305388649E-001
   0.87286730281017555        0.62859681023725897E-001   0.11060568861578395        0.30953857027226743E-001
   0.86944072000827644        0.13074259403114921E-001   0.30840887823816360        0.30924480178860753E-001
   0.63298758892440066        0.12445421768600076E-001   0.79272031523498820E-001   0.30935332549480006E-001
   0.54369257696381601        0.13390313907377577E-001   0.48393959848587714        0.31042892973341184E-001
   0.96337189051377869        0.63070366519970542E-001   0.54449326313309010        0.30935017834189799E-001
   0.31438980926639809        0.63002113783712982E-001   0.56994260345554137        0.30997779450212617E-001
   0.51871261052755069        0.62614546827903836E-001   0.74670003434221199E-001   0.30878439592086221E-001
   0.80543317047950025        0.63147856067982094E-001   0.23162325774342882        0.30976905202086874E-001
   0.37715024464979729        0.12256151684885754E-001   0.29925448207888863E-001   0.31029611636174521E-001
   0.60630827155621431E-001   0.63021419017629240E-001   0.14272407077029456        0.30961440813108965E-001
   0.34233995577128629        0.63147948097174597E-001   0.13434727590842271        0.31031875565565060E-001
   0.55910036131202245        0.63379908880887750E-001   0.45060326701257342        0.30963727384525987E-001
   0.15873521103606006        0.13012493217590791E-001   0.26122989659477269        0.30986370193096486E-001
   0.49815068126159179        0.62551844666023218E-001   0.72746941914783014        0.30995573603803547E-001
   0.89553554627917886        0.64542480584934309E-001   0.52086112466178514        0.30981945271833528E-001
   0.25239292193638690        0.63102958599742937E-001   0.76526469415378484        0.31002789989778221E-001
   0.13026332910186428        0.61999717497446573E-001   0.80181487395750362        0.30976142925006375E-001
   0.30226687004016778        0.62618030013899303E-001   0.80237306232092043        0.31006163221730040E-001
   0.90221380940441553        0.12894866250880306E-001   0.87616540586095926        0.31021858205791213E-001
   0.41271291881918193        0.61475814838471025E-001   0.40658151811166704        0.30984920771983261E-001
   0.18563479882599787        0.12996824530382554E-001   0.42334171172179869        0.30908720139073125E-001
   0.80500206261799201        0.13075873286997379E-001   0.31754938174354730        0.30856567732684935E-001
   0.81725982519779328        0.13199094098554085E-001   0.44759189465628130        0.31007524573548693E-001
   0.47649980665210423        0.14758172566581235E-001   0.45195659967164470        0.30928151674597167E-001
   0.48815271009113054        0.60856574667018326E-001   0.16604594350593177        0.30978717296541815E-001
   0.21057762013184458        0.63431542112896422E-001   0.67485059557995541        0.30954714703988247E-001
   0.58214590900742658        0.14290365494250421E-001   0.57396527069175951        0.30973093216491450E-001
   0.22029462922062557        0.13100315102708003E-001   0.28528667708032190        0.30955151894405505E-001
   0.87171906491837026        0.62908600000252932E-001   0.85460669216604146        0.31045097560514941E-001
   0.31779544527138281        0.12926919535452537E-001   0.71190464267730758        0.30872031908778259E-001
   0.30000617867927820        0.13001260024002911E-001   0.37367769395256784        0.31045603661310858E-001
   0.98422505450144759        0.13007078794365351E-001   0.75868942236202268E-002   0.30905155556580924E-001
   0.33883227956861389        0.62540317737799223E-001   0.95795129041873739        0.30955705136375054E-001
   0.90265141138398131        0.12715464948413524E-001   0.24846185153928782        0.30981612686408897E-001
   0.60447155633519944        0.62616609640134144E-001   0.90476761186853538        0.30989275360244831E-001
   0.19432628161741125        0.63222326360514655E-001   0.50527463988895538        0.30998682346655794E-001
   0.97142008276276814        0.13481505067989669E-001   0.63690380950228220        0.31015828947972581E-001
   0.16901485519646750        0.13079833774814621E-001   0.43723250484175726E-001   0.30974913104565405E-001
   0.19696498301759688        0.62346025732433745E-001   0.86791337058928553        0.30910662191269492E-001
   0.39301368651847773        0.13205893241663536E-001   0.23313256813146299        0.30911025910860011E-001
   0.23113563142604981        0.63280836457836082E-001   0.61547686980194416        0.30959315790856121E-001
   0.12809495197047230        0.64009937816850646E-001   0.72115309016180840        0.30938010738507497E-001
   0.61905792364441770        0.62588019878770204E-001   0.96506061011661559        0.30956275545303526E-001
   0.62834717383006844        0.12647996340346754E-001   0.67660937159177748        0.31028541441937087E-001
   0.60711252379503566        0.12596129656188323E-001   0.86823113470634317        0.30975773580111440E-001
   0.89537146107352306        0.13467254387919786E-001   0.70556715826129679        0.30963403519856481E-001
   0.99841406308847058        0.63290116427956969E-001   0.73698073429699806        0.30934115421126129E-001
   0.86980644334785306        0.12850098904926189E-001   0.92902239862521330        0.30894128659763490E-001
   0.46167288128583545        0.63113601101673675E-001   0.10660783729344722        0.30998288420003357E-001
   0.75749287378788943        0.13222697456788708E-001   0.25413841846646618        0.30992926512336878E-001
   0.35284023253903668        0.61327542258147363E-001   0.52132194105306628        0.30974775815346692E-001
   0.80876843287363853        0.13321836579267230E-001   0.50985475668360214        0.30963675421349677E-001
   0.66338259353082873        0.16294412821811755E-001   0.74650950584333453        0.30948997967713495E-001
   0.28909141403934441        0.13034387853206457E-001   0.76673621310625628        0.30961825587469287E-001
   0.83512236590891187        0.13005309684054490E-001   0.85810767179105807        0.30918768392427739E-001
   0.16425268303006943        0.13114596527631439E-001   0.48401260383421391        0.30980773545863618E-001
   0.60285288389678150E-001   0.12945954312801071E-001   0.98150215648639338        0.30970955979006100E-001
