 3 HS poly
 400 2
 241 159
    1.0000000000000000         0.0000000000000000         0.0000000000000000         0.0000000000000000        0.10000000000000001         0.0000000000000000         0.0000000000000000         0.0000000000000000         1.0000000000000000     
 T T T
   0.93141795014668072        0.67817365818558545E-001   0.60619621248510580        0.36665808026907658E-001
   0.13050918165699013        0.18279715644309986E-001   0.79578615240504602        0.35517040277788021E-001
   0.97702598060920254        0.68061427456505480E-001   0.70200122726872827        0.37528020198971931E-001
   0.98785172710928382        0.18339343264334604E-001   0.17768756638476377        0.34487150227426239E-001
   0.84995082415542800        0.18490533826515887E-001   0.76726206350119686        0.37353953809096258E-001
   0.28221220294599886        0.18153073912234606E-001   0.32941030525704179        0.36446969462781441E-001
   0.14711609329413589        0.67911594692467978E-001   0.45597342186949752        0.34258854593349423E-001
   0.22064393686533423        0.68257131500390242E-001   0.57639966423397981        0.33309094187802847E-001
   0.99544281754203989        0.68326435978228336E-001   0.12892124701426108        0.35649531933054000E-001
   0.87754768463604182        0.67760118210359599E-001   0.54482920747404717        0.36309872949723640E-001
   0.26485119068432772        0.68240586205553996E-001   0.38016101334802471        0.36736569891580126E-001
   0.73741936568417865        0.68678153133768738E-001   0.82174838185373500        0.37376280818943446E-001
   0.45080512219225627        0.18380826238189919E-001   0.52607589289175594        0.33473641168607828E-001
   0.45296551043479483        0.64280452214863004E-001   0.10975176770413750        0.33869478719959198E-001
   0.99951694150675918        0.19000550424665363E-001   0.87371427908854948        0.35617673296422001E-001
   0.35542113078226231E-001   0.18364526466015243E-001   0.46534090139818302        0.38453557244244270E-001
   0.88010946708250704        0.18840556913709079E-001   0.30166463398130250        0.34449342514799738E-001
   0.66663133814760089        0.73734177986484989E-001   0.96475296028878732        0.36577394174089770E-001
   0.97831790482833991        0.67586022870513657E-001   0.93220526287949723        0.37535349300503798E-001
   0.62804236010704428        0.17441737756776966E-001   0.76805233111006149E-001   0.36166964785870080E-001
   0.35681093522002022        0.68103543273701564E-001   0.94313740384032813E-001   0.35627700822775027E-001
   0.96083255496270104        0.68431619309712005E-001   0.77229194944982094        0.34330941203636077E-001
   0.86459033468949820        0.67797287371156353E-001   0.63859673585535492        0.32719216176218743E-001
   0.74379668013718550E-001   0.68425678190997583E-001   0.32415481251591216        0.34005961712702204E-001
   0.64859162243297530        0.68325578945508322E-001   0.47637358865178142        0.35786262921003911E-001
   0.83443701222629607        0.18827565109229623E-001   0.36596917324683187        0.33026288372977851E-001
   0.69303415081087849        0.18087963377478675E-001   0.44399595631202338        0.37001571443956362E-001
   0.73652630828614740        0.68591033765603479E-001   0.96484678863594697        0.33456679282301872E-001
   0.76199976618873039E-001   0.17515828345475323E-001   0.87832359172225627        0.34736890695999730E-001
   0.69592344283241070        0.68401210953698430E-001   0.55759293156057566        0.33230472196729172E-001
   0.66156235099283545        0.68142839030450694E-001   0.40281400688906255        0.34673053412675583E-001
   0.16047360382494799        0.68313566889876234E-001   0.75538453414755535        0.35375213504413007E-001
   0.87055869249809459        0.68321610187319276E-001   0.52937838971428501E-001   0.35509360777642954E-001
   0.53633834523166835        0.18432017336144985E-001   0.27636058106625061        0.34416041181476405E-001
   0.67173535183557820        0.67562052792437238E-001   0.45096445764391146E-001   0.37149974086017563E-001
   0.90690595254306516        0.68381987422135679E-001   0.68972527528995786        0.33641010179750734E-001
   0.69193453707074171        0.18739750053213346E-001   0.79055677750393094        0.36812799740987528E-001
   0.30678453974533770        0.18187356694325443E-001   0.80554408530757238E-001   0.36346348286545621E-001
   0.74855389551103968        0.68301939142992318E-001   0.43380598176787072        0.38141230019318788E-001
   0.25310452216255741        0.18446918008592501E-001   0.66989156698105956        0.36777487646608410E-001
   0.13460529887246003        0.68427924084967173E-001   0.22839991566187393        0.39099706160951847E-001
   0.85827622743313958        0.17764097641240945E-001   0.59261090270447148        0.35452714962569840E-001
   0.51639740729283745        0.67410444661323482E-001   0.81818042414340028E-001   0.35476153856856332E-001
   0.74884164745980475        0.18458371081700217E-001   0.55086381079047408        0.37925873197748906E-001
   0.73444687453768487        0.18176635648244323E-001   0.32333149897912145        0.37428409735872838E-001
   0.43342653466471642        0.18024681514571574E-001   0.84930017664097956        0.34989881296199739E-001
   0.17356197745070306        0.68511598577122634E-001   0.82820449245203054        0.37776509119892096E-001
   0.99781924153592882        0.18273498143256805E-001   0.99347378481191329        0.33025172797199041E-001
   0.41449385532878263        0.67765052046538071E-001   0.50403252933205252E-001   0.36862722674513584E-001
   0.41424120029045342        0.18369680051553487E-001   0.27233187510818668        0.36418525529357093E-001
   0.92356751786444952E-001   0.68221691957903424E-001   0.63646181002410251        0.36241262557402357E-001
   0.96377679534174099        0.17633097342234363E-001   0.48516950570246020        0.35898644053963841E-001
   0.40335210942412308        0.18719558518334817E-001   0.10268605134585587        0.32569011924025421E-001
   0.62800263993880789        0.67145266645377163E-001   0.54568499666944492        0.33668679245786648E-001
   0.97494183638954324        0.68495597797042451E-001   0.22912504933721081        0.38110403976152153E-001
   0.61853043091104641E-001   0.18203310830420164E-001   0.74445478068564819        0.34014256441932136E-001
   0.45587454462530111E-001   0.18385298614349673E-001   0.13764246366910526        0.35461775379275071E-001
   0.48490964994136998        0.67736621810902106E-001   0.17086746353639584        0.35139158550194401E-001
   0.93192278604394008        0.18386973929528299E-001   0.73052476937950273        0.35365021100538900E-001
   0.70511369230633436        0.18344446824190595E-001   0.17134177398236741        0.34593577058324151E-001
   0.10486879212012443        0.18221549242894597E-001   0.58780079638607452        0.34613198529550263E-001
   0.10131601347203475        0.67526093887125202E-001   0.83674325684126438        0.34857274675031684E-001
   0.18010896387297146        0.18727528929844025E-001   0.11001166095361735        0.32984122219083228E-001
   0.49407607628596450        0.18220257984904172E-001   0.66716563169720111        0.35745070108442051E-001
   0.44199277685797511        0.68497528792224524E-001   0.67215577675245564        0.36040080253556948E-001
   0.54362488172345869        0.16274608301639314E-001   0.19341043347918077        0.38257744576175798E-001
   0.54832920621878323        0.18535285756280995E-001   0.42493544783557247        0.36314552753625967E-001
   0.92380689780341496        0.18421993002856379E-001   0.80624964844436831        0.36530670583556940E-001
   0.35930273050645979E-001   0.68337706673578677E-001   0.18757494829793123        0.35567366667583089E-001
   0.23228038597558504        0.18196702979282744E-001   0.53099276750077196        0.34839885688851067E-001
   0.80420340732753071        0.18262869457597360E-001   0.30314698767170861        0.35040286192956342E-001
   0.23347994446109235        0.68362666094869670E-001   0.16944765921900515        0.35933754600435068E-001
   0.57298513138988719E-001   0.17939948489572765E-001   0.28388878530724148E-001   0.35886614188855526E-001
   0.86675727438274675        0.17313534380182152E-001   0.43588329634656020        0.32044665292441613E-001
   0.29522473768973656E-001   0.18173903325329671E-001   0.30173583207959487        0.36516361555599043E-001
   0.29560785104170767        0.68145300784153345E-001   0.13226882122167302        0.36378604204248946E-001
   0.82973888454888090        0.18191153863419209E-001   0.52783804437359194        0.34535684264370460E-001
   0.66190361498854389        0.68670573018651801E-001   0.19480946271496927        0.34788464866133198E-001
   0.30241732376964475        0.18639983016314698E-001   0.51611753621515699        0.36857604786028939E-001
   0.39707010355245898        0.18521735822236925E-001   0.64458690232705163        0.36564485701608723E-001
   0.98099561363997598E-001   0.18738437457740093E-001   0.88076000780263911E-001   0.36389231062012493E-001
   0.28594346049547537        0.18374988294040238E-001   0.82352526632629619        0.35505703393439024E-001
   0.86404438592092403        0.17614138130125755E-001   0.93870220582271002        0.36869696744119052E-001
   0.18524464128927187        0.18399492305357805E-001   0.19681616185201484        0.38711407741601596E-001
   0.13004502734127665        0.18115099942208397E-001   0.35015748845915567        0.35532645815175810E-001
   0.14604084622553506        0.68212710563438764E-001   0.98871429061820837        0.36951741368959186E-001
   0.85975506329119045        0.18346529988258527E-001   0.68894314758646069        0.32721207161416299E-001
   0.20042847291184438E-002   0.16699040140715094E-001   0.40026066303007535        0.34728350035483239E-001
   0.70128519709218029        0.23442525359912422E-001   0.93130401281705455        0.32619525556404211E-001
   0.74977193637985917        0.68456081329175689E-001   0.60495806854296841        0.35688373270514308E-001
   0.30081588005386467        0.18251775523541690E-001   0.89761803550754371        0.32492021120896927E-001
   0.28428968705948704        0.18821811867839922E-001   0.18294578259667646        0.34001624817697758E-001
   0.79521628042814718        0.18811286026654783E-001   0.13079410274161873        0.32067998014445750E-001
   0.55002724927252988        0.18201790883739064E-001   0.71876733948658844        0.34417253523072802E-001
   0.42052724834094612        0.18653721191528139E-001   0.78044553600220823        0.35056600682477561E-001
   0.11516054776290292        0.68239951572190635E-001   0.53881093840903727        0.36085322057757413E-001
   0.39480257647951422        0.18480151362164954E-001   0.57045359173660837        0.37584182996212273E-001
   0.16503943032087739        0.18362380324904431E-001   0.55172963762108995        0.35513850255206869E-001
   0.79616414429089089        0.18503856293560043E-001   0.71149144173716306        0.34664592582382782E-001
   0.84221847496095914        0.18452909870221287E-001   0.84155544578329455        0.37177923313475879E-001
   0.35479080221067116        0.68579466853703031E-001   0.41628626313917311        0.32934198154505795E-001
   0.94401546699708050        0.68366597066599269E-001   0.75336240637325783E-002   0.35475454150274977E-001
   0.58911898492379533        0.66791316694483738E-001   0.39248997991437712        0.33382370157735236E-001
   0.54726294714797696        0.18606517421850269E-001   0.35058482790447737        0.35907368955004702E-001
   0.71379483850160375        0.68381740698887514E-001   0.49503756822187822        0.31767274693211021E-001
   0.73829291609370074        0.68725768738604170E-001   0.89613891095421139        0.35213134484081851E-001
   0.37998875973784579        0.66862666708426541E-001   0.98895506344188433        0.33567288352188064E-001
   0.29802821097844462        0.68315866828445135E-001   0.70136976742493085        0.37219850992303752E-001
   0.70192841369757453        0.17875104132026219E-001   0.23969741262721858        0.33293063404881230E-001
   0.66772947198358756        0.68796939005393118E-001   0.83305342220645939        0.33086130486323508E-001
   0.74665505873598770        0.18749254502923456E-001   0.65630888154148670        0.34279938822340927E-001
   0.50909346290259638        0.68561887001121605E-001   0.23660982560465213        0.34771519072611480E-001
   0.97176018291350563        0.18336654423451549E-001   0.64249616187879066        0.36580444949557325E-001
   0.83652161406423198        0.68360374082944139E-001   0.14247229018198992        0.33395137849073893E-001
   0.91689993472519771        0.18378276120281020E-001   0.67899278249990397E-001   0.34227183651207214E-001
   0.36675690592794086        0.68477201883876335E-001   0.68260700728323276        0.32958017956400326E-001
   0.21670490314264473        0.18091991164956831E-001   0.90600681211946466        0.37180929476577251E-001
   0.46461691138453409        0.68416652309178982E-001   0.80576994883526853        0.35551577655858355E-001
   0.80658870847931863        0.68519549849166139E-001   0.95177786730754566        0.37473818606236768E-001
   0.48190551656313568        0.18536746712927304E-001   0.37775415047986710        0.33877404776755812E-001
   0.63715957777034748        0.19153106922175381E-001   0.14922386867221796        0.36697912000825637E-001
   0.63335059734286747        0.20315516587191496E-001   0.88828807311539237        0.32620294295644191E-001
   0.43728504931287498        0.67844356356304966E-001   0.95805537093211379        0.31481944069639556E-001
   0.57675928473087990        0.68451675249753138E-001   0.25146057155483686        0.34495120804523098E-001
   0.49606572294488471        0.18230283206515062E-001   0.97569051523130379        0.35708350247218405E-001
   0.35637330561647979        0.18335397923009377E-001   0.81086589414293131        0.35817453424929827E-001
   0.31453768439145435        0.68345881298511962E-001   0.77536593254542763        0.38397061304867336E-001
   0.32470177076742818        0.18319972742088193E-001   0.65431027849436618        0.36416412301674819E-001
   0.27145173733238892        0.68329737444858041E-001   0.22898866330607937        0.34660754131109146E-001
   0.44783809508525382E-001   0.67914285392202761E-001   0.97820561681958917        0.35975582302692662E-001
   0.32366295245693538        0.68492009056391634E-001   0.30287449792164498E-001   0.36307429992620918E-001
   0.70175541674638364        0.18767942406275450E-001   0.86342413216053904        0.34550104643066501E-001
   0.22202232054922118E-001   0.68280067906208858E-001   0.64584244769324417        0.34445059128141810E-001
   0.19533369915823709        0.18361117923983188E-001   0.47381646308134207        0.32802455416905130E-001
   0.34525396921773671        0.68508601043538842E-001   0.92698250666657533        0.37459761285353069E-001
   0.54633199781660896E-001   0.68327100000131410E-001   0.41497771146928780        0.34978343707508248E-001
   0.41186166332159141        0.68077466936495773E-001   0.89530061731762900        0.36220090867935657E-001
   0.49608800587095930        0.68185695920815803E-001   0.92250299175574069        0.37225001474599798E-001
   0.39834414924076339        0.68578624640932173E-001   0.31781392773023026        0.32641655712329957E-001
   0.24401558720243938        0.68308626672401604E-001   0.48306263880910172        0.35328319884417404E-001
   0.31875112399143829        0.18144440766623283E-001   0.24664955083762455        0.36197418747546284E-001
   0.33449594646881980        0.68517119607384297E-001   0.34823126508333757        0.38050264291499838E-001
   0.65057860520366984        0.68418100040730442E-001   0.33309888740091798        0.34099174547422444E-001
   0.70409511771100686        0.68856582832575522E-001   0.67826000774781670        0.34854754003153653E-001
   0.76297611713729474        0.18586440227941439E-001   0.77407404145140746        0.36056049741399365E-001
   0.17851269533046013        0.68164673010243162E-001   0.36561341180972357        0.35759730863325422E-001
   0.79791232652302824        0.68568810882664463E-001   0.65976336624727638        0.37230115585110808E-001
   0.48955955351545161        0.18053898478780979E-001   0.75819320869193374        0.37472093433543553E-001
   0.46710743278251537        0.18261234340247578E-001   0.59399787059801634        0.36324351328423231E-001
   0.10152353347285577        0.18388583423341154E-001   0.27840981832243272        0.38926314026750203E-001
   0.97027602736279772        0.16851438799992197E-001   0.33959357973721732        0.33652098523987380E-001
   0.81286705372785073        0.68476016266805870E-001   0.57314854821514982        0.34278694282583240E-001
   0.42654566012034340        0.68346742844489342E-001   0.22104719559677743        0.35955209964513964E-001
   0.15281624503850444        0.68231172250228136E-001   0.59949741640580922        0.34606592270464122E-001
   0.56610020249482762        0.17363672911209087E-001   0.98254966261054011        0.34313584235403129E-001
   0.33544221715578693        0.68150204127338895E-001   0.19481919516647850        0.37722712891354530E-001
   0.93074725951114179        0.18237437639894018E-001   0.89536608645120230        0.36307975721271757E-001
   0.41501727023115137        0.18579680853610812E-001   0.71227455916149329        0.33332393075090540E-001
   0.96020043136427466E-001   0.17947976462447550E-001   0.96614235092896983        0.36598070671382987E-001
   0.55681825109504213        0.18164004557738558E-001   0.63304432887730600        0.35384432018047779E-001
   0.65751086380217250        0.18672048027305481E-001   0.72802803477512179        0.34515254401872301E-001
   0.95521828226725358        0.68682194640941552E-001   0.84813993371083940        0.35677398496878988E-001
   0.18675773758886210        0.18361407455083162E-001   0.70171526882382351        0.36470428476424753E-001
   0.10143014399946949        0.17224565169296709E-001   0.43366219568759201        0.34614647377073163E-001
   0.36877467686004303E-002   0.18353113999154843E-001   0.77797120679265364E-001   0.36271889290470517E-001
   0.84801375029325621        0.67495730323754652E-001   0.47959521446663322        0.35279929338206222E-001
   0.50320349262247532        0.17666146389660894E-001   0.12780434457827236        0.33286274246591939E-001
   0.50973459535687948        0.68221746227250663E-001   0.62033869896449578        0.34402629016057652E-001
   0.87836273111942331        0.68390443060696790E-001   0.88292355917587695        0.37059015273933252E-001
   0.13833328508668258        0.68436707422011078E-001   0.68962912748953309        0.34007347248301095E-001
   0.76991948152871925        0.68361508463294571E-001   0.26203022045346019        0.36487522737175683E-001
   0.34616187845723140        0.17792512573296917E-001   0.72831187143943654        0.36784747182254385E-001
   0.80607399480348929        0.68712193216779724E-001   0.81636616546279003E-001   0.34560012758547407E-001
   0.60426169559341558        0.18200613448657015E-001   0.50283999764322473        0.35430639962587558E-001
   0.62047876889947140        0.18349839235692417E-001   0.59686920583375358        0.37112560692927003E-001
   0.78383198242055041        0.68262264574999704E-001   0.50961501640938567        0.35546813898615061E-001
   0.19890110684716422        0.18858938749170995E-001   0.99946018597094999        0.36007405154961709E-001
   0.27313047804636167E-001   0.17934894278529939E-001   0.93543616312743050        0.32043542931166492E-001
   0.23073521604453714        0.68127277301073416E-001   0.31485706287885246        0.36698372960271612E-001
   0.84165929822737173        0.68249396182867850E-001   0.27000282451018320        0.35619366028853648E-001
   0.58186572259470948        0.67327546391960008E-001   0.55840724832014660E-001   0.34938217620230735E-001
   0.80775409820284383        0.68496870075352295E-001   0.80056533947009623        0.36034285743381751E-001
   0.16061902270910527        0.68458925015975294E-001   0.90044202870113599        0.35328373821582909E-001
   0.48933525362650049        0.68581303521692324E-001   0.54917548651375425        0.33117734676171080E-001
   0.70819276210988147        0.18551210730936445E-001   0.44663695403142191E-002   0.36191659762665189E-001
   0.61679162346603733        0.18533025559802990E-001   0.21981326052198355        0.36756132877934167E-001
   0.32426543716286571        0.13751070546896638E-001   0.58369434301494516        0.34300545182159546E-001
   0.88005951733588639        0.67729206220773469E-001   0.19407688717422375        0.33421131300286115E-001
   0.26659836879520171        0.18353283690174464E-001   0.74605553530707924        0.36803658657012045E-001
   0.12778143253654869        0.18742337660858577E-001   0.15202510244413908        0.34080369899199311E-001
   0.32772351452377946        0.68390690511814595E-001   0.85490845150320716        0.36673434262563309E-001
   0.83351435421845838E-001   0.18347623674106375E-001   0.20599875256472286        0.35722385773826221E-001
   0.94566149307374736        0.67654611217290300E-001   0.52968464505933788        0.33436334007161242E-001
   0.28294177789450597        0.68168859740366169E-001   0.62658011208188047        0.34258730496443839E-001
   0.69888629145383496        0.18491137530698237E-001   0.60488191344286912        0.35491092590253431E-001
   0.53302772497033757        0.17390145699957071E-001   0.56705797928872126        0.34731803905626711E-001
   0.50427045144932081        0.18159579034296276E-001   0.86692831433716400        0.37959128968566520E-001
   0.82056134334235453        0.68620429162437810E-001   0.41294871662231081        0.36796210206185176E-001
   0.32178061184952872        0.18414439080712591E-001   0.97679777448244198        0.36855969259724564E-001
   0.78250209110999136        0.68282420725293086E-001   0.34994952474793073        0.36768792768340115E-001
   0.55540959351367902        0.67890664866027475E-001   0.52042201401533594        0.36433923353589463E-001
   0.24122391401036214        0.68371214319445206E-001   0.79477499284528419        0.37438254856884089E-001
   0.18830313753912808        0.68896890662380514E-001   0.47069270409692027E-001   0.33760245452836762E-001
   0.39790047312871923        0.67143331595060626E-001   0.15414081913122143        0.36813516423638275E-001
   0.94533609280353226        0.18528033279809564E-001   0.27493546863523827        0.35655958343979360E-001
   0.34616579728249991        0.18149652420140272E-001   0.14307508203927349        0.34978069557984680E-001
   0.25114420499468887        0.18341863754261386E-001   0.43165550467428254        0.36169807368023867E-001
   0.80646615809029987        0.68425139018829323E-001   0.87935104268806752        0.34923872547863603E-001
   0.89403165830036191        0.17628259703655402E-001   0.49688335443151643        0.34693020524912174E-001
   0.28159601350640866E-001   0.69085857979008916E-001   0.83297771384462249        0.34824940660134369E-001
   0.58812632448858970        0.73931079519599638E-001   0.93485652398176700        0.31875381047850565E-001
   0.90512050271869160        0.68020589154651451E-001   0.11370452714913569        0.34312342026446466E-001
   0.58427610423888832        0.68553150368965601E-001   0.31935845736456658        0.33584109956715520E-001
   0.42077071517502851        0.18552022862032568E-001   0.42556407129779222        0.37238100785474834E-001
   0.37639958944731605        0.18557660968038563E-001   0.50129077954720680        0.33740075059671443E-001
   0.62874879838382344E-001   0.18369043322980741E-001   0.36849627526636519        0.33737995575467347E-001
   0.67206984691221328        0.18367491446948572E-001   0.51942130962925792        0.34006915653404253E-001
   0.46887759988387445        0.17546796121986920E-001   0.58302365275773378E-001   0.37066077829859989E-001
   0.42629446494680978        0.17802269758929887E-001   0.31334712911999015E-003   0.34842828642356653E-001
   0.68267813287079970        0.68703120013338406E-001   0.11905396397850895        0.36864715000241625E-001
   0.75545652497230420        0.69554897839286187E-001   0.14880695305530076        0.33263404470286820E-001
   0.45933177196542629        0.68555681984053291E-001   0.48123946513577598        0.34076640983222335E-001
   0.64500846782484345        0.68711323361169002E-001   0.26264149750170102        0.34629696186259926E-001
   0.62066880437131333        0.18161311187761837E-001   0.43238741899331745        0.36283895405700990E-001
   0.66767964288152085E-001   0.18289249221104170E-001   0.53068604454468682        0.33893503650597248E-001
   0.16722480197040562        0.18174002569428881E-001   0.41311471799260818        0.34029822751416069E-001
   0.20610848628182599        0.68489633498538899E-001   0.24208463394920510        0.31817900124267301E-001
   0.18730378252882668        0.18299892742365775E-001   0.28420446993444864        0.36046806605199502E-001
   0.73265734219055345        0.18855244090766120E-001   0.10738993586344524        0.34671457777679160E-001
   0.92818751291957891        0.18254945134475512E-001   0.20871940145374770        0.32743053026923812E-001
   0.85496171633890494        0.18331162780078243E-001   0.99878266130732099E-001   0.34788660290444001E-001
   0.36647822544540543        0.68364638953240034E-001   0.25938092060262519        0.33892536751080102E-001
   0.51194130290833674E-001   0.68480231449652110E-001   0.79449769588726238E-001   0.32468801000052248E-001
   0.19849344223394555        0.18285562191893256E-001   0.61820244126829893        0.35502317218723808E-001
   0.25525338802795433        0.68138602996998462E-001   0.86752210294208998        0.36607726200563212E-001
   0.90707516742563887        0.16972536196612355E-001   0.36509594696292025        0.34404133055312647E-001
   0.83079910366326815        0.18373903539900475E-001   0.19015820523823838E-001   0.36761729330901161E-001
   0.15233417312377248E-001   0.66574286254555845E-001   0.35560695667492409        0.32412207857669059E-001
   0.14513047699350373        0.68262573101413440E-001   0.30571844637192014        0.32730626010343419E-001
   0.16370561760609904E-001   0.68350932983955157E-001   0.51973449532268789        0.37864964627554218E-001
   0.95325487517496643        0.66652546635042317E-001   0.38601910428621783        0.36491036444627568E-001
   0.92552474229549009        0.69130502303983030E-001   0.32009327683599648        0.30999849141946048E-001
   0.20223753863870689        0.18294626578075807E-001   0.76854149058037857        0.31073239876608004E-001
   0.24944357220517116        0.18755413716872588E-001   0.12693707756149664        0.31109138803080517E-001
   0.56587022103530261E-001   0.68247763843913192E-001   0.70300282626504540        0.31082323518911409E-001
   0.89395637236327863        0.17732440674126739E-001   0.15494505602423533        0.30989867180433953E-001
   0.46660713873070958        0.68513856277061469E-001   0.41644466817263659        0.31079641481832791E-001
   0.79412421629133978        0.18499935297100756E-001   0.61123964040085432        0.31114980025962552E-001
   0.58358183486010753E-001   0.67865199226804881E-001   0.57656905590893170        0.30987022931176660E-001
   0.25945803251077953        0.18153916836726184E-001   0.59165965628063655        0.30984153151844909E-001
   0.40990197403516954        0.68408711849804765E-001   0.52574497635548390        0.31102629922957283E-001
   0.70659789118466665        0.68236000920588930E-001   0.28543515600233016        0.30991524078209487E-001
   0.20316086264465211        0.68786497170696265E-001   0.95151918016250381        0.31080801044954989E-001
   0.39024295569155842        0.17730583702480391E-001   0.94332777300821413        0.31023652593244896E-001
   0.12693318145739821        0.19088156170124826E-001   0.49446678498044710        0.31083432868265100E-001
   0.20636419143544715        0.68388804569903788E-001   0.42792160698742393        0.30991137129183482E-001
   0.94037267964519100        0.69413033997748841E-001   0.16908404556118484        0.31106373231246456E-001
   0.67189476059781916        0.70304007848110847E-001   0.89726837762883915        0.31054096966978171E-001
   0.10235503544591984        0.70104015193194702E-001   0.41237167152190148E-001   0.31000693615396716E-001
   0.60843671958639378        0.70310248563384373E-001   0.85771997287423773        0.31010799329043312E-001
   0.89465926654773098        0.68409380232258607E-001   0.75346785988582266        0.31057710160013585E-001
   0.56370883838509067        0.21499366567000962E-001   0.10207231088594446        0.31067614000835225E-001
   0.28455065326018136        0.67513678053107429E-001   0.55988632451202636        0.31089458795695274E-001
   0.29536854351926750        0.68402314882823168E-001   0.44079131001354438        0.31127036631345521E-001
   0.25318462687382071        0.18422555550231676E-001   0.26769348312615254        0.30961266281305008E-001
   0.11727268812556171        0.68145802362399782E-001   0.39249561422298557        0.31108120821604971E-001
   0.22602624821525980        0.18514974690564925E-001   0.65338816172593434E-001   0.31041962950889960E-001
   0.48515317945640357        0.18547314159052346E-001   0.44836186033092940        0.31035957718738540E-001
   0.60381365019803046        0.18729228716645372E-001   0.76591422035605505        0.31119605083565989E-001
   0.53961510112759825        0.17382844589444942E-001   0.44478535008384563E-001   0.31083928703363701E-001
   0.48006248546435037        0.18546834684010954E-001   0.31031408216719425        0.31005740074048816E-001
   0.44942064203924370        0.18124306530444258E-001   0.92071209235558360        0.31060093398574438E-001
   0.33770347135343254        0.68642307799538088E-001   0.48643021015044913        0.31113737449086527E-001
   0.14305890905353824        0.68708209002590573E-001   0.93463313533971304E-001   0.31033177347875907E-001
   0.52844725938297299        0.68138747434776853E-001   0.82564578160394808        0.31055517134550979E-001
   0.44252140346902102        0.68463309199695219E-001   0.74231009436795514        0.30995616734714498E-001
   0.18361309612916848        0.68341340107807610E-001   0.51182518819121658        0.31060211031951890E-001
   0.83867120382844984        0.18360939565557607E-001   0.18302531220919349        0.31017362102111742E-001
   0.55318904625628988E-001   0.68817802120402838E-001   0.25491493744328841        0.30943178957564869E-001
   0.37074640195756353        0.18534219467388591E-001   0.37920905227066670        0.30953779989379822E-001
   0.78478193963775345        0.68498151462024245E-001   0.19334345992548907E-001   0.31090726925715691E-001
   0.53678983856298190        0.68145263760742619E-001   0.75907507977894639        0.31105938615999182E-001
   0.45922986409965810        0.68327929258516162E-001   0.27963595582201700        0.31021125180031264E-001
   0.65193393608231329E-001   0.19051176230051470E-001   0.80966285008406658        0.31129276433095685E-001
   0.77895303485478939        0.18630489323930802E-001   0.91342566859186924        0.31112201525153271E-001
   0.16948965156239620        0.68761936304631774E-001   0.14967623400963184        0.31038476134295209E-001
   0.62296893914652907        0.23783165693051153E-001   0.95101218142037591        0.31013094533260805E-001
   0.99076672240828889        0.67312465705149344E-001   0.44294595960163541        0.30946346808455084E-001
   0.58385065556495397        0.68139427514219170E-001   0.45875644818098898        0.31094760845420028E-001
   0.55183539308928087        0.70309669389045246E-001   0.88318506958602527        0.31008792350894720E-001
   0.36829555706573230        0.18396982971898679E-001   0.40160730918642376E-001   0.31046389136149925E-001
   0.91031492342526210        0.67971181406356718E-001   0.94307526044923518        0.31032765087711602E-001
   0.30948470251960725        0.18013179694785577E-001   0.39144453625152209        0.31049764930426060E-001
   0.60330062961697295        0.18555624300466460E-001   0.68056154613269559        0.31028964154064552E-001
   0.90630033348371619        0.68510955401171136E-001   0.25373549925279171        0.31025206346211136E-001
   0.52176036695383843        0.68665392864592736E-001   0.46187210072631940        0.31005838612204410E-001
   0.52239222593245338        0.68594826426797248E-001   0.38773032779829625        0.31143172349168090E-001
   0.77766453515591494        0.18272415023421661E-001   0.39584740085166936        0.31010167986438287E-001
   0.86143303891810658E-001   0.18232621444466700E-001   0.68100660931654411        0.30962680803549733E-001
   0.21986072665361592        0.68852492223800285E-001   0.10360008461501084        0.30964032152714389E-001
   0.80829046071458477        0.17138176442554980E-001   0.45973201370394101        0.31052825919168841E-001
   0.71689593632163473        0.68533535759072062E-001   0.36727666677297083        0.31083131827261325E-001
   0.58546792070075626        0.68136785933052016E-001   0.79990381400835620        0.31082851264390459E-001
   0.13757018384728784        0.17280138119828901E-001   0.64599015204329568        0.31050308286887523E-001
   0.59233927084773275        0.68759189756253961E-001   0.73054518382865818        0.31075425181720538E-001
   0.67925517232008714        0.18185761485735068E-001   0.36388438054483074        0.31059985487254752E-001
   0.53207622403965249        0.67550147171641581E-001   0.79764942774574066E-002   0.31083245472933955E-001
   0.35455268313949501        0.18518814199137885E-001   0.30406406784933698        0.31077460165511151E-001
   0.27678260281115913        0.69218807573855928E-001   0.93193795264957069        0.31061190476951685E-001
   0.64174421616551780        0.68850726080489269E-001   0.77327869743241917        0.31114118599566396E-001
   0.59388937112597073        0.68686740058095205E-001   0.17997440244073037        0.30992391667811172E-001
   0.51261098715499598        0.17688168412572820E-001   0.50424928239000077        0.31121690819122978E-001
   0.99162189699064618        0.20094332907160138E-001   0.80730104113432755        0.31028575113112241E-001
   0.72827992817367559        0.67952236564251964E-001   0.20811229971046688        0.31038733532260637E-001
   0.54774556016049769        0.68143707507238749E-001   0.67611669831007060        0.31129034523124457E-001
   0.60993615873660634        0.18540334130964214E-001   0.28732392432296722        0.31072669599725124E-001
   0.61403640175862839        0.17188470769005211E-001   0.35877536676071237        0.31042822761508691E-001
   0.80840504372955313        0.18080455756654665E-001   0.23720007777570690        0.31035989079907626E-001
   0.93882029571726339E-001   0.68245482653091036E-001   0.77120944444991146        0.31069335008321607E-001
   0.25501325147010634        0.18948750388781556E-001   0.96245080154713547        0.31005560193430304E-001
   0.39974777584029125        0.68156140671777096E-001   0.82153088192856605        0.31050535919862166E-001
   0.51751668001942897        0.68996108908419604E-001   0.31598263662429943        0.31144725242266337E-001
   0.38224128672716867        0.67765559538583528E-001   0.75735622698673288        0.31098706366262711E-001
   0.16021052145564987        0.18068585838719446E-001   0.94460547520906379        0.31084712919443397E-001
   0.63915546563176706        0.68682064049062866E-001   0.68964650204490741        0.31046892058831072E-001
   0.46090912718304061        0.68511956680428768E-001   0.34185584097585503        0.31064904818466146E-001
   0.26258100031630316        0.68769355071231802E-001   0.58657692567294133E-001   0.31025519469633833E-001
   0.67131453360154303        0.18431446005442467E-001   0.29657995003871079        0.30987574772445622E-001
   0.22283516148956528        0.18212624637673969E-001   0.36198815488444935        0.31010170492371810E-001
   0.38289247481209338        0.18225193768717347E-001   0.20404052632199082        0.31105003070876092E-001
   0.40801943354413717        0.68556662666818410E-001   0.38078345130761487        0.31034053885463108E-001
   0.80523146542278556        0.68088691990877262E-001   0.19948548216840953        0.31070137524480155E-001
   0.13996464923900562        0.18577744862167855E-001   0.86174804220545709        0.31066852031079721E-001
   0.42420126783801521        0.18604219781881717E-001   0.34768595650749884        0.31030132808717435E-001
   0.44417424932103855        0.17039584169174001E-001   0.15371991644788593        0.31018835123211689E-001
   0.75726890703635341        0.68589333105678649E-001   0.72958810764738757        0.31102752336231915E-001
   0.72220577476486880        0.18731973657652629E-001   0.71739365008962541        0.31046236002845860E-001
   0.60317633464601217        0.68983984060353831E-001   0.11829157150931686        0.31051866278032060E-001
   0.91957581827138490        0.17756450190953538E-001   0.56186111443713749        0.31148285693679903E-001
   0.99607515397067448        0.68150167198031950E-001   0.58571555079084325        0.31098913168140285E-001
   0.89725989598498868        0.16409195962107364E-001   0.57120781560238308E-002   0.30979261519589029E-001
   0.20786934290519524        0.68343969612452107E-001   0.66142242802484819        0.31087115534575403E-001
   0.66409606130418353        0.18757235407493651E-001   0.66191996129271269        0.31096527713154087E-001
   0.95015760595145904        0.19469679966795175E-001   0.12410502511882296        0.31020755415676688E-001
   0.22382500017449203        0.68209496999940833E-001   0.72846079465564761        0.31105643460569890E-001
   0.59982402998925088        0.68184729262143487E-001   0.64159505424273011        0.31046996229018707E-001
   0.86815827539196977        0.68816450454580957E-001   0.34376969154135179        0.31027590580026569E-001
   0.98387174626103202        0.68010974334448512E-001   0.29864636852731552        0.31081262095357012E-001
   0.77409617249895935        0.18453717462875951E-001   0.85105488823487108        0.30983401365310703E-001
   0.64060306414641854        0.17388455107849889E-001   0.10334194983001791E-001   0.31072070627068109E-001
   0.27183486024039838        0.18867316262396572E-001   0.22902760786825967E-001   0.31036076162660475E-001
   0.22081115588865496        0.18173887237998208E-001   0.83738693305166578        0.31076831084301568E-001
   0.29091915138005513E-001   0.18368585318415578E-001   0.60318982881337824        0.31088139462028330E-001
   0.54838151707810578        0.18133750549960619E-001   0.79441952873705979        0.31132687049199591E-001
   0.95869841473439621        0.68357046794880111E-001   0.73159792360578069E-001   0.31021621591471087E-001
   0.98090584236928757        0.18315980771990831E-001   0.55166384894164233        0.31016103771772854E-001
   0.77252253729982967        0.18586994516106708E-001   0.98422990226160634        0.31107322204031486E-001
   0.89667192866419124E-001   0.68627252050655910E-001   0.13349767560756493        0.31047137773284366E-001
   0.73715453867614100        0.69003902473157505E-001   0.64658064251301425E-001   0.30978604887733477E-001
   0.76850897034546006        0.18779187733540755E-001   0.18922735885941833        0.31020651010014857E-001
   0.12514445118131576        0.18483392288052580E-001   0.72929947315284305        0.31003972596110211E-001
   0.47097878815885164        0.17969592801532933E-001   0.21300335155250813        0.31071996121104749E-001
   0.81867004841194843E-001   0.68427207626071143E-001   0.47917976927239353        0.31032124435243703E-001
   0.92307330687269595        0.67311208894171567E-001   0.46488755211035820        0.30969996483485140E-001
   0.97158503549048772E-001   0.68254734353661167E-001   0.91989809741508888        0.31039851003551597E-001
   0.99671457497234772        0.18056261242269951E-001   0.74536636723077476        0.31094047207591589E-001
   0.24436357856895916        0.68869798808520608E-001   0.99814942752574609        0.31134190523423019E-001
   0.90407294948441630        0.17744154138113546E-001   0.64294700827046292        0.31091445975554369E-001
   0.74965826155672777        0.18357889779040803E-001   0.48173708534300336        0.31007297270844943E-001
   0.88787680597511665        0.67023785575520134E-001   0.40313259231003667        0.31070579068756893E-001
   0.42380683178622391        0.68457422614396066E-001   0.60751503297726217        0.31002498061371439E-001
   0.62801759225529685        0.18491645045821719E-001   0.82327930868688759        0.31134795935032433E-001
   0.26639213225254196E-001   0.67989603654497008E-001   0.76709668515081031        0.31024281997592482E-001
   0.86580268652331538        0.66432298661129457E-001   0.98635653748833940        0.31068277192731912E-001
   0.49650530881631183        0.68200426928986910E-001   0.71152332025335541        0.31116294348882276E-001
   0.47001255311288703        0.68229170102577508E-001   0.11359016803957163E-001   0.31005311325279707E-001
   0.22424930901568212E-001   0.18263103850648024E-001   0.68838868751092708        0.31151157182878531E-001
   0.69680636324631140        0.68649196750857427E-001   0.74429899704956837        0.31025554345221355E-001
   0.94172334114138634        0.17962916599190869E-001   0.96241732847161232        0.31083579922910078E-001
   0.39620807839469463        0.68542598113882441E-001   0.46508659291569066        0.31050827028060796E-001
   0.38045760691181797E-001   0.67715295646662427E-001   0.89815850514492668        0.31058193340456959E-001
   0.87063583584822324        0.18227389079440694E-001   0.23650271309317744        0.31129295927399568E-001
   0.93109831987381897        0.16707850971918240E-001   0.42607461499448568        0.31097009133413525E-001
   0.57189558931291951        0.20306097919603260E-001   0.85214557152859027        0.31121908189426846E-001
   0.36617584168476164        0.18824705249057161E-001   0.88324404580707683        0.30977748856657508E-001
   0.77301976810915585        0.18719763579330612E-001   0.54709232780944042E-001   0.31058122951356047E-001
   0.60638000061563002        0.67339066549576360E-001   0.99462727837969200        0.30945533473710689E-001
   0.65969920256842984        0.68507949786476410E-001   0.62488930214881033        0.31065506211749656E-001
   0.14250630554415600        0.18501734538980113E-001   0.36155972983225232E-001   0.30995092452819700E-001
   0.54472176918091553        0.67142875662802706E-001   0.14209540865604170        0.31089443551495496E-001
   0.54838923470688228        0.20350212738775769E-001   0.91980778551867892        0.30938904132079233E-001
   0.57203929379419394        0.67877010506712701E-001   0.58597921649886275        0.31080495108109861E-001
   0.59323738764472484E-002   0.68349153181250219E-001   0.32851022773211142E-001   0.30992640108685993E-001
   0.30076406243906245        0.68136309605310169E-001   0.28789872502043673        0.31055368022201837E-001
   0.34987545153101762        0.65466444156574433E-001   0.54773925861059169        0.31090532212477994E-001
   0.33160898843843145        0.18520519775853353E-001   0.44958784654481510        0.31148018620118657E-001
   0.83774811960936268        0.68478992795630897E-001   0.72212730132183067        0.31067450576240975E-001
   0.22655495048168210E-001   0.18588001508354272E-001   0.23391911247556399        0.31053878290261887E-001
   0.87903394938555779        0.68443238279247240E-001   0.81347917658973490        0.30951462560757724E-001
   0.36125151479257234        0.68488971584485484E-001   0.61315476364125820        0.31086162692391606E-001
