 3 HS poly
 400 2
 241 159
    1.0000000000000000         0.0000000000000000         0.0000000000000000         0.0000000000000000        0.10000000000000001         0.0000000000000000         0.0000000000000000         0.0000000000000000         1.0000000000000000     
 T T T
   0.56861776042376944        0.75870244295828948E-001   0.68641925166649220        0.36795734678937361E-001
   0.42895498274769267        0.26044478294191688E-001   0.78253753250017388        0.35806834055737612E-001
   0.78098978139056885        0.25983640574038677E-001   0.34666787475437966        0.35764899415246465E-001
   0.41259907968454568        0.76206153771855342E-001   0.53906756083014162        0.36841011702690385E-001
   0.76436054440289203        0.26046251355201042E-001   0.25545930715131338E-001   0.32347475347713893E-001
   0.92015605731230757E-001   0.25697560767397737E-001   0.74926071288798679        0.34675245440778650E-001
   0.48063258142240467        0.75911326213457767E-001   0.68541393970697162        0.34168031467542083E-001
   0.98536688168175723        0.75974119356391534E-001   0.77114353889296305        0.34591986624071126E-001
   0.47430199580099773E-001   0.26558829022405507E-001   0.24283471715154792        0.35433133912658503E-001
   0.95547566906701076        0.75735410818676463E-001   0.11337837990826392        0.35870477822253569E-001
   0.41368816796582003        0.75887418138904747E-001   0.64350757267658953        0.35679339366891945E-001
   0.52852876006166116        0.25833706415409993E-001   0.78678560183861379        0.35136489750316961E-001
   0.92524123301950001        0.27673694558056423E-001   0.86694181530804471        0.32293758685503833E-001
   0.63567028892406774        0.26184078974885769E-001   0.39494556837161515        0.33805417050306485E-001
   0.93137855188631236        0.76077011704945560E-001   0.97005151281715873        0.37405609140372033E-001
   0.91508934438693113        0.76732422184904725E-001   0.62739642702318055        0.34961636864157847E-001
   0.90130415892061722        0.75708760098557537E-001   0.41701513413443364        0.32639777808012617E-001
   0.25300725191503420        0.75578446082499251E-001   0.82870689279490717        0.34001265819836972E-001
   0.57357955967609409        0.75734591478278504E-001   0.77947061436157805        0.32296889299159567E-001
   0.57040493250600566        0.75545987606148557E-001   0.88775249105801513        0.33768670513946171E-001
   0.93347963332250161        0.76775963015937435E-001   0.55753969701931927        0.35260688984043449E-001
   0.98688972436034816        0.76048957066232548E-001   0.33588159871423279        0.35209145315577221E-001
   0.89335849086216945        0.26134805673947444E-001   0.75845768654311339E-002   0.35694440850051898E-001
   0.71499243330444218E-001   0.26622450861298115E-001   0.94436819341193440E-001   0.35239942206246544E-001
   0.57728285391585921        0.25561117574654398E-001   0.38452946668539600E-001   0.33614550429409647E-001
   0.57652391538108905        0.75594630892560966E-001   0.83135930514080567E-001   0.33354066887760769E-001
   0.87802502266013527        0.75874327628474694E-001   0.19040178381575054        0.37141713995300446E-001
   0.46494750747313622E-001   0.24760576220258814E-001   0.95325050828888358        0.32147861527629808E-001
   0.70767950174300887        0.75654487035420354E-001   0.84503871255174456        0.34205011251316884E-001
   0.51532905664000328        0.26297368559615883E-001   0.49027959052346248        0.35288626011957126E-001
   0.35469357069655372        0.25799570601567897E-001   0.31529101270625592        0.36533616485924340E-001
   0.83430607447372662        0.25869101407685609E-001   0.22595737365614788        0.38149338798429265E-001
   0.50239308588290670E-001   0.76392986547775377E-001   0.48703168297918720        0.33579373283656261E-001
   0.54440747270333191E-001   0.75796765729110482E-001   0.78059418410462156        0.35051063470698550E-001
   0.78213113433515902        0.26279248309503619E-001   0.65255315991389506        0.33533283831452439E-001
   0.27066527650712952        0.75832208811433252E-001   0.68733938236414616        0.36936291537203424E-001
   0.94434061385726076        0.26477009009714548E-001   0.80084799237778348        0.36174102831765108E-001
   0.50500508470180572        0.75849291626535587E-001   0.34164675238789927        0.35949889383956726E-001
   0.42436184485582573        0.75498246097392752E-001   0.94011887722581933        0.33960745922707286E-001
   0.70706195472571243        0.26746323092353443E-001   0.42692927976148615        0.37889998883393942E-001
   0.57716198682049136        0.75521444999717177E-001   0.98928679263048935        0.36474245292760908E-001
   0.95181559519763304        0.75969001487817656E-001   0.90219059564577431        0.32912397666814086E-001
   0.92212870089023236        0.75868217299353835E-001   0.48852913688402377        0.34640810504805525E-001
   0.81386397592346382        0.75932883009111093E-001   0.30503974356980634        0.36828721920572759E-001
   0.20187217888061340        0.25685525385845148E-001   0.80681367656844069E-001   0.38879100742660745E-001
   0.19355033146817591        0.75657106308423150E-001   0.32393362719439978        0.37220361967004720E-001
   0.78270971270118939        0.26174121828545317E-001   0.90163028694656380E-001   0.34717076225080488E-001
   0.57344476834311209        0.25591399056880883E-001   0.93662410938641427        0.36160514848733172E-001
   0.11154337989642885        0.24307050198057206E-001   0.39994645760551956        0.34377261689320919E-001
   0.20328066036335499E-001   0.76092294050680853E-001   0.91322701503418025        0.35901877882767351E-001
   0.85351726688462332E-001   0.25775351153735051E-001   0.81973453857265999        0.35536484129783830E-001
   0.97747541992734666        0.26073964176876092E-001   0.94231066388887996        0.36022672072228749E-001
   0.51527408871694169        0.76585748574839144E-001   0.23669966870064979        0.36137863575543459E-001
   0.61345199615643575        0.75876553032407368E-001   0.83384320533110556        0.35127159568659083E-001
   0.19594091375758158        0.25894422727440743E-001   0.94240471592161079        0.35372850885736225E-001
   0.72648644693632947        0.76626585811274739E-001   0.55086210292495341        0.34627579354919114E-001
   0.30337702945283457        0.25974816763434036E-001   0.78593130908801434        0.36848076875181740E-001
   0.21576721365605073        0.25789963975592946E-001   0.27419748167048813        0.36597375883753815E-001
   0.93083908709705676        0.25994076853601767E-001   0.37504161045757528        0.38721484293935661E-001
   0.51361639415614557        0.26005182595662125E-001   0.28990696406353605        0.36335474863739572E-001
   0.71818913874402657        0.25691698503747324E-001   0.79832414952682529        0.34993461193657038E-001
   0.61759833542279130        0.26053965119677364E-001   0.30522532541063579        0.36182060092665072E-001
   0.55825269524185384        0.26283120977735719E-001   0.34815059412800486        0.36942334338470099E-001
   0.87351127591600686        0.23482083043626881E-001   0.77524120269021879        0.36150563754218108E-001
   0.70617024422450110E-002   0.76336977680441453E-001   0.26929361015394659        0.33830980820850440E-001
   0.52461125888531734        0.25646120072696118E-001   0.88620552434624766        0.33926014942416378E-001
   0.97770795481542527        0.76080925265511815E-001   0.40767690024269332        0.37101775747075065E-001
   0.85811417063141093        0.26310533905452058E-001   0.85348948390019630        0.34270266429460405E-001
   0.96685178658720994        0.26796984689509286E-001   0.51739029872277120        0.36928849290953455E-001
   0.57034682306598761        0.25866291898522954E-001   0.63095632960102777        0.37761501620779243E-001
   0.91776366121859310        0.75906124441581221E-001   0.32216289873598997        0.35155291114923319E-001
   0.56121745201943329        0.26057670057504458E-001   0.43582001438902374        0.35901840441552917E-001
   0.46460393978030839        0.26131434398241088E-001   0.53929418976551413        0.35182435167994394E-001
   0.33571213875860323        0.75418721898498561E-001   0.94696142373220937        0.36018357873232473E-001
   0.66887141613938306        0.75949815825610223E-001   0.31710344355725911        0.35278950460256531E-001
   0.82353643781738828        0.26526528941263863E-001   0.70562826527128897        0.32707571999365019E-001
   0.64379800316849656        0.76523891277208086E-001   0.54116314277899868        0.36389894783276908E-001
   0.17919986089420048        0.26276424260374867E-001   0.41971889591875167        0.33036728409103197E-001
   0.74206517959083718        0.75811129213499515E-001   0.31395557350767228        0.35351527357495860E-001
   0.10978738746614311        0.75901618565042572E-001   0.86312462043829175        0.34865509910146038E-001
   0.83546190492415529        0.26778406113583248E-001   0.54786722931000509        0.36682697056582225E-001
   0.74547508686527408        0.76152319306662553E-001   0.38608997451573901        0.36793662263286626E-001
   0.67584939092352214        0.75696108208009982E-001   0.69020560648824769        0.35638574650096233E-001
   0.90791974374388906E-001   0.25452243329655441E-001   0.46488319075736068        0.33785382467301860E-001
   0.78860139150496733        0.76010692427903884E-001   0.91969037145355748        0.37649675401055856E-001
   0.13470968996962973        0.76238098478554062E-001   0.44466293023853271        0.35174551796709634E-001
   0.62545714561200405        0.73436482770235345E-001   0.38928077801151581E-001   0.32617527801760519E-001
   0.23551211807460642E-001   0.76454453271963430E-001   0.19709302045542593        0.36343561830455097E-001
   0.77260593988233595        0.25881201953759831E-001   0.27753935884145331        0.33515419249574394E-001
   0.88404891717494616        0.76007956180702274E-001   0.11766679984733366        0.35662738657864325E-001
   0.97514610229946808        0.76461171731869490E-001   0.83892136381326721        0.33742103476580937E-001
   0.31164139605823582        0.75757421755065349E-001   0.34474872789133132        0.35463213175003415E-001
   0.71827042276704189        0.24022286158943855E-001   0.14677706613590341        0.31591434450905315E-001
   0.41989911673851499        0.25592013763345953E-001   0.98724220472671953        0.34785350053347930E-001
   0.35348310238511799        0.76112268805747688E-001   0.26430555328249766        0.34653273284605768E-001
   0.37734241394246076        0.75885061320974209E-001   0.88802992944353099        0.36110630803110867E-001
   0.66323648055926454        0.25621467701534201E-001   0.92836605910985082        0.35602748714466510E-001
   0.26192932359064269        0.75840179540712704E-001   0.76362668081964891        0.31576272683369336E-001
   0.26553650788762811        0.76359113098901421E-001   0.47471900582977100        0.34716650704529332E-001
   0.33271083412173225        0.75443254591694028E-001   0.47568410035871082E-001   0.35494064433521044E-001
   0.43168909043187348        0.26288861952707094E-001   0.87761487206245672E-001   0.33991776330639233E-001
   0.78431764032780127        0.76499033317192475E-001   0.60220817658414982        0.36867810676970994E-001
   0.84216753088624341        0.75965493598304151E-001   0.97339911522005951        0.38184489493723703E-001
   0.22856347948378325        0.24629360674442855E-001   0.78985129215574601        0.33025917938982276E-001
   0.18464566158413553        0.75701476280596466E-001   0.88740940008910851        0.38212533516597279E-001
   0.21950679133855835        0.26526084868023027E-001   0.49464929991408157        0.35977731193781816E-001
   0.11101489743556479        0.26120165690220212E-001   0.27300826870895878        0.34889747780406453E-001
   0.15621569775581481        0.76004126054612375E-001   0.58179934630727748        0.36129205247263631E-001
   0.15895470134933276        0.76181639313207025E-001   0.25983238277091886        0.35539460795182429E-001
   0.41333856974258681        0.26042248552051780E-001   0.27750048850019871        0.33221999621820021E-001
   0.94937989445935500        0.26201014132307007E-001   0.44798988482198149        0.32967028322713539E-001
   0.52510893518262547        0.25550041841944055E-001   0.99253994723018013        0.35739183683264154E-001
   0.12584580702722050E-001   0.77049614192164273E-001   0.54664845210859092        0.36649449932020683E-001
   0.11335409396628561        0.76129888064511597E-001   0.51010508190936665        0.33613530977181012E-001
   0.43234924798403213        0.76328069073914068E-001   0.13370257116576970        0.33804362364829525E-001
   0.71558432734769883        0.75586105988624253E-001   0.93616626967910754        0.37101349541348617E-001
   0.62891335329800935        0.25485686234678631E-001   0.99067600382775467        0.35463155269973463E-001
   0.96974876812803612        0.26207718113041983E-001   0.13054786909795658E-001   0.34268344900165219E-001
   0.37867595446967722        0.76033127211285356E-001   0.78177684740926989        0.34990297754872939E-001
   0.76913885691701589        0.25899888550939155E-001   0.75172901609104625        0.34027583024784931E-001
   0.20630140412972248        0.26240397421879821E-001   0.15882131384186229        0.35983496579341100E-001
   0.22116128691487377E-001   0.26473772068271235E-001   0.44301449125308195        0.37979649702522975E-001
   0.67102000259170536        0.75933583024956952E-001   0.91800743368326707E-001   0.37201653382092588E-001
   0.53812382786602192E-001   0.76725426787109710E-001   0.36036740930043287        0.36041839753446041E-001
   0.42760447494210824        0.26260934063002919E-001   0.18462837546779176        0.37493675028616093E-001
   0.30506366226218658E-001   0.26879402354530804E-001   0.59720945475115794        0.36446080268016892E-001
   0.16472146783852776        0.25790855110591312E-001   0.69162252287985648        0.35841787702630593E-001
   0.56728900006913707        0.25582678430135293E-001   0.13413251388654535        0.38469878016245532E-001
   0.22887500067931046        0.75739755284196186E-001   0.39014680288706133        0.37617614892980773E-001
   0.30342597211945155        0.76406873942519202E-001   0.20056998922023611        0.33704470075169336E-001
   0.66154725770334100        0.25686129945583308E-001   0.83809580876710921        0.34130065797566930E-001
   0.37610894793281452        0.75878604529391894E-001   0.17679422270024631        0.34415866898204903E-001
   0.62652397186041697        0.75822108643277805E-001   0.63603955306782001        0.37560051607494344E-001
   0.33547302876036295        0.25889871575760712E-001   0.68694944007094938        0.36341239129330322E-001
   0.72855709580032391        0.25458547859286404E-001   0.61080641818616410        0.34274472263477046E-001
   0.98874370592855965        0.26547872865697403E-001   0.15743848907763364        0.35005435304829448E-001
   0.83459005378045181        0.75704531643186967E-001   0.43784839709209800        0.35866168767426779E-001
   0.36031455959791103        0.26246280961115288E-001   0.53660439007921368        0.35394852603062507E-001
   0.37215318060236979        0.25868975590919521E-001   0.83419609430383979        0.37513196639331330E-001
   0.67762060827079629        0.75677906478970269E-001   0.99683605624550242        0.34442744085450408E-001
   0.46735165129996292        0.76158217579624377E-001   0.49188235638118588        0.33718138569151644E-001
   0.25188888326835279        0.75554621279320264E-001   0.51771910093441176E-001   0.37436147171628784E-001
   0.46463079599388446        0.76072598579762937E-001   0.58841013514717144        0.34746748664684149E-001
   0.32088414525844172        0.75944178523817157E-001   0.83333813336465723        0.34011595413311661E-001
   0.48137710334445211        0.26015713982994959E-001   0.73411020497229640        0.35552521819540328E-001
   0.46496405973614774        0.26018526326118341E-001   0.63860257714943103        0.36004376720575978E-001
   0.72351636466919467        0.75975638171762533E-001   0.23942731671916989        0.33972260182663791E-001
   0.79927514167829006        0.76167222466311080E-001   0.47944957689835116E-001   0.32509974237839225E-001
   0.88422442092866571        0.26336744060761887E-001   0.66843736607677129        0.36072043590125738E-001
   0.79653193793872548E-001   0.75906980621753106E-001   0.56918291565880275        0.34077440371254701E-001
   0.77691183736458314        0.75883150083583817E-001   0.70528637141812245        0.34640517133955995E-001
   0.84583566441431368        0.25774091626966190E-001   0.14980486432401349        0.34764833059997877E-001
   0.99641760094594786E-001   0.25744787091622458E-001   0.61058023198436873        0.33723243195088674E-001
   0.23171771484638920E-001   0.25908305603862310E-001   0.74287415433776527        0.34070233491972336E-001
   0.13395055914972875        0.25839293803823854E-001   0.90750792834819793        0.35596065437988746E-001
   0.28725137974447901        0.26416575149315474E-001   0.52334091971675689        0.37002045023465914E-001
   0.86299798231542924        0.76670180433349042E-001   0.58504776257309987        0.31326959743988629E-001
   0.32377631397631568        0.75889036396061288E-001   0.73737665878489578        0.35600809915344478E-001
   0.85593829826989987        0.76768958928122660E-001   0.50349187392011652        0.33163647268657871E-001
   0.83026621066219430        0.76550276693283903E-001   0.65889980067082765        0.35960598881969202E-001
   0.56659756047718823        0.76587564773643424E-001   0.29335597300075023        0.35350386422539778E-001
   0.60969338152284580        0.75969152297885950E-001   0.35521421618589294        0.34875094711118451E-001
   0.48179851701269327        0.25763049716921522E-001   0.13580451414344705        0.35418625627187172E-001
   0.72569601955548557        0.75977619008463060E-001   0.44432761932854829E-001   0.33193390562216721E-001
   0.24027844232775070        0.76078152675296676E-001   0.12196913731214723        0.33261421171308647E-001
   0.10023372401167518        0.76415643060258776E-001   0.13733470652626803        0.35026400629132100E-001
   0.47482906122105895        0.75790666220027364E-001   0.88981999090161068        0.36456838998214731E-001
   0.96409832925141714E-001   0.76543241274758186E-001   0.21706790739884960        0.39102707592898307E-001
   0.58163614221587856        0.76075575647180316E-001   0.57841991513930635        0.35450498115125406E-001
   0.81672549672424377        0.75807489835233083E-001   0.76837371157882262        0.36768076228844364E-001
   0.42586896832988735        0.24651245253059947E-001   0.88582529524186171        0.32636105471485613E-001
   0.91703890995582427        0.26041643008853223E-001   0.15505341393531305        0.34902293742532217E-001
   0.23773226186810520        0.76399130637291965E-001   0.54364376344689358        0.36160738769902667E-001
   0.45181631954888662        0.25902903871204998E-001   0.33706607274993894        0.36909549845309565E-001
   0.38068275098236065        0.25871584046114511E-001   0.43389647819984098E-001   0.33599094807009240E-001
   0.46140193930214546        0.26146300582180062E-001   0.44155937491171893        0.37285944214312076E-001
   0.62797971484418691        0.75827730827248946E-001   0.74148224058247303        0.33969745636509362E-001
   0.47919379065754281        0.76054533574769267E-001   0.78606381188523256        0.34908057827499811E-001
   0.31685673520536622        0.76387650865252538E-001   0.41518398484441776        0.35138694619031519E-001
   0.26992625083344191        0.75773001397368922E-001   0.26394700904336588        0.37770604422049742E-001
   0.27049556268543062        0.76416378184600883E-001   0.60463824886414863        0.33052853907154379E-001
   0.89916913264827469        0.76475361615755827E-001   0.82627725799344209        0.35794451115138515E-001
   0.17326585800619426        0.75697107256725890E-001   0.12360991646940862        0.32943270164440756E-001
   0.41402819481741898        0.76231752188752694E-001   0.23314477220473412        0.33434101068121565E-001
   0.88131555064148070        0.25724420176884689E-001   0.45964088405890746        0.35928683022692531E-001
   0.60021049837139639        0.24910728877719779E-001   0.49295467827939826        0.33220571539187851E-001
   0.39933813019498532        0.75806766668105083E-001   0.34175303197662116        0.35431830661842620E-001
   0.27838550885406297E-001   0.76558080713245158E-001   0.12325084499463849        0.37027573331813030E-001
   0.56741561365564741        0.75587008912865405E-001   0.18820435690456638        0.35000664201102316E-001
   0.88251791064781204        0.76058487085277265E-001   0.89493763778129154        0.34844893484480687E-001
   0.73101464396952187        0.25628239647436109E-001   0.88668764436363301        0.34878967688790716E-001
   0.98732424228663707        0.76353572678836024E-001   0.63007839181155512        0.36630035503035722E-001
   0.87520597217240259        0.75746795842817169E-001   0.26421247223463806        0.36721549575037045E-001
   0.73401449459471280        0.26777373785363708E-001   0.50100039159489884        0.36198473989138162E-001
   0.74566557889654328        0.74189928902573740E-001   0.17676466124827245        0.32457925044068782E-001
   0.85206774738919244E-001   0.25251585422407626E-001   0.67829974701919049        0.35256229829832314E-001
   0.46098807309455997        0.75989331215235184E-001   0.28451471425733532        0.36092343987748673E-001
   0.85808547934283119        0.25887422184016618E-001   0.39198996052654889        0.35427950855056109E-001
   0.76440964187294302        0.76747127876410998E-001   0.45726396888039567        0.36801443870163250E-001
   0.47244963936291190        0.25515296382744170E-001   0.94119134207579824        0.35028467985493424E-001
   0.95876600985751281        0.26051614884442194E-001   0.29742216351185130        0.33832568093327298E-001
   0.61723648125087716        0.25828743054874450E-001   0.78623030193528098        0.33913286127358333E-001
   0.42688937088936263        0.76040119158407318E-001   0.83477469697594764        0.36489045629013520E-001
   0.14880942995457417E-001   0.26589158634180002E-001   0.81262800055944640        0.35200772185799839E-001
   0.85150015698058024        0.26001179358695444E-001   0.80737651452958470E-001   0.34484546346719026E-001
   0.30272374713960284E-001   0.25901141486409193E-001   0.31138253598221488        0.35201186334159917E-001
   0.13154914960808056        0.75680550072639852E-001   0.72582028769441120        0.33121132980532764E-001
   0.99638795393744339        0.76062233723145384E-001   0.70193999751856773        0.35335697160131130E-001
   0.95124951654568135        0.76148015933245716E-001   0.19226890130029523        0.36102572648603316E-001
   0.37068479901002227        0.26245199380389019E-001   0.44488147943933870        0.35749134974035056E-001
   0.32689538395271928        0.75950375112247323E-001   0.63948502553811359        0.33076840102758763E-001
   0.34012953283302383        0.76390516070908812E-001   0.48865560559391286        0.36268000133791577E-001
   0.16234785696431300        0.25594680167060416E-001   0.76476194433896838        0.37022305840638974E-001
   0.66492682616803556        0.75873197565186359E-001   0.17871902069468404        0.35026983509362439E-001
   0.93037253378136142        0.76099544961488796E-001   0.44679995280266067E-001   0.36654700601099467E-001
   0.47168734871855783        0.75582750153243061E-001   0.99366348804628180        0.37366261217255482E-001
   0.84124680386443618        0.25967111481824120E-001   0.92026299368398901        0.34576451283614966E-001
   0.61646799294710819        0.25600421483834859E-001   0.18868477428826222        0.34970107597869525E-001
   0.52299469380156960        0.75733083830360648E-001   0.94255966340552000        0.34848324922402037E-001
   0.72716975499405478        0.25617123191836469E-001   0.69541160918109945        0.36131277486217507E-001
   0.86629689800337284        0.25894011936512053E-001   0.31744529545712064        0.36574066461120616E-001
   0.86974082670388964        0.76265109921357516E-001   0.71880207577675870        0.35754787014600289E-001
   0.89418347249474381E-001   0.75797024400261023E-001   0.93015352710143184        0.34982745197977498E-001
   0.70427077867517174        0.25788420466203027E-001   0.28252093922035909        0.34613565829894076E-001
   0.79135709999906012        0.76808185189889841E-001   0.52312981632788924        0.34332551805693959E-001
   0.13045843144928526        0.75746246959577213E-001   0.65065050164583560        0.37270109851383119E-001
   0.56793836737641124        0.26802883542667785E-001   0.24133592705465293        0.36467469146977655E-001
   0.15502338284671596        0.25450567884156089E-001   0.83841541936794228        0.36559030014396025E-001
   0.51308620800605931        0.27002987791322458E-001   0.58819358113717157        0.33662531580554121E-001
   0.59651781101580953E-001   0.26494708705037031E-001   0.16289355639166794        0.34128944294050854E-001
   0.20316754775831689        0.75791459066134395E-001   0.72815188028211630        0.36977402970593716E-001
   0.64174861321747254E-001   0.26053318952754947E-001   0.88742981467874682        0.35247053321558620E-001
   0.21829552425663754        0.75839301978302229E-001   0.21372086210526667        0.34059967958814288E-001
   0.70467835738003748        0.26076989420555252E-001   0.35288824023067783        0.35690807542856071E-001
   0.45218602091462112        0.76090633894108889E-001   0.38952234561498239        0.35326931016487331E-001
   0.71951033670917530        0.75792941087239288E-001   0.74742329649404415        0.36293628063927198E-001
   0.95309541031461298        0.26317845150559599E-001   0.72951483473556045        0.35541920213277144E-001
   0.62296270080660743        0.25825167103265670E-001   0.69130013122157241        0.37019529878080937E-001
   0.97873513982066906        0.26058449588213791E-001   0.23277596509833456        0.33790383302961968E-001
   0.31153838299288417        0.75442213354020668E-001   0.12991430825381450        0.36550542263622476E-001
   0.47764203703516706        0.26039255196014327E-001   0.83530678309562179        0.34726127987100154E-001
   0.37165157578666969        0.25954158498526184E-001   0.62983162667851422        0.30965731325663076E-001
   0.28621030761725424        0.75591224309998040E-001   0.99243234443790262        0.31069469381297343E-001
   0.34962711793525704E-001   0.24453136029842049E-001   0.16881213264768154E-001   0.31027048167902749E-001
   0.15932903801934681        0.75955559389691896E-001   0.18609389783063846        0.31008957851078042E-001
   0.22796216109404113        0.25773314856798818E-001   0.66977572119973727        0.31014800003876894E-001
   0.24727014104801581        0.83201708141160513E-001   0.94447877344481035        0.31125626127089998E-001
   0.19032500012224011E-001   0.26043210503750219E-001   0.66418395543801245        0.31158242403990673E-001
   0.19360833353440021        0.26063563527716389E-001   0.55653089771414399        0.31091663052616906E-001
   0.33355723060389586        0.25714770333030986E-001   0.17146150173410632        0.30989997825737345E-001
   0.63596122582565828        0.74838525881168141E-001   0.47390149274604593        0.31066917218460225E-001
   0.61592993200748991        0.75384565911463419E-001   0.13426139397954953        0.31032126019893396E-001
   0.20239473545790937        0.76994765321063960E-001   0.98712609114188044        0.31068572266310830E-001
   0.55926018843092562        0.75189118271731831E-001   0.50155081061277851        0.31117221986720171E-001
   0.60997991990268355E-001   0.74633928022317039E-001   0.99005714995018723        0.31038637041452564E-001
   0.15252460757214364        0.76041815606870747E-001   0.94984860701744211        0.31074138478153161E-001
   0.93081368785385921        0.76280857189648291E-001   0.69151524246455098        0.31039631493389626E-001
   0.76081917953548261        0.75743371329682674E-001   0.80706746735542401        0.31091625432032637E-001
   0.20492973206852719        0.75597324064390500E-001   0.63872402855023780        0.31058259968331777E-001
   0.13673067453742110        0.25777246188220717E-001   0.10698262539773266        0.31043076015165112E-001
   0.91835370998164578E-001   0.26894490815800559E-001   0.33628332867503730        0.31093351730092068E-001
   0.52533090597944965        0.73572908881955112E-001   0.39048615363945292E-001   0.31050919535926157E-001
   0.16185900347061605        0.27826063647788026E-001   0.20823019417932722E-002   0.31026334073928810E-001
   0.74476215341354368        0.75891816291610639E-001   0.11160825179710013        0.31171704518444789E-001
   0.41674063811912671        0.26240567443132270E-001   0.49327661424270952        0.31000570514393543E-001
   0.22999453854891128        0.26669247413894759E-001   0.60692160609487034        0.31039379850852870E-001
   0.64960228056526459        0.27432630556298795E-001   0.24599478364383356        0.31151188883134392E-001
   0.50163880345421352        0.25952180675454697E-001   0.38625244882093446        0.31053487967517845E-001
   0.52184825501494247        0.75577854470369812E-001   0.11733266642465252        0.31066628189679969E-001
   0.78523342776247906        0.26483206549132145E-001   0.41375368223239767        0.31079772608400110E-001
   0.92011529613695375        0.76589744782266100E-001   0.76274613750208353        0.31085736345474881E-001
   0.28418227203815177        0.25877182918145530E-001   0.64316002873242173        0.31084089624841837E-001
   0.30496747463069313        0.26353451069458651E-001   0.45733152398397287        0.31112942667533113E-001
   0.55785078966421475        0.26082699564046598E-001   0.54136021845584192        0.31097849228411110E-001
   0.18810214318664725        0.75309027085946390E-001   0.80564311189439375        0.31090767925644129E-001
   0.79368990726862654        0.25799863234555378E-001   0.96671619459940694        0.30935923119181096E-001
   0.38346680516761328        0.28550518381468576E-001   0.13218677822946984        0.31034398531572891E-001
   0.38039439183241019        0.76108913799459665E-001   0.70163832879947119        0.31158962690704513E-001
   0.65644066213100594        0.25947947310310044E-001   0.13611512266777367        0.31071571116294942E-001
   0.82761068964005813        0.25953553046725288E-001   0.19345800032115779E-001   0.31050060539344931E-001
   0.52150414844217197        0.25795777237964886E-001   0.18977005446705175        0.31093180511655751E-001
   0.33650440959504585        0.25399160635400233E-001   0.91454409727486127E-001   0.31086610325149748E-001
   0.17221416452637345        0.75667434090247676E-001   0.41565222203444212E-001   0.31070037291913773E-001
   0.12203754640033126        0.75830542619906960E-001   0.45634249560681716E-002   0.31086548095490288E-001
   0.10359697819954147E-001   0.25960686611702217E-001   0.37462623868554129        0.31045858238668626E-001
   0.98662626253262131        0.76593993543331781E-001   0.47533444792685076        0.31086563099138230E-001
   0.96301875922528846        0.26701022852125833E-001   0.59005404853707222        0.31121017375227270E-001
   0.42210126259978087        0.76077160782495323E-001   0.43339300869468002E-001   0.30993382234853512E-001
   0.66716226559976777        0.78052603879659954E-001   0.79385837623589950        0.31005894442548754E-001
   0.78853072897484866        0.75911732968604928E-001   0.23977493011858478        0.31002486790747574E-001
   0.17812876960971147        0.76535840420308907E-001   0.51248521410173886        0.31042797566883790E-001
   0.29353478126785598        0.78040864813526872E-001   0.89443889832336432        0.31042254224528769E-001
   0.37848030196056509        0.75414017754295459E-001   0.99909398371950486        0.31066274366105592E-001
   0.29285146589973582        0.25497259445191479E-001   0.28964377351056520E-001   0.31010718515410294E-001
   0.56944286027727398        0.25464857647314754E-001   0.83896400249525649        0.31089899473516609E-001
   0.46847917830672603        0.26217169231546485E-001   0.23980701818449593        0.31052944003571250E-001
   0.22061626269163093        0.25611002548099324E-001   0.85488609681915795        0.31046357738519697E-001
   0.71719403625507494        0.26027663452296804E-001   0.84152044913361146E-001   0.31073795682333441E-001
   0.73793909722087125        0.75562808505222068E-001   0.65183530098527975        0.31000694013474404E-001
   0.37317722538200249        0.26077166175441702E-001   0.22638576533495527        0.31067695061703964E-001
   0.32166522764345029        0.26038239936305736E-001   0.59313119983836748        0.31031280125525400E-001
   0.25248439400534611        0.33217950612973425E-001   0.90773158029596213        0.31083164459304358E-001
   0.34239256250288203        0.25377802858602406E-001   0.99125652832322364        0.31037144908129168E-001
   0.41828187632703151        0.24362915759058093E-001   0.69040554627690953        0.31084231812763152E-001
   0.23872676075243546        0.26728315088765987E-001   0.99586807633002528        0.31132850005682236E-001
   0.50982312946972785        0.75120913184651167E-001   0.44220788811803613        0.31065487499695808E-001
   0.27326127069790329        0.25937293038540483E-001   0.15568408638773718        0.31007901261566936E-001
   0.33066101635580525        0.28340112589143873E-001   0.89819408338860451        0.31047538532795255E-001
   0.34609842896080062        0.26114355322613844E-001   0.38276619430328868        0.31002925687098094E-001
   0.60419257509632285E-001   0.76642113093047165E-001   0.52172368523476155E-001   0.31084552707480739E-001
   0.70885925903360250E-001   0.75856523586281643E-001   0.42544631330645505        0.31082877656539179E-001
   0.51265294772594283        0.74136018790527988E-001   0.54299453485993165        0.31095033819529886E-001
   0.29165968154369371        0.25360857322924858E-001   0.95541602544767257        0.31061818799148194E-001
   0.61953277800449214        0.75538738063064548E-001   0.93605487666713638        0.31010499228612820E-001
   0.90918068860410306        0.26079251568960668E-001   0.92873751817122574        0.31111600073063482E-001
   0.52057385465072492        0.76083784485651340E-001   0.63100166190154583        0.31018270417889304E-001
   0.81740912321361703        0.76276165875349480E-001   0.84260564314753350        0.31037137587314086E-001
   0.28387567074880193        0.24405272916818758E-001   0.38310695836462838        0.31161551591071646E-001
   0.67753730264092271        0.76403397663695555E-001   0.38919659908027798        0.31072277343311552E-001
   0.69779150072068852        0.25892009118878536E-001   0.20671829575604950        0.31001525155336232E-001
   0.81728970472131812        0.76034083390519647E-001   0.37294942821388710        0.31155137288906776E-001
   0.12472972032227496        0.76224834059245961E-001   0.31703379746226357        0.31076029527315613E-001
   0.75946208937977089        0.24501642193485815E-001   0.21429056168350605        0.31073301468826399E-001
   0.66473269711556282        0.24857581252418669E-001   0.49758847391594813        0.31080993475667666E-001
   0.20154352366127321        0.76246572076169125E-001   0.45332661954970177        0.31072855669847854E-001
   0.47343051327101932        0.76372156245993084E-001   0.78473284817874703E-001   0.31008739699047504E-001
   0.24924670550225336        0.25842688125989634E-001   0.72802653466428635        0.30978614068224414E-001
   0.10826593538821494        0.25750610303755146E-001   0.96980310216139498        0.31122306463686838E-001
   0.60340886841661145        0.76193737155484526E-001   0.42096135278224239        0.31077869021073103E-001
   0.57707049900898658E-001   0.76370598479265500E-001   0.64224565576861059        0.31137147193370695E-001
   0.56737070261433042        0.25860723543744607E-001   0.73265434538359853        0.31160284097210677E-001
   0.67210771014980419        0.23379768756127489E-001   0.41441001430909820E-001   0.31084181389045288E-001
   0.40150350723997717E-001   0.76620089968254312E-001   0.84890755754456648        0.31155123378986928E-001
   0.28548595174968239        0.25833662744329002E-001   0.85559619903154138        0.31056594716942151E-001
   0.99841143202872440        0.75546033830620030E-001   0.47012115592890306E-001   0.31123065730928701E-001
   0.24741879589819168        0.25903907084423673E-001   0.43368462232292554        0.31068026135783012E-001
   0.76179631250595847        0.76082913874440147E-001   0.98654942586284844        0.31075728946152719E-001
   0.86258493094042865        0.76016394052601521E-001   0.39709563377659053E-001   0.31120728177504702E-001
   0.54788685527280889        0.76217611031914642E-001   0.39315445593433429        0.31016968568738520E-001
   0.26009110057911228        0.25913133427273829E-001   0.21670455489948989        0.31070879660526820E-001
   0.15317623425982976        0.26398938406460001E-001   0.48480550840857739        0.31006001852075114E-001
   0.47659115149485559        0.76137677328822262E-001   0.18142472590566819        0.31038547736390698E-001
   0.23595292437951382        0.25624211668078420E-001   0.34330022889084588        0.31113361782108533E-001
   0.81050002359627071        0.73237878316165850E-001   0.17978170125305293        0.31143338139387407E-001
   0.61653222971727262E-001   0.75176611266955864E-001   0.71492314530524459        0.30981657752425885E-001
   0.27381744318162610        0.25477125561043226E-001   0.93591252249699441E-001   0.31020558215859095E-001
   0.95399582877599665        0.26604462933178086E-001   0.66170528130585748        0.31038236245907812E-001
   0.52519831319835830        0.76025696206474674E-001   0.73856478571653694        0.31055571214024184E-001
   0.78035165460804512        0.23406706665814115E-001   0.15582915609921624        0.31009031523976119E-001
   0.61377633291113920        0.23927932801251620E-001   0.88250553826532141        0.31064924681670544E-001
   0.89906914076769395        0.25828656658995586E-001   0.52443979098163618        0.31033471532186933E-001
   0.15322350621898190        0.25755761927967247E-001   0.34737999783757290        0.31078202768266845E-001
   0.99939807191426566        0.76039001328469413E-001   0.98185283046972049        0.31060369805202249E-001
   0.99192514388477948        0.26536058630413258E-001   0.87671159657972919        0.31078174636837198E-001
   0.38180500460692118        0.25778560435951742E-001   0.93347095362624610        0.31103485857310539E-001
   0.37859370579081364        0.26091269501249698E-001   0.73865883904028062        0.30985304760191887E-001
   0.76844448705547430        0.26599097281402525E-001   0.55886709491214770        0.31097568019516079E-001
   0.12536341479318050        0.74365550517908968E-001   0.79724692348440174        0.30978149799786633E-001
   0.53034399549696110        0.75097792507524644E-001   0.83209183326262315        0.31081467858258910E-001
   0.60458881171524162E-001   0.27381507534565058E-001   0.52875614219899658        0.31014039983398547E-001
   0.90065963666213966        0.26692092074700725E-001   0.58663555256371069        0.31087312863931411E-001
   0.61378861795037398        0.77414983057073186E-001   0.23543904896423723        0.31174690841113871E-001
   0.43326220316018910        0.73079132550355252E-001   0.73450500292556120        0.31060584700653097E-001
   0.17640991594223160        0.26033559480114835E-001   0.21899470717081279        0.31135224433956443E-001
   0.11895746045044107        0.76039351885357861E-001   0.73848469681251444E-001   0.31150917090096594E-001
   0.95621437880493737E-001   0.26178837035008035E-001   0.31580541699678298E-001   0.31126323148393330E-001
   0.79799142264696010        0.25944174190178616E-001   0.81067472698001819        0.31077086675138324E-001
   0.69808443025709954        0.76713211890671568E-001   0.47377180977398159        0.31058052912275542E-001
   0.28733077975538063        0.25749062547356000E-001   0.30814915332465420        0.31063434158858150E-001
   0.94276785769216787        0.76146156917879723E-001   0.25912424111701915        0.31020221924840326E-001
   0.65588081203033954        0.75537148584813765E-001   0.88478356956747695        0.31066184595848700E-001
   0.91757869504514589        0.26190894286997241E-001   0.88621345824775322E-001   0.31012267810845626E-001
   0.79563766718605367        0.26029614821713440E-001   0.87293952195390156        0.31147437940542328E-001
   0.84120987230120636        0.26641296415971627E-001   0.61550112262716461        0.31064520777578916E-001
   0.12371815315992114        0.26200083376172818E-001   0.55022178713770964        0.31154864840677480E-001
   0.17028429143215013        0.25940346226568912E-001   0.62447046740742296        0.31019192869683257E-001
   0.68475964640436549        0.26553407121522772E-001   0.56226417228973469        0.31058870085616239E-001
   0.41812932061919317        0.28616313038750136E-001   0.58790747076728922        0.31110380017224524E-001
   0.40815221156381065        0.25932824666836909E-001   0.38917731525750837        0.31068208450976659E-001
   0.68711353085525573        0.75504654613058983E-001   0.60345311980819938        0.31022315327178914E-001
   0.81668189959366000        0.76320391719643041E-001   0.11743099421951539        0.31081806985832960E-001
   0.38054693969628733        0.77805970865866297E-001   0.94221794725471972E-001   0.31000892591348056E-001
   0.67311804013421594        0.25712750151554033E-001   0.64534168693909799        0.30996646078195845E-001
   0.32048031669914251        0.76448358419731466E-001   0.55556541179847396        0.31091402748427820E-001
   0.62540088394295723        0.25734395197804263E-001   0.58601525324428128        0.31077597974315880E-001
   0.67087201652651240        0.27094919627553251E-001   0.74791315194302066        0.31019859059412680E-001
   0.47651946555419422        0.25514890564608497E-001   0.40328129612267019E-001   0.31126294476175122E-001
   0.12415454540372162        0.25874517035766344E-001   0.17421146944169799        0.31069489935516038E-001
   0.71764693817819225        0.25647206500784076E-001   0.98259904745566429        0.31105285784968035E-001
   0.16045167052436668        0.75845036004002594E-001   0.38364601700207390        0.31037034817405312E-001
   0.52258962698822664        0.26062273622523127E-001   0.68081106241053180        0.31148010120943398E-001
   0.62511861365983112        0.25630855345623878E-001   0.82190240437334083E-001   0.31113953677446311E-001
   0.37053744128803373        0.75846486285964784E-001   0.59241196299911880        0.30981679345818889E-001
   0.99432036584504868        0.24713327201909979E-001   0.85347208850158104E-001   0.31030876566086503E-001
   0.68893613175996946E-001   0.75744615598529491E-001   0.28943111425180745        0.31118078706771621E-001
   0.31447355543998007        0.26170101442896859E-001   0.24687195781172813        0.31026104003344795E-001
   0.52581952629840067        0.25153557189658365E-001   0.78182252470967967E-001   0.31025121996451403E-001
   0.90908894840533971        0.27848071968089552E-001   0.22832687803796847        0.31098788056362715E-001
   0.81028249048146817        0.24774847800698736E-001   0.48189597885044838        0.31021240619408027E-001
   0.41473188286226359        0.76062085554228831E-001   0.45245364117730963        0.31075418814120327E-001
