 3 HS poly
 400 2
 241 159
    1.0000000000000000         0.0000000000000000         0.0000000000000000         0.0000000000000000        0.10000000000000001         0.0000000000000000         0.0000000000000000         0.0000000000000000         1.0000000000000000     
 T T T
   0.43094426864709590        0.98017823208534763E-001   0.64826828637545930        0.35654124594158045E-001
   0.19303981141644522        0.97995158912186159E-001   0.64097531077415038        0.37216305562502605E-001
   0.25358692632053670        0.47885332988175489E-001   0.73831935148115646        0.36213876596442138E-001
   0.76636674532177818E-001   0.47361087713160333E-001   0.16813418966137014        0.35360255372871345E-001
   0.51611865534605728        0.97499909904645812E-001   0.90829034146948451        0.37785771330798412E-001
   0.51763938796439268        0.48879041561334151E-001   0.30168882443560304E-001   0.33784254429562025E-001
   0.89689090089258139        0.47815372642719969E-001   0.39146662179928343        0.36251530116226865E-001
   0.59527181206025359        0.97916083100318518E-001   0.50918438865196358        0.35748575328352648E-001
   0.67759528474295150        0.48302155956700468E-001   0.50710389964771951        0.35896717459376261E-001
   0.16158408753210671        0.47577092575302585E-001   0.94137431454077314        0.37988005038134452E-001
   0.77663766992010186        0.98046260505599211E-001   0.34113651208536089        0.35965246649086374E-001
   0.32556211623511949        0.47554606123050229E-001   0.94828424869279648        0.33320969940517933E-001
   0.26457418029090496        0.97461697835483030E-001   0.88101821930321789        0.36097665418919227E-001
   0.53912404345006082        0.47168353700818524E-001   0.95654345310150457        0.34331634631530335E-001
   0.31599405452431967        0.47470023174786095E-001   0.88005630322118333        0.35323341956219223E-001
   0.30655538080951852E-001   0.97288185008147426E-001   0.65753078742510213E-001   0.35509286335480700E-001
   0.77138310197482574        0.48141304942191189E-001   0.45693833721447324        0.34781517988269298E-001
   0.44181578597980919        0.49400936757152382E-001   0.44855831188307599        0.32512475521656745E-001
   0.85533703739784483        0.97765577905896822E-001   0.17371591903294570E-001   0.33117678267253828E-001
   0.62257494565610849        0.97918722244426659E-001   0.60920525026228178        0.35420576859725016E-001
   0.17793270751711085        0.98019795879440569E-001   0.21997991542405626        0.33694960909472951E-001
   0.20623758745289936        0.47842734485151063E-001   0.79310482184318842        0.36138473286894790E-001
   0.64519463886965311        0.46574536593542049E-001   0.77331082924630845        0.34318078347291253E-001
   0.57952223520176549        0.48031279634759685E-001   0.20385147108422449        0.34329105391957639E-001
   0.39325359717119979        0.47571405145186180E-001   0.97176390124140388        0.33188381667142823E-001
   0.90425564840855621        0.47599333145446066E-001   0.21390123364788258        0.34746504126823806E-001
   0.83878422254883933        0.48145948003904655E-001   0.76246802705674444        0.36293624201220107E-001
   0.25082703624076447        0.47021664477059341E-001   0.52456742598596791E-001   0.33335881542644795E-001
   0.54652553448496688        0.98029467404822712E-001   0.73090143558720266        0.34845618450287504E-001
   0.14349971161620143        0.47804522431601437E-001   0.30944169961049157E-001   0.34921629499387118E-001
   0.65019246850337675        0.98160174523444804E-001   0.46028756558444622        0.37732161761844948E-001
   0.49073024726662356        0.47308076872566905E-001   0.90155831105163634E-001   0.31712174052362894E-001
   0.93354742522294265        0.47845581867751397E-001   0.55039617283367548        0.37274570849028625E-001
   0.50308674424049904        0.47585999490740175E-001   0.85563602610574507        0.35920456786004640E-001
   0.89238266886613549        0.97763353401380440E-001   0.85857121411473170        0.34995382384984772E-001
   0.35806905283394624        0.47861883390990366E-001   0.82384321364446955        0.34688174158111935E-001
   0.96350192617639974        0.97510726238219103E-001   0.30496606707537882        0.34416984307456100E-001
   0.89522410042766384E-001   0.47804318845388105E-001   0.51129430775747486        0.34233983293302982E-001
   0.25815668810668047        0.47245582172313519E-001   0.48431119911996423        0.37419443247661055E-001
   0.12256244343685684        0.97443478581191026E-001   0.26628619183146435        0.38453152240249693E-001
   0.55061760497907908        0.48593295921324928E-001   0.26627226217638894        0.34413795858924026E-001
   0.84980079716525214        0.47814178113507633E-001   0.55862743477196020        0.34336575497200018E-001
   0.21864784556521216        0.97563250232063747E-001   0.93929079522138981        0.37894268773520229E-001
   0.35546898573447527        0.97422748377140600E-001   0.37230190794862084        0.35304529930390773E-001
   0.60450111837584475        0.98037670421288081E-001   0.92695912845752751E-001   0.37362156041658004E-001
   0.37703528142049643E-001   0.97965805644072090E-001   0.70456307027899745        0.37060338746336859E-001
   0.56357295857461631        0.99380095092599430E-001   0.68298508119612996E-002   0.37536198374348850E-001
   0.15947316895814836        0.97665221424743473E-001   0.44122789280602637        0.34553934405790319E-001
   0.56556977446900480        0.47276103099198309E-001   0.89250773551762563        0.33929345540731522E-001
   0.39238779591086148        0.47640367216114865E-001   0.12829147352409373        0.35467082790545036E-001
   0.45508918398396969        0.98140809963167486E-001   0.49575681390324539        0.36508421431179224E-001
   0.97266486314371581        0.97381335263566404E-001   0.11951368450126211        0.37459865892167446E-001
   0.45621958043449667        0.47723732057620150E-001   0.99886337986561691        0.35068045916067297E-001
   0.29154469316584408        0.47884764869581237E-001   0.67843113804201294        0.34584858689969723E-001
   0.83110080628379129E-001   0.47294085281188857E-001   0.70375083640415947E-001   0.37095047238053860E-001
   0.97375244360286295        0.47786758624630832E-001   0.95181716673663896        0.35132506940969518E-001
   0.93753013744651936        0.48244793071622348E-001   0.65673882724947674        0.34391920926793600E-001
   0.43572472057699968        0.97380659068660363E-001   0.95195432714497608        0.34659527055355840E-001
   0.30682189455623393        0.47513149569729241E-001   0.35576738345469011        0.36281776845774945E-001
   0.64578653964114663        0.47950504364122362E-001   0.65485415125000571E-001   0.32800916249471061E-001
   0.10824027701195184        0.97594538571467770E-001   0.93330636271595435        0.35555450212758674E-001
   0.98505718655979102        0.97755709771394791E-001   0.55063800449325340        0.34349676381682084E-001
   0.29860168163714013        0.47312510904163066E-001   0.42553951439828125        0.33896101277063453E-001
   0.68301803662286387        0.98133279635290782E-001   0.38975021589775627        0.34305494899954131E-001
   0.14661347602813316        0.48098414761310576E-001   0.75000550587961656        0.37401847775586139E-001
   0.99657467487157503        0.97712373171410974E-001   0.76337091280227931        0.34550477789629538E-001
   0.94883761879650352        0.97693279783367171E-001   0.38648596797368195        0.35858853957216122E-001
   0.31807071813596871        0.97683076280951631E-001   0.30444300312437750        0.36131921239828911E-001
   0.51272507033528336        0.47751234660153914E-001   0.32862145027270950        0.34698363139310358E-001
   0.77280729018476690        0.47650325888926301E-001   0.59312976278015350        0.37179523022464508E-001
   0.43695147341011953        0.97650757149978742E-001   0.24570613686463535        0.36642994917857469E-001
   0.73511574283129466        0.48411166173544483E-001   0.87273963800085230        0.37145866019831789E-001
   0.35271658438910919        0.97442973476116801E-001   0.77183464173203697        0.35726779624360043E-001
   0.70072507847380516        0.47879559057428148E-001   0.22898576774679838E-001   0.36622519082348010E-001
   0.14527806591438271E-001   0.97532672149820199E-001   0.26016468880345439        0.33479109961168457E-001
   0.47340033034055651        0.47904432563136902E-001   0.38741891939833173        0.34266064949889534E-001
   0.73421211878227799        0.97922960630334677E-001   0.20167099970672189        0.34123910141908922E-001
   0.49842395249062821        0.97643377482727403E-001   0.28224102206549262        0.34838762483623123E-001
   0.14982370227411133E-001   0.97797276399860453E-001   0.93190801761255104        0.32627609135496567E-001
   0.40449594840212677        0.48028062656876085E-001   0.50622979176481941        0.35307644436473662E-001
   0.69239743441253188        0.96898979573477151E-001   0.77345355482596834        0.34133765807596528E-001
   0.23922054582558327E-002   0.47752577006470863E-001   0.80819029643267537        0.32776928616447674E-001
   0.94786253867667786E-001   0.98118967836940893E-001   0.75180138223558024        0.34572191557835731E-001
   0.37376615306417910        0.97962706044591522E-001   0.60434075054296010        0.36364698403945961E-001
   0.78611227247080961        0.47986361140156461E-001   0.29208831755950937        0.34529195408307643E-001
   0.88564501556282105        0.98234560967177309E-001   0.66391734539776859        0.37956646340182462E-001
   0.72793478727777039        0.48132100529045874E-001   0.36428505100694897        0.37513495302505202E-001
   0.13754868351715863        0.97387132241924246E-001   0.51400210226138099        0.31473370817106751E-001
   0.70167509040610854        0.48108501552206889E-001   0.43783258980432316        0.37374853128859103E-001
   0.79779165346930325        0.48018862397538407E-001   0.39024196603102634        0.36939504623683526E-001
   0.40873113701326952        0.97605135283803310E-001   0.17581320167235973E-001   0.36296191049211141E-001
   0.51884325390861663        0.47976272131576292E-001   0.16886122747962676        0.35706631075422615E-001
   0.34824079780787537        0.48089142510202271E-001   0.72043750399242013        0.34181261776055676E-001
   0.48798625798970641        0.47709215714225747E-001   0.23336702022210595        0.35776972266261725E-001
   0.56822503910148969        0.98121227834484709E-001   0.15603454252294327        0.35622396786087987E-001
   0.48722821378656267        0.97904279718735582E-001   0.43243437707923121        0.34369032315562528E-001
   0.59078448869692057        0.97899131534914072E-001   0.67431714530132747        0.36962583149268612E-001
   0.19132729668587453        0.47709554505237478E-001   0.88487849609338670E-001   0.35704944473312315E-001
   0.41368530724651291E-001   0.47499424629359854E-001   0.45896565451762650        0.36159307645303528E-001
   0.23704130471472454        0.99906198587664113E-001   0.18392293389109621        0.35173742883506248E-001
   0.49846625844486298        0.97566752040933874E-001   0.97835220157268687        0.33388510801273405E-001
   0.55749597218064684        0.97933046696549356E-001   0.58005643496448167        0.34107700399405291E-001
   0.37470282539544286        0.47370776410280507E-001   0.41574849543037790        0.33412056257721597E-001
   0.63557556235779175E-001   0.47587556038682380E-001   0.37354091948000978        0.35658274142712450E-001
   0.25782523681738406        0.96755971961930726E-001   0.34438242767914612        0.33604948056266806E-001
   0.35765705710685169        0.47664899210855559E-001   0.31614645589965053E-001   0.36430209044703024E-001
   0.94995953640361741        0.97798080391227296E-001   0.90374625698244515        0.38176998298338073E-001
   0.93790518489186159        0.97588222394478952E-001   0.55169368269558476E-001   0.35343865927963833E-001
   0.58321231095232895        0.97266449340742439E-001   0.93693436167737143        0.35057406863609676E-001
   0.12664138173060766        0.97265890272650313E-001   0.17394117949958462        0.35184565174797094E-001
   0.25051424957744889        0.97089379768045381E-001   0.43168745075837334        0.35456356838035087E-001
   0.42938465263310160        0.97493459543880570E-001   0.88279481706229157        0.34750342428044874E-001
   0.47690732214740489        0.97874496726162580E-001   0.58572837222002372        0.32573321814136254E-001
   0.51429365964560748E-001   0.97067488228452195E-001   0.80684220690801622        0.35384281867702587E-001
   0.88786716086045159        0.47790626883144921E-001   0.50230946811097459E-001   0.34817245608294557E-001
   0.88886336959193368        0.47787145866198616E-001   0.49300243829270413        0.35228041976616185E-001
   0.22015942162287530        0.47430229772799280E-001   0.99162885749916918        0.34384642068401618E-001
   0.60750692300386855        0.48689822795807691E-001   0.30858442403095365        0.32888095221961053E-001
   0.81901844241755628        0.47930808322809798E-001   0.12839212156344018        0.38649083618299315E-001
   0.22234253125341574        0.47961870539668834E-001   0.23557178107738533        0.34853515009530663E-001
   0.53652493958740666        0.47902490719776210E-001   0.67596866320363902        0.36812700956980061E-001
   0.12460538103047082        0.47462811438184177E-001   0.33666886914916438        0.35551188107315189E-001
   0.19488748908978965        0.97751299688633081E-001   0.35929532756933238E-001   0.36790586439668073E-001
   0.94204053095344087        0.47742796235832038E-001   0.84948753007518685        0.35920720713937072E-001
   0.99551724695434018        0.15875366950701853E-002   0.26294134176657775E-002   0.36774993923909448E-001
   0.72839985215573178        0.97848436652369433E-001   0.48752185996891134        0.37682466571552158E-001
   0.86367916553657040E-001   0.47715721722771505E-001   0.59873263899321605        0.36065407143535337E-001
   0.19744732521753719        0.97473489770523142E-001   0.38087756121161576        0.36732355211649984E-001
   0.46462020378936914        0.47587169587660044E-001   0.91427912433806535        0.33945595661506761E-001
   0.93724838488746121        0.97850264956444860E-001   0.79954445262735507        0.34802010426740193E-001
   0.40248204064655002        0.47466730389995451E-001   0.34905420386154923        0.37117723813894388E-001
   0.32875333519982231        0.52046876662582189E-001   0.10357467819436225        0.32466284358992986E-001
   0.54395007676372265        0.47722766637588870E-001   0.42399166763601970        0.36958635296680566E-001
   0.78503430053361434        0.48065469152465359E-001   0.82205372310712299        0.33989774651193835E-001
   0.32355516505150494        0.48226763386843563E-001   0.61633903378706412        0.35227876706941282E-001
   0.42795349502959390        0.48017782013195315E-001   0.59455380655560564        0.37778738697101306E-001
   0.41242366879297354        0.97638174503800523E-001   0.17644248968539664        0.36774741861035978E-001
   0.88982629966868143        0.47105852480087147E-001   0.90799834820222380        0.34441942999610238E-001
   0.44391168283270871        0.97754570518583495E-001   0.11278384833050849        0.34164097181884526E-001
   0.89752577916812648        0.97599686444843736E-001   0.33221800169029247        0.36965981645432050E-001
   0.36172947214068352        0.97613939358145912E-001   0.24667236781274696        0.36280110314535367E-001
   0.99773677253731508        0.47630074155145065E-001   0.40176721114989095        0.35670179031914474E-001
   0.96491318036579465        0.47456690724545975E-001   0.25389406513515911        0.36935057564748457E-001
   0.45107875123284435        0.47647569337073897E-001   0.29542310113375025        0.35250557817230271E-001
   0.50071377257448346        0.48238097520666323E-001   0.47916508729913754        0.33112492615379172E-001
   0.55467854904393910        0.48238634674633858E-001   0.10822703950337752        0.34720076045952571E-001
   0.43519796415389772        0.47906792634658843E-001   0.69994501729062353        0.36110873662016409E-001
   0.61051866784285547        0.49766964567331734E-001   0.99154936200234933        0.32205189562256389E-001
   0.70019104328206327        0.47230033156757556E-001   0.93572434388893944        0.34758578098510781E-001
   0.59497993015105566        0.47870882849950447E-001   0.72573021375793645        0.34848332918633658E-001
   0.13746679758716790        0.97391612004336936E-001   0.83705863347152257E-001   0.37725532568950379E-001
   0.92746423699114719E-001   0.97690458827614929E-001   0.46267931903808596        0.35446004631061158E-001
   0.75481191896709476        0.96840909117248325E-001   0.92307192794475246        0.35167457715988747E-001
   0.18590144431166400        0.98080978254894299E-001   0.13719104922387948        0.34026704779175722E-001
   0.55507072384231637        0.97419555612330344E-001   0.84315376221412175        0.37004655539702551E-001
   0.89321906839850995        0.97240265248331917E-001   0.44301719150379398        0.35058599425624580E-001
   0.55932661109363124        0.47291391157876228E-001   0.78705204164745302        0.35970654339168434E-001
   0.88225729052374158        0.97650167540011323E-001   0.10160058608164418        0.36982565457786803E-001
   0.37436909323716450        0.97649286300157803E-001   0.80919508408395444E-001   0.35720077966316051E-001
   0.12029461227609698E-001   0.97624417877230141E-001   0.35445313400796319        0.34549242594485094E-001
   0.75281727014613900E-001   0.97404712090606860E-001   0.32363205087022584        0.35798528442382370E-001
   0.20573645030187954        0.97080406954406451E-001   0.49345345060370832        0.35124673295883993E-001
   0.93707298006051254        0.97907180140787406E-001   0.60151634163686796        0.34219180381447341E-001
   0.79629666150817524        0.94983116091043707E-001   0.23806977536190274        0.36594353661713847E-001
   0.23956252525342334        0.97150866983657339E-001   0.95727480625679776E-001   0.33605171859308204E-001
   0.42287914602533944        0.97398797699686346E-001   0.40042187663982098        0.37334661551864871E-001
   0.84604899124356692        0.97263296463866972E-001   0.92646087639828179        0.33907013612075550E-001
   0.26633059096378548E-001   0.47348309708710679E-001   0.11677289857102038        0.35939626004902990E-001
   0.71540443746672566        0.97784091405705389E-001   0.57360108059535264        0.35089676304189063E-001
   0.46396726257664739        0.97891640060752599E-001   0.34182344874810666        0.33962061536024608E-001
   0.25521313985942740        0.97873532997242024E-001   0.78764453537693890        0.34012777392453314E-001
   0.88462725961641731        0.47760536952111715E-001   0.97884752800146635        0.36390765561521779E-001
   0.19638057050619279        0.48078164442748539E-001   0.69429514987160157        0.35885035843551634E-001
   0.98731186633022006        0.98283353591326145E-001   0.65114430168097293        0.36331546613471377E-001
   0.98751610691471914        0.48375057064794232E-001   0.70252969361886197        0.32583952587055119E-001
   0.63435948994218161        0.48151368589835784E-001   0.40832302879970378        0.36009258515287947E-001
   0.39902400187237418E-001   0.97459368716572195E-001   0.50900063419677599        0.34489467156351650E-001
   0.31058325784175400        0.97796803840643709E-001   0.82776137906276859        0.34243297606612912E-001
   0.40786603870288884        0.47641814140117346E-001   0.76963631379417186        0.38602554072829275E-001
   0.74002551491112856        0.98072243038157980E-001   0.82308411979971630        0.33137779958789235E-001
   0.48663417761159045        0.97893030480810342E-001   0.69318779385480012        0.35879511169239139E-001
   0.38577664754346631E-001   0.48279087075778923E-001   0.65169686858891529        0.35268585286978196E-001
   0.14113409126462040        0.48108397415839332E-001   0.64582302235969291        0.34690484146851705E-001
   0.77484274153846333        0.47886394078230005E-001   0.66530785356960764        0.34996958799522283E-001
   0.13574138458119739        0.97723455053931776E-001   0.59831814078706591        0.34189228258834109E-001
   0.79030241510275578        0.97973281174707827E-001   0.99636202997829537        0.34478504255251341E-001
   0.61957975625326456        0.98155589423871759E-001   0.35700364291598852        0.37081341747653804E-001
   0.60426944667256532        0.48012881512482564E-001   0.56066857970666306        0.36488968442450767E-001
   0.64165992005205275        0.47944828657381172E-001   0.65714909342529326        0.36337799782340585E-001
   0.59550982837670144E-001   0.47679562343760043E-001   0.92982735907772129        0.34241023507071942E-001
   0.66711586114650068        0.97864875200593393E-001   0.13125830578368711        0.36066640467542162E-001
   0.74185758012289404        0.97989907256494369E-001   0.11958500649361722        0.36541591515103847E-001
   0.67923718065331748E-001   0.97506108945426939E-001   0.21724216991059209        0.34929468083700399E-001
   0.83852666234157913        0.97810608876400071E-001   0.49537646381576655        0.35716771018085097E-001
   0.68658361443137994        0.47846010448778890E-001   0.18182893286721979        0.37647664557250479E-001
   0.66921396680597323        0.47864208859272908E-001   0.59119419789926475        0.35129555726238722E-001
   0.65243105535055734        0.98176278198629729E-001   0.54756387705635412        0.33047769004582353E-001
   0.20785505906698123        0.47430574824803666E-001   0.33053627999457758        0.34883655772862752E-001
   0.27176044748712208        0.97983787542000808E-001   0.24627920073903903        0.36201485556257948E-001
   0.45833434621795183        0.97544694711263868E-001   0.75657918954232461        0.33541318618612648E-001
   0.28822077518848466        0.13603486756432762E-001   0.13951327045908157        0.33865313930022817E-001
   0.14451064424972124        0.98019879191746359E-001   0.69603330273573305        0.36117166483415661E-001
   0.24550332187234916        0.97879511574378436E-001   0.68941908665842622        0.34183778103329905E-001
   0.35610380661858572E-001   0.97864364441113266E-001   0.59828582201572544        0.35072332138499418E-001
   0.30349635171892952        0.20014176594222296E-002   0.63145050437108552E-001   0.36523852188377386E-001
   0.84670071289810300        0.47801001678611628E-001   0.84925157614279168        0.33338593086843359E-001
   0.33901639555336760        0.97989774260079487E-001   0.67216227758241909        0.34549167141587039E-001
   0.91767109679298409E-001   0.47993497757494556E-001   0.70020181739459297        0.36645793879674024E-001
   0.88772302616344473E-001   0.97969146024025677E-001   0.64915776533468406        0.34760752904213654E-001
   0.83368063039972640        0.97949302623682774E-001   0.29916691510055632        0.34794072601522695E-001
   0.78778600170941937        0.98156427644413666E-001   0.77319340102543255        0.35889799479767004E-001
   0.42748014964091224        0.47582987869805526E-001   0.66186677844593256E-001   0.35849908141912142E-001
   0.62916123832971604        0.99275046735879155E-001   0.19068474758656395        0.34214747776226788E-001
   0.84792048990285551        0.97926408046103169E-001   0.38319242208072207        0.34130845271553439E-001
   0.93246110748318267        0.97770503728602576E-001   0.97287616866140902        0.33032698602562111E-001
   0.56110979494559443        0.98726284964207447E-001   0.31410846522724112        0.35429644708150715E-001
   0.76689254940931961        0.47948050144444559E-001   0.76531255803501994E-001   0.33744776021624651E-001
   0.90047491809538993        0.48270048255346844E-001   0.71725723677725084        0.36477096586561335E-001
   0.64882799702514049        0.96824782991226765E-001   0.71847088701764128        0.34454005512923436E-001
   0.26840018945498362        0.47986332879872307E-001   0.29622081428809477        0.34530773327234511E-001
   0.73728749960586049        0.96878504007680249E-001   0.69935770436739153        0.35415080093835385E-001
   0.99177906054429033        0.97558949079598944E-001   0.45083243517584665        0.34575340800799916E-001
   0.24525565944736111        0.47079685373725963E-001   0.38629154818419936        0.32213087152717111E-001
   0.64796510392662141E-001   0.47497836207152193E-001   0.27027574869265847        0.37977040248926563E-001
   0.11211084130168700        0.97718602854338435E-001   0.38492338838033963        0.34754488389115420E-001
   0.81532415780699341        0.97892226059302853E-001   0.73879544366141553E-001   0.35317185677806652E-001
   0.38240597288542955        0.48030168263065158E-001   0.65348299341919003        0.34201511731455927E-001
   0.36900250104841870        0.97538511066514413E-001   0.93273851589700707        0.34689930802513876E-001
   0.44615218376980476E-002   0.47772562878290820E-001   0.88575408906634345        0.36130967826340739E-001
   0.16259310300355839        0.97959758031555919E-001   0.88410911806976100        0.37677526084355518E-001
   0.46280187493475726E-001   0.48042922016203429E-001   0.75616140658133535        0.35145791540798506E-001
   0.94276508427282846        0.47118708390919951E-001   0.44675541686251463        0.35040112405517403E-001
   0.93917949862428607        0.97825890469353943E-001   0.49748967547174838        0.35721362827688508E-001
   0.64132124099848675        0.96743722725994033E-001   0.81961870113418578        0.33687305545774489E-001
   0.80159685877006848        0.48064797696207064E-001   0.90084318878845515        0.34976728005786273E-001
   0.69596272538730375        0.46929991799945094E-001   0.72620461238866052        0.34504321745923446E-001
   0.97693113061217285        0.97285135074121662E-001   0.19995166391110139        0.37464209862744256E-001
   0.52625989989454547        0.97676792620336267E-001   0.37534241820579972        0.34731715992241119E-001
   0.47642833185027234        0.47901610255377446E-001   0.54164427488860734        0.33920064693485366E-001
   0.30059058296594732        0.98450903690576269E-001   0.72743881791982179        0.32741831301903002E-001
   0.64121924991123713        0.49192431573576223E-001   0.24442126150078478        0.39485420778769958E-001
   0.31655517137039935        0.47930433437458037E-001   0.25163963635473618        0.31034299106014969E-001
   0.21994851149640651        0.48087454650541560E-001   0.54121256318096489        0.31071794631044525E-001
   0.33885284983132752        0.97340822825406875E-001   0.43690165324977298        0.31196728899945889E-001
   0.95380050380181769        0.47940492681200833E-001   0.75897560768065242        0.31208666127114034E-001
   0.81701839618059002        0.97868711874891490E-001   0.65512869946930130        0.31167453801443826E-001
   0.88078962776454522E-001   0.97778720423692692E-001   0.55361216951049652        0.31145043381555378E-001
   0.91810680997486749        0.97319560082041789E-001   0.25481738468552617        0.31110948612566022E-001
   0.68411333363871341        0.99591130574902986E-001   0.63443611198947647        0.31047202045072334E-001
   0.20370360695504103        0.48507457614672227E-001   0.43614128927692236        0.31093844949710285E-001
   0.29522829022359842        0.46989053508083613E-001   0.54719639948498837E-002   0.31097704173418145E-001
   0.60087179695221515        0.97727616927024141E-001   0.76873317919953466        0.31146846118231482E-001
   0.30529672121231233        0.48016543756297297E-001   0.78380599281728869        0.31104964518882335E-001
   0.13196480819188816        0.47093277588230058E-001   0.21845434858324600        0.31117147054191458E-001
   0.13827736585535813        0.47372579985333313E-001   0.55531352883633989        0.31146793468703651E-001
   0.51948093563584108        0.97962512250705042E-001   0.63316701880493620        0.31105465631497069E-001
   0.13958228589054794        0.47795090529168749E-001   0.13178867006881068        0.31048655330155613E-001
   0.15964278454439992        0.97729771264660134E-001   0.79694050446604381        0.31090961382094023E-001
   0.35070195832515166        0.47555484612960885E-001   0.18068133745546117        0.31152683978086338E-001
   0.74287186664208071        0.47918520147033253E-001   0.24270023903734553        0.31081585749111386E-001
   0.14735486141008575        0.97715627115893253E-001   0.98741431777766886        0.31116894312516841E-001
   0.23945635198293397        0.91469666609949901E-001   0.59122945095818513        0.31110535787911217E-001
   0.50819603107164446        0.98002869180758567E-001   0.12559680916455712        0.31236682128500563E-001
   0.11906035266347369        0.47668584292635555E-001   0.42742355848972141        0.31124681365531787E-001
   0.74627989958147911        0.97737852214259804E-001   0.63239626141891492        0.31098922758145821E-001
   0.50246780638089950        0.47051817759961138E-001   0.73603115376038786        0.31082965094835640E-001
   0.53514690145645805        0.97903423453903668E-001   0.69279914813131463E-001   0.31094261877137475E-001
   0.39980325354101859        0.97520560983013926E-001   0.30253307517844130        0.31058099791229744E-001
   0.62606001489582719        0.47235603989251751E-001   0.93029713477588305        0.31023902376629303E-001
   0.39545320152504665        0.98083116342447665E-001   0.46327008554405985        0.31166818167679099E-001
   0.72139127274295078        0.97821494843143467E-001   0.98140313696290771        0.31193787333343853E-001
   0.99178809382905117E-001   0.51244735467827575E-001   0.98182131241210502        0.31196786694180769E-001
   0.43150446630942713        0.47601512533167689E-001   0.84000364703278307        0.30995810409785347E-001
   0.84083685424723986        0.47954100519782911E-001   0.68421504691540014        0.31146403494591759E-001
   0.18711536199198256        0.47968652086233188E-001   0.59451293597503219        0.31171107223191247E-001
   0.38790177417204874        0.47537236108109414E-001   0.89443609553041681        0.31057652718256935E-001
   0.47919946845220129        0.98002746030954851E-001   0.18915450516814722        0.31141663670585136E-001
   0.51691013228152172        0.48163974587999259E-001   0.59476604729584437        0.31109184497186679E-001
   0.98848314841867524        0.49144359341514406E-001   0.60075439092898342        0.31118737072671560E-001
   0.94632427883473702        0.47608877723494959E-001   0.12159630305678562E-001   0.31042964217833049E-001
   0.18632320715414802        0.98169264926128916E-001   0.55700447432272937        0.31096262542063751E-001
   0.18489184640213263        0.48010334499366342E-001   0.17917097008865140        0.31204503229616969E-001
   0.83450641107538615        0.47816813055908201E-001   0.62230222868105667        0.31067386788508292E-001
   0.81973533205951721        0.45076625235243889E-001   0.19818680136244832        0.31119536399459576E-001
   0.86281772943970381        0.97633712759584282E-001   0.22584638750513492        0.31086147158576837E-001
   0.84909685775227162        0.48183742026068399E-001   0.33961635121488404        0.31151941906871605E-001
   0.81932015063960550        0.97811024068758690E-001   0.58856939053252622        0.31110992081251697E-001
   0.73455652779554215        0.47470712501929038E-001   0.78093771890320673        0.31077623172795499E-001
   0.23674569145208983E-001   0.46784125741228283E-001   0.20825438034671581        0.31082738261037007E-001
   0.80874898098182380        0.98154104527015007E-001   0.43544502663344231        0.31152170816949421E-001
   0.26102685219744581        0.46544998651573875E-001   0.83475793009573673        0.31134909095331974E-001
   0.98580354828124481E-001   0.97323617781793714E-001   0.26545338731770667E-001   0.31106226881031242E-001
   0.11285985230459644        0.46773697490050718E-001   0.88824977137581607        0.31135609399007506E-001
   0.68847544392091931        0.46124839872673740E-001   0.82277987883334314        0.31085696539814221E-001
   0.30475610756670657        0.97297498749277594E-001   0.48906269594225960        0.31040894722591458E-001
   0.91423015813434394        0.97530140883430816E-001   0.17197769460867701        0.31108984418414799E-001
   0.31640265707726961        0.97643545357698813E-001   0.19588035555227171        0.31122082713097948E-001
   0.64635022219869120        0.99240007295400792E-001   0.29409312274288280        0.31083253922129014E-001
   0.85240251193474459        0.97506876584967539E-001   0.16447902803292935        0.31151603316738039E-001
   0.64409940506148927E-002   0.47937323282577320E-001   0.31090389222204751        0.31071885157383489E-001
   0.51448106633286383        0.97108069453932938E-001   0.78851623646779845        0.31039134363875044E-001
   0.59232537027151130E-001   0.32859130186259225E-002   0.97837021368149846        0.31167361978082182E-001
   0.59113670373291960        0.97105758881333257E-001   0.42482133235549768        0.31067454793408885E-001
   0.28288838303148361        0.97259027271363457E-001   0.63560771171890496        0.31045035505190194E-001
   0.74323103614714836        0.97685808055777618E-001   0.42121421244416701E-001   0.31148053729851747E-001
   0.66342076660631810        0.48054658991615803E-001   0.33976130292979312        0.31121145892377168E-001
   0.35121699334551049        0.97594001398406641E-001   0.14361907866249266        0.31055678999667331E-001
   0.21070609020628370        0.97931673255293505E-001   0.27709023924054749        0.31113607156404866E-001
   0.76978034683330643E-001   0.97072610915722737E-001   0.11657509212983841        0.31070204954186678E-001
   0.60261804785869721        0.47595770207711385E-001   0.83865340312855541        0.31111435256435498E-001
   0.89310761932234017        0.46645935722628443E-001   0.80358226993318482        0.31050271702427190E-001
   0.16591392900517299        0.97422329088238668E-001   0.32067895517768019        0.31101266325413081E-001
   0.77211746641670620        0.48183449290016389E-001   0.73138426960639291        0.31065482837124875E-001
   0.79015780678916259        0.98013136506300308E-001   0.16774268747828180        0.31152677855968352E-001
   0.92883826391257918        0.47397893532474623E-001   0.10204441665573387        0.31144983697045325E-001
   0.65357003507749023        0.48479482900320323E-001   0.87437209014946837        0.31093949762235888E-001
   0.36293786710730502        0.97521872584226135E-001   0.86699197798500383        0.31144415830946910E-001
   0.47573811511821251        0.96134874400305867E-001   0.47158035212714444E-001   0.31105760503950444E-001
   0.70888982823723223        0.49518338071804481E-001   0.66185191427081591        0.31063894511594789E-001
   0.89679749145395404        0.47731593958266517E-001   0.28589920668524110        0.31023518594571219E-001
   0.29982286441176814E-001   0.48756723929571172E-001   0.55337549422824350        0.31075689571680269E-001
   0.53339767994578613        0.96052166667326119E-001   0.22291055970992013        0.31168406308922869E-001
   0.31308630472259608        0.94500871115313065E-001   0.56870929846637874        0.31183697383760242E-001
   0.75317060028882399        0.48027187888205917E-001   0.16396017607920668        0.31140626025404541E-001
   0.47640635969639372        0.47875878732660498E-001   0.64396020848515823        0.31160703601269699E-001
   0.39875790587204496        0.47646210020402750E-001   0.22036120547818530        0.31156531795007450E-001
   0.70037710137444886        0.48634203657445522E-001   0.28846085362283658        0.31180608728357709E-001
   0.55171850175178683        0.47927899102377748E-001   0.51806821254661461        0.31011092023029537E-001
   0.61253225163489411E-001   0.47162089127411849E-001   0.84969234831285767        0.31086703649245675E-001
   0.62205257545926906        0.49832935307780310E-001   0.14771369190470462        0.31114229187768166E-001
   0.54052385855777663        0.98216037229781422E-001   0.47062599843101016        0.31096962481398528E-001
   0.35860731785547717        0.99278852158501615E-001   0.51999191353428909        0.31072745168863172E-001
   0.84501427446110933        0.97703434614634668E-001   0.80850182830354234        0.31042840606581395E-001
   0.45334390655636908        0.47665673109905077E-001   0.15534576047469864        0.31117986731303782E-001
   0.46669230509597520        0.97505827201365705E-001   0.82852692353123891        0.31093527162226190E-001
   0.81870720861707735        0.47928939467367038E-001   0.96462663047069142        0.31025260627114672E-001
   0.58085396460151750        0.48079407716880240E-001   0.62411514987537597        0.31134309108986801E-001
   0.19885831340937005        0.12593577175913941E-002   0.74393475571795886        0.31098871335481646E-001
   0.46292946194439480E-001   0.97599457096358658E-001   0.41420455072443146        0.31039112137024583E-001
   0.73914197047077823        0.47879785338805353E-001   0.53363230039737386        0.31108857927219055E-001
   0.23410461251043621        0.49953157376218332E-001   0.13995623591173473        0.31247722217358831E-001
   0.57026828710628741        0.47447171555724706E-001   0.36101962802967713        0.31198457163427847E-001
   0.34597160090404355        0.47050535547368703E-001   0.47407219010166263        0.31100245224597804E-001
   0.68949595636885397        0.98382946735740440E-001   0.86299348426456335        0.31153650200268408E-001
   0.24183310896574139        0.45454030556019459E-001   0.63447156168018604        0.31141438924857167E-001
   0.25871046139351167        0.97041709347921043E-001   0.12595061822826660E-001   0.31065817697198673E-001
   0.59849626262287470        0.47938621561938240E-001   0.46497711812257064        0.31029187286556174E-001
   0.27915045099250618        0.48052804823992164E-001   0.20162709474502194        0.31133235981231688E-001
   0.94304972637294271        0.47560051527762853E-001   0.34215691079796939        0.31097180920737075E-001
   0.21323686706917394        0.97730785097592490E-001   0.83762360068275465        0.31063876644553554E-001
   0.61356583614224325        0.99984378675711069E-001   0.87819800425444106        0.31072750880889559E-001
   0.84880682870022583        0.46225140953750070E-001   0.43892460747214179        0.31138690673423380E-001
   0.16170542714918712        0.47341659312750584E-001   0.48449273492278239        0.31087113764423899E-001
   0.51620771406913690        0.98034023132860748E-001   0.52865537714380495        0.31126230834966028E-001
   0.39202546626633028        0.98951025617099841E-001   0.71634388112577385        0.31168067234608247E-001
   0.27247784491887422        0.41465193285599465E-001   0.57429459902855828        0.31134873114416765E-001
   0.28579217976065735        0.97488555344453165E-001   0.95668684558192107        0.31057682957181976E-001
   0.77510941646713216        0.97828974401098973E-001   0.54473693738306395        0.31120829386887861E-001
   0.17029560555105308        0.47028324924700403E-001   0.27616666766493542        0.31025330183736922E-001
   0.69079124647005041        0.99191777963475988E-001   0.25044058426146881        0.31168961729007173E-001
   0.75060878189346114        0.93341048036892360E-001   0.41167344942879808        0.31143325090571258E-001
   0.26476362097517619        0.47482728455266132E-001   0.92609898094951926        0.31205876531915502E-001
   0.58403046141389947        0.49387481031867443E-001   0.49140776667591923E-001   0.31069481939102358E-001
   0.98710350711073447        0.51311553048938335E-001   0.49932110572603522        0.31054016166338232E-001
   0.66099075052345524        0.97242938603061796E-001   0.91834238098458820        0.31097208335043078E-001
   0.88417982747584989        0.98222396388397637E-001   0.76011105273382706        0.31198888381173656E-001
   0.74457962324430460        0.97822088832886345E-001   0.28210411067400321        0.31098833135274492E-001
   0.75678456919506953        0.47883838807880719E-001   0.96964280481062881        0.31086848694436738E-001
   0.69988018005744057        0.47833448742384078E-001   0.10057030506944724        0.31098000485890395E-001
   0.43615142382685705E-001   0.51974773902212196E-001   0.14957522818002526E-001   0.31111301333561946E-001
   0.62903675859778563        0.97668058506875863E-001   0.28562163379796061E-001   0.31073492516525702E-001
   0.66141412925772836        0.14465687402432995E-001   0.97813420421561559        0.31117072479487532E-001
   0.41355865864733149        0.97934070511734347E-001   0.54925009887800869        0.31138813547170519E-001
   0.33780052210872252        0.97625404832215101E-001   0.99079290040045631        0.31070940177848658E-001
   0.98106329519805546        0.47584556928531974E-001   0.66601058688198600E-001   0.31175787485653129E-001
   0.89485938067104465        0.47730728064143538E-001   0.60698747783426166        0.31134743730789834E-001
   0.68575889540563439        0.97862937898015201E-001   0.66222436045301036E-001   0.31144754102281593E-001
   0.88635233584615714        0.47532247127095591E-001   0.14771856170759495        0.31009624399231727E-001
   0.95005924149709198        0.47330930825600401E-001   0.16116489734558520        0.31184102320816625E-001
   0.88792351155277160        0.97792213798829797E-001   0.54046943981239060        0.31072397195721777E-001
   0.10207969579520196        0.52800905396795710E-001   0.80247572067022621        0.31069438187628716E-001
   0.98637200814709558        0.97765929666561030E-001   0.84458776726034623        0.31062776377275270E-001
   0.31227259097729243        0.48157390817164164E-001   0.52668603071274123        0.31173967220885789E-001
   0.47724985569510064        0.47516903326182802E-001   0.79301937748023710        0.31113420405064169E-001
   0.80655495462938132        0.98092083713395714E-001   0.85786446186999621        0.31119714543411753E-001
   0.69988866100029234        0.98449363736319448E-001   0.32610397571797894        0.31081106725716425E-001
   0.82639904725100122        0.98020461111023027E-001   0.71845637248356697        0.31064552928583695E-001
   0.36517641504455911        0.47816200635226687E-001   0.55970481470318412        0.31050687360694124E-001
   0.40151541246680628        0.97658516118542538E-001   0.81802112310499053        0.31193812735375134E-001
   0.25955441646382232        0.96293744706362330E-001   0.53247884189977501        0.31160729462245660E-001
   0.60281840038823309E-001   0.97100893024054710E-001   0.88689453267326390        0.31124306843573719E-001
   0.94678885542175506        0.98651233773642807E-001   0.71620623954805751        0.31146450324916735E-001
   0.10753964905246652        0.17931740273114056E-002   0.84242807967650013        0.31086971121060375E-001
   0.33387351390993900E-001   0.97341961835127000E-001   0.16093858722098778        0.31095911552432104E-001
   0.84155365397671544        0.47812203036673592E-001   0.25650233485960533        0.31110748658598683E-001
   0.81649361527021314        0.48013445112041205E-001   0.29921259500316523E-001   0.31146957068232610E-001
   0.15497166234231310        0.47721757722410080E-001   0.83697420313148985        0.31049727030565136E-001
   0.79945463843228004        0.47844092865363647E-001   0.51662430723282093        0.31175371633185924E-001
   0.21589761019757836        0.46597159510076480E-001   0.88093275776336877        0.31065532357507548E-001
   0.36243898958825460        0.48295164057999350E-001   0.29368771027982665        0.31086480734695679E-001
