 3 HS poly
 400 2
 80 320
    1.0000000000000000         0.0000000000000000         0.0000000000000000         0.0000000000000000        0.10000000000000001         0.0000000000000000         0.0000000000000000         0.0000000000000000         1.0000000000000000     
 T T T
   0.74522235735068376        0.33154734293585460E-001   0.62984385616813354        0.39327365113834375E-001
   0.59596261852167154        0.34632144959389294E-001   0.79141686126165833        0.38002187039265882E-001
   0.59173842826930234        0.33889469160332017E-001   0.55485074642546373        0.36268052874471518E-001
   0.83549653520800382        0.33779447049841725E-001   0.10289701203071069        0.41065146649216080E-001
   0.70132915443836874        0.79019611543135471E-001   0.77493734970245320        0.36820658789325701E-001
   0.40786851944883357        0.31145077785704994E-001   0.13316554205229664        0.39446167762004485E-001
   0.48376545774682300        0.31287806413798157E-001   0.15609624049995305        0.39652228275007147E-001
   0.51787586945290724E-001   0.83982364585368341E-001   0.97294234446642702        0.37795630789485612E-001
   0.63013471073344651E-001   0.33522957725258977E-001   0.84141655545382762E-001   0.36702840786910489E-001
   0.91264507014830176        0.84437210720832878E-001   0.74319077319445381        0.38279239132356431E-001
   0.99264009569045384E-002   0.34995228749482479E-001   0.51328131031320012        0.37883578136340364E-001
   0.63108061228575796        0.84763490698836375E-001   0.92199696415244092        0.35189469042423947E-001
   0.79024924091042970        0.83749665628596107E-001   0.14706196560285298        0.39306942792453212E-001
   0.93231391184603696        0.34034059190549082E-001   0.92648072622739597        0.34178038293942406E-001
   0.63322903171681266        0.81082708569932008E-001   0.17583149924031641        0.34256370928327576E-001
   0.89568542818977681        0.33566183433587644E-001   0.30238885282757599        0.34659151939942068E-001
   0.48841430853644496        0.33549570890106031E-001   0.36537474534741754        0.37884215004526232E-001
   0.88292618291664038        0.33485035855335937E-001   0.46238812141408603        0.37440507634128303E-001
   0.84614847184078901        0.83580835554719887E-001   0.20151381380998790        0.38647819070605036E-001
   0.46563112375680443        0.32076380570290955E-001   0.23060348188870089        0.36677084187055946E-001
   0.20150445441586479        0.34175661699859278E-001   0.11928510936702955        0.37016921953382506E-001
   0.91312604413813125        0.33810560336914514E-001   0.78282353655844517E-001   0.38084535058398351E-001
   0.14364984670998102        0.83572184390992219E-001   0.12381786534361597E-001   0.37181238591300479E-001
   0.42676763477019619        0.33574013406334396E-001   0.29251757149831148        0.36083554384567014E-001
   0.62479390702732929        0.30973695180851274E-001   0.22486532917610727        0.36179198024100627E-001
   0.86703416616764006        0.33158214006710283E-001   0.57613917488374677        0.37065408097419462E-001
   0.49546756538833608        0.83822975125487073E-001   0.55645989186629774        0.37612475428792480E-001
   0.75935223590362366E-001   0.33729261753501175E-001   0.92381094245165007        0.36155145589288729E-001
   0.92888818463908440        0.34793674632231673E-001   0.85509115218764120        0.37280249725049459E-001
   0.10252941833718833        0.83375045039476917E-001   0.18832160566411532        0.37817316970606890E-001
   0.56853415238231564        0.31565249319816829E-001   0.27816191869122764        0.41309918886353811E-001
   0.16817687864301586        0.33601897801769573E-001   0.95998484917333915        0.39219326900796103E-001
   0.64624739621022864        0.80535734609589266E-001   0.82334251496787414E-001   0.37728211078915087E-001
   0.44538403588978875        0.33744480536262354E-001   0.52869143301980237        0.38313354814352198E-001
   0.57810484740377088        0.83784149222615678E-001   0.60700837409552921        0.37182356243193729E-001
   0.55855496587731002        0.34253358053241582E-001   0.72449317270594948        0.38664443755447434E-001
   0.24378586141871195        0.83533268411772554E-001   0.33569105527778148        0.39032336096278590E-001
   0.32463509141508956        0.83550261186931055E-001   0.36073734991055179        0.38557035902607728E-001
   0.19487212103152493        0.33176853321223380E-001   0.30938981185354375        0.35439527114260745E-001
   0.88411731055742426        0.33930518968378856E-001   0.78521187932928671E-002   0.38068479814631254E-001
   0.42229922759554520E-001   0.33377116992100518E-001   0.29178387615821805        0.38155935725081420E-001
   0.21657631337945818        0.83504824201666633E-001   0.83140712378477188        0.36973999706732021E-001
   0.71487538569720388        0.33257550148154666E-001   0.42631333868506627        0.38101375055811550E-001
   0.78375380350142632E-001   0.83357912770035111E-001   0.33604782006486222        0.37755059297263360E-001
   0.35743123147204015E-001   0.33364097417623771E-001   0.17042571960981465        0.33210139227669161E-001
   0.43074592285818764        0.84385712152154513E-001   0.98506995591733593        0.37457193445313078E-001
   0.31157788434333761        0.83536084421737544E-001   0.27280010267623206        0.38899270695520280E-001
   0.30505307951068256        0.84650096444788048E-001   0.89907809587682830        0.37111220491919034E-001
   0.64080261233292668        0.83828750574556868E-001   0.57071327345673406        0.35246294935877859E-001
   0.67102064181351173        0.86332513823718426E-001   0.98181719912674525        0.36753855420494440E-001
   0.16673275785536709        0.84081143137180264E-001   0.68904725655276189        0.37797921998979828E-001
   0.22457850008056096        0.83698019279299249E-001   0.97559973295800939        0.37380564698929246E-001
   0.76759449295820359        0.83192173895442076E-001   0.41900740703055067        0.34827232008822470E-001
   0.67804965436869813        0.33187627341641657E-001   0.27729827700542581        0.38584031495241554E-001
   0.23764588907715151        0.34061726920149075E-001   0.58988097445688226        0.35343773655409957E-001
   0.31057310241995745        0.84412947737219274E-001   0.67406287352096583        0.37135678360861936E-001
   0.22261778751933420        0.34117264797063722E-001   0.51874997759747554        0.37341402965035353E-001
   0.30053988154409522        0.37154591940575715E-001   0.11523220939500568        0.38462823587730316E-001
   0.95236232294055123        0.83441544896345976E-001   0.64271720568917157        0.40064108087605847E-001
   0.80848043817066972        0.33853214038729838E-001   0.18000804565160365E-001   0.37312002459747709E-001
   0.55701569354963631        0.83937613428166732E-001   0.51842228920601729        0.34630528717816231E-001
   0.25334447986533049        0.83274860087105398E-001   0.58261641915458004E-001   0.39856819699913865E-001
   0.78272645582860145        0.34042345962986068E-001   0.94400753216727418        0.40575168665024308E-001
   0.63973447289902274        0.34599691974713624E-001   0.87162735889076626        0.36174157084479588E-001
   0.19772949095706679        0.33574950650662197E-001   0.32468574735311340E-001   0.39055381765901301E-001
   0.49952707846151206        0.80748337570984235E-001   0.10639829252451218        0.32073722466645159E-001
   0.43738797774608196        0.84409818328820205E-001   0.88746228659357795        0.38322565172190466E-001
   0.13849473198105483        0.33882131141422099E-001   0.73813647170254038        0.37532444870532748E-001
   0.81388249709316418        0.83237960385157253E-001   0.56153930134503827        0.37280208980116705E-001
   0.37333540905568580        0.34395688178696343E-001   0.55158544168360002        0.37283893623431229E-001
   0.35680792469954287        0.34351901438737169E-001   0.47519651562339571        0.38547951139818758E-001
   0.39767871896587970        0.83746303318236362E-001   0.43527701638291211        0.36968262695944144E-001
   0.26330666158704202        0.33375704504313548E-001   0.93706845413335305        0.36341586897041568E-001
   0.96816760615393493        0.33440109793837221E-001   0.40490660248097626        0.35992456686972617E-001
   0.64341213026940336        0.84664864157259712E-001   0.81922016324376357        0.36286536029231951E-001
   0.46540005248292077        0.83629545050672410E-001   0.41233702788758664        0.34391604150420953E-001
   0.66554103400939474E-002   0.84050842264467254E-001   0.77386826505332074        0.36532077338195863E-001
   0.58311101246478492        0.31091328401213009E-001   0.16406406305287549        0.37475131779656327E-001
   0.19032055430017367        0.83892236273591894E-001   0.76109008909412368        0.38002475046423755E-001
   0.82881024355202260        0.33323835130500433E-001   0.51098528225044448        0.35280148672689367E-001
   0.53393436744511313        0.32959518208653171E-001   0.95567311912203323        0.32741263791204206E-001
   0.89870382441071872        0.34468626706793092E-001   0.79176759482808168        0.32777012715317029E-001
   0.62363240719097046        0.80986546268194126E-001   0.27264277481858828        0.32721387482041432E-001
   0.24946281515157809E-002   0.33690419030195706E-001   0.66051807559819675        0.32756452724727131E-001
   0.68376605919417999        0.33173622610077461E-001   0.36244558996879039        0.32906890335483642E-001
   0.79613329815083411        0.83788155164271946E-001   0.65550354045120593E-001   0.32671902785588694E-001
   0.13734489048994133        0.34178280732214093E-001   0.64884271506324864        0.32702370650845448E-001
   0.64454156515897154        0.33897506370006630E-001   0.46043023774755398        0.32756861843037631E-001
   0.73863085063497680        0.79626588851042596E-001   0.96748180835497397E-001   0.32827688602195086E-001
   0.55739250266388762        0.80530836673384842E-001   0.54568313584853825E-001   0.32790232913355727E-001
   0.11563951373173390        0.83371051289879664E-001   0.41315114660624003        0.32836722330055697E-001
   0.38758766223470975        0.84598846422173107E-001   0.72297554527626118        0.32604497062292570E-001
   0.64595841862017089        0.30835698400771362E-001   0.13269477326106280        0.32742810706778779E-001
   0.28629139943703324        0.83022220461285212E-001   0.83163417987316601        0.32734310718590585E-001
   0.71604261246900947E-001   0.84223931757635886E-001   0.74524113667138725        0.32767432936240473E-001
   0.76201542148002377        0.83190666815200653E-001   0.50046736642762135        0.32699414373847845E-001
   0.39496398902069357        0.35370182245291162E-001   0.83022734375781060        0.32754114242789983E-001
   0.72109843322232414        0.34655020356528135E-001   0.98615560390547885        0.32709995205643091E-001
   0.38051402325084159E-001   0.34056518188695310E-001   0.86551905767772186        0.32739189752565075E-001
   0.40107839564639836        0.31971448431975011E-001   0.20507390883753854        0.32716462274875777E-001
   0.82569484549198435        0.84775944983583040E-001   0.70871833115608018        0.32736200143788703E-001
   0.62435501370638558        0.31610251360153788E-001   0.69682415531992092        0.32717794187221691E-001
   0.12349815202676295        0.83875371021098377E-001   0.78528165090808721        0.32772263883033961E-001
   0.58215775316814167        0.33502970626931021E-001   0.48028456237871153        0.32677097673954186E-001
   0.62198261360461227        0.83568960109515089E-001   0.49742398702742757        0.32754198595431404E-001
   0.92890260902748531E-001   0.34087716669792427E-001   0.45006446807824763        0.32738109308668960E-001
   0.46416683710848994        0.83501835319667539E-001   0.32169154977099584        0.32736514166616798E-001
   0.66232631298953482        0.83170984275997062E-001   0.32563546749298605        0.32704145222881904E-001
   0.20547160056611929        0.32989288074904352E-001   0.22455354305755568        0.32751445045512022E-001
   0.95945142819512622E-001   0.34212796850552570E-001   0.57960641208602948        0.32723852493750594E-001
   0.83588739424558953E-001   0.35020434151328723E-001   0.51493691372527783        0.32711175826006168E-001
   0.32505146104986171        0.90693731385196569E-001   0.74237933192476302        0.32760117785232266E-001
   0.65669295838204433        0.28941907064572250E-001   0.75543327982087027        0.32812584629518200E-001
   0.36209796685786227        0.41833157311803738E-001   0.76566768177279310        0.32689022399032978E-001
   0.85011755669890476        0.83174914250946697E-001   0.62198609351525180        0.32793062329267313E-001
   0.56549935208196922        0.33408522699909245E-001   0.41673899064516901        0.32704006844566307E-001
   0.30320524964826071E-001   0.33680854018096743E-001   0.58229893431155910        0.32808624322607276E-001
   0.28300160973142302        0.34203249339387939E-001   0.71549409381527262        0.32810375980845241E-001
   0.99168652547921954E-001   0.84190725122342297E-001   0.66691867360596491        0.32739894009599611E-001
   0.67002822879711998        0.83084420301706971E-001   0.40317662612822086        0.32744764286026150E-001
   0.46155296611538693        0.34202684100527972E-001   0.84260779267655939        0.32802630795533638E-001
   0.57829036655971988        0.85690720916628493E-001   0.96475722782444895        0.32711243289560994E-001
   0.32486289868867602        0.87140188168842669E-001   0.70594487049030291E-001   0.32747773751403197E-001
   0.68626100646475330        0.33091252339929648E-001   0.18459986861405744        0.32831992071846255E-001
   0.77507513952827914E-001   0.34248164945652491E-001   0.70320687166318108        0.32672590638676891E-001
   0.23444818683275040        0.33615928985234786E-001   0.78608430222197889        0.32683823387504030E-001
   0.78896651731177192        0.33372421664460021E-001   0.28219224685329991        0.32689244007365670E-001
   0.83527708098901865        0.83571660995019156E-001   0.29291245491877815        0.32751406772772031E-001
   0.86767741649312180        0.34507243500166727E-001   0.71862198423823920        0.32788026730434808E-001
   0.83829430474854444E-001   0.33371877168679127E-001   0.38531544118020056        0.32624788232797929E-001
   0.69216447803126413        0.33030169173414350E-001   0.82651164424222390        0.32718115585704720E-001
   0.30518809317920575        0.33064482535669321E-001   0.22146203294981504        0.32678326741572873E-001
   0.96013304386004272        0.34170139897508403E-001   0.76118329294116649        0.32786987539457801E-001
   0.23727691169692275        0.83977448966920790E-001   0.68106068564492850        0.32773673215238788E-001
   0.26335712072123607        0.33317916634407439E-001   0.86765093065791521        0.32675490274503054E-001
   0.27979524882840229        0.33538195908552587E-001   0.38510798311479733        0.32796890051294054E-001
   0.35133023077697140        0.34523664078078872E-001   0.70127258753441424        0.32791418557183247E-001
   0.95342981915416591        0.33753443866601805E-001   0.99224955650273838        0.32753877423730579E-001
   0.69134296969055087        0.82914970188161463E-001   0.14214877170692275        0.32802388259634219E-001
   0.17382309958424688        0.82907567506618818E-001   0.35184233297731099        0.32753075426316815E-001
   0.18126682062450308        0.84066314475840370E-001   0.41697445741797562        0.32811028614192245E-001
   0.69664809883825285        0.32946647980519009E-001   0.57597137354913341        0.32764008540283648E-001
   0.30129835932528481        0.84112613547567369E-001   0.97088162834041780        0.32807653527715593E-001
   0.18237814706587432        0.84078099575679105E-001   0.54735341676058302        0.32750416207194953E-001
   0.76839177099640632        0.33163966584279357E-001   0.54226077031239184        0.32724695178611596E-001
   0.54274032427098562        0.83382962642656794E-001   0.45254666630093637        0.32690468617511431E-001
   0.51436046762136489        0.86148231063318328E-001   0.69126613323172170        0.32776562503008394E-001
   0.13335361128601786        0.33607097645042723E-001   0.88573235814950846        0.32734588327058778E-001
   0.24716173512749290        0.83514387371350446E-001   0.41249401987233425        0.32737313130977538E-001
   0.57033039986078649        0.31653277552067302E-001   0.11010057329170113E-001   0.32678769260561132E-001
   0.32808220152402678        0.84889005201195855E-001   0.43197448948534400        0.32699530097082853E-001
   0.14958039951852684        0.33393088466097565E-001   0.38758173840480281        0.32744606441337587E-001
   0.50844333457294888        0.84672802080300327E-001   0.62607928245037026        0.32693696628387864E-001
   0.83626153676522108        0.37345785236032158E-001   0.81167261485084086        0.32765413810564331E-001
   0.48729740752297351        0.33600602403265692E-001   0.72767073612320143        0.32649787061492283E-001
   0.65398943033552193        0.30543385190855560E-001   0.32885326332876975E-001   0.32757361665315975E-001
   0.25563900529223360        0.34638445588183901E-001   0.17645019631565745        0.32845417716320234E-001
   0.29269272093244814        0.34104916399673009E-001   0.51540558580091222        0.32745317683816319E-001
   0.32796712169914560        0.43618310458608790E-001   0.21497832927736556E-001   0.32805885902025114E-001
   0.41990682452288819        0.83611623085729392E-001   0.57246893319870340        0.32722160868660269E-001
   0.96869254762212109        0.84018664100172974E-001   0.95221696872696848        0.32786277248594807E-001
   0.49861737333794531        0.34828676284003872E-001   0.90054237423480155        0.32707517137016792E-001
   0.16989998823253616        0.33958429024982008E-001   0.80723780704935411        0.32718806876660345E-001
   0.26788039260643415        0.34433308770394293E-001   0.65073769699446538        0.32606896611732383E-001
   0.38115322922679695        0.34596312262203395E-001   0.98417910437400369        0.32785560001724334E-001
   0.47966359636766220        0.34436262538632544E-001   0.99263063144507202        0.32775038587114128E-001
   0.38881641417719470        0.34599462523026016E-001   0.90247175696941417        0.32656589802868181E-001
   0.66829032784400466        0.78857263502733144E-001   0.71355864460653673        0.32749115192486265E-001
   0.22394930160894483        0.33560615174930385E-001   0.44835079631739655        0.32885689391927077E-001
   0.99361402543158395        0.83736516813839063E-001   0.12912420922603970E-001   0.32680250629551356E-001
   0.83512808166124686        0.33531546856536296E-001   0.33519158024094509        0.32670191965423208E-001
   0.47157194276652309        0.81527273355269048E-001   0.42288760279818191E-001   0.32784267666401419E-001
   0.95565045039984520        0.83341924447846896E-001   0.51421303336067625        0.32797039116460106E-001
   0.73462035826601213        0.33529593763213975E-001   0.32085486609363523        0.32710141132551399E-001
   0.43589962674484362        0.80859188504781451E-001   0.17846035891715809        0.32790191643974530E-001
   0.72933736077928712        0.82923490924750168E-001   0.27784726635690710        0.32770179929063357E-001
   0.71387862876868302        0.32487331724500627E-001   0.72249438407845856        0.32772347771819997E-001
   0.84839457515020378        0.33586877057449761E-001   0.25251562869590571        0.32799446411385796E-001
   0.77745202878007102        0.34917513715452951E-001   0.84587571960565244        0.32794112857162827E-001
   0.46305337628853643        0.30599323624451516E-001   0.86515946327197724E-001   0.32787214870182532E-001
   0.88496887239887509E-001   0.83659439340974862E-001   0.26586987225184128        0.32766576846049701E-001
   0.51043769462501576        0.83600292087822173E-001   0.25313068128333793        0.32776082171875776E-001
   0.15336117526844054        0.33159809381626972E-001   0.18425304457916539        0.32818605623880143E-001
   0.27676481374919959E-001   0.84035847454995774E-001   0.90654082292704652        0.32738412412522323E-001
   0.54228916239332359        0.34507535651324500E-001   0.65458274217482471        0.32798550243221702E-001
   0.58552870094052067        0.34741459720481579E-001   0.91426050443032436        0.32760069067376114E-001
   0.47441611488069352        0.83667197627699544E-001   0.48653784135217809        0.32692049285142182E-001
   0.36781271859039416        0.37749978174956303E-001   0.73531752078179441E-001   0.32671415591268502E-001
   0.83046894095143575        0.83366415173144637E-001   0.91676387317899832        0.32714385720796532E-001
   0.54329875950158446        0.84787229351659638E-001   0.90941413077273558        0.32751455350807188E-001
   0.20269184702770376        0.33958959892897565E-001   0.65440366492266666        0.32668022765738429E-001
   0.93674565475595972        0.83419748565909849E-001   0.36985126069460994        0.32603454879541346E-001
   0.30317866997580417        0.81067774287285232E-001   0.17123839827872078        0.32750340163791157E-001
   0.15120312654010287        0.83341225849332345E-001   0.29046764924269658        0.32630687331288856E-001
   0.42406401038543667        0.33645132095285545E-001   0.39445289737934436        0.32660920555433522E-001
   0.43441877242790139E-001   0.83452541635629429E-001   0.39787249229072574        0.32743372267693062E-001
   0.97925688668448485        0.33720952676139664E-001   0.52653464475288285E-001   0.32757849677310248E-001
   0.59261774822788549        0.84626793691660443E-001   0.86596085590334315        0.32718237116042069E-001
   0.78091260284836883        0.33152024284311098E-001   0.46255931916385273        0.32772839995262461E-001
   0.72663731712501989        0.82994925022941757E-001   0.36509569254965674        0.32854424325564853E-001
   0.34846238019541609        0.84399563726771709E-001   0.59387623642348220        0.32748576679707035E-001
   0.37955204781370272        0.83571830679253001E-001   0.29584361468178633        0.32683244319906109E-001
   0.80920574049146932        0.37094769181671254E-001   0.75107465437004306        0.32701217298107203E-001
   0.16982466122617829        0.83364563420677926E-001   0.90790498786045881        0.32720857313871497E-001
   0.30870747857194991        0.34318262508686991E-001   0.57894029448043094        0.32690058799197730E-001
   0.44408081160532303        0.34421545442782552E-001   0.93761320676125459        0.32730923661768996E-001
   0.46684258271720336        0.34296579638878506E-001   0.59761370114020540        0.32718472558096873E-001
   0.99263696502258103        0.83876600655816133E-001   0.15926083655920875        0.32714022302458526E-001
   0.73715308657256429        0.32770690635540167E-001   0.14316169070665297        0.32726289597834267E-001
   0.11753490485807204        0.83925036616363233E-001   0.94733614682638922        0.32750418098391028E-001
   0.70439396984276162E-001   0.33354770704511059E-001   0.22669302600723595        0.32745840173112467E-001
   0.23639875729689629E-001   0.82058940974657824E-001   0.23035765288266860        0.32613845227787715E-001
   0.18996292387709399        0.84090555669048356E-001   0.48198775515443920        0.32765719725509325E-001
   0.10373111353556146        0.32728725162005423E-001   0.82724185720983590        0.32782004238437266E-001
   0.68635453601763774        0.83745596840655356E-001   0.46840383560517412        0.32768372955889642E-001
   0.76293607552365239        0.84456500950536639E-001   0.99700448597607361        0.32730653409624770E-001
   0.53424256167411799        0.83454242620262478E-001   0.38713170264040309        0.32802295641884444E-001
   0.37948036230348314        0.84522693989326755E-001   0.65502471831703535        0.32724639187971964E-001
   0.77446084581475672        0.32561520893973024E-001   0.37339904687781933        0.32720969487907106E-001
   0.11707258868702509        0.84212424854016393E-001   0.54304263257269170        0.32628981034969078E-001
   0.37484113348269771        0.84599324649276109E-001   0.94227643369685432        0.32753498334069708E-001
   0.51557548683001386        0.30505978756656661E-001   0.47259738935950771E-001   0.32706652158888301E-001
   0.41910064487322063        0.82044947983569552E-001   0.24355316677224470        0.32813472682363863E-001
   0.19723644737695459        0.84058460167848903E-001   0.61242301685880884        0.32701285016776882E-001
   0.59656493283666701        0.30997210951823579E-001   0.72280457882043778E-001   0.32739753200433368E-001
   0.13017181641385164        0.33329976671135873E-001   0.25377597266560437        0.32829001662270887E-001
   0.63983750825676611        0.83820036876060156E-001   0.65468570323307473        0.32700984780319416E-001
   0.62027329101592910        0.33261732535076513E-001   0.33149969624887921        0.32735413945113263E-001
   0.36105747380117847        0.33643314748701227E-001   0.25733607245835660        0.32759524695748603E-001
   0.69444416151820132        0.83277656404260880E-001   0.61861046280237053        0.32679719602456331E-001
   0.93362525448606348        0.34575068864117313E-001   0.69401088551469581        0.32803071982188174E-001
   0.72575884754809350        0.83135738936966283E-001   0.67961857539904735        0.32748710756343287E-001
   0.97631495833901660        0.33213644579859328E-001   0.19938257733059919        0.32725900827552321E-001
   0.16350515662460884E-001   0.33891692086757422E-001   0.72673828455552358        0.32720568236417807E-001
   0.87505421574492703        0.83403546821558247E-001   0.51129056960801400        0.32751995300466102E-001
   0.94170689455377521        0.33617003886307492E-001   0.14347746171105885        0.32776306758185887E-001
   0.59727995239984455        0.83304275127403252E-001   0.36732456170671851        0.32723113190162266E-001
   0.50336741802628060        0.33402478214487878E-001   0.43727680065998115        0.32709392667960704E-001
   0.69765475496477414        0.83039320817520912E-001   0.53338289678827733        0.32716072591888377E-001
   0.23404956878282562E-001   0.33517370731502169E-001   0.36025904959785704        0.32737158680254404E-001
   0.77706825876059504        0.83343398017088843E-001   0.32295480134149906        0.32748207998363463E-001
   0.99017974879724113        0.33155600423314523E-001   0.82053710098546273        0.32740255697467809E-001
   0.91832876219301451        0.83640330200924665E-001   0.17874575379757737        0.32699328877264879E-001
   0.72768077421856059        0.34495988115564168E-001   0.89160105821988944        0.32745919392018485E-001
   0.13095823972164450        0.33495723302735800E-001   0.59645828166210391E-001   0.32719907069556894E-001
   0.97812892916023686        0.84138186078896463E-001   0.86377916116169717        0.32670219616673254E-001
   0.52443696401450426E-001   0.84086262595838401E-001   0.82576709983264862        0.32668662777927585E-001
   0.36094246045188724E-001   0.34051203010688223E-001   0.20181124127269252E-001   0.32657307147685791E-001
   0.89636719126141173        0.33463865982232756E-001   0.38217035380599917        0.32755005276913898E-001
   0.52153781383041997        0.84448519189179297E-001   0.99902471655133063        0.32724841879563128E-001
   0.57650968823683557        0.80681059999342719E-001   0.22246631641927561        0.32672913091559258E-001
   0.97621939532637347        0.83270177678376883E-001   0.71157101186998006        0.32691009353033748E-001
   0.73456136391116433        0.83092437937965585E-001   0.19323828411749153        0.32714483001822205E-001
   0.12748651547770895        0.33374272576916011E-001   0.32569230158071638        0.32865368614516347E-001
   0.74973209196059709        0.29014983126736973E-001   0.77741116001332733        0.32801958604398315E-001
   0.36690661539375141        0.84617094867053988E-001   0.86621956773067121        0.32852469581539902E-001
   0.32665791242724418        0.34984190770591062E-001   0.85053377676618902        0.32747360094639230E-001
   0.98049756112613892E-001   0.33579963921691977E-001   0.99264376921075692        0.32750749329627515E-001
   0.41403415748642064        0.34313990820090151E-001   0.68093454361401862        0.32741830528529678E-001
   0.81813700180638693        0.83638629453268651E-001   0.37403255017952364        0.32789976903631300E-001
   0.98924709703249269        0.83418474481016566E-001   0.57055998187607837        0.32728186647398773E-001
   0.16436266233003613        0.34041842426040171E-001   0.58566547718560469        0.32712455675996052E-001
   0.67748076223623466        0.83273197797510995E-001   0.22638530210702443        0.32693644386329136E-001
   0.42426220148345267        0.34723297528392323E-001   0.74567621593175060        0.32770737328224990E-001
   0.19841400051328684        0.33426136453204122E-001   0.87654268020084958        0.32721018052341587E-001
   0.83392674866215610        0.33203606971199277E-001   0.66204661206123760        0.32788940815590653E-001
   0.10973805781120730        0.83521484270504515E-001   0.96254905841472685E-001   0.32737886428186973E-001
   0.54799960555962715E-001   0.83281974759232921E-001   0.13184477699408778        0.32691857330605749E-001
   0.65475401925050514        0.33313389916499112E-001   0.52520331166201084        0.32786393976332623E-001
   0.12449729610199656        0.84104105284341771E-001   0.47807493336162343        0.32679906945953081E-001
   0.62670948838398488        0.33858048236026186E-001   0.61451341188562714        0.32680906772937217E-001
   0.62358631111520424        0.36319387604085256E-001   0.97305446109184890        0.32705774692819510E-001
   0.74570264394778540        0.83142083786797050E-001   0.57793831540347917        0.32725698551471949E-001
   0.88447403990630680        0.83557882927302193E-001   0.67798843894443317        0.32732516966612418E-001
   0.97419416924840574        0.33216041350692498E-001   0.27139767723293190        0.32827848387539063E-001
   0.21369810390176175        0.83225914522994479E-001   0.26699056257949977        0.32708940639266430E-001
   0.53217420880360722        0.33794302175232958E-001   0.58978591278497083        0.32767734064593386E-001
   0.26314078074450548        0.84093569796760373E-001   0.54653112792739977        0.32657185934303001E-001
   0.61307225504812135        0.80799516702655977E-001   0.20022064788758495E-001   0.32711891614329053E-001
   0.95268841126209336        0.33413294648332807E-001   0.47184029434087738        0.32693606674948882E-001
   0.51305869607677113        0.34468833728534334E-001   0.79825852075406223        0.32593443293299565E-001
   0.95678581220956949        0.83657063088841299E-001   0.10372939161387038        0.32750521131372813E-001
   0.49586143707068231        0.33477890202450455E-001   0.29313422659502297        0.32787873798762635E-001
   0.89062723702124036        0.83586640873051607E-001   0.25735927870856223        0.32734521233495177E-001
   0.47708679933618953        0.34557276805999217E-001   0.66228184255652012        0.32673877577204392E-001
   0.41814925831262445        0.80954516503578156E-001   0.81737465919707014E-001   0.32723802337170538E-001
   0.48669697885487095        0.84439779109535151E-001   0.94256006523566893        0.32794945812901530E-001
   0.82518157829866579        0.82316401953102095E-001   0.46350188492949979        0.32746237229822422E-001
   0.78738246992277591E-001   0.83409333080769990E-001   0.38503009553142023E-001   0.32704990462494143E-001
   0.93000998942692525        0.83768226054624556E-001   0.30717235878708841E-001   0.32715031950351393E-001
   0.25669505865904035        0.85220964049205844E-001   0.48048111893165069        0.32723586698872140E-001
   0.86071967216670353        0.36632997563474268E-001   0.87281580230846800        0.32783372473292549E-001
   0.78746860284885845        0.79036181624432891E-001   0.79694627395130879        0.32789007284267792E-001
   0.60550334729478439        0.83500773509522050E-001   0.43375983903617749        0.32760059258095608E-001
   0.34571363641997443        0.31175371124578063E-001   0.17003531996809385        0.32768398103261764E-001
   0.54071957617694372E-001   0.34124647117852250E-001   0.78370876188495897        0.32600620157537591E-001
   0.44998632439446706        0.84440178082932069E-001   0.70347897891351518        0.32693703751392258E-001
   0.93177386079498392        0.83444858840844058E-001   0.43508472654368036        0.32759863038404197E-001
   0.14822968366814923        0.83723982953694515E-001   0.84597771030750724        0.32711725424732122E-001
   0.54116026834721587        0.30812606650915304E-001   0.10762266895607392        0.32794179057907283E-001
   0.96204247970751400        0.33416472882512531E-001   0.33596710809153396        0.32832047398957946E-001
   0.71978444452438817        0.33189649855994888E-001   0.49706808385294859        0.32792225104341877E-001
   0.68128225130063813        0.33731774679296007E-001   0.66454607714361558        0.32725915017538826E-001
   0.67686458170802477        0.35680293549598334E-001   0.93302167132527003        0.32758105996493453E-001
   0.54968447005764276        0.34502565637776393E-001   0.85809080134621607        0.32731001921984443E-001
   0.72726523187541614        0.82493720538323989E-001   0.94101978979837164        0.32736567544944244E-001
   0.94115212231033751        0.83405650699726580E-001   0.29916163607451363        0.32662235502754454E-001
   0.35916253368169854        0.34524027448973101E-001   0.40289682129776033        0.32684861308858559E-001
   0.27694080807594223E-002   0.83538569364470849E-001   0.32323852066913222        0.32747694568934158E-001
   0.33478984090481834        0.84299557463076269E-001   0.52103520121210656        0.32691658736123133E-001
   0.82244710056542969        0.87280350229875306E-001   0.85186029538581809        0.32779888400155749E-001
   0.53283523749770134        0.31196716587086989E-001   0.21312256984933464        0.32742588076515741E-001
   0.16253005184817609        0.83217871016958100E-001   0.22590295506402513        0.32734537270572309E-001
   0.35626584597812821        0.81346351396261438E-001   0.21188740987220397        0.32819848794926158E-001
   0.70368254597014812        0.72680566417747741E-001   0.41674273947254051E-001   0.32752647648611188E-001
   0.15583688152867637E-001   0.83527711569131718E-001   0.74844843261790306E-001   0.32751908378059580E-001
   0.91200169300109957        0.33584062988969460E-001   0.22073976546725912        0.32761240012725346E-001
   0.91487634228127857        0.33348091047788457E-001   0.52541141901012678        0.32663357493977904E-001
   0.42336523210388255        0.34786188147325085E-001   0.34440333914096490E-001   0.32799133973325900E-001
   0.77007983497406640        0.84502438777728395E-001   0.89128849043581926        0.32800872148018419E-001
   0.37716827731275232        0.87425774018493635E-001   0.30420520891811246E-001   0.32786566199412864E-001
   0.77596688726321950        0.30110905379019087E-001   0.69502372812305357        0.32760567515972554E-001
   0.21728691749605428        0.33934669363730734E-001   0.71882617773370727        0.32771747228690196E-001
   0.37659367566676212E-001   0.84191853631305963E-001   0.68920662606718797        0.32681932296993454E-001
   0.21011442989525253        0.82174674920710150E-001   0.18073114356641296        0.32731721274974146E-001
   0.47102041338478862        0.84476845955606283E-001   0.80092499492583891        0.32757035005805825E-001
   0.34147696934413868        0.34379579428796596E-001   0.63587554764023657        0.32819791864042727E-001
   0.26493237074214115        0.33095457135591838E-001   0.62536526686491284E-002   0.32803598932824155E-001
   0.51277737979355933E-001   0.84058738074052508E-001   0.54394048564339215        0.32688068309652513E-001
   0.69622383390476561        0.29641105976605020E-001   0.90602161787986468E-001   0.32813233886693355E-001
   0.26134496905141408        0.81870343060485407E-001   0.22165276745737938        0.32728750324828380E-001
   0.88671243250429366        0.83763961626073649E-001   0.12092834794356247        0.32706679942965534E-001
   0.53411954818900853        0.81181391250609788E-001   0.17083569591550202        0.32738813736246895E-001
   0.23471167850676583        0.83374943894197584E-001   0.89884307176578970        0.32773155753363800E-001
   0.25204174621810899        0.87434146686801759E-001   0.13072088514759003        0.32699602473358291E-001
   0.35588582138297670        0.81237844887717417E-001   0.12830843806545011        0.32720843623794245E-001
   0.12792232936842707        0.84253263820469090E-001   0.60758600639460336        0.32741609209652273E-001
   0.86638415357600584        0.33360727411793127E-001   0.93917829080495208        0.32796905290696239E-001
   0.29315047013821882        0.33540570822542491E-001   0.32074409585884950        0.32776007535696781E-001
   0.89949863061305424        0.33455270717200496E-001   0.63790820215588739        0.32704546983799904E-001
   0.36974635220414187        0.33584231184822885E-001   0.33698712350378568        0.32790977961136107E-001
   0.55773087056044224        0.33518447506584025E-001   0.35152565831429855        0.32770388713633039E-001
   0.25667113536891639        0.33780668246438890E-001   0.26602735265333594        0.32784137353140209E-001
   0.28619435853345671E-001   0.33523880647871644E-001   0.43757279011963218        0.32699431110205235E-001
   0.10439257700576453E-001   0.34040454659664064E-001   0.94523124059254326        0.32680669967503150E-001
   0.50255643502388092        0.85010596862792026E-001   0.85824933098106260        0.32651460290297377E-001
   0.55163943985472808        0.84487304485427794E-001   0.81489613303095376        0.32699989775728952E-001
   0.10633825320644581        0.33497091510479304E-001   0.13841174260068095        0.32729282811450711E-001
   0.89965519898229174        0.84168218919963345E-001   0.89596487750153830        0.32701123349613143E-001
   0.78298707680282409        0.83624826690695736E-001   0.23952628881999632        0.32663671698235079E-001
   0.51415673438728415        0.33471283064090564E-001   0.50265941317011509        0.32712446410639008E-001
   0.87669162018164426        0.83460149544640594E-001   0.34380062128321731        0.32837124507285743E-001
   0.39944951856455496        0.83564570998918800E-001   0.50632347914384535        0.32749797578308884E-001
   0.86442658673127504        0.83041967360553748E-001   0.55447094684526313E-001   0.32790182921279373E-001
   0.33252507399103609        0.34619186382775710E-001   0.93984600418907593        0.32778077267829241E-001
   0.76195992736632301        0.79933698083805058E-001   0.73542718424489606        0.32822782306855390E-001
   0.34533757211615396        0.92040092143929678E-001   0.80471073560818773        0.32746883745393147E-001
   0.99328387056982836        0.83496362289974618E-001   0.46050680582321168        0.32621522168728545E-001
   0.57841162971571780        0.84297738960254651E-001   0.67734129303689428        0.32760284547276183E-001
   0.44325898617299581        0.83968720947321565E-001   0.63486863096966839        0.32823674572782117E-001
   0.15720884171730376        0.83510609806204700E-001   0.14159442005262118        0.32721751498289299E-001
   0.73759506607365288        0.33104818351603060E-001   0.23608672219488588        0.32714393872363502E-001
   0.26076097530128001        0.83454409718422870E-001   0.75281868991430712        0.32755185776649584E-001
   0.88509881006170665        0.84327335111034241E-001   0.83200051784597018        0.32700011842428565E-001
   0.58328559622495585E-001   0.84268367828477436E-001   0.47658997793044999        0.32741276953503970E-001
   0.30018955792006452        0.36845926994165994E-001   0.78709954075828148        0.32813627379360943E-001
   0.84128849709558484        0.83872648836819982E-001   0.98140690320680279        0.32759034698485311E-001
   0.82722223518117788        0.33465345063247560E-001   0.41565748011886167        0.32743850032185565E-001
   0.79513125474530277        0.33637485885318730E-001   0.19880822538734888        0.32736125526887434E-001
   0.44103677700338378        0.33708178742443896E-001   0.45764376525291028        0.32735505322347189E-001
   0.40362244295772853        0.34535855631906205E-001   0.61506962996269443        0.32636702336638172E-001
   0.40747419448226352        0.85007617956987302E-001   0.78525415428206502        0.32693321385807057E-001
   0.73461659407338864        0.83784416070977696E-001   0.83594697238445037        0.32753144352973690E-001
   0.62793935786627819        0.32974001716068228E-001   0.39706519045584471        0.32745240934295435E-001
   0.91314655225826991E-001   0.83545436375459955E-001   0.87860212686094252        0.32787608553195458E-001
   0.95144520021493773        0.33386347760599976E-001   0.58965058777542656        0.32750621997307869E-001
   0.28009787612973414        0.84372752022769962E-001   0.61029192184626258        0.32804798940114913E-001
   0.95257558566217759        0.83242162171213482E-001   0.23469142141221738        0.32800576766815061E-001
   0.91551272189513011        0.83398169050669282E-001   0.56760280643604777        0.32637504994792392E-001
   0.90369816664447389        0.83894838641958541E-001   0.96140012894788218        0.32718303004090538E-001
   0.40796928965475571        0.83581774775101619E-001   0.35548371988186933        0.32667427909496109E-001
   0.52974659514828881        0.83423647021818925E-001   0.31948026750518160        0.32801517602476786E-001
   0.66352859874867456E-001   0.33616131961223802E-001   0.63841689639070953        0.32765306124388854E-001
   0.84712081465160127        0.87256298297691257E-001   0.77058081440826287        0.32771643171805143E-001
   0.86948430736684934        0.83511042287716289E-001   0.41501502837397408        0.32679981290436332E-001
   0.51909933138281816        0.84258677786612987E-001   0.75658049833999430        0.32608533794746646E-001
   0.51490257638464479E-003   0.33250442092659538E-001   0.11467079920241235        0.32702297896463700E-001
   0.60812915191331318        0.84719703972975000E-001   0.74215926408826816        0.32750154248801282E-001
   0.17306903326945700        0.83289430945203705E-001   0.78112017340815618E-001   0.32701124774545606E-001
   0.58346961940129793        0.81116979518249158E-001   0.11473285349318088        0.32693009280399830E-001
   0.28966548791334090        0.34998577229430214E-001   0.44987803847616625        0.32704612932268527E-001
   0.15101694905069074        0.34287580059008525E-001   0.51788861642490791        0.32711558706944234E-001
   0.15845342274523866        0.34090522134568112E-001   0.45282866559861434        0.32756377614510085E-001
   0.26104185399145413E-001   0.83740722695685763E-001   0.62482081996772965        0.32713895909234042E-001
   0.68632974979223094        0.84504182434752537E-001   0.88157749919053308        0.32786501439994196E-001
   0.74583092025796549        0.22588052586501654E-001   0.47711734670943640E-001   0.32752397625151093E-001
   0.79203595997399312        0.83082457126252229E-001   0.65230905928774408        0.32695541607947597E-001
   0.21452273621893872        0.34098606587419047E-001   0.37882962572422341        0.32722338672356487E-001
   0.87907902261186610        0.33631897623881239E-001   0.16260940407612459        0.32700325644337551E-001
   0.94543601616182626        0.84718354659103656E-001   0.80635144813002091        0.32666919823316660E-001
