 3 HS poly
 400 2
 80 320
    1.0000000000000000         0.0000000000000000         0.0000000000000000         0.0000000000000000        0.10000000000000001         0.0000000000000000         0.0000000000000000         0.0000000000000000         1.0000000000000000     
 T T T
   0.46046318851874912        0.59073952214405083E-001   0.64383417926764619        0.37291776047571383E-001
   0.75774031542269610E-001   0.59323566544927757E-001   0.54144895208712962        0.38664809286815406E-001
   0.96027863357209264        0.98517597706988137E-002   0.88128088845198327        0.38297430606208112E-001
   0.50562205638950763        0.59943661405220096E-001   0.27463667359469424        0.35657930786892687E-001
   0.48788017501759201        0.88197364395490342E-002   0.10167012153098572        0.35541052310962468E-001
   0.21035911682315347        0.79208110978755044E-002   0.35049779951944571        0.38377025647430008E-001
   0.55587481982705123        0.10026644575762810E-001   0.37740948533297702        0.38446502369372144E-001
   0.72982509173611643        0.59227936633570039E-001   0.80198199206054088        0.36119338082196313E-001
   0.58343311093985550        0.58987611738305246E-001   0.86525462653661134        0.34556603184059280E-001
   0.38591170058445312        0.60185107303981515E-001   0.46736766562132381        0.38550657103627400E-001
   0.87606355786679535        0.59739491042059056E-001   0.51018548916103268        0.36487473130381684E-001
   0.76342152950831688E-001   0.60156417961324621E-001   0.23013312456251792        0.39893133107051615E-001
   0.71117420999358105        0.99762146024249196E-002   0.61362718440537767        0.37450937713661085E-001
   0.37303880001576106        0.84214765497153468E-002   0.58907472357639268        0.35356138957134971E-001
   0.30645880875504694        0.58970876440793477E-001   0.88428376660677765        0.34304031984745922E-001
   0.42946117101774861        0.58920228120639566E-001   0.97056366888661461        0.37013959163351991E-001
   0.93997476651620049        0.59064716557835156E-001   0.10187047337812678        0.38720149979649822E-001
   0.67871380280786120        0.10055342002787454E-001   0.54095294384330495        0.38878262725653839E-001
   0.13411141588655467        0.93529555699122021E-002   0.54853168706873501        0.38419154341235544E-001
   0.15473840404623213        0.60690627120705547E-001   0.81286529387266115        0.36444155649689017E-001
   0.62374076909543597        0.91230724272681075E-002   0.10628842316400131        0.36336210248009974E-001
   0.47614817930668207        0.89875373782153656E-002   0.82717907761907461        0.40254914118741519E-001
   0.64941722111176559        0.59173540248021766E-001   0.79090955963538856        0.38162993292072053E-001
   0.44116803711985531        0.59005686147477324E-001   0.13203473340765798        0.39132281647727682E-001
   0.82016449743734465        0.93696674852766920E-002   0.50443453903718638        0.38406332622230095E-001
   0.90227441362941951        0.95963356976151125E-002   0.37866612611087369        0.35660944114135451E-001
   0.81943479418617271        0.59355949929897928E-001   0.30692773818325630        0.38019219965453363E-001
   0.75990903178328884        0.98075773196135783E-002   0.67776579182528596        0.43098393066833503E-001
   0.46225455753549152E-001   0.59484257850461131E-001   0.16117027850751006        0.35257527021340822E-001
   0.26574557870556365        0.57952442241984994E-001   0.34515811859862355        0.36211856020641170E-001
   0.91381924632444078        0.59482485679136311E-001   0.32449944233632816        0.38760586546964043E-001
   0.54853340359076008        0.91024860694644705E-002   0.75593155518499111        0.37322992226519344E-001
   0.27119488185420326        0.93554969396488878E-002   0.47377200849053458        0.35440906720722011E-001
   0.64728064855772904        0.59014155167083464E-001   0.27993475735961337        0.38705430906622561E-001
   0.68011965926426887        0.91549453875248762E-002   0.96934075625813432        0.38637359892640534E-001
   0.57721868294041712        0.10130934061977423E-001   0.53569100896458477        0.37851332532890455E-001
   0.39906900486363650        0.89110209695766780E-002   0.17342820529040438E-001   0.37887876373387461E-001
   0.83780212108447061        0.11216397512499083E-001   0.18116104396237551        0.36287546576424308E-001
   0.47695475913745267        0.60047471874883240E-001   0.48200000867653026        0.36839485310079093E-001
   0.16527987483661508        0.99829139509968468E-002   0.96925572494779966        0.36991757056217843E-001
   0.67768582251130949        0.90203229875490849E-002   0.43921616058267438        0.35864666964388808E-001
   0.98062881618407727        0.59366280056903066E-001   0.52545498655870293        0.34993535140596055E-001
   0.10057447544280126        0.10209522054488225E-001   0.80093101318595594        0.37715155396385439E-001
   0.68698426542660252E-002   0.59753991272150364E-001   0.66988813000818470        0.34818763745348542E-001
   0.99305485160760465        0.60192310315881514E-001   0.23530113647681125        0.35946924751270301E-001
   0.28179448967898307        0.91241189188533880E-002   0.39871603547943085        0.38018958772899875E-001
   0.40816567659715183E-001   0.95511820707337991E-002   0.42728891720724055        0.39364292577126120E-001
   0.15593995271709835        0.59308204088094001E-001   0.65966675031169753        0.34196614658105987E-001
   0.36632509814106956        0.55957074114687290E-001   0.84199419799323250        0.35884781876988958E-001
   0.97623128165836259        0.58994687693437346E-001   0.35099228090968083E-001   0.37085350954498060E-001
   0.37517457854765102        0.60030727761354576E-001   0.23029627942655684        0.38150774599341186E-001
   0.76433861788011603        0.93312829590225226E-002   0.32361401246945043        0.38135410637953206E-001
   0.50640237041077021E-001   0.60231822384985756E-001   0.82869910235321897        0.37704750545440695E-001
   0.82383729827338159        0.59676536349682840E-001   0.66705851576760766        0.38653487947138278E-001
   0.90064378056624261        0.59002792820786888E-001   0.19004177164152333        0.36638678642633968E-001
   0.30362217388890428        0.86408715202369105E-002   0.15169613182375907        0.39101158471554980E-001
   0.58135086156490545        0.59078978666947349E-001   0.68441257295143762E-001   0.39233209347783293E-001
   0.79178741433294519        0.59325495844634382E-001   0.45485410698671480        0.37265299002339367E-001
   0.82168293495557110        0.90810643256695172E-002   0.44760991459108335E-001   0.35845334293922490E-001
   0.92259918152893972        0.59599668280428821E-001   0.56466966642495764        0.35033270061787851E-001
   0.51877906564730913        0.58828589929721321E-001   0.14032386769669059        0.34721309668432496E-001
   0.73945311084720267        0.93159542226135452E-002   0.48205882389232108        0.39219646346450025E-001
   0.70010873308047034E-001   0.98982175669356295E-002   0.96647191797118315        0.35898311648543298E-001
   0.77200673359610850        0.98998611071053171E-002   0.57087545808890416        0.36751539859190788E-001
   0.25579782224482633        0.89987772789531691E-002   0.86407318492839058        0.39629058185732771E-001
   0.53458975652183138        0.59809309095622758E-001   0.43051858827388040        0.37029582264184464E-001
   0.38072392054567639        0.59897713812251910E-001   0.32519805619846415        0.38819960834395664E-001
   0.90997627471397580        0.98914535875916382E-002   0.82351579877463588        0.37738587203979441E-001
   0.31445304130452900        0.59606945519547642E-001   0.44402413706040428        0.36618788062946155E-001
   0.11161600212315129        0.93316925335920897E-002   0.64167517247830341        0.34966215013185802E-001
   0.42741083321830631E-001   0.16140607952839007E-001   0.33982572726006871        0.36148786369780993E-001
   0.72445345289886653        0.59131001529613363E-001   0.14217279543651165        0.36552084965629478E-001
   0.92226905096820033        0.58277825703402113E-001   0.94217489931136789        0.36419265409333441E-001
   0.19268778743393750        0.59207365385728433E-001   0.56040437002808086        0.39099577400792458E-001
   0.82745996986409209        0.59685915188562103E-001   0.56646481658122871        0.37862585641914567E-001
   0.33614155981882587        0.92517032587678318E-002   0.57138325566870617E-001   0.36398910054839383E-001
   0.26647599966404878        0.12666204097004760E-001   0.78891433791363519        0.36274928969093644E-001
   0.36217278540098569        0.58401438210678558E-001   0.53858751243293379        0.36471579515256418E-001
   0.91331985096577506        0.96845816222060569E-002   0.71859127649197496        0.36802032432567210E-001
   0.84018723605784329        0.59430801991994076E-001   0.23540054015343614        0.36204118818512918E-001
   0.12844680819661866        0.10226351670098076E-001   0.23769658658531420        0.32615595679037171E-001
   0.51653697092350204        0.60050564318985561E-001   0.34518992473186161        0.32801295045364928E-001
   0.69521905692415520        0.94261956059834839E-002   0.76941715680953782        0.32688878575620542E-001
   0.57205713382084789        0.58960892587750613E-001   0.99709347756440125        0.32715713543086701E-001
   0.83315607473914310E-001   0.97427791156462652E-002   0.73211131652148620        0.32724295043271422E-001
   0.59644402150012765        0.13320511325664900E-001   0.68958605459845446        0.32630171757271322E-001
   0.15237739991170973        0.10761274166887392E-001   0.86077258042242399        0.32751628032275416E-001
   0.13005012585263615E-001   0.66001069738742604E-001   0.37679272353185506        0.32628408494278865E-001
   0.65263996343647301        0.59138714407937804E-001   0.14426518926963020        0.32720213099081269E-001
   0.57196810495374362        0.58364220867940957E-001   0.21072044069131299        0.32776480609605002E-001
   0.66502814342263206        0.60143619625082717E-001   0.59578915988178405        0.32685878844811125E-001
   0.30960587818933971        0.58521777016437328E-001   0.20310356419681194        0.32671754447895170E-001
   0.79285885430054803        0.58894806697101898E-001   0.82111804417833861E-001   0.32729850068779570E-001
   0.14204684648609434        0.93318439451685869E-002   0.70208638345489005        0.32637418392734659E-001
   0.91082895596348723        0.59259114235002019E-001   0.10726575540953952E-001   0.32659198927206687E-001
   0.72361713089333257        0.60025474500483483E-001   0.56584714830943406        0.32762380561289259E-001
   0.65760600142207692E-001   0.59637816351385348E-001   0.63403556288588236        0.32687117346349139E-001
   0.20789865114906525        0.89160576538308799E-002   0.97866712931467550E-001   0.32796378830186851E-001
   0.54174995814040616E-001   0.10063552448949513E-001   0.87848572883350229        0.32760764809377757E-001
   0.97050217952900697        0.10714367726024375E-001   0.57210061447236460        0.32617332581157600E-001
   0.23209725720720636        0.87747380585054963E-002   0.15892214998280213        0.32743662267049771E-001
   0.82429378597685077        0.96605799388459774E-002   0.71807590409606703        0.32744766315812773E-001
   0.68581782737106567        0.92113768830900389E-002   0.17065007628566584        0.32678277907067101E-001
   0.39861082385755357E-001   0.59930021562380947E-001   0.47983703250206056        0.32641061600453540E-001
   0.82262028417943223        0.93884352401743185E-002   0.82969949380809138        0.32786579364436026E-001
   0.72405669478581036        0.59146946259802484E-001   0.43107400860558098        0.32659488088895669E-001
   0.68879102710176188        0.93699630412799363E-002   0.70404485270342332        0.32713708842524447E-001
   0.23460551152280884        0.91092169145849285E-002   0.96145321236377324        0.32635926604642741E-001
   0.53770993116052257        0.99855622089019026E-002   0.30844813144093114        0.32653552506108185E-001
   0.48198570120205991        0.62462615049855855E-001   0.57736401297470141        0.32640855535073024E-001
   0.48905699216661114        0.88189522303504988E-002   0.89907362385404099        0.32718998732215454E-001
   0.54033228950224010        0.10050078510048015E-001   0.24305658072763958        0.32779752331686451E-001
   0.12025678855763176        0.59710284678797243E-001   0.75284541417261996        0.32748579686850535E-001
   0.79893197926170045        0.97190910021235886E-002   0.25995535306612871        0.32655447500130344E-001
   0.20233033193257455        0.10702830310182359E-001   0.81550015671629150        0.32623113637607150E-001
   0.35976652213574201        0.52907513574083936E-001   0.16147700969249373        0.32681501687090136E-001
   0.68174134127869279        0.11195095350614007E-001   0.83334568761978711        0.32666269117784023E-001
   0.18434718127623853        0.87375019204578522E-002   0.20375739399575146        0.32700631432118182E-001
   0.51587606796164998        0.13518527842848960E-001   0.66625787632894418        0.32664948888125600E-001
   0.81653919307955791        0.89570334177654382E-002   0.97301997286877973        0.32804217598759712E-001
   0.43726698122720592        0.59965825735889891E-001   0.26858927462248455        0.32648739522720967E-001
   0.33958900161975564        0.75781586965298839E-002   0.49430947532417585        0.32700110407824050E-001
   0.54321775511042392        0.91425765663911297E-002   0.96552792999298764        0.32801153735856910E-001
   0.41149172938322925        0.90236037237747830E-002   0.64512502784242998        0.32618989163371720E-001
   0.11035136958862508        0.60814931637880647E-001   0.86591823094884557        0.32618239405627539E-001
   0.32772188467165136        0.58568151285134977E-001   0.59872631148324906        0.32678278974040839E-001
   0.58056459313039255        0.60237043927268155E-001   0.58554267861186693        0.32757485128850294E-001
   0.70311961863694539        0.60217772297755816E-001   0.66277252545124410        0.32725515053270961E-001
   0.88801979797031949        0.92975903892093259E-002   0.23689452187573473        0.32804524598345888E-001
   0.63770702407258284        0.59040438518516286E-001   0.20822719506699369        0.32786281196658933E-001
   0.43543475014808342        0.55879971865160666E-001   0.78824162864956793        0.32804427924387647E-001
   0.91498563305167802        0.60173864448386419E-001   0.77381912702949962        0.32637033234658108E-001
   0.97160623928292000        0.98944571510753108E-002   0.35155464856937862        0.32699500192503624E-001
   0.76439003433715846        0.92216633523646008E-002   0.76833588404809106        0.32744275429056904E-001
   0.12299412974710025        0.60213215862478520E-001   0.28572904461425630        0.32605825338207654E-001
   0.61502625885400164        0.91562209283138681E-002   0.82825192195337338        0.32724763659505954E-001
   0.96986852954552047E-001   0.59331243072310615E-001   0.69155569412721374        0.32689534549122212E-001
   0.86072904084741175        0.58663742116538388E-001   0.13317198560287893        0.32719477493681870E-001
   0.25073248690946282E-001   0.93574717899940433E-002   0.53578368014039035        0.32684469300077672E-001
   0.10957938197892493E-001   0.59078668422921643E-001   0.88735869002795731        0.32571049245860920E-001
   0.55460659419158709        0.91420530047271187E-002   0.90040556595958898        0.32726578364527366E-001
   0.62323100397937470        0.10173402695523061E-001   0.58943610892229903        0.32677822523805883E-001
   0.10498402250098604        0.96059907488892111E-002   0.25602770754902374E-001   0.32679533630625285E-001
   0.11691981704384632        0.59907419502178517E-001   0.96523905596282555        0.32624473795931579E-001
   0.50630859510365878        0.59012125622456557E-001   0.99495117306236736        0.32673931126839743E-001
   0.92984084647875098        0.90626178919112309E-002   0.15192076334320723        0.32554172900399941E-001
   0.15514049178956208E-001   0.10218002668644279E-001   0.27678764244379844        0.32768172989549836E-001
   0.47984665828250678        0.90928520739499193E-002   0.29294711467727965E-001   0.32761458645875693E-001
   0.61208265097841563        0.90607853457760432E-002   0.17442394872721365        0.32757469872453926E-001
   0.93280315414644799        0.95608469423679194E-002   0.51864364273718044        0.32756102804266385E-001
   0.42967872667458235        0.10136693925746683E-001   0.49357687966971864        0.32744004068740305E-001
   0.81774266358990000        0.16169046271013378E-001   0.90788066545219592        0.32637951727626444E-001
   0.92696980944644691        0.59418293268352941E-001   0.25422514953548753        0.32729143809084857E-001
   0.96074357332937010        0.59661524154522062E-001   0.72723047685729181        0.32603350728069143E-001
   0.75109765806269491        0.12475650612242577E-001   0.97670627770788432        0.32720957602769024E-001
   0.85656859021049347        0.59646389745998410E-001   0.36747225128815547        0.32697591182853272E-001
   0.86480647242720032        0.97761136626296694E-002   0.76946546255771786        0.32641674895602060E-001
   0.98949154390062100        0.60360341450293370E-001   0.31167592466798438        0.32702388510411108E-001
   0.87464761726663209        0.97210191685421915E-002   0.66047694351816555        0.32762218798309782E-001
   0.36920400451819946        0.76183012389722214E-002   0.69555538845447129        0.32712136750186943E-001
   0.75269041628834843        0.96989805297845455E-002   0.90977334131292897        0.32748663126444422E-001
   0.57401365950208638        0.58418002568472252E-001   0.27652598405225504        0.32728546922515735E-001
   0.58360178628343196        0.59023640717150029E-001   0.93259537781974833        0.32769236178715085E-001
   0.89407290424049357        0.97486312868031774E-002   0.46594207902432899        0.32641963742292536E-001
   0.19048393340214029        0.99124157432877724E-002   0.50168997964785966        0.32709543621988052E-001
   0.14758850502981846        0.59436947158555464E-001   0.23326777908312276E-001   0.32697271107673634E-001
   0.60322218471027744        0.84028840691245665E-002   0.30703286398325957        0.32678606622818192E-001
   0.60601065840702462        0.64518337422922430E-002   0.24097475679746766        0.32749215472488213E-001
   0.73815705092256501        0.91061958476676141E-002   0.23514508269990436        0.32728792446190459E-001
   0.25827688088111073        0.58793178773053768E-001   0.12578250234874980        0.32678934027335703E-001
   0.27702353641661043        0.62724546894254676E-001   0.74239439461569634        0.32775124851782182E-001
   0.14226964746243456        0.93933951969161489E-002   0.45663721326591028        0.32687442155262189E-001
   0.32805881576318746        0.60465578861701785E-001   0.37543729755915817        0.32666793648353114E-001
   0.42748232850014212        0.88248668889684394E-002   0.92165522076282003        0.32774799210689029E-001
   0.24126036321235891        0.93302682702232076E-002   0.54295876164233325        0.32671924868113524E-001
   0.10731696219650533        0.57965189642227258E-001   0.13054831055519772        0.32643939105807429E-001
   0.48370449230854162        0.10355207313097328E-001   0.53059194044489399        0.32698253472918458E-001
   0.25326518949172283        0.90131760561774962E-002   0.24044021744959069E-001   0.32656127277435727E-001
   0.47915010369349448        0.71356775315685019E-002   0.16954876449629910        0.32728046929096095E-001
   0.36960623862437408        0.92011494661156396E-002   0.95300552436360753        0.32769838956416872E-001
   0.81482432792948611        0.97517070152830579E-002   0.37329477133007305        0.32600699881087505E-001
   0.95842516780319742        0.95103871887340149E-002   0.66562297177902185        0.32718567577477299E-001
   0.10782155061287223        0.16344778130571395E-001   0.40147748646552250        0.32681420195063864E-001
   0.88327778676768698        0.10304877013050889E-001   0.90799086674957585        0.32669105929626394E-001
   0.98758771750546870        0.58922102899831463E-001   0.96474217835815190        0.32651556626841785E-001
   0.62511849723869817        0.74601332964947427E-002   0.39483853813129988        0.32843935971163876E-001
   0.95045569673454167        0.10537032458643299E-001   0.21390146044825875        0.32754746712753476E-001
   0.52749309723791216        0.60108178690354376E-001   0.53033432831765559        0.32667785397605315E-001
   0.27355582180941657        0.88884158267940310E-002   0.86343679930881073E-001   0.32643462554685497E-001
   0.75316329302725860        0.11206967641906606E-001   0.42197315911078614E-001   0.32746874492883320E-001
   0.11133196673390995        0.87501713986444934E-002   0.91168219569415432        0.32666550050884639E-001
   0.19788389848728610        0.66679734828789796E-002   0.90756281791540960        0.32618118853629335E-001
   0.48126504074296556        0.10014235700384686E-001   0.36913388574680123        0.32821294165690705E-001
   0.71817352761763920        0.59092628254308999E-001   0.93551439221575039        0.32678839907650505E-001
   0.54967643104026187        0.93073528703866339E-002   0.83492661578862182        0.32707035344966856E-001
   0.41426247618735412        0.59107593404931706E-001   0.69743659366365940        0.32706308970147736E-001
   0.31132772307234347        0.78088549347707292E-002   0.55859683643250824        0.32684067001851551E-001
   0.32195751046276577        0.56019488856941239E-001   0.78957075559023115        0.32688616112427044E-001
   0.21358727244010653        0.57987577044340738E-001   0.29997047326325149        0.32727822408416977E-001
   0.78057759629405393E-001   0.66120940968191974E-001   0.37135442998630736        0.32642499861200686E-001
   0.95947838572309433E-002   0.96946923045996558E-002   0.62445844069586887        0.32710352899612667E-001
   0.41587358249264444        0.99811069393528906E-002   0.36264794284752616        0.32676362307717095E-001
   0.76132211085204582        0.93189057332558525E-002   0.17341692229067271        0.32703659116002017E-001
   0.67881692770707902        0.59469978415855856E-001   0.48717906889031248        0.32733589754786525E-001
   0.84507332600862339        0.66807413248880468E-001   0.87441392207818047        0.32684635495299375E-001
   0.78367594974755705        0.59662102844167612E-001   0.72991930195213273        0.32752629753123805E-001
   0.71508011239205949        0.58982922347696670E-001   0.74715178917599337E-002   0.32737719345395648E-001
   0.22664180256070363        0.58872297845381540E-001   0.20128965330846399        0.32716936094379714E-001
   0.20544170380281893        0.93198857273490542E-002   0.42151158378102438        0.32743600345216180E-001
   0.17860726084690795        0.59293684157991772E-001   0.72308914299517024        0.32713819128591656E-001
   0.37680123111016689        0.59357669064598042E-002   0.79600716628854451        0.32690449391237199E-001
   0.62796781996029805        0.61528047952611679E-001   0.44378496416082169        0.32752512256043913E-001
   0.40300535481850869        0.16537166434679399E-002   0.17719983536182626        0.32658462835071747E-001
   0.51760829680272999E-001   0.59399170135752737E-001   0.10536079511152183E-001   0.32757355297347836E-001
   0.47768970078088130        0.90076159524020132E-002   0.96372414710269472        0.32724229120265291E-001
   0.35107985977922107        0.96699987526018827E-002   0.41285729807719740        0.32693281511462877E-001
   0.13225270628422109        0.59380253007770070E-001   0.49768835246106941        0.32696630611647182E-001
   0.12368764147954965        0.93567390807850395E-002   0.88276522963789406E-001   0.32726021983789537E-001
   0.45114788742946166        0.60057059697753969E-001   0.33910884443074180        0.32770345488137655E-001
   0.65140042160557510        0.12510008117432903E-001   0.65034594204976781        0.32679948139942107E-001
   0.96758846141991295        0.59115277309811601E-001   0.17117365718250713        0.32641451683817428E-001
   0.57309435058822999        0.59108278054886457E-001   0.79880097248875614        0.32646658691994887E-001
   0.31277453943549854        0.91453739143453391E-002   0.98909499323276084        0.32780330465034827E-001
   0.10202414815726854E-001   0.89751382378768924E-002   0.25001320770785731E-003   0.32664868871159505E-001
   0.57755745158264360        0.60062356735314917E-001   0.48582391288098348        0.32675076334684250E-001
   0.29761840804023422E-001   0.10180151353216926E-001   0.20562167512364676        0.32681537718444092E-001
   0.41427848844968695        0.11661656343426939E-001   0.74274523896126632        0.32667100384927948E-001
   0.91022088332726347        0.59868613078295975E-001   0.87406629370690225        0.32755790575421190E-001
   0.78351731975853012        0.59725697708478701E-001   0.94284624694545660        0.32675244678303794E-001
   0.41030760355917972        0.60528943206622811E-002   0.85851574388315643        0.32640076533892080E-001
   0.51804404013183303        0.58810456465352413E-001   0.93014186727314407        0.32746997929653153E-001
   0.65821852929814062        0.21759485969628171E-001   0.33999137087456305        0.32725866430471928E-001
   0.32049902722406837        0.59457021710181517E-002   0.83171208584545075        0.32647515002645122E-001
   0.98986029069278969        0.59609883350930683E-001   0.43769278385035743        0.32689652273368904E-001
   0.63559159080128980        0.90715603901446330E-002   0.74230359558699965        0.32798651695248614E-001
   0.42198055336018320        0.91091717335891522E-002   0.84063844665063864E-001   0.32649584635128813E-001
   0.88872520658779586        0.88986915096669911E-002   0.10098168368664338        0.32745486069115162E-001
   0.12721416510751860        0.59401410675713140E-001   0.59869028271977731        0.32667261741835422E-001
   0.17586206322600521E-003   0.59819237694454422E-001   0.77952804540374487        0.32734979776044358E-001
   0.62739909848600639        0.60140364927341351E-001   0.53718220815895501        0.32791775816185913E-001
   0.44110882881259472        0.59112456562002806E-001   0.46344976507905464E-001   0.32651816755955340E-001
   0.29841961873418815        0.59240505457766782E-001   0.51160920028853796        0.32711584844968666E-001
   0.60207331416239684        0.58365086973664937E-001   0.35177868128075096        0.32712926625178454E-001
   0.70061245271702166        0.58101467860469172E-002   0.29278661974152420        0.32627605772166467E-001
   0.52392104795329730        0.12517948479799002E-001   0.58221451483762010        0.32744013083595543E-001
   0.32557420165357781        0.73080036390728263E-002   0.74512755884163306        0.32669340984099328E-001
   0.71837565931160596        0.59359170123776554E-001   0.73414128819266644        0.32675045348838042E-001
   0.66183774342139498E-001   0.93060069569997472E-002   0.59151763475126196        0.32691744147827932E-001
   0.96068733367240611        0.59590593878717159E-001   0.62067637750844640        0.32656746398413414E-001
   0.91608293112380645        0.59745839475263476E-001   0.66992895509702033        0.32699477049897660E-001
   0.87693794241002143        0.98630473535714566E-002   0.55822614320607555        0.32740774948666354E-001
   0.61975763355500324        0.95185647946481912E-002   0.89417781157169118        0.32691097986901098E-001
   0.84566561830532494        0.58955432407422861E-001   0.42027364956188223E-002   0.32723307997045550E-001
   0.88316759396257730E-001   0.59432057120433736E-001   0.64901342558196282E-001   0.32729195183523518E-001
   0.86311680642832933        0.58956834488198523E-001   0.67289215082064008E-001   0.32660920373657261E-001
   0.55509471444063196        0.88765464846277675E-002   0.11319767230933166        0.32640963250214608E-001
   0.28115316713112692        0.83264966973545761E-002   0.69389577750901577        0.32701200862172486E-001
   0.26587271198888812        0.59388495749940928E-001   0.57732490406924342        0.32755591549169939E-001
   0.22030404055414410        0.79804778725803237E-002   0.25833874008454233        0.32608814863055890E-001
   0.95097767258369070        0.94960360529271551E-002   0.28921968340117454        0.32698462074760910E-001
   0.17512311187137453        0.59287613263718487E-001   0.24613191777974566        0.32772529031172351E-001
   0.55445014335674003        0.63508802068297232E-001   0.68417004548946769        0.32691818987954931E-001
   0.79827385570778797        0.59232464003827062E-001   0.79392177466831304        0.32692761292470479E-001
   0.86569231477534725        0.59665466670485445E-001   0.72709283836482519        0.32755633005279214E-001
   0.78040487247387069        0.61763598627901942E-001   0.85585172185300411E-002   0.32634102325005312E-001
   0.75510295314737630        0.93793526363439416E-002   0.84223706253288300        0.32661237335040706E-001
   0.92946750540116552        0.88804896897466696E-002   0.49161393997740152E-001   0.32710572410518501E-001
   0.89072036900045393        0.59616374929749132E-001   0.42382110997546940        0.32632762379052271E-001
   0.50873046249914577        0.58887368234022991E-001   0.78501671939090301        0.32706010168937844E-001
   0.36783187523234157        0.28769466238607621E-002   0.12005748251180035        0.32624658118716524E-001
   0.94821373744988158        0.59585652365701042E-001   0.38721142922457158        0.32664116353615602E-001
   0.14999084104288934        0.66293566239654905E-001   0.40305124093850608        0.32695595246266522E-001
   0.22335997789404594        0.10442940848577893E-001   0.73331824280522551        0.32661713532708136E-001
   0.67010815641812760        0.58840133587635172E-001   0.39267206666238785        0.32714257108533894E-001
   0.22540425101671821        0.58790746785005392E-001   0.57861885218417827E-001   0.32669595542842357E-001
   0.32708908636139511        0.57693505160583552E-001   0.70028091370586409        0.32737512315264325E-001
   0.63775865570046730        0.59150304053859341E-001   0.99758461991440961        0.32661539836317997E-001
   0.52908846546122601        0.13158206969862316E-001   0.48341264246031579        0.32737170436281569E-001
   0.64680648503019778        0.59354691933455384E-001   0.69837895952276718        0.32726950361345007E-001
   0.11264459955370189E-002   0.97116252626883413E-002   0.71527365786825259        0.32715368331204885E-001
   0.46595452061413900        0.10001655136279847E-001   0.29941953868844745        0.32690156807869609E-001
   0.21808622696227417        0.60674969655608646E-001   0.77596017938328365        0.32781354280625549E-001
   0.94824696594502877        0.95764025916073043E-002   0.42930603829674102        0.32666231410387998E-001
   0.14817591814600212        0.75888433408720576E-002   0.14912410331089246        0.32749302791552713E-001
   0.24566199543573139        0.59202385486806175E-001   0.43500382549282895        0.32665495872843876E-001
   0.45627542228247753        0.90412102702952385E-002   0.69270646342596476        0.32682020511524232E-001
   0.11648948164330829        0.66428126900357201E-002   0.33738220233025767        0.32657708090030074E-001
   0.17375661447210600        0.88177895695353264E-002   0.60869444579038323        0.32662858396733364E-001
   0.34923642855036047        0.59130988926348882E-001   0.10957655041059793E-001   0.32779422014859970E-001
   0.54529532311937057        0.83517604611507510E-002   0.17780665894448933        0.32631621139435671E-001
   0.76423417240969826        0.60555804843716782E-001   0.62012519364849894        0.32620568035047232E-001
   0.16614394280376180        0.59576803688516748E-001   0.86185577420353515E-001   0.32653257077091644E-001
   0.26235711953222246        0.58003562246143309E-001   0.25623130975763697        0.32716800491955911E-001
   0.72349929344513231        0.61382148487320799E-001   0.72673253210983169E-001   0.32679918681720835E-001
   0.21556458566273001        0.59287972179999017E-001   0.62896792840032856        0.32838638529498178E-001
   0.58680304039725861        0.59001781949186649E-001   0.14076526037846751        0.32553532808239187E-001
   0.74477546103790937        0.59335229521755906E-001   0.27735722749358505        0.32723285978347616E-001
   0.68494414987152563        0.49975803587063976E-002   0.89832111273733561        0.32664630601084037E-001
   0.41924778437150612        0.10563249964732841E-001   0.42821135545399458        0.32757166849181688E-001
   0.23591294173313498        0.59180989870461692E-001   0.69138880752963161        0.32710049824206944E-001
   0.58158496841923457        0.99454042582719573E-002   0.44375112592353960        0.32663324171772173E-001
   0.36927836961094324        0.59012890384967542E-001   0.64946104235705382        0.32846676997639490E-001
   0.98731926258315361        0.89189087811533865E-002   0.82657462131947093E-001   0.32635477534211955E-001
   0.71494145899678097        0.58940501184791716E-001   0.33593076783911013        0.32660573940435152E-001
   0.60872880242323879        0.91665564508051269E-002   0.96676885803388768        0.32683920285903861E-001
   0.69295208486415116        0.89525993128522201E-002   0.10559756791039626        0.32727956499093519E-001
   0.81739256174876429E-001   0.10487128625731425E-001   0.48967969183310928        0.32747403705247320E-001
   0.10252561769995463E-002   0.97219325301789693E-002   0.82211831143014913        0.32641187385115927E-001
   0.49516201485926908        0.58472785911804104E-001   0.71254413724960342        0.32749116140865446E-001
   0.91825948936192070        0.98722441835920431E-002   0.61135003229582707        0.32699779189139723E-001
   0.44074136360059307        0.52682403603577510E-001   0.20369923002153745        0.32733247188851337E-001
   0.41262783832112473E-001   0.59745048671703029E-001   0.72829761475196209        0.32681119656440688E-001
   0.17428050107765831E-001   0.59655181667635594E-001   0.58271304993832829        0.32775612793136483E-001
   0.50629951531976558        0.54824374345418682E-001   0.20650239719543867        0.32613709734764358E-001
   0.76405713321635016        0.93310618983802173E-002   0.41450483110940822        0.32641056235481435E-001
   0.65386005138874204        0.58274347509985752E-001   0.67796234756930251E-001   0.32704240311540650E-001
   0.37233976925595758        0.61525476746306651E-001   0.74784365149444143        0.32678626298795345E-001
   0.19050417915801016        0.57779814412266185E-001   0.14678017457289805        0.32650650689609852E-001
   0.43153490119121313        0.60145773396338198E-001   0.53588384962913138        0.32670022017937353E-001
   0.93573438572105083        0.59441178218323301E-001   0.47469139818593276        0.32765956003565543E-001
   0.32600905769447230        0.97564201585854139E-002   0.24838880174228473        0.32697760627605058E-001
   0.88209084519590808        0.86128906901173884E-002   0.97410756375038243        0.32693046111320907E-001
   0.79683254267423886        0.58539697472462175E-001   0.14778050900311837        0.32747215505357238E-001
   0.95926539367063379        0.59704974613576524E-001   0.83073419954781247        0.32665939315781919E-001
   0.38115211708806601        0.59209923789662361E-001   0.73324578569232260E-001   0.32696380409970513E-001
   0.28688799338967397E-001   0.59388239634349721E-001   0.93913886903509852E-001   0.32769901611430848E-001
   0.32221768277032770        0.58832895149333445E-001   0.10337324715906666        0.32654597451325762E-001
   0.89831199287129321E-001   0.10120970994341717E-001   0.17883106973481197        0.32734950214984265E-001
   0.44777468092815753        0.58640746095710877E-001   0.88352520555364156        0.32750602408439473E-001
   0.94679484284926607        0.77291128559630025E-002   0.98404511151080720        0.32765183185015125E-001
   0.51566353397193065        0.58877070604647280E-001   0.86424430242498695        0.32701409890349489E-001
   0.28605116436216871        0.59218273701714258E-001   0.64907025941047325        0.32645573054734478E-001
   0.19941928113752330        0.92695800283146262E-002   0.66991179566503545        0.32665523731974053E-001
   0.39583448354551592        0.99186958790705004E-002   0.27630448864473084        0.32685574609823818E-001
   0.87620452265887849        0.59651920064562304E-001   0.61773679939619530        0.32772645442292359E-001
   0.82342897151531225        0.86707931464748943E-002   0.11330555321393612        0.32716304663529427E-001
   0.78012208185133325        0.59566392050551066E-001   0.87669259332704730        0.32706382907145073E-001
   0.32754145533564361        0.59212140101175016E-001   0.94870990304415959        0.32655311808278575E-001
   0.45543660433808714        0.59995795411290180E-001   0.40468842628520107        0.32734346642166477E-001
   0.32747755691021863        0.91776513936063266E-002   0.64161504631509148        0.32640184313453252E-001
   0.95814793102892726        0.94202941190669014E-002   0.77173848009671564        0.32722604421703050E-001
   0.52287827847274787E-001   0.97423983960252172E-002   0.67438217750735552        0.32762914505746706E-001
   0.95701397094024560E-001   0.65259421064164408E-001   0.44333719734440136        0.32799529099866408E-001
   0.52775648722369040        0.62591719776113455E-001   0.62434539418474466        0.32692981590291416E-001
   0.85307816914654089        0.61359342849033882E-001   0.93920924615585921        0.32719900357736406E-001
   0.20301608562902693        0.58635833994516787E-001   0.86248375163709834        0.32683554232975039E-001
   0.50966760502196728        0.58797435569496806E-001   0.60404344800706965E-001   0.32727236715734270E-001
   0.28971019860218750        0.59227320897911398E-001   0.45822344261971480E-001   0.32741851748221119E-001
   0.16131812294857054        0.97037905439885386E-002   0.76449342025180311        0.32665198255695999E-001
   0.20657959294198278        0.59964898111733771E-001   0.99517431777213317        0.32654151471626244E-001
   0.27082979737660912        0.59089800914479400E-001   0.98287284757842175        0.32680080786129148E-001
   0.64906903130085947        0.58661213184916676E-001   0.92747718145847635        0.32775476664998984E-001
   0.60940784232222445        0.62567775041766985E-001   0.64447172482147363        0.32824126301894248E-001
   0.35080909927676429        0.89042475159965238E-002   0.88987953581657908        0.32703639268017996E-001
   0.46704141804740675E-001   0.93717486402332371E-002   0.55249576270051219E-001   0.32704113594215350E-001
   0.23375508661165501        0.59193436132139260E-001   0.50137723273226087        0.32660768495479442E-001
   0.80809758519067479E-001   0.10194719358271549E-001   0.28268822179808056        0.32714434973483704E-001
   0.62242899301837140        0.91101044231153543E-002   0.36924981530599678E-001   0.32672511170240760E-001
   0.82615209090244002        0.96809287927051464E-002   0.61622186824593450        0.32684479659659080E-001
   0.67117883079058505        0.91534728748770052E-002   0.23443780313245785        0.32740532428840709E-001
   0.86154378690215849        0.59741791456444593E-001   0.81155002515254249        0.32660789995669792E-001
   0.15606093323268180        0.56637646327032012E-001   0.91293605602501526        0.32693038870653356E-001
   0.11741896421080521E-001   0.89265299860680752E-002   0.93020689187924199        0.32708294453192878E-001
   0.27350458550281748        0.80440671833122302E-002   0.29821917495094236        0.32698617950812900E-001
   0.56980979218284555        0.12545962902295213E-001   0.62915070513531712        0.32746193005862678E-001
   0.47851707588784570        0.80803298737911495E-002   0.75427842535545886        0.32687940807163085E-001
   0.68646296049739694E-001   0.59756403321229314E-001   0.91924847708078805        0.32685165259509236E-001
   0.19799109599499530E-002   0.93143193693921746E-002   0.14643408240898048        0.32707338095662571E-001
   0.77233502681292687        0.59301718019913865E-001   0.37333621745243284        0.32606838053518307E-001
   0.71535115436820396        0.55069374791525898E-001   0.86913929741999818        0.32645222513324003E-001
   0.18871447411209866        0.93670643395979674E-002   0.35106737756469830E-001   0.32773353353626522E-001
   0.31791717646626461        0.60101168699662678E-001   0.29077467509493254        0.32732409177283373E-001
   0.38594934527228764        0.58819782439255008E-001   0.91342775514210139        0.32723971583063956E-001
   0.54538815113482497        0.90280626645196874E-002   0.31040597967696336E-001   0.32730056449938219E-001
   0.18456383993245035        0.59305068791606255E-001   0.45829952562245779        0.32722012490872122E-001
   0.65060417086750788        0.61228456856217056E-001   0.86187306977912603        0.32728562332445865E-001
   0.26849994503588476        0.80611475898313811E-002   0.21430848520963214        0.32636634223024236E-001
   0.59358339306098795        0.59121361083460701E-001   0.73646531347476796        0.32719386320015316E-001
   0.39024464744639353        0.59968883654036659E-001   0.39619707330059428        0.32739887307177980E-001
   0.70489706803338881        0.59235871758038627E-001   0.20876571819748113        0.32723938189916479E-001
   0.16086991253924907        0.58096135268837050E-001   0.33909968516984806        0.32653457136765089E-001
   0.62973059335662163        0.12915056098658298E-001   0.48828038948681590        0.32834843643117409E-001
   0.29100840789932758        0.93953275983869287E-002   0.92727549420281896        0.32719014999404730E-001
   0.98953498640305082        0.94087433699967232E-002   0.48021594457524031        0.32732817722308571E-001
   0.75828223669907768        0.95110990439273308E-002   0.10734486293588316        0.32594701618593264E-001
   0.77241132140666224        0.59422059921009830E-001   0.52213260270627448        0.32727188324552743E-001
   0.48575859898890272        0.10032418239288072E-001   0.43448366746508316        0.32674905234763657E-001
   0.25673021755996872        0.92530986013268472E-002   0.61874759038445892        0.32671027170567433E-001
   0.86905110928079643        0.93757577843564758E-002   0.29960533954767865        0.32657049899213760E-001
   0.24219748547899150        0.57777545968479616E-001   0.91604078267986067        0.32611159680334297E-001
   0.16494170180533482        0.10265326916350634E-001   0.29322904631270180        0.32695930613602049E-001
   0.70977179115211719        0.88615612519094399E-002   0.37822946251708134        0.32649793123753011E-001
   0.13759200189229084        0.57407876730907172E-001   0.19075172090311904        0.32701726201891455E-001
   0.68770673863935128        0.92233188712267551E-002   0.40256585642183595E-001   0.32672557463514745E-001
   0.32970025508559259        0.10146357464119193E-001   0.33280222507265894        0.32662794347771744E-001
   0.65100799235955603E-001   0.90723864875785851E-002   0.11815395601379931        0.32711798736586591E-001
   0.44088677212578437        0.12471423981987678E-001   0.58647970062946886        0.32657517565232053E-001
   0.47202738927923749        0.41820994644161894E-002   0.23454590117123858        0.32684381317364335E-001
   0.77482825450996551        0.59227925577497925E-001   0.21370227569670830        0.32643663909091229E-001
   0.83657716063073073        0.91062158506030871E-002   0.43481971106695955        0.32627128471941574E-001
