 3 HS poly
 400 2
 80 320
    1.0000000000000000         0.0000000000000000         0.0000000000000000         0.0000000000000000        0.10000000000000001         0.0000000000000000         0.0000000000000000         0.0000000000000000         1.0000000000000000     
 T T T
   0.10085358300878171        0.56863838436357145E-001   0.66365341405622946        0.36800998848367170E-001
   0.85868503450407851        0.38572156563269873E-002   0.45977919969165892        0.39937049281205707E-001
   0.27925735742979774        0.69056783867083695E-002   0.55349428868185080        0.35144199992720213E-001
   0.57446763292965075        0.57146814580451323E-001   0.50437166004550990E-001   0.38665939672702446E-001
   0.19738084257647356        0.56214209154134331E-001   0.38664974616733744        0.36116686787682137E-001
   0.44725778111907383        0.72560113959809344E-002   0.86481935235381191        0.38821642360067514E-001
   0.62361214956562749        0.52057079972955556E-001   0.37780577021919165        0.34815621522945907E-001
   0.33880481636956089        0.73069357144301701E-002   0.73775583908817791E-001   0.33982136184801566E-001
   0.75428787042035339        0.56153329132376965E-001   0.89741553988539791        0.35950397385872621E-001
   0.47337405420107315        0.73213734314756798E-002   0.79300212766049982        0.37588654593172371E-001
   0.67291948624048015        0.53252701778452607E-001   0.72782900317517485        0.36391365059720696E-001
   0.33058793436794981        0.64905556031026341E-002   0.42437951914704952        0.37002657059909259E-001
   0.77429922799276563        0.53034028051128973E-001   0.61421984704027699        0.35586937267264591E-001
   0.94279873157197402        0.54699653669777797E-001   0.63151361579147369        0.39331332886803599E-001
   0.86670511838884533E-002   0.57524829922560611E-001   0.69120509561806764        0.37880991571956860E-001
   0.87145111156723221        0.58095302751789450E-002   0.30547849404850635        0.39473311863794311E-001
   0.42508009894911197        0.56766631203969367E-001   0.22712651129191705        0.37527177041104171E-001
   0.98007169163956542        0.52389617896456062E-002   0.17983597614753516        0.34833999783584160E-001
   0.26294634647542553        0.68499396608058252E-002   0.29453493355134358        0.39329227388474150E-001
   0.78390833901927504        0.20577158019624646E-002   0.43913629270734345        0.37639564303974631E-001
   0.96428076936904406        0.58208278097625660E-001   0.51870492347022434        0.36548830553850831E-001
   0.19003828629890784        0.68619561474584038E-002   0.58858033586722014        0.37916952987270859E-001
   0.99509725065737575        0.56860331938536880E-001   0.93619389077130688        0.34277338573972520E-001
   0.60315663240368822        0.53981743423272527E-001   0.71561671521082537        0.34417227744028826E-001
   0.11038233668326201        0.57256626312163382E-002   0.33727063000642860        0.38881348032454383E-001
   0.40578712638536846        0.68775033578943670E-002   0.41836830337090403        0.38418585858070495E-001
   0.70119532944264773        0.51865709367316708E-001   0.30792140845582716        0.38593885541179325E-001
   0.82301113157569661        0.55407092192016019E-001   0.98249999146804246        0.39425381377757619E-001
   0.17445209371811712        0.72897403155149591E-002   0.90637274951740632        0.36188063566369916E-001
   0.78063438730190327        0.19997334038321275E-002   0.22299142546008255        0.36555465072886956E-001
   0.12952638609396080        0.73523137911219311E-002   0.42340731266253998E-001   0.38567988593501461E-001
   0.85355088012702074        0.57217502237598165E-002   0.23077646977237359        0.36865487681341153E-001
   0.10824684721713233        0.10715980742504683E-001   0.86918086930184268        0.39800234209020256E-001
   0.52323452695284829E-001   0.60913596113540351E-001   0.89158584255278972        0.38275616449492948E-001
   0.42406367641853032        0.57009638218137454E-001   0.11497241907837061        0.37243727971626776E-001
   0.81577623682624267        0.55493544853792076E-002   0.85823472732383554        0.39573310261181723E-001
   0.61509376164848528        0.52012905466584325E-001   0.45137317059387777        0.39215824578225915E-001
   0.90386881011769304        0.39686291767835951E-002   0.52793298789759047        0.38107003679000578E-001
   0.29762444760558987        0.57254068512670411E-001   0.77676969522412553        0.38974130160188684E-001
   0.89960754219299821        0.55450414749978166E-001   0.92669566165080342        0.37253984406997363E-001
   0.96945858857367317        0.57694810504744847E-002   0.27518188478965661        0.37830179156653196E-001
   0.45850924727541892        0.57144305043546166E-001   0.44565282692658331        0.38255696920181971E-001
   0.70284349164103033        0.22143397134005375E-002   0.49243576323244348        0.36677109373131948E-001
   0.12282945349345546E-001   0.45041969921760230E-002   0.47818889964106615        0.40413590310253857E-001
   0.99152697550272584        0.57689195750157997E-001   0.28049779854585073E-001   0.34299140167535443E-001
   0.82439788975772454        0.55318594285313362E-001   0.71131661305070970        0.38858214813910184E-001
   0.66160361476157059        0.18785122121446553E-002   0.34577071833231898        0.35534086278830354E-001
   0.10219617477370120        0.55789009459730789E-001   0.39388525936885133        0.36976959434671011E-001
   0.88608086097334893        0.35524644108595655E-002   0.62010294002004185        0.36263615382730340E-001
   0.64425606332383978        0.52070582535346722E-001   0.74385879070272151E-001   0.34887387151804047E-001
   0.26457292385312559        0.56927631688643093E-001   0.68319653529921820        0.37186768867459516E-001
   0.28941859863868680        0.57370185101824060E-001   0.61258853011079403E-001   0.37294513194245781E-001
   0.68172227447065259        0.51963276147074737E-001   0.23046531226629877        0.39109028375958657E-001
   0.74251451590541140        0.55362088282433469E-001   0.75249667183599089        0.37466861126846260E-001
   0.63764506405122601        0.52323242783037661E-001   0.58168441542866112        0.38284249007375565E-001
   0.40208666830767716E-001   0.56978658168621216E-001   0.78118024832961508        0.36515057000148274E-001
   0.19217294664698267        0.72932082657475973E-002   0.99887447090020820        0.37574761336153270E-001
   0.83485337739196186        0.55353603726023465E-001   0.80324890108160030        0.36388305228718762E-001
   0.21565782858639629        0.61878794431239085E-002   0.43649329645290647        0.36745429304661709E-001
   0.78513329478927019        0.53902307493735833E-002   0.78586015926005581        0.36188291464758257E-001
   0.10291014187150443        0.48363615474082957E-002   0.45034081246510638        0.37806200971441398E-001
   0.22510203913514135        0.57291627964668183E-001   0.10340365912801962        0.39368478244330499E-001
   0.94106251926438345E-001   0.67413638220000550E-002   0.60836478193624255        0.37938578581513456E-001
   0.39266892072114268        0.56823123565767852E-001   0.32180329622175136        0.38413965367618506E-001
   0.44262211305060700        0.56960543428004252E-001   0.53007595029092158        0.35437028927237796E-001
   0.64583250761236211        0.20370534508187071E-002   0.18559014820313480        0.36479887172377420E-001
   0.29664687750227492        0.56823104699002806E-001   0.60416707183820106        0.37861785995134262E-001
   0.77687648855938540        0.52906526190778708E-001   0.11179459896342313        0.37606672611604872E-001
   0.24993458540111743        0.68346129521877717E-002   0.63173647378954290        0.35877847857485531E-001
   0.16187384238256144        0.55673299213152318E-001   0.23614296706970686        0.38414050886565243E-001
   0.48209149388289302        0.68058807695544031E-002   0.23780654816530725        0.38994291915028789E-001
   0.15680012241515640        0.68147734941081083E-002   0.65797002828155682        0.38312136952782919E-001
   0.60429532338020597        0.56832039237722135E-001   0.22871982027857968        0.38468026809232551E-001
   0.68957088804273836        0.51995947661653809E-001   0.15528253989268095        0.36117696310140432E-001
   0.31629920520962307        0.72052278744472904E-002   0.83396387037857955        0.39188403987574470E-001
   0.86270031578422768        0.54128601068990791E-001   0.56836276183787182        0.38051339563141356E-001
   0.44920795838691219        0.68117923436526980E-002   0.33190678602944851        0.36517135062390405E-001
   0.43420234585614226        0.69440960393870087E-002   0.17076218618318589        0.38229372735477198E-001
   0.44353699675165703        0.71791745543552214E-002   0.94050974028042811        0.36940347530870755E-001
   0.35963552431084306        0.69153779180945122E-002   0.50564246019351000        0.37500488701375345E-001
   0.46563458632040189        0.57346820010462374E-001   0.98398572552797392        0.32721823378906799E-001
   0.83007930849641609        0.55727954592712042E-001   0.27342780507723236        0.32819507271584530E-001
   0.67607591201942152        0.56111433867922944E-001   0.94135248286700068        0.32701652251239964E-001
   0.30832899122845892        0.56416531570202148E-001   0.38099207801457585        0.32743982118880313E-001
   0.19418102354577330        0.57264703841262803E-001   0.94945729542450841        0.32676252908461725E-001
   0.70742982823735601        0.50719902674868880E-001   0.59762252931642490        0.32701012308143748E-001
   0.58432359301545833        0.19548813029015046E-002   0.40891858310347001        0.32647631883528927E-001
   0.17584368105846632        0.56535695368913043E-001   0.70579924754270740        0.32658709316774281E-001
   0.33406207879624594        0.56646324084973367E-001   0.11921898655856286        0.32743338673515504E-001
   0.14165444453073253        0.56058319652195043E-001   0.99176644533948133        0.32655101891456643E-001
   0.74443268615661828        0.32951654679125812E-002   0.63297098750220757E-001   0.32748462970605172E-001
   0.96155953849253428        0.54355100456756717E-002   0.83639804812509422        0.32650312578422325E-001
   0.32384647425712904        0.56527785803298806E-001   0.20126465686104214        0.32688659665069217E-001
   0.16470200568089829        0.55666988508485352E-001   0.14301960603047512        0.32774985868250069E-001
   0.38771388839420179        0.72211065807641049E-002   0.82482426691470800        0.32779061461603323E-001
   0.31015238692360314        0.69513526358131288E-002   0.66490608263112405        0.32858771175102039E-001
   0.72862716514979803E-001   0.25061689662586608E-002   0.85342129328852850E-001   0.32674414206713437E-001
   0.17259823689084663        0.75059603666623627E-002   0.99210679633650101E-001   0.32671765007616357E-001
   0.48234308036256396        0.56814830554504606E-001   0.18634326733828241        0.32731307763179521E-001
   0.85370437723812331        0.56466442096710107E-002   0.24781126429853282E-001   0.32680249775750257E-001
   0.36033144742242917        0.71932540503160843E-002   0.36113679073745653        0.32645881826518605E-001
   0.65599317921042888        0.57095461474408998E-001   0.37482782674359066E-002   0.32731821807766244E-001
   0.72296243668104188        0.19175076518457828E-002   0.26175347611490635        0.32820487994838436E-001
   0.43625814112050249        0.56828402618154229E-001   0.37798291051418809        0.32674580449052096E-001
   0.49180859520182968        0.48731678609765031E-001   0.62077599472543399        0.32744632318734729E-001
   0.38218251373125112        0.56819469153481600E-001   0.17116262888382833        0.32781471167290105E-001
   0.46053554841644084E-001   0.50738196187854372E-002   0.83126061105351667        0.32764424087849645E-001
   0.92760914353542578        0.44242212822219410E-002   0.43387878179256262        0.32691436543792113E-001
   0.89829911364748860        0.65886151554691869E-002   0.72947166757826309E-001   0.32777746841918844E-001
   0.43918166425500876        0.56838476174771349E-001   0.43955674872811400E-001   0.32767608640018459E-001
   0.59371522639340379        0.68135875645293402E-002   0.27854754993373698        0.32723083575237288E-001
   0.55308668734475686        0.65158487171924871E-002   0.22718260155817629        0.32758646195340746E-001
   0.69697398727117932        0.54376851587589325E-002   0.77178037025152701        0.32683649503068367E-001
   0.38994234887605933        0.56909552953829816E-001   0.46666758245669610        0.32738681488004504E-001
   0.21708339209833119        0.67740796084714647E-002   0.69574940842314159        0.32704744704100751E-001
   0.49285060854995821        0.73374643702474127E-002   0.16261017561826761E-001   0.32683367125128995E-001
   0.76760048944062642        0.54224012672746791E-001   0.33405846696001718        0.32770482356921558E-001
   0.71705133273936650        0.23671767960977636E-002   0.41725437705597707        0.32668478639259466E-001
   0.89604663301144405        0.59627500675762904E-001   0.11880091907089453        0.32688481055823858E-001
   0.49371800838124552        0.56514306218663761E-001   0.12178843790497361        0.32665228538215144E-001
   0.21513825680236012        0.61774407398082409E-002   0.24032055400450161        0.32790056350825297E-001
   0.68717904389598083        0.52366325521579563E-001   0.65997268369749873        0.32747096079739378E-001
   0.21473998197002173        0.73238174375223940E-002   0.15435059945912460        0.32699411697068449E-001
   0.73258361426918506        0.26535552511876134E-002   0.63641612424210792        0.32741036697171801E-001
   0.20637191864722701        0.65250940510468095E-002   0.33989787077503009        0.32672661012919733E-001
   0.70080074107702450E-001   0.41611444389216988E-002   0.18347328425139897        0.32727510943809685E-001
   0.34564537184124949        0.57258690551043767E-001   0.93477002911391194        0.32709596849801403E-001
   0.78128043271580516        0.53458888249470107E-001   0.41469045532354885E-001   0.32762385998951059E-001
   0.53000087657785744        0.56822185472184053E-001   0.26329953111012111        0.32695718165695872E-001
   0.58963798975107640        0.57650002883731033E-002   0.87621489628790317        0.32683735046940804E-001
   0.97713420712940136        0.55794113024817196E-001   0.32484179514106631        0.32762253281828524E-001
   0.53655428131901450        0.54368286707509594E-001   0.70705441514839562        0.32710679960807065E-001
   0.50880954063620487        0.68722353124104855E-002   0.45232374674117110        0.32763168425645875E-001
   0.51274264653263968        0.72908426848076625E-002   0.93131836948253333        0.32738393510260630E-001
   0.82173686751682928        0.55285552861507908E-001   0.91038631323910868        0.32699444549505081E-001
   0.44636559336405077E-001   0.10722079687562379E-001   0.94160309094387051        0.32728872973673787E-001
   0.61922461814027563        0.71017048456953578E-002   0.25597380281843551E-001   0.32700352363267425E-001
   0.49232130537583613        0.56963506553039528E-001   0.83967303004625560        0.32682927327301069E-001
   0.25254292358732988        0.56945880397804516E-001   0.34543173577303243        0.32661310163280902E-001
   0.58196920282945674        0.54760144619604628E-001   0.77966820588643415        0.32710852065532460E-001
   0.68834024874571520        0.58915911632171442E-001   0.87634070376235695        0.32710726973620645E-001
   0.42009895497676347        0.68132466293224633E-002   0.60485857898794947E-002   0.32664305517160735E-001
   0.58131474717467702        0.65337876099544698E-002   0.15887332199902124        0.32644807608397240E-001
   0.11107734771098390        0.55138757786693951E-002   0.24059820255809328        0.32660785873646701E-001
   0.16732557159819875        0.56256556096901458E-002   0.28649143469552257        0.32715176479569494E-001
   0.52484188242890994        0.70029052353509412E-002   0.86689446615926347        0.32774286745640917E-001
   0.62267126950322216        0.22960746010458034E-002   0.53345355581990384        0.32713639685350862E-001
   0.71795607379067494        0.51337722514234532E-001   0.24477022231989720E-001   0.32743065864546880E-001
   0.58401343906753900        0.52222257725092362E-001   0.51629364486063878        0.32687320609762240E-001
   0.88842775261573614        0.55015500740080714E-001   0.67904319923553402        0.32783770822899988E-001
   0.37509686723591035        0.73608598556420884E-002   0.21463066445647255        0.32683060036089229E-001
   0.34383555910475727        0.70621517636987683E-002   0.75252969268880432        0.32774138322484860E-001
   0.16091182762905673        0.55670271116947140E-001   0.32827473429006215        0.32711007891315341E-001
   0.48646706462513739        0.70298364889239719E-002   0.51432617643649681        0.32713324740627020E-001
   0.64631326360871078        0.53774117121875312E-001   0.79164809854244234        0.32745771562499533E-001
   0.14634160068216512        0.60935394660154796E-001   0.76398518424343420        0.32698742281406498E-001
   0.37286629674209214E-002   0.55506769182352346E-001   0.84006769665913827        0.32722542153358354E-001
   0.50903787892225542E-001   0.73631634048396087E-002   0.66428070985340226        0.32697173268539013E-001
   0.98823545523757750        0.25692123067689240E-002   0.79799820659804011E-001   0.32715999793890428E-001
   0.57792254547099575        0.87270960921892009E-002   0.94049450517118871        0.32698643519571281E-001
   0.86818593029554525        0.55669396735347279E-001   0.86395701482404852        0.32630304726104044E-001
   0.52965539116157212        0.57318025549061583E-001   0.97009176747602022        0.32676106036140073E-001
   0.68092709039337385        0.21276632921603585E-002   0.47115207881214226E-001   0.32784545086078754E-001
   0.27400352827031815        0.57232773258498543E-001   0.95563028576519737        0.32695274334519409E-001
   0.37192518075842435        0.68659130679650853E-002   0.68729354996560488        0.32786699488870995E-001
   0.87860225874239772        0.53227935570397166E-002   0.82238204517677393        0.32720508194172986E-001
   0.94978269073251087        0.66321743897587680E-002   0.93238607704565390        0.32717224327214828E-001
   0.99434550163555524        0.54474887373585724E-001   0.58104081317983947        0.32712759946272527E-001
   0.27361167944629217        0.72079374053218188E-002   0.73141163410723620        0.32644138419311144E-001
   0.51301622775402766        0.61326098472654208E-002   0.30305494689757095        0.32761927958467593E-001
   0.56960822068336570        0.21170737315068036E-002   0.47615670951759226        0.32697413032148577E-001
   0.90181471178739903        0.55848198421457489E-001   0.22744880586205227        0.32612014896628558E-001
   0.32864881610442348        0.56838694712320108E-001   0.71207801966328022        0.32699701047559919E-001
   0.98818357568908155        0.60552552499564547E-002   0.40892983179377274        0.32729006901691532E-001
   0.25602120891266966        0.56740306322328120E-001   0.83522785059248383        0.32716454700101913E-001
   0.24084421720398047        0.72491167412707461E-002   0.53887228266388677E-001   0.32683429178059206E-001
   0.71315418838781985        0.61540320041867901E-002   0.92054940013238729        0.32766652852386051E-001
   0.36220373532670486        0.57189396138390969E-001   0.85870107169007437        0.32738296752971234E-001
   0.78660612967006160        0.40526564520030426E-002   0.93641642481682508        0.32726610062703998E-001
   0.92840402013061940        0.48225970651129381E-002   0.77974334936229894        0.32798135192510708E-001
   0.90158729931580306        0.52469126399078960E-002   0.71978414440582006        0.32764569357234187E-001
   0.46509764286028449        0.56904389931670941E-001   0.28653190898417707        0.32765563790827228E-001
   0.16093073711000017        0.62509639566996913E-001   0.85488484261974862        0.32767667300556129E-001
   0.64541347879654554        0.18761510708758125E-002   0.68560960399721993        0.32749558997444854E-001
   0.13221661095831455        0.69108958983220203E-002   0.54773434535939380        0.32739920097290043E-001
   0.60045612840941520        0.51690076652884430E-002   0.96387373995394071E-001   0.32689943703053524E-001
   0.93937742018680337        0.58671018346013407E-002   0.34400562851236555        0.32637188426686510E-001
   0.62044016759441456        0.51817408848043790E-001   0.65062665096864802        0.32675320573176479E-001
   0.13097814157447640        0.11148169386648213E-001   0.72408533579249057        0.32786793770519657E-001
   0.42938407463074885        0.57253729691615365E-001   0.81618314758533284        0.32717727608705560E-001
   0.40956614404521052        0.69857005452289280E-002   0.76303504411824530        0.32670379265501058E-001
   0.40220094007845381        0.56944665179700760E-001   0.96775096048514997        0.32704423549776929E-001
   0.94589915625337750        0.52577619133685374E-001   0.77041858889288869E-001   0.32668782464205265E-001
   0.89728050857053987        0.55759644730559603E-001   0.35073245329500052        0.32696442180607285E-001
   0.56378319585072489        0.46162461824778610E-002   0.74139534083583192        0.32700708086774735E-001
   0.72826901751849227        0.52804967791866921E-001   0.53550428605466849        0.32768402870881966E-001
   0.14423548998902039        0.56803568944746599E-001   0.60893362188855615        0.32801938148558828E-001
   0.63066032340489686        0.40542721954601093E-002   0.75176351391289342        0.32737523916843404E-001
   0.45271838282824789        0.99212329161153134E-001   0.64049867598563603        0.32610142448104271E-001
   0.11868478525824404        0.54232865257142084E-001   0.49878571579744085        0.32749129587574914E-001
   0.47871000922406348        0.57447403263532648E-001   0.90582565856843189        0.32758918122007631E-001
   0.36011690335679952        0.72032819453471050E-002   0.97526936883358495        0.32639405548631303E-001
   0.26288579320099661E-001   0.54493833781254657E-001   0.18185848421389089        0.32636788415244040E-001
   0.23576063770192132        0.56913436620754737E-001   0.56841419625334544        0.32712197580792954E-001
   0.54797215912300956        0.56498597762415996E-001   0.18498782157539759        0.32829958854697257E-001
   0.26451202830088322        0.68989785377666221E-002   0.19705926172452290        0.32726701219147510E-001
   0.99617457556108391        0.32823713848446085E-002   0.62847145023626216        0.32761251188909400E-001
   0.53255619273157639        0.69831120907793039E-002   0.36820653200584652        0.32788719262774012E-001
   0.36650616574033906        0.51236449375881656E-001   0.58698564631414729        0.32621093268758387E-001
   0.79531024667696437        0.38650624592548909E-002   0.36962394197587972        0.32712700818681315E-001
   0.62797109836595866        0.54122068873645304E-001   0.30959393014978015        0.32722641224470154E-001
   0.88994249727665486        0.55137560738567237E-001   0.76061856253087723        0.32686881466286330E-001
   0.37675889472567248        0.68446081454917570E-002   0.12875097919845224        0.32768106938071084E-001
   0.27705646331376987        0.63651981159723705E-002   0.46917760623441213        0.32725467151639633E-001
   0.11073847936834842        0.55288997893091121E-001   0.28563189388994392        0.32624565039042319E-001
   0.56081223651179768        0.57493792785696510E-001   0.84240111350610913        0.32706160380737301E-001
   0.18935311665588994        0.94546145751090716E-002   0.75489953903278262        0.32636038315176766E-001
   0.24785090810131742E-001   0.67461072780134693E-002   0.23060575525286864        0.32651985105062037E-001
   0.97330225305033113        0.55265109134151037E-001   0.22494662632562995        0.32779819840378775E-001
   0.53688035481828780E-001   0.57369281483339273E-002   0.39960389650338940        0.32718879374434705E-001
   0.81707849779443953        0.36232812382122285E-002   0.59150260678452993        0.32751254215046890E-001
   0.24353897902907323        0.90070411572485670E-002   0.79133034239436084        0.32612404402966998E-001
   0.70801022598002838        0.56381357888074517E-001   0.81367428242894779        0.32675699936661418E-001
   0.85375456248556392        0.97289223560523639E-002   0.12083198759183815        0.32666281322299491E-001
   0.79909589344943588        0.30051802132933379E-002   0.15618788049069293        0.32698302515856648E-001
   0.41045532074578328        0.67730987073503978E-002   0.27433882363567874        0.32704039455954251E-001
   0.62603273404683246        0.55547084000264584E-001   0.85426842626587585        0.32710736868647006E-001
   0.85151831108478437        0.53429211043876740E-001   0.71241858243669243E-001   0.32708074909002606E-001
   0.65927381315716671        0.20306226283738535E-002   0.27714826470597709        0.32692738368576398E-001
   0.20365120444493895        0.11535209626436517E-001   0.84407110757857640        0.32684694051033907E-001
   0.96729601705245083        0.54495347335514470E-001   0.44942465507117685        0.32730135526285301E-001
   0.74923764302235685E-001   0.45176814165543639E-002   0.51605427935055803        0.32708839815871880E-001
   0.31229549130357687        0.65374835961715871E-002   0.24186079965533974        0.32702873547241398E-001
   0.40576776057899705        0.67781831985174864E-002   0.55877862982677606        0.32674647907486094E-001
   0.55967954763393490        0.56848562245106066E-001   0.12044107343790082        0.32728802364147033E-001
   0.97077314117809421        0.54921085925402249E-001   0.78285266984176094        0.32647270306844882E-001
   0.21165281438178876        0.56888905319373434E-001   0.28697733800259811        0.32667077810822155E-001
   0.93521648678684499        0.55177960882739713E-001   0.17122456022001770        0.32783582309000886E-001
   0.94412230254377316        0.54967467258113994E-001   0.72320248669226139        0.32684668185536316E-001
   0.35020907087890230        0.56976620451288484E-001   0.65024167888714246        0.32786932081856360E-001
   0.76483938248940608        0.51918449193276241E-001   0.26848889167302059        0.32711085636745831E-001
   0.20326139123372997        0.56848522216038179E-001   0.63767919423471786        0.32715758924587029E-001
   0.21850462208413654        0.57397442134991178E-001   0.88877350566935021        0.32645930278250329E-001
   0.19619817047412672E-001   0.55793449685967167E-001   0.27480189497878488        0.32762130908565987E-001
   0.70229027921398279        0.12728591386314562E-002   0.98504465633527660        0.32744653071467671E-001
   0.95261119247550174        0.55828095408462522E-001   0.38564379467122845        0.32721910193591233E-001
   0.17395330489610175        0.56857137551994133E-001   0.54143275129887292        0.32633200470296525E-001
   0.32425483158587765        0.57171904677009555E-001   0.99787190955159000        0.32759612769483033E-001
   0.52316267869046762        0.56733919233252987E-001   0.49249291425741093        0.32740519599049958E-001
   0.54981038420620021        0.58234643774923683E-001   0.90745694911208263        0.32748885625414843E-001
   0.52796272370163787E-001   0.54468865609923450E-001   0.44341160834085214        0.32707237505372848E-001
   0.88805471617681320        0.53758648880050643E-001   0.41556447300910393        0.32761751230123030E-001
   0.42209588235187272E-001   0.60850813677822482E-001   0.98410221465289494        0.32737978177136522E-001
   0.32187426375340683        0.56671076156378342E-001   0.47304507945440449        0.32680690655878496E-001
   0.63933549372146314        0.62085018535562786E-002   0.96286264405191313        0.32670055147486381E-001
   0.59934723025842476E-001   0.55722365276103039E-001   0.32704826081004157        0.32791614877843961E-001
   0.10707342550253678        0.60675395477434273E-001   0.81656199852431166        0.32756303245053395E-001
   0.60794032567470790        0.47278609662298491E-002   0.81326955077059415        0.32799725661214155E-001
   0.54294481146286322        0.74243974381521631E-002   0.80383039417935720        0.32784727830570633E-001
   0.75309651461410554        0.28590316471535514E-002   0.57234270843045765        0.32716741481639215E-001
   0.75502677059656953        0.52318010902561274E-001   0.39843992991029303        0.32733213753587814E-001
   0.52945175630354713        0.98941494391220644E-001   0.60063984942606474        0.32665585520568419E-001
   0.95400657161631475        0.55665376944099121E-001   0.88264760422816446        0.32717767950704864E-001
   0.33369598408786588E-001   0.54543822232133971E-001   0.52738809924024732        0.32800095241330512E-001
   0.73343466204331720        0.49701460916797731E-002   0.85236320958210554        0.32718201335392869E-001
   0.61896823138457104E-001   0.54555001182621356E-002   0.28444462256793529        0.32712336113171002E-001
   0.27687295646010629        0.72979312727309278E-002   0.10876395783849466        0.32692380998142527E-001
   0.27560714651352908        0.56861867591081638E-001   0.15492506666417435        0.32624724572221167E-001
   0.26976397115802880        0.56441021832747053E-001   0.24203368956000859        0.32716252981170861E-001
   0.69175908616703641        0.51805645340145735E-001   0.38142807713807070        0.32654304251718648E-001
   0.74715477246095974        0.51938512975140433E-001   0.47263552970598061        0.32742374117018712E-001
   0.28114203983700609        0.72244071723427993E-002   0.99896890720909715        0.32727357684286855E-001
   0.14928151660592942        0.10184402720153066E-001   0.80777978260140759        0.32695598645007130E-001
   0.59329357977860542        0.20489735905262190E-002   0.34387361653652643        0.32755125212784328E-001
   0.55529169724901961        0.52476681505205361E-001   0.32379689519516075        0.32762382931861712E-001
   0.99294805501868588        0.65318665216118803E-002   0.98167918064499604        0.32769391059890407E-001
   0.66677167125038317        0.23626719124418402E-002   0.62300159651639087        0.32648495373146673E-001
   0.46866820355462346        0.61883250328466019E-002   0.86571004366124096E-001   0.32764193678365736E-001
   0.78905775637189576E-001   0.57382107918415096E-001   0.38305890721581269E-001   0.32673764783523136E-001
   0.19980207986396484        0.61508386829693645E-001   0.80199282057059329        0.32751781057294815E-001
   0.72940501822928572        0.26493902682675104E-002   0.12809923680469487        0.32606492179572955E-001
   0.91498171709328682E-001   0.10526059127502240E-001   0.77689615991222261        0.32801298662635356E-001
   0.51458712871164580        0.50344206004059588E-002   0.66409389867172852        0.32736407742913289E-001
   0.76993958834008314        0.34186859067053634E-002   0.74088055569224186E-003   0.32673458458444084E-001
   0.81191318450828387        0.54256150548825426E-001   0.48511855635475537        0.32726212677847435E-001
   0.84773543807303653        0.52729870219408821E-002   0.75709844367899937        0.32696344871107501E-001
   0.65767101286802321        0.52275079869945312E-001   0.50996894925770353        0.32659627219597066E-001
   0.65151083453009773        0.20824281614931764E-002   0.41448821751289061        0.32679581180763223E-001
   0.94694516760573089        0.77160800811397106E-002   0.29129192495020880E-001   0.32674499542080140E-001
   0.71797969375702542        0.20714710722508803E-002   0.19335067694412059        0.32751948085132293E-001
   0.11325404166867588        0.54469882274345363E-001   0.18362168142467605        0.32739134037934568E-001
   0.20404049848920344        0.56180046727022363E-001   0.48334182602925163        0.32745093473594819E-001
   0.77035107692778115        0.21275083178087283E-002   0.50874395121072513        0.32688972113221748E-001
   0.30149172679082675        0.57224633149968111E-001   0.88353237618418512        0.32744306119349795E-001
   0.32286459198133982        0.56940830941902811E-001   0.53862002134359377        0.32726465965166200E-001
   0.50338796789720108        0.57322145860287513E-001   0.57119671419573616E-001   0.32725479852387725E-001
   0.56677220138501272        0.49176554042245781E-001   0.57945469890949841        0.32640696060629339E-001
   0.12181920035446775        0.57363357485781002E-001   0.92815924170652972E-001   0.32727374630340561E-001
   0.66972651968104169        0.63816990577276597E-002   0.83499634615219720        0.32629256316383318E-001
   0.47536762477732875        0.55786781154103050E-001   0.68379180892864933        0.32723314478537345E-001
   0.28238995930745074E-001   0.86093898504433844E-002   0.13266477495469153        0.32647321230794481E-001
   0.71012445220856824        0.53413732684517205E-001   0.89527728464221731E-001   0.32708879105663620E-001
   0.86319197913187384        0.45410896455257829E-002   0.37873509453607146        0.32770642774413924E-001
   0.82250721362629930        0.52321580204907042E-001   0.40663442120185644        0.32743449790722100E-001
   0.61438125909312613        0.59024506628662925E-001   0.91867380490210271        0.32605154345380867E-001
   0.89275364616491071        0.51732051838923234E-002   0.17322788631355207        0.32727685056641878E-001
   0.31063772700984815        0.56858220057836764E-001   0.31533555901670057        0.32743806636979976E-001
   0.59620840231896943        0.13784369553320095E-002   0.61318407762795224        0.32704596201796249E-001
   0.40541821088213387        0.69665023689251190E-002   0.69729329105425703E-001   0.32684015855511742E-001
   0.43092152986909021        0.54803628139287443E-001   0.59741827014017679        0.32716260410062946E-001
   0.55689981482152850        0.72399679395628832E-002   0.24793631784333623E-002   0.32732686301368559E-001
   0.11981798423380750        0.58189676903793952E-001   0.92276220089212269        0.32705228410631448E-001
   0.41448378564439281        0.49517840327424782E-001   0.66058571293436708        0.32725094805215037E-001
   0.37347717810025244        0.56781227484323293E-001   0.41587591461867510E-001   0.32753441234833612E-001
   0.91260534549046063E-001   0.56862676164728225E-001   0.55829906662956963        0.32711117833432703E-001
   0.98225116485649155        0.49182919013415725E-002   0.74210438626680930        0.32746162424647403E-001
   0.90121814102722531        0.58218230167545862E-001   0.28892694105076177E-001   0.32709862668938383E-001
   0.25939293641159716        0.72321744090395436E-002   0.87798003638491051        0.32700650501132585E-001
   0.71005137994927947        0.32637872898531673E-002   0.69794140913139013        0.32673683508384524E-001
   0.37012999366732119        0.71917516925922636E-002   0.90034205803469358        0.32687353977091847E-001
   0.92092292540799692        0.55404418583905241E-001   0.82511465171987153        0.32700122751288585E-001
   0.65145476184165785        0.91840775191031378E-002   0.89810690172597785        0.32806189707216236E-001
   0.62252582702109138        0.54598358254852090E-001   0.13866517721391311        0.32650736806219556E-001
   0.83297101358119907        0.39262828447672333E-002   0.52769528399589172        0.32664831342964024E-001
   0.26360112727271839        0.56215771087426848E-001   0.42897238143094413        0.32698471185386324E-001
   0.10073858975597130        0.45024561563934608E-002   0.97532367844105139        0.32731655131666856E-001
   0.30701260770045497E-001   0.52546102878562644E-001   0.82438099723169705E-001   0.32750927103167848E-001
   0.57978097740339485        0.42027697393053724E-002   0.67701493821956937        0.32761382694656296E-001
   0.51465355938273072        0.65164989115160292E-002   0.15844609868461892        0.32756476402516756E-001
   0.66294791941469000        0.20169765419347126E-002   0.11597937163286759        0.32722797324655516E-001
   0.92155001597399944        0.55806739479667460E-001   0.28989902225914888        0.32794352343536538E-001
   0.55337686208750436        0.54242521674125181E-001   0.64352309477485747        0.32747422084954410E-001
   0.83929467736074193        0.52862559805335746E-001   0.63573726897961402        0.32707773323613111E-001
   0.70615049938669669E-001   0.58580116473056658E-001   0.13399071308794583        0.32723229794382198E-001
   0.89091108762160448E-001   0.61148933778115692E-001   0.73218967284826275        0.32781526938525089E-001
   0.18006682185425657        0.57337349661780806E-001   0.47053655984498594E-001   0.32657294837887645E-001
   0.49941807391436427        0.41355876288129033E-002   0.72774761386987252        0.32695775349664440E-001
   0.46852100657316359        0.47150700320655213E-002   0.57723956770780704        0.32720765906220153E-001
   0.85223207800789624        0.53821351131043711E-002   0.93947053313240247        0.32601737156176182E-001
   0.91168619841580034        0.55160862579275534E-002   0.87898816519079503        0.32760935024367083E-001
   0.46316951519092597E-001   0.11094719193476609E-001   0.72943781964516752        0.32710856844476131E-001
   0.75890055420086699        0.51926053549158274E-001   0.17998108031480478        0.32681590707539156E-001
   0.95182431672534118        0.45867165277890436E-002   0.58017387333519910        0.32790249681168317E-001
   0.34864922482447330        0.68573623399788139E-002   0.29642762376631626        0.32832158867300523E-001
   0.22143675515308259        0.56602523614399852E-001   0.19720656252173582        0.32668746378484180E-001
   0.15263202980616539        0.54685999110577227E-001   0.44222373869860981        0.32811989419542414E-001
   0.11504081047931421        0.73269945736443298E-002   0.13529533952648393        0.32784895807362976E-001
   0.50581747590949033        0.54481259966781687E-001   0.55575157950385634        0.32705777550350895E-001
   0.41244417026750563        0.57223545302731771E-001   0.90264232800275146        0.32738525462046433E-001
   0.83273787711643688        0.55754526128305587E-001   0.34034716679793831        0.32670556963792383E-001
   0.15712036047736427        0.56180221807131964E-002   0.18557765375300511        0.32729159442774755E-001
   0.47375642326028533        0.68380386007783137E-002   0.39706496130161928        0.32663064973478366E-001
   0.98585211226757352        0.58917754817560730E-001   0.12976704703722830        0.32706033467851052E-001
   0.16220604878979300        0.61523124312739957E-002   0.48934267819697741        0.32667177018097987E-001
   0.31862375063794657        0.65523961958771047E-002   0.15930570180004575        0.32735676948216844E-001
   0.95632275804526645        0.48188564360923643E-002   0.68198625433744098        0.32673885093496974E-001
   0.94039978599053886        0.77459470829982814E-002   0.12511194950885740        0.32803742377409580E-001
   0.23206127259376541        0.57952227699633589E-001   0.74513270119428265        0.32714086903608892E-001
   0.53595546679659789        0.69433361114636981E-002   0.84812098171256664E-001   0.32723891634681049E-001
   0.80073141901898115        0.22389184135552130E-002   0.65484910262023699        0.32671274832855889E-001
   0.83950828287432477        0.56388243134256125E-001   0.17928996806230427        0.32743614054494344E-001
   0.23998401476844788        0.57309880921167122E-001   0.11545031388478890E-001   0.32739243996513595E-001
   0.15118032692990399        0.62229383315764494E-002   0.39714619752638602        0.32684733742610647E-001
   0.51721940311162862        0.57319879732374679E-001   0.76987334683756392        0.32692216654612784E-001
   0.44895634978742757E-001   0.57378836713037666E-001   0.62239993927713788        0.32635444569035062E-001
   0.30416153997505685        0.72278838584276545E-002   0.92589452315384135        0.32811375841312773E-001
   0.68673395582783969        0.10127766843830471E-002   0.56016212091488837        0.32700272052255452E-001
   0.34993946318529902E-001   0.44779851256411809E-002   0.56976042320146514        0.32675244943826225E-001
   0.69153092614875136E-001   0.55389396626146670E-001   0.23196610829261061        0.32687862987309156E-001
   0.21815773848437217        0.59980180386747690E-002   0.52351787922185222        0.32702003074091296E-001
   0.18274526928464836E-001   0.57384359413531344E-002   0.33527751172899373        0.32675099376592770E-001
   0.45605282523419055        0.57709218045288557E-001   0.74633528236373547        0.32673662214254592E-001
   0.43735082342880299        0.55352816698482051E-002   0.70377390460595790        0.32744983734315163E-001
   0.74595143043083778        0.52931967512062965E-001   0.96541933222760101        0.32603325825591778E-001
   0.17610173822548102E-001   0.55750580771820296E-001   0.37750628953869197        0.32763598478607159E-001
   0.39466018930841373        0.56942165617385389E-001   0.72338841151720212        0.32817529557419782E-001
   0.77333333446171793        0.53397485001452387E-002   0.71407527587277886        0.32640541867285135E-001
   0.72957929636548258        0.42202975861578736E-002   0.35298725332040737        0.32783169455133591E-001
   0.94459074462134007        0.60999981908135784E-001   0.97997463585955435        0.32678025218123248E-001
   0.80926046363149629        0.34967274249767819E-002   0.73298699575673670E-001   0.32722803837261699E-001
   0.90228800958695243        0.11036189079797481E-001   0.98115461400242066        0.32775074868982672E-001
   0.79442360792840616        0.53518064840011259E-001   0.54857231802713602        0.32754830537101903E-001
   0.23518989887646591        0.72956671020740051E-002   0.93906393477685457        0.32679043554611237E-001
   0.75037768535027993        0.55140748768957165E-001   0.67835585828137002        0.32673849086972052E-001
   0.90830981858844650        0.53936252266823338E-001   0.47790440570871656        0.32715671581364195E-001
   0.59424595146812664        0.57340951285329657E-001   0.98133687476152831        0.32773630018536004E-001
   0.26419405510328392        0.56317641656093778E-001   0.50945268234509267        0.32706466818607748E-001
   0.53495657090969917        0.57183901260782800E-001   0.41376528151635267        0.32750191801170475E-001
   0.26605584784402070        0.62074725468550668E-002   0.38653729624680044        0.32771646669330766E-001
   0.54741483859798523        0.23722975518880975E-002   0.53778024115972600        0.32745927203776816E-001
   0.49488638449880529        0.56928226718559766E-001   0.34865680531144916        0.32705441366945712E-001
   0.38968267588043348        0.13121582963660722E-002   0.62228548307159415        0.32724796346327530E-001
   0.77099744304707452        0.55390201435309538E-001   0.83093366608088715        0.32590636852260997E-001
   0.36733693001801314E-001   0.72462905602144233E-002   0.30539274681876696E-001   0.32767671360139444E-001
   0.68691393288975566        0.52289009394617759E-001   0.44689961023717778        0.32715569754770510E-001
   0.42747308013897234        0.69630556860431018E-002   0.48609836959618924        0.32647415856510174E-001
   0.36057688617284483        0.57020513074099569E-001   0.25550976600622038        0.32733834848345487E-001
   0.36982834043821894        0.57144828846420172E-001   0.78602957407836194        0.32719502131335523E-001
   0.99970636482467956        0.87882193672629266E-002   0.88960103481259378        0.32732999747537135E-001
   0.79898746893414141        0.59745967113704283E-002   0.30263586323474134        0.32699963062834098E-001
