 3 HS poly
 400 2
 80 320
    1.0000000000000000         0.0000000000000000         0.0000000000000000         0.0000000000000000        0.10000000000000001         0.0000000000000000         0.0000000000000000         0.0000000000000000         1.0000000000000000     
 T T T
   0.84123668443208288E-001   0.95423696618639683E-001   0.62954185295446530        0.36617297841757837E-001
   0.26201331849382517E-001   0.95504647962932607E-001   0.12943304050096316        0.35502890396733003E-001
   0.97910398023590595        0.95306323064121498E-001   0.43747081551681843        0.38151651939218628E-001
   0.81913778158594697        0.45451063117226319E-001   0.66588630520819114        0.37045010657819448E-001
   0.63452876146275261        0.45365203900024548E-001   0.89446097922126300        0.37724466118810474E-001
   0.44616716997544886        0.43140511314800747E-001   0.34946549822808043        0.36970460416811700E-001
   0.69170393997575519        0.45258945582379549E-001   0.11999278206170948        0.34094240150548627E-001
   0.59722484626787642        0.95402307863066416E-001   0.64384226839371383        0.36802305480066570E-001
   0.90959069364170231        0.45433790826219858E-001   0.53292372356043172        0.37630603503791334E-001
   0.24075391605896693        0.91725138537961395E-001   0.91806317158386330        0.35979620040018527E-001
   0.46709273564908599        0.44931548678566885E-001   0.91170678963890892E-002   0.38514120373576842E-001
   0.27714438158281879        0.95709053983681514E-001   0.57820077491037825        0.36712248685073695E-001
   0.92912626306442103        0.45445618920098199E-001   0.18438156947337572        0.36772141422196342E-001
   0.35892721517433175E-001   0.45414570673086151E-001   0.44530724358060303        0.37704780244774097E-001
   0.11445729945366215        0.95563152157919398E-001   0.53759815967215407        0.37719913556524598E-001
   0.42982443344073612        0.95133227354707875E-001   0.47932780484568338        0.35955698722080889E-001
   0.66600107728357016        0.95629748681802018E-001   0.61190429887461972        0.38986091015271999E-001
   0.52497958458206340        0.95459347644174714E-001   0.78133156270444870        0.38045331004375627E-001
   0.85846146370965049        0.45323155366537915E-001   0.87085164159221629        0.37264266307178218E-001
   0.13725668218725634        0.46379956248657921E-001   0.14682497400055144        0.38742984849258130E-001
   0.39363907497509854        0.45038608410972902E-001   0.33520474521533954E-002   0.35096370583676248E-001
   0.59386642897509978        0.95681245813197924E-001   0.20237603327801501        0.37024084931243831E-001
   0.84098577840331334        0.95407236853711941E-001   0.76593391838592206        0.36789526229619965E-001
   0.28666281218336537        0.95597480949249802E-001   0.20478372282511766E-001   0.39225190875369388E-001
   0.60219505341557333        0.95519187155858054E-001   0.78879847887626642        0.39270762346056441E-001
   0.20485967271024222        0.41525728175149657E-001   0.94978000112812166        0.32991710957024627E-001
   0.56967319450567988        0.95159595314706039E-001   0.57160146998839778        0.40221767231599516E-001
   0.67183500772483506        0.45575739122695746E-001   0.27364366410457613        0.34331132219597334E-001
   0.55536384240831183E-001   0.45502867104040744E-001   0.83195207194725909E-001   0.38623952996234036E-001
   0.71693758969192889E-001   0.44725265604613283E-001   0.29468750931537552        0.36428730975145776E-001
   0.91665888352069824        0.95514973453381391E-001   0.36963994993204569        0.38408626306575974E-001
   0.34829278960203791        0.95483007992284041E-001   0.56167224118397108        0.36317090496118240E-001
   0.64941396937788365        0.45121261629367235E-001   0.97005158693380988        0.39310794942281256E-001
   0.35039747406173360        0.95131608474303075E-001   0.42808242908531952        0.36492090923554918E-001
   0.70194600800390472E-001   0.45614969536866806E-001   0.68337048732759020        0.37944324170363884E-001
   0.46786881318390983        0.44543420477930099E-001   0.83893195129339307E-001   0.36249990759356136E-001
   0.94271639116237960        0.45442128887162536E-001   0.25710156518377603        0.37004921307853600E-001
   0.71628874659402830        0.45504954473312313E-001   0.63638930568522589        0.35918028462526883E-001
   0.95345649672452004        0.95386917571571625E-001   0.13518792878585831        0.37405540238229847E-001
   0.65363120547181830        0.95383611088328712E-001   0.84373229666151128        0.35967566615857066E-001
   0.61329980812413554E-002   0.45117543912041064E-001   0.55662960126376315        0.35346438256101467E-001
   0.56341852061077891        0.44065498566503936E-001   0.44884976622361528        0.37312824270639075E-001
   0.79367861212567281        0.45209165341149174E-001   0.43132734004993367        0.36380695257883726E-001
   0.96915621284666020        0.93297358481990042E-001   0.70875686656439696        0.37825246187195870E-001
   0.93229092025678262        0.95291661460159952E-001   0.64136425010623777        0.39001670139833515E-001
   0.68806583488080186        0.95234644335755292E-001   0.17089648915223207        0.37296682044491498E-001
   0.13478284599518744        0.45855923905553618E-001   0.64696210851231994        0.36143112373836640E-001
   0.45263274432101652        0.95420107568249313E-001   0.76067194793137882        0.37089171755096663E-001
   0.85066604968878801        0.95812317218676141E-001   0.33099308418555429        0.37279274063717033E-001
   0.80593764584284688        0.45342858115485933E-001   0.28884740442866397        0.35191931510757196E-001
   0.86046626458390896        0.45427942909386468E-001   0.21697233077345202        0.34791473762926600E-001
   0.31521372476230247        0.95688423861422914E-001   0.72402952049397229        0.40624221677529715E-001
   0.37704279087372722        0.45198586538190269E-001   0.85741149622117685        0.37737331599921223E-001
   0.14402626596611776        0.45685250644239873E-001   0.48572948664086874        0.40063062029037186E-001
   0.58085398946608835        0.95434238618915590E-001   0.86724416049334807        0.40453244577532299E-001
   0.19977937980735522        0.42143952889031160E-001   0.87617636210925343        0.40516202429899027E-001
   0.25422338160101560        0.45679930626590676E-001   0.73827154184950916        0.39480640967650263E-001
   0.80347988540418891        0.45025444311810443E-001   0.35986720992111965        0.35738593871119495E-001
   0.42789243045034298        0.95233723221766056E-001   0.83174915433896768        0.37999699795987024E-001
   0.93369370857155687        0.95399771197687569E-001   0.63668531204485901E-001   0.36777377916606180E-001
   0.24323999713862285        0.47166948685540194E-001   0.81313558714814305        0.36191941916144547E-001
   0.72903433852787713        0.45448944108693996E-001   0.34869647181558733        0.37297937294922257E-001
   0.23761609827975386        0.45659822210642659E-001   0.41493826048414900        0.36317098480345526E-001
   0.93771235007467624        0.44986873578086867E-001   0.11686324815772826E-001   0.35134995698458425E-001
   0.37471119080926341        0.45309977410604434E-001   0.51525971139056170        0.36592788363534974E-001
   0.74582943075984953        0.45174615181315686E-001   0.73175055303657519E-001   0.36582795374001886E-001
   0.48060599776104551        0.40346373435181729E-001   0.21813623289935433        0.33622874211264454E-001
   0.30484526213252555        0.95244126176901214E-001   0.95075943615247127E-001   0.36587037317358406E-001
   0.50968458017294072        0.95186195631060067E-001   0.12320292243808045        0.39351303991212873E-001
   0.12228240157326378        0.41722396497374942E-001   0.90032989844178446        0.40643757541808066E-001
   0.84579343466904322        0.45504518724371078E-001   0.57251502210400007        0.37433512702732770E-001
   0.21681742158962163E-001   0.95592813905143820E-001   0.50259261223004614        0.39352264449271354E-001
   0.92853392538675039        0.43326801163545883E-001   0.84101228568963526        0.38753801153052693E-001
   0.81070545587081244        0.45637407601611626E-001   0.50794823239952014        0.35883319382973712E-001
   0.49800150265852017        0.45547209011177280E-001   0.73599010861740810        0.34576208940625956E-001
   0.85355530873369090        0.95312967042425922E-001   0.92796458119849845        0.38772884748983633E-001
   0.40210381428256475        0.41953529914483624E-001   0.28137751057856031        0.35739387442707431E-001
   0.50030648546611456        0.95265546497933548E-001   0.45415791622205032        0.38657003571482627E-001
   0.68276730439968081        0.95195683087539187E-001   0.38422735923568330        0.38799164741797468E-001
   0.75411786802685954E-001   0.46424667805327238E-001   0.22241189798713640        0.35933048831568830E-001
   0.54682967842296382        0.94107637195864763E-001   0.69954313533135370        0.32891779566485618E-001
   0.67170817550899742        0.95457815544560218E-001   0.75800438499458234        0.32743730945681136E-001
   0.88099780394439875        0.45343120797640461E-001   0.63335754279255341        0.32818466492473539E-001
   0.10346199599695426        0.43314063393897956E-001   0.42516197810945128        0.32807046721409591E-001
   0.37494284047395426        0.94328917318520708E-001   0.17575135361439609        0.32768240745241282E-001
   0.79443991227173771        0.45520374739061981E-001   0.75183725856472561        0.32873302998683046E-001
   0.47068589578490877        0.39454116918584720E-001   0.28401428508326254        0.32831903470486069E-001
   0.49721155644344683        0.95241752471873234E-001   0.84678898933181690        0.32788458657534061E-001
   0.19560063090366642        0.97193974368071756E-001   0.81312442232562676        0.32740130523172074E-001
   0.14082237092151154        0.91716595622161182E-001   0.84966132669150507        0.32885298756448154E-001
   0.99410224012112081        0.94637479147692147E-001   0.60376562510009857        0.32838285017266579E-001
   0.77755879921750570        0.95667651856655447E-001   0.79454249985411585        0.32774550312346537E-001
   0.50148991292751265E-001   0.94162098632690011E-001   0.33832172925987297        0.32867641733147150E-001
   0.63798640254579098        0.98638266142472397E-001   0.54577622209383481        0.32833432426050378E-001
   0.66093168551020404E-001   0.96376651916750045E-001   0.73433965767439147        0.32744359166361224E-001
   0.49059499815453744        0.89536392402855963E-001   0.32169959028442086        0.32741497215651234E-001
   0.36974968712611861        0.94975295757487185E-001   0.42860249643871175E-001   0.32832628345424608E-001
   0.76383432889188774        0.95620330898237418E-001   0.51345247888009482        0.32851899355114234E-001
   0.12306609493603639        0.95212017620584219E-001   0.69567538098249182        0.32856522651346802E-001
   0.34817435413063390E-001   0.95231960247094349E-001   0.26341989439623970        0.32705005653787401E-001
   0.21967770514582424        0.45857135431820295E-001   0.67488511770469606        0.32686702674251202E-001
   0.72200688282177028        0.45182548478345658E-001   0.20706034327865880        0.32727561798539057E-001
   0.35281277104053016E-001   0.96546888245562651E-001   0.19732761563478143        0.32754236737687729E-001
   0.27064600314204734        0.41661314578184672E-001   0.95466341979371738        0.32744888179455818E-001
   0.13566798080741541        0.41642932486740142E-001   0.80731809970791502        0.32780102568759191E-001
   0.94790217823745304        0.45305115670622439E-001   0.59230725088563563        0.32717856310505049E-001
   0.67276898186010214        0.45363386059150267E-001   0.80044499881998687        0.32760808778688894E-001
   0.85129768225681279        0.95429182397764142E-001   0.31084926798275667E-001   0.32790810998004148E-001
   0.89913321563455584        0.95069217595976696E-001   0.98596633614341045        0.32821474069664215E-001
   0.30874299705965091        0.94995229183622229E-001   0.16446582819921399        0.32850941064323756E-001
   0.60041585280869669        0.45288605425467199E-001   0.93646224812148571E-001   0.32708830088356053E-001
   0.26253061947790785        0.95477675685180577E-001   0.66679672523934796        0.32755203047714100E-001
   0.24400653460340294        0.91899954746223297E-001   0.30856975351799698        0.32848361493258850E-001
   0.22322543791690905        0.45755998756632763E-001   0.48274197276910774        0.32827465984279373E-001
   0.20061417809479429        0.95554207235931485E-001   0.44563302847058001        0.32803710004179913E-001
   0.71393186787287866        0.95344228797504899E-001   0.81066103946243206        0.32768721915705026E-001
   0.14879587055893306        0.97100834032605512E-001   0.75764270960429270        0.32756880010177424E-001
   0.28248223457432938E-001   0.44100098266101055E-001   0.37493832130291960        0.32806848568149374E-001
   0.32569533532277789        0.95681167050534713E-001   0.36156510340202508        0.32748888106434386E-001
   0.54350560650356405        0.95833002584927260E-001   0.39710904106275374        0.32760506935400779E-001
   0.41605370001890646        0.95141763745654112E-001   0.54795631054564176        0.32769852514561264E-001
   0.91440931523450286        0.95600013437713766E-001   0.29686556960506172        0.32716349341657222E-001
   0.90689298804774943        0.45436074146249061E-001   0.11778813131575884        0.32842930866284308E-001
   0.25956211029494364        0.96106323160919577E-001   0.37212683010359560        0.32701802613074836E-001
   0.86109634727673204E-001   0.93135218318751017E-001   0.46525184965557237        0.32743252824589619E-001
   0.63334270151235494        0.95549598058937701E-001   0.70345381512257643        0.32744332797806780E-001
   0.55919247958746199        0.45461928209023131E-001   0.81817816120003173        0.32783551196664422E-001
   0.44976091379350797        0.45136439194724175E-001   0.52212956616173944        0.32775883096022855E-001
   0.33836316936249899        0.44227856937051384E-001   0.19761940920637464        0.32756813556686554E-001
   0.98291389978103849        0.95042691731136622E-001   0.25168894177992267E-002   0.32832161199014373E-001
   0.95872100537262384        0.95179071212529526E-001   0.54557753816272703        0.32798594741012571E-001
   0.40745429641179227E-001   0.93551655407408243E-001   0.97074165642261878        0.32689478284669490E-001
   0.85905027189334837        0.94472693526833879E-001   0.52284185238413605        0.32812952477488951E-001
   0.17645567293847952        0.89147926094542460E-001   0.25049808176617649        0.32663823566751037E-001
   0.74604854640511375        0.45548575438958953E-001   0.55208019481191395        0.32724593816551587E-001
   0.73380175256210334        0.95316218040259665E-001   0.73016198488372375        0.32703452634023848E-001
   0.39394662042960998        0.45140803458250223E-001   0.44851390817185599        0.32861358429190246E-001
   0.53817111623449643        0.44991023399546526E-001   0.13433140570224532E-001   0.32664877601609445E-001
   0.56057898318382182        0.44100206450866951E-001   0.94985020609780524        0.32748851458792180E-001
   0.73688740873882175        0.95177363060765463E-001   0.12059924748624884        0.32763299191404742E-001
   0.96429133741060946        0.45373401121367125E-001   0.38934012528133027        0.32761082007605490E-001
   0.20850634214598135        0.42847483077985929E-001   0.15271527808640162        0.32782797750765293E-001
   0.69072492329190133E-001   0.92135599769942664E-001   0.88889755067731502        0.32816748788202302E-001
   0.50840394406289380        0.93940677289975683E-001   0.61552292588206758        0.32694500395310223E-001
   0.99607413933517297        0.45480236816904378E-001   0.16498686689239744        0.32795523508934429E-001
   0.57465426785412255        0.95131264955177569E-001   0.59806761709195674E-001   0.32802883686005584E-001
   0.19080368724898461        0.95712915554043002E-001   0.51039392030166630        0.32670541086428855E-001
   0.14059239345395158        0.45727054172255539E-001   0.28652759976011810        0.32759045325795058E-001
   0.41779816471263770        0.94900186805099318E-001   0.41066200990816515        0.32758429512039493E-001
   0.90495093807964977        0.95445939111255762E-001   0.22639447741581772        0.32767535159731610E-001
   0.63093907345111122        0.45501681973580788E-001   0.74563197071911402        0.32649385303838499E-001
   0.86131278045599025        0.45427558508055910E-001   0.72183063252237800        0.32757236972455361E-001
   0.87055438480991443        0.45471791085561118E-001   0.47430091360713877        0.32751316016890901E-001
   0.65897187020611273E-001   0.45433918276533779E-001   0.15410722206188118        0.32833181143366835E-001
   0.35140705546685483E-001   0.43867808885967849E-001   0.61906863338463070        0.32794135578803375E-001
   0.35584702442660587        0.95202709921534567E-001   0.81194278754063565        0.32738813244882474E-001
   0.26020813313116120        0.45698400917763123E-001   0.62342256475645130        0.32770269873132071E-001
   0.19425566887256071        0.93895711858421743E-001   0.38042281471683947        0.32706053894526500E-001
   0.75744663860622108        0.95188448947941262E-001   0.18381892122886154        0.32807662841358338E-001
   0.87227111693868076        0.45356414243218832E-001   0.39448563629117844        0.32790726609699131E-001
   0.85700851814562118        0.45133977442278456E-001   0.97931883067471326        0.32816783472252371E-001
   0.79542054987600017E-001   0.46933079969765062E-001   0.84088745942582943        0.32753130551760420E-001
   0.73889659819823739        0.95248386801055046E-001   0.87161199016908109        0.32830239529734358E-001
   0.96986380287606466        0.45571978694594485E-001   0.49644580204223976        0.32792469937094781E-001
   0.78730670483714760        0.45245471560558415E-001   0.21402804162063965        0.32743881017036777E-001
   0.24036476652064501        0.45697339203990085E-001   0.54605610530774673        0.32744979066657041E-001
   0.53664969974999710        0.45205113593628644E-001   0.78814025349291217E-001   0.32718478880741905E-001
   0.88583018508378775        0.45502187155917459E-001   0.55703946640148778E-001   0.32682910265730558E-001
   0.34083635393753703        0.45224248651257730E-001   0.77177087597526928        0.32763672309891564E-001
   0.45518871689119583        0.59364248793771938E-001   0.58686636830049810        0.32802282774663183E-001
   0.96904433564731085        0.95466672309357917E-001   0.21173111945138698        0.32722461645280226E-001
   0.51718593939127133        0.43491936812545727E-001   0.36000374141581393        0.32767989727780659E-001
   0.84056057177617793        0.95444588842231129E-001   0.25804949223931317        0.32878710565692311E-001
   0.14734913158144164        0.96691717605864813E-001   0.60008698090759760        0.32802210463016936E-001
   0.39536366034674847        0.95162571825022552E-001   0.33990997500818776        0.32871162283643313E-001
   0.16133933784059223        0.96701285871970175E-001   0.10113154198722078        0.32848010378336137E-001
   0.99696600700510868E-001   0.96365322568360737E-001   0.18187191875698130        0.32812160855994962E-001
   0.53508131046915719        0.45787874773648277E-001   0.29510644885576409        0.32808201149922410E-001
   0.70604950093655583        0.45463063875057420E-001   0.15345241894929446E-001   0.32825975635818003E-001
   0.53792412792158233E-001   0.42636805117168379E-001   0.78079387333446282        0.32741793745707105E-001
   0.99612106268082756        0.44400103718065749E-001   0.95992016190963603        0.32715207222880065E-001
   0.73870321729702049        0.45965832384839950E-001   0.27934471143850853        0.32699438780863892E-001
   0.82901426602858297        0.95622715460549138E-001   0.46446278161497567        0.32773566659664514E-001
   0.28137118783645715        0.95642144568861845E-001   0.43405324904597403        0.32779366952240700E-001
   0.59219379832979779        0.45383617776419805E-001   0.69202281767390461        0.32721546305802346E-001
   0.10882026578139392        0.95930995980300846E-001   0.25796553880704082        0.32813740474119682E-001
   0.72185728740233931E-002   0.45704516113061103E-001   0.23054002689272951        0.32746422136430413E-001
   0.47855611946443150        0.93062440407476521E-001   0.38611349178651683        0.32727901682464568E-001
   0.40213735868331280        0.95222335956536133E-001   0.68583378364597325        0.32750044798413092E-001
   0.83981296952671891        0.95441410615524386E-001   0.62171331662802543        0.32786593312750141E-001
   0.89452023970228378        0.95571586856731103E-001   0.58026865516064485        0.32754755966862364E-001
   0.74925660633564162        0.95224626331379944E-001   0.44924126457036501        0.32834066512707212E-001
   0.70171811672466922        0.95191978013642667E-001   0.96943610633270405        0.32677671084942059E-001
   0.17888927930833504        0.89898156442914046E-001   0.31656983317067622        0.32747321120990706E-001
   0.70001543471454142        0.95121502332697505E-001   0.58154146118971725E-001   0.32815718090393679E-001
   0.12666868780329549        0.46642988149519338E-001   0.75866287986321168E-001   0.32767789931299904E-001
   0.70898455179718911        0.95234254612590927E-001   0.24768825011577736        0.32875888938289730E-001
   0.20591999717333292        0.95678009674902309E-001   0.71836464478639395        0.32812463607692299E-001
   0.96540965871187212E-001   0.95926890184644759E-001   0.11421398728997820        0.32792698899704362E-001
   0.59918009143867679        0.47648087487786726E-001   0.52262657242657484        0.32783111643077602E-001
   0.77227692309881790        0.45219428954141758E-001   0.14397172160204086        0.32749063901162306E-001
   0.37338200536462540        0.93117949197120908E-001   0.24211346105427342        0.32733583272526720E-001
   0.60651561984912783        0.95339516128163410E-001   0.93594104234129749        0.32825238485043651E-001
   0.23289001885584585E-001   0.95444071271179889E-001   0.66353220363547361        0.32727580323383548E-001
   0.28693157134304131        0.45945554897154364E-001   0.33959923835064099        0.32792281170996633E-001
   0.27192542598010550        0.46721982155632967E-001   0.13652455568061564        0.32770874441394454E-001
   0.41208498423789036        0.95852833758056671E-001   0.62060390364800821        0.32793309309314664E-001
   0.76633262677684966        0.95590380977479683E-001   0.65126643557646924        0.32865186529209847E-001
   0.27350613746401486        0.42770447994824462E-001   0.20700892363104056        0.32751766957735573E-001
   0.22183735203000873        0.43662985005207267E-001   0.34747357714834054        0.32786674435093519E-001
   0.23743682162631793        0.96395088929250236E-001   0.11127098074831605        0.32712428993714196E-001
   0.98151621590553695        0.45439068729170251E-001   0.65756114180693337        0.32681933873191987E-001
   0.91873504339371734E-001   0.45560361234949928E-001   0.58194341570873609        0.32699008013855772E-001
   0.20770704858928624        0.95993293541300873E-001   0.57370745974519122        0.32739002818387125E-001
   0.42482581968603644        0.44977549458819793E-001   0.93153622855518714        0.32700573026423499E-001
   0.87383959590239024        0.45595402370534999E-001   0.28483600185176211        0.32747831554436294E-001
   0.76345291849248320        0.95087227810410541E-001   0.38515360261986520        0.32739749776636344E-001
   0.32771227122040980        0.45170081814562363E-001   0.98693063836707928        0.32813570251826796E-001
   0.32959077388542302        0.95279786784705334E-001   0.87266677663549430        0.32795659946867541E-001
   0.72890238894773340        0.45506511292562113E-001   0.48871294253772374        0.32847719143131573E-001
   0.79309319464552541        0.95274955422150767E-001   0.63544077006420563E-001   0.32774338674738890E-001
   0.56575487865560170        0.45509484031034796E-001   0.75191273797692648        0.32710512658984517E-001
   0.17866297648005922        0.92744361099687700E-001   0.18428118415953487        0.32820116473054328E-001
   0.56818901089612861        0.95497772789235713E-001   0.26770686545143063        0.32751734563503880E-001
   0.76447154258691430        0.45277570400890942E-001   0.97485811695800040        0.32779267734016078E-001
   0.30918102862325475        0.45291455093348580E-001   0.40137732724064312        0.32784700658599793E-001
   0.30903702947694656        0.92082378389006625E-001   0.29818514432668025        0.32779944158312181E-001
   0.87809072010087075        0.94928837331331437E-001   0.82534699318607574        0.32802772762894061E-001
   0.26438189568489956        0.44922279425769207E-001   0.68537000207752885E-001   0.32712196998446838E-001
   0.16389803407208131        0.45790745011841869E-001   0.70959514866112483        0.32737177824549206E-001
   0.46274372852192797        0.95171989819310160E-001   0.91203312978834361        0.32748105788559558E-001
   0.18934699004245498        0.47071935569345545E-001   0.77003278062837710        0.32764102796208672E-001
   0.69387073221099071        0.95413507723529814E-001   0.67814853232550210        0.32838718984217571E-001
   0.66365610483212856        0.44131266652740843E-001   0.49649977413214941        0.32792545657386596E-001
   0.75483952774776508        0.45266323220060592E-001   0.69333497600832250        0.32754255246792062E-001
   0.31066539863676507        0.48966807458964215E-001   0.82998282202363893        0.32848258945072491E-001
   0.36766179221684331        0.45657333160362773E-001   0.71163813035158663        0.32833109663989252E-001
   0.88649274438800496        0.45270356670576127E-001   0.78306160854242612        0.32797489001457125E-001
   0.71459329113610326        0.45175644326283244E-001   0.42450238973522875        0.32800424541418474E-001
   0.63894655161350344E-001   0.95346021653454488E-001   0.40358048415499354        0.32817821528557459E-001
   0.87051246605686528        0.95501603483543862E-001   0.68020761493826265        0.32733218831300072E-001
   0.37853490104466025        0.45703821930971687E-001   0.64688053306301252        0.32782714089708322E-001
   0.21850357387036975        0.96587294029544538E-001   0.48553854239073560E-001   0.32780312273066263E-001
   0.81103946031712304        0.95255142589365516E-001   0.12650032723956239        0.32687939077369790E-001
   0.46104106184208343        0.45180025171472266E-001   0.86954149478918641        0.32748770277876336E-001
   0.48128571335682757        0.45485424564444321E-001   0.80667206756925680        0.32821314719986013E-001
   0.18131890233254294        0.96074781429143052E-001   0.65684350984521167        0.32694250690241983E-001
   0.90534453669839954        0.45492281571328043E-001   0.93451104731512225        0.32712549199783815E-001
   0.80653704945339444        0.95300319983606455E-001   0.98200391743901494        0.32823737294391225E-001
   0.65643721932768806        0.45221604411797810E-001   0.20837645658822090        0.32709480433607850E-001
   0.28915979775122347        0.98775513742924814E-001   0.79288008036795610        0.32732749670999498E-001
   0.47021793198321443        0.96582637069246122E-001   0.69170430065608268        0.32787310452369253E-001
   0.43766229601593543        0.94441739886542947E-001   0.12062663579026250        0.32667635324939250E-001
   0.64576101832370880        0.97255264998096558E-001   0.11234631745093325        0.32787229390920117E-001
   0.33621188200412067        0.95804197170836075E-001   0.64290469223292335        0.32758610798059390E-001
   0.61562758753857372        0.45288156481390215E-001   0.59859643339660784        0.32697935530730929E-001
   0.65174886280576647E-001   0.95521745646384021E-001   0.31844435561673559E-001   0.32753088002937358E-001
   0.24341516267858812        0.91625898180008658E-001   0.24286271554342714        0.32824516926414395E-001
   0.80858968609712256        0.93833033653105580E-001   0.85827623791454433        0.32829388549312180E-001
   0.49290937566943305        0.44979295419822644E-001   0.94236996990816368        0.32803604543619740E-001
   0.61500461712647092        0.45250215524531227E-001   0.15754508599291137        0.32763004970862743E-001
   0.10812273601980103        0.47003401971652335E-001   0.74416249087725994        0.32831815139695839E-001
   0.97444998961413032        0.45431638502598792E-001   0.90281019476317295E-001   0.32822785730084438E-001
   0.23498648083300200        0.46569547664624421E-001   0.94571251592762574E-002   0.32760204483119296E-001
   0.60785584471196641        0.45464233118493701E-001   0.25249187407889429        0.32802147255647063E-001
   0.97806481599107853        0.93282677415833293E-001   0.85577011336541897        0.32709452009929037E-001
   0.26662890538747397        0.97104124326261684E-001   0.85453517265815182        0.32735984573175433E-001
   0.12958795105295903        0.93482827720431053E-001   0.39081346236834363        0.32787567072073934E-001
   0.96291545441681459        0.49466862166644254E-001   0.90353031205865664        0.32749048552458915E-001
   0.58137641299926823        0.95224746859175355E-001   0.13162946244789431        0.32734337879186323E-001
   0.73534013789827513        0.95499247258735043E-001   0.59319342228413230        0.32823303146258344E-001
   0.94465969827392871        0.43323443907378252E-001   0.75252982994894280        0.32853501563619998E-001
   0.12888150484913044        0.92472731511072673E-001   0.16794579022865817E-001   0.32756230580294622E-001
   0.51077917844199842E-001   0.95321550063465155E-001   0.56854733678604807        0.32748425480312843E-001
   0.61775359503425054        0.95071866271067076E-001   0.35421405926695831        0.32798361325715744E-001
   0.62996253583157458        0.95640262585741653E-001   0.28942813561840119        0.32718382417152615E-001
   0.60546018697582926        0.95262702511944075E-001   0.41862748536905514        0.32751726033368900E-001
   0.43839833500404302        0.91944883947266687E-001   0.25171012814210497        0.32782061659434633E-001
   0.11035163361865075E-001   0.93311281004012037E-001   0.76999674917024907        0.32795398687173218E-001
   0.52796175612637475        0.45379560817410798E-001   0.87648382009648829        0.32848083353551390E-001
   0.94422750251798560        0.45619718221618102E-001   0.32692929578359808        0.32788714068563422E-001
   0.19530502577547212        0.45971788063464525E-001   0.61414028274230059        0.32705148515890972E-001
   0.39125910438210187        0.45386434166330702E-001   0.58263655832422401        0.32705693643116290E-001
   0.76347733916946015        0.95343250698453744E-001   0.93244058183701917        0.32743906619220664E-001
   0.69197127154118832        0.45410456835928224E-001   0.72058992219875551        0.32769688800910496E-001
   0.68385979199088542        0.95132318345083136E-001   0.45589823309906330        0.32809254798240206E-001
   0.55350269150445786        0.45131388709527036E-001   0.62249076164418704        0.32753662686801334E-001
   0.80928336101791953        0.45300146007529858E-001   0.24381345807410776E-001   0.32726152596637560E-001
   0.21546881804279678E-001   0.45054424859030398E-001   0.20367881695748997E-001   0.32784674244701363E-001
   0.91980083308213545        0.45669922687857856E-001   0.69170441172976016        0.32756301888827680E-001
   0.58324811534846155        0.45864308356979779E-001   0.38152586977817965        0.32832592400655752E-001
   0.68301978656762885        0.95148105334910096E-001   0.90624064187873488        0.32762205186176639E-001
   0.82699677656332612E-002   0.96875375595430857E-001   0.91386186150591875        0.32841112854630865E-001
   0.79671923749075257        0.95481295994936627E-001   0.57022743987110369        0.32635579053262663E-001
   0.72138469059730470        0.45288494780784679E-001   0.92517237501108396        0.32739084605054064E-001
   0.32794993993366639        0.45232838754039703E-001   0.52567775422027258E-001   0.32812861471442918E-001
   0.74924596157189993        0.95184718467018120E-001   0.14672514340459122E-001   0.32781498250046032E-001
   0.65178220528864861        0.44886279552894037E-001   0.66232589233305428        0.32782766209860321E-001
   0.35149019186532932        0.43832499375483974E-001   0.92444899528320046        0.32686858677030389E-001
   0.79795021431912205        0.45057938369001613E-001   0.90646060496833925        0.32821903406747101E-001
   0.65779904150637147        0.45084254197079121E-001   0.62194997927561925E-001   0.32713442169602439E-001
   0.95023104724108454        0.93304984755031906E-001   0.79473712823184817        0.32719894803366401E-001
   0.92831666637484311        0.95439397888575098E-001   0.48708365962468381        0.32733105248487458E-001
   0.16161314265190910        0.44783956589639878E-001   0.55641217496389428        0.32774749604980287E-001
   0.43526840575323561        0.94489490795604369E-001   0.49187764455077616E-001   0.32675040679874208E-001
   0.20874891660336015        0.41602586371870219E-001   0.21826741104316003        0.32767369237956250E-001
   0.59679262324874771        0.45007134569076179E-001   0.31725247919797861        0.32744122365635356E-001
   0.14240155598007018        0.42928243001660052E-001   0.97094264068575187        0.32748868721101013E-001
   0.40999131024607732        0.45271771509906134E-001   0.78478684298490153        0.32781840120004076E-001
   0.20613864814852190        0.40108554715939618E-001   0.28375236337402315        0.32780846536669878E-001
   0.65838875475402714        0.45207484746671210E-001   0.33931987838170541        0.32670523075490496E-001
   0.14342692371553731        0.36435225123376443E-001   0.21900506874682124        0.32737964089076317E-001
   0.15656423896253205        0.39798494282714050E-001   0.35281754988735686        0.32756579314149499E-001
   0.32286258333510781        0.45852468858411884E-001   0.60262752345566761        0.32738886116731446E-001
   0.38327209143257784        0.95357923047701992E-001   0.75164749997985369        0.32807005472765306E-001
   0.79884087989406230E-001   0.44449620514942299E-001   0.99044486448046709        0.32750055375421777E-001
   0.79694822010108368        0.95469303327678653E-001   0.70931517968007662        0.32749686486681938E-001
   0.68092949972745476        0.45721511852555491E-001   0.56225587458712367        0.32828300548509506E-001
   0.43321687890127458        0.45456609367084740E-001   0.71563357333741251        0.32761478848357804E-001
   0.51763255418674647        0.45232068144386718E-001   0.50254755466421641        0.32799021964293677E-001
   0.23200305522133409E-002   0.46739080325878618E-001   0.29626739664366836        0.32788455743051198E-001
   0.64831908200754618        0.46401575577915105E-001   0.42813590067217139        0.32752252486822064E-001
   0.43065465736922531        0.94943483359807235E-001   0.97361712052653304        0.32704367451254775E-001
   0.27137469888131505        0.41994269541728496E-001   0.27582292030163291        0.32799588136312709E-001
   0.88746841595444181        0.95123938947112810E-001   0.15919919773671179        0.32751273695852269E-001
   0.82306534552121435        0.95357160369608479E-001   0.19090176739186715        0.32820219675355568E-001
   0.77442717067189792        0.95234548704617977E-001   0.25452749686229498        0.32833744718083244E-001
   0.11425380788748876        0.98095359378661234E-001   0.32373184923360782        0.32790961946787663E-001
   0.73257445855735182E-001   0.45679077351851366E-001   0.50900745986359985        0.32685408907808224E-001
   0.50748127908301410        0.47371093137657666E-001   0.66918899868635073        0.32845921163594062E-001
   0.40370373433178713        0.43729295740338486E-001   0.21096558296447965        0.32762278546945384E-001
   0.32833226073750243        0.95688071082158974E-001   0.49446875638135357        0.32839255806145773E-001
   0.21830954873263270E-001   0.47304584077783110E-001   0.87210809477989615        0.32805672341387322E-001
   0.56016433222251771        0.95103056817404247E-001   0.49912382033616265        0.32733683494509218E-001
   0.99507857209775818        0.42616489106509149E-001   0.81041400527794760        0.32779412273698905E-001
   0.51650177011579501        0.45167705035196182E-001   0.56819581932691454        0.32837280699475856E-001
   0.30881039505986130        0.92880928169869759E-001   0.23065157936893715        0.32760993311985530E-001
   0.92118114978106139E-001   0.48700117739088611E-001   0.36073953592049479        0.32751501041234365E-001
   0.36553322794034471        0.95029365011416345E-001   0.96667636212905206        0.32765526379921785E-001
   0.40169683673652995        0.44344586472090587E-001   0.14298322910266170        0.32712550314998243E-001
   0.28761220984635127        0.47027213203319117E-001   0.89149350495623114        0.32789420478725045E-001
   0.82831626032491446        0.45246426297128377E-001   0.87286026892538740E-001   0.32764882055118183E-001
   0.82957777304774782        0.94889668485658746E-001   0.39890188012558825        0.32745734574259451E-001
   0.81977001924839243        0.47763069954511489E-001   0.81243457823938103        0.32744264583740509E-001
   0.91474168992269067        0.93379387193903970E-001   0.89062013048188771        0.32824776292709738E-001
   0.33718858816397673        0.44593347368392239E-001   0.13197652613771937        0.32682423732145673E-001
   0.88743328945776545        0.95736069803508420E-001   0.43468626392410997        0.32728853399986567E-001
   0.46696583662725860        0.45089095238364470E-001   0.15309704391093459        0.32811356762152903E-001
   0.50637908397502751        0.95673067713925808E-001   0.47910658668398338E-001   0.32703957902847941E-001
   0.37307841525728863        0.94569667679785377E-001   0.10939679681853910        0.32847140489750896E-001
   0.43980839683189099        0.94905433390472971E-001   0.18616068448313244        0.32830371773556612E-001
   0.30588791713488306        0.45680365039390505E-001   0.53926505288319726        0.32814643896297867E-001
   0.55598391786094115        0.95776930889238915E-001   0.33216967458450403        0.32735621543463850E-001
   0.84567592309472361        0.45276939975072587E-001   0.15090543245334612        0.32786080737802578E-001
   0.50380018659179893        0.89308620444634945E-001   0.25677542634556932        0.32795163525222541E-001
   0.39109718129873478        0.95216507198759820E-001   0.90517542280856167        0.32793221248065496E-001
   0.24403112311573585        0.92626010869491862E-001   0.17637395355856256        0.32736169692147390E-001
   0.95055967605638503        0.99127181905322104E-001   0.94535928934238111        0.32802718295776322E-001
   0.57599466355174411        0.95064319345124659E-001   0.99405081363751502        0.32796204653102304E-001
   0.98485247439176404        0.96587975456971606E-001   0.34726341598879851        0.32791653879260863E-001
   0.17252252445334851        0.41294224758056046E-001   0.29239014000232148E-001   0.32777447011497950E-001
   0.54616386015796592        0.44539154550084233E-001   0.23003668530512431        0.32745404407286613E-001
   0.77928862980620772        0.45469803944973457E-001   0.60859007128062814        0.32741063794524509E-001
   0.94215357960046708E-001   0.92370056997554559E-001   0.79457147714305265        0.32798734455171979E-001
   0.69423667012211443        0.95027657969931234E-001   0.31296782504556953        0.32703370538428908E-001
   0.87021490603483076        0.95331804332814352E-001   0.95380872538206485E-001   0.32829936420562679E-001
   0.18882261251841057        0.91632776075862815E-001   0.98964338974106669        0.32780723208826024E-001
   0.20170146126579647        0.46700753049223109E-001   0.87640368511162692E-001   0.32728983661666301E-001
   0.50999530788688097        0.94927327206636172E-001   0.98173992087224260        0.32780560040327304E-001
   0.33594245826678693        0.42818378599373777E-001   0.26337916127132527        0.32805608341107094E-001
   0.69734877875787793        0.45505909480394610E-001   0.86157575321305824        0.32707170681416570E-001
   0.49022426765003752        0.95242688524721175E-001   0.53484857357402593        0.32693009593174165E-001
   0.52295770457891977        0.94685841967201145E-001   0.19415216828218682        0.32791469879802242E-001
   0.75704255173292900        0.45267502677797056E-001   0.83300839628236845        0.32726054833366117E-001
   0.38164662370810933E-001   0.96566625707108222E-001   0.82982083836325615        0.32789234539825129E-001
   0.90421142890388850        0.93474926247114842E-001   0.73660412915806461        0.32816623215455774E-001
   0.17134402230104695        0.91559974809329106E-001   0.92313781944513051        0.32770865469774889E-001
   0.62344299199924735        0.94070527266991999E-001   0.48187114894811028        0.32804908894581583E-001
   0.10401698849757912        0.92941904496022701E-001   0.95252400353400313        0.32803884736865928E-001
   0.26148141356865262        0.95941634925541253E-001   0.50875915352595191        0.32822834608461075E-001
   0.28939441905403068        0.45585156467290194E-001   0.47575273412872643        0.32712626773481100E-001
   0.44444941664291399        0.46477190219662665E-001   0.65045675609770637        0.32765386332024513E-001
   0.30815673213808781        0.91751710869128464E-001   0.93487772382481149        0.32726743524600858E-001
   0.60230276756601586        0.45066181296799776E-001   0.27520353494826004E-001   0.32724831909329233E-001
   0.73208441283965120        0.45347177318462238E-001   0.77238292569374511        0.32732305161704278E-001
   0.45747340109481854        0.45057945456932119E-001   0.42607560708316178        0.32752428139412419E-001
   0.92903695215894799        0.45473257768737028E-001   0.44465401887813005        0.32801821984979142E-001
   0.76317244135062651E-002   0.95493943840877185E-001   0.63421097187832301E-001   0.32875252109570617E-001
   0.38522436034966251        0.44844932735051322E-001   0.38332985668100311        0.32738176645799519E-001
   0.77094336154765897        0.96139318086565589E-001   0.32007264051430007        0.32776447204505212E-001
   0.54891915554825721        0.44566265342784718E-001   0.16041490332549957        0.32754051908401464E-001
   0.54569754355284224E-001   0.42340851044401218E-001   0.92906121950301590        0.32758404320016567E-001
   0.16855161444797070        0.45202258942523534E-001   0.41707124794148726        0.32766260596733800E-001
   0.69866806205366627        0.93993680905884863E-001   0.52122667180977367        0.32780664933679107E-001
   0.52906688323526385        0.95410921716812716E-001   0.91903516623033521        0.32745252138226884E-001
   0.15217250643290893E-001   0.43308245669651711E-001   0.72779515647382054        0.32763658868682828E-001
   0.64463184054501876        0.95113433329577918E-001   0.21866239425389507E-001   0.32810447022812293E-001
   0.30480564045146680        0.45650203315472149E-001   0.67141305997607581        0.32675579370570723E-001
   0.35135434360695855        0.45450121741242445E-001   0.32725079900128923        0.32751002555822577E-001
   0.39942700125542374        0.45134647368031910E-001   0.73675558643417655E-001   0.32699479783960893E-001
