 3 HS poly
 400 2
 80 320
    1.0000000000000000         0.0000000000000000         0.0000000000000000         0.0000000000000000        0.10000000000000001         0.0000000000000000         0.0000000000000000         0.0000000000000000         1.0000000000000000     
 T T T
   0.15166934024195711        0.60084473296864366E-001   0.99770049354148049        0.34578897999174033E-001
   0.84295874757134237        0.60425543115662408E-001   0.25494308569712681        0.36945171780373737E-001
   0.70472755576508206        0.10317522767333854E-001   0.82599490333843295        0.40312798795886132E-001
   0.77739556070241100        0.60754282137909836E-001   0.15245521167373452        0.39696983855053165E-001
   0.20663260603513953        0.99977178923951731E-002   0.73555683981091291        0.33523004004527658E-001
   0.42937605082157920        0.60028659239097205E-001   0.96244601236291305        0.38699319058552631E-001
   0.37541300325797183        0.60106772495059017E-001   0.40721748817036940        0.37667467765094512E-001
   0.73335251523417277        0.60175235353395362E-001   0.65448006405663917        0.36500655312044827E-001
   0.99969140230333176        0.60292338120521108E-001   0.43980204068049999        0.34759250092367085E-001
   0.52533680850603594E-001   0.59894556709134884E-001   0.87817646583569031        0.37105109523038311E-001
   0.71980984350352739        0.10242187148009368E-001   0.70970346381165950        0.39102437300398404E-001
   0.22187145664215518        0.60146123846830435E-001   0.97982422869960017        0.37727656416043608E-001
   0.16000853810929325        0.10069962028761243E-001   0.52895429630808788        0.34862976277754046E-001
   0.92948006786857296        0.10110556811486123E-001   0.49172911990028115E-001   0.39410893272092441E-001
   0.77100261257800215E-001   0.99737449375480978E-002   0.20226017197755947        0.37621959535122963E-001
   0.89750605481029111        0.10300732826946463E-001   0.75438160378794084        0.37869641020839444E-001
   0.48785780279848573        0.10296581761829555E-001   0.98567085145505462        0.38232961724395720E-001
   0.29303177295770255        0.60324270413619610E-001   0.66360833437127631        0.36758271561695921E-001
   0.26830779221285112        0.10194357816513655E-001   0.14305359458462983E-001   0.38537378714904549E-001
   0.69011034586959064E-001   0.60272864818557904E-001   0.39021475541450729        0.39673510804615592E-001
   0.76230398207431482        0.60654989281120987E-001   0.99743518836693201        0.38896212093181906E-001
   0.63167067151554379        0.60654210185418549E-001   0.93069337169656263        0.38320810424051020E-001
   0.88362065330691497        0.59873908518231683E-001   0.33528534316816144        0.40224758555165725E-001
   0.35897309092053614        0.60284305754054204E-001   0.51414965590983630        0.35646692448498198E-001
   0.27572005327084831        0.10216625098531974E-001   0.43849778459049510        0.38136554867562178E-001
   0.60646287801947241        0.60689908607343961E-001   0.32489079456384900E-003   0.34575881190273224E-001
   0.75143712626417059        0.10195349856388487E-001   0.44739117303704451        0.39646918084005563E-001
   0.70864107494153417        0.10198761765492857E-001   0.37991716811993376        0.37729381915056280E-001
   0.50813149986861428        0.99896700252363035E-002   0.25011124124154260        0.38730097390974674E-001
   0.56886548964886574        0.60467693667393102E-001   0.14313820990315057        0.36321904368595545E-001
   0.87315826985343448        0.60176979988790097E-001   0.33535974284327037E-001   0.37337412712140694E-001
   0.32926782017481826        0.60141750674961969E-001   0.82993792666241784        0.36431285432675070E-001
   0.23925478840571177        0.10252447267575713E-001   0.64545126176542988        0.38814249934968466E-001
   0.27388992947934243        0.10311904596773560E-001   0.71410360563746256        0.36822597134013299E-001
   0.41001505408322733E-003   0.10227416137655610E-001   0.71677421643202469E-001   0.34955143572817739E-001
   0.12572808137880459        0.10213395654713155E-001   0.37681407814607043        0.36955359458234867E-001
   0.24027794863257488E-001   0.10473989742818719E-001   0.69495530719721477        0.36112597053449873E-001
   0.76826507365533714        0.60552428262858671E-001   0.23538198389448789        0.36548087886565737E-001
   0.27842785727555552        0.10008047649668714E-001   0.91152558058602048E-001   0.38486001652863901E-001
   0.56214638664538907        0.60165910064908713E-001   0.44590002236789034        0.34190807746377373E-001
   0.56855430723637956        0.10109521549780846E-001   0.39133339734333605        0.39930737000402762E-001
   0.18674466999756689        0.60797500364853201E-001   0.83293215037298962        0.38809505870048590E-001
   0.46539499211687008        0.60328963157921446E-001   0.85357158924290766        0.38374707862555132E-001
   0.93648195088047503        0.99510684478606726E-002   0.35881130168973074        0.36114387609821080E-001
   0.44898791290711393        0.58026690312152164E-001   0.36183948620138531E-001   0.37612697013722794E-001
   0.85107773537538434        0.60111603806537975E-001   0.43256658807806025        0.37578705494551091E-001
   0.10155913473565806        0.60199284629573573E-001   0.78356045941708391E-001   0.37197406741512368E-001
   0.62490823064882761        0.10233024119962518E-001   0.68438498379349644        0.36259254648923392E-001
   0.47426720941585498        0.60359221749964102E-001   0.41925903125353603        0.37124549240884062E-001
   0.22064629118050214        0.60210471085969212E-001   0.44021595865971308        0.36232472553155662E-001
   0.39267467587344723        0.10177065289738588E-001   0.61840022990759125        0.34633216569423329E-001
   0.88728241994144486        0.10270762716453179E-001   0.97323535267016970        0.41898893299711901E-001
   0.20988293869767716        0.60059807811643107E-001   0.53481601897917186        0.35957665616535330E-001
   0.12161863262585622        0.59964865117119785E-001   0.23881858262371644        0.38617254253794683E-001
   0.76961922913982059E-001   0.10143955755296197E-001   0.12750884056330647        0.37024888974655321E-001
   0.62437719696845329        0.60091705524488497E-001   0.40081328841332853        0.35491448588014583E-001
   0.95661915684565424        0.60059794468072053E-001   0.30993469273053487        0.36487984422577328E-001
   0.87526780147192929        0.10210858021414715E-001   0.21511631829926339        0.34484720894025080E-001
   0.15932387758839281        0.10197418357674216E-001   0.88619762279799541        0.37240059185410956E-001
   0.54200125465713567        0.99983297052719296E-002   0.31847897221633448        0.37491075353434912E-001
   0.12082258383920556        0.60083296905787210E-001   0.31783992929319649        0.40306241824399451E-001
   0.49455698471926463        0.60635945654944012E-001   0.92352769404618118        0.37184728062838526E-001
   0.38671206899210642        0.10132319381982913E-001   0.35383704386195275        0.36264618969868948E-001
   0.21300106652523376        0.10027603053180819E-001   0.16373412234569815        0.38247758818925857E-001
   0.23521012431118932        0.99543413052636393E-002   0.87140379357372855        0.40046186194658197E-001
   0.26367146342545744        0.10060327755095830E-001   0.54665851190082171        0.38425990940212672E-001
   0.58531729552794931        0.60654011646328360E-001   0.69699178927805236E-001   0.37135488333212445E-001
   0.63961667841127456        0.60573850962222189E-001   0.28398417190419650        0.37541819764861976E-001
   0.10896237385309596        0.60104626185088716E-001   0.78800596188380845        0.37089320983307326E-001
   0.89835485915395474        0.10351282627616303E-001   0.60629721012995275        0.35605447137466779E-001
   0.97029597795223421        0.59662468549134595E-001   0.52889264124415269        0.36010632283403510E-001
   0.44303411379221408        0.98788581977155999E-002   0.30421136410238458        0.38115730837067041E-001
   0.55747416458501564        0.10502333818329310E-001   0.20604427831386388E-001   0.38159073516890435E-001
   0.29519952992193127        0.99631079184099077E-002   0.78626472164190719        0.38035790349175952E-001
   0.66625929014354268        0.10606669123384352E-001   0.18016947141173018        0.35080023368833778E-001
   0.60156888747857795        0.60495236673459067E-001   0.75038293330973971        0.41515850619567390E-001
   0.93736295406364378        0.60324087252527483E-001   0.46763087261309744        0.33498354938033069E-001
   0.96602959796037918E-001   0.60141775143039228E-001   0.61864770041272377        0.37875058926065332E-001
   0.73939977155126693E-001   0.60283566418683633E-001   0.72054709995472266        0.38884439939452481E-001
   0.28985926404193701        0.97240580586651949E-002   0.24908040247072655        0.37103986365312258E-001
   0.77939012497352722        0.10204721561985867E-001   0.66873081445323268        0.32821300261767633E-001
   0.45573695895224248        0.60133026174667037E-001   0.25388057830623689        0.32829592349022697E-001
   0.42552509032360247        0.10347971561396887E-001   0.41119019006459018        0.32820443679238871E-001
   0.92515154663876165        0.60359193216336218E-001   0.93242835508960309        0.32830928456274493E-001
   0.11391297925214657        0.10607585514598075E-001   0.97113095645467606        0.32951065849846140E-001
   0.43008118411541990        0.60233068870471168E-001   0.64418962866125740        0.32848945735640636E-001
   0.80508712533005389        0.90452044399734251E-002   0.57452502760967328        0.32834095618743515E-001
   0.62617772772828251        0.10416859572337001E-001   0.41717947487248892E-001   0.32903544485005383E-001
   0.73281921201395972        0.58869523471017926E-001   0.33457335604388588        0.32815474546567962E-001
   0.23553497297331513        0.60069312231924056E-001   0.11859853277202434        0.32747768400262917E-001
   0.17885062588711462        0.10007803793602816E-001   0.95384405221357671        0.32846386257250525E-001
   0.79554001327646084        0.10574475569115678E-001   0.95423853588772745        0.32803863856765897E-001
   0.64842049955339487        0.60364414033869496E-001   0.47245950834500183        0.32812756043754769E-001
   0.16998054603354520        0.60090424991248947E-001   0.13715772412487895        0.32818892774325308E-001
   0.71905886121507023        0.11720510779669419E-001   0.54894766583846955        0.32784843597100988E-001
   0.81002494235237699        0.10133748104932640E-001   0.40448846099205560        0.32921572292476615E-001
   0.81570549846659135        0.10164110996762571E-001   0.81843076109013013        0.32823515479156400E-001
   0.78595462492240931        0.60435084653500164E-001   0.91272833394386910        0.32726518752780667E-001
   0.22545384335786045        0.10796891935076356E-001   0.79917667998302444        0.32826591444438585E-001
   0.92825043992488365E-001   0.10901434223754489E-001   0.90848366585397899        0.32890171332425250E-001
   0.37516778597966105        0.59713074994740038E-001   0.97216781710818032E-001   0.32795182035841988E-001
   0.15586807712669976        0.99800218511175310E-002   0.27686596290591792        0.32847862654119223E-001
   0.73836373464834715        0.10888088900614920E-001   0.11703383138518524        0.32839753321676247E-001
   0.57993828382047419        0.14774192091103861E-001   0.55763808773244861        0.32887062652957474E-001
   0.14595043107563058E-002   0.10070677290350390E-001   0.33419111172167854        0.32878957212043834E-001
   0.50241966233493873        0.10587674343131927E-001   0.81816117614167350        0.32803846259886610E-001
   0.58655715617791893        0.60096542949290725E-001   0.34138967144188770        0.32839266549441797E-001
   0.49841735015263688        0.10959962867601064E-001   0.75265215832014765        0.32764348292764936E-001
   0.91697315668508683        0.60259327786957195E-001   0.23234692042008004        0.32748127306799026E-001
   0.40698104908809174        0.60560450058250094E-001   0.89437191305562458        0.32827817807924459E-001
   0.48933402742038223E-001   0.11662400865003237E-001   0.98294249417463475        0.32861599763076760E-001
   0.49739669758991867        0.60346511881432890E-001   0.19952719162849430        0.32857267421373633E-001
   0.56138050564024378        0.10426314915858732E-001   0.71240222701438471        0.32856308266641113E-001
   0.92820965218331652        0.13167589129307787E-001   0.66802083977434035        0.32800998561743809E-001
   0.93952540906427606        0.97177266274387983E-002   0.81120957801445082        0.32798998017683434E-001
   0.59840720941612247        0.12530510909612373E-001   0.18363690282234704        0.32770573488466861E-001
   0.83123196409751499        0.60530708602986920E-001   0.97732224248722754        0.32781733192151871E-001
   0.89537723872534170        0.10339281428948559E-001   0.45571610798711842        0.32822292433875064E-001
   0.81554679446547940        0.60173861281386590E-001   0.36190950774467934        0.32868905176998718E-001
   0.33664053058038657        0.60230339872708420E-001   0.34812809344850482        0.32856057496894089E-001
   0.30803378229001849        0.10215111817241983E-001   0.87299705543605266        0.32793515558029479E-001
   0.63363451032113535E-001   0.12235823160183436E-001   0.44451276310060872        0.32844111162656543E-001
   0.23494085136370640        0.60031674169381155E-001   0.52979273518436801E-001   0.32801696787499723E-001
   0.64641076814485265        0.10632234265091077E-001   0.97906806859989259        0.32768061153507687E-001
   0.85286491400220810        0.60151730264476358E-001   0.59413605415102100        0.32810147197938719E-001
   0.39025792930523184        0.60171206639796859E-001   0.76385299247631711        0.32725814114352422E-001
   0.28508699154050926        0.60166154383024875E-001   0.38893776226892268        0.32841651929064124E-001
   0.28009487359357926        0.10117187230915316E-001   0.34649440728811948        0.32787136101612505E-001
   0.42446722522905170E-001   0.59996093336115067E-001   0.16664729154788219        0.32780547487513530E-001
   0.33857311163707682        0.10464560116926782E-001   0.11440514904273076E-002   0.32809025170629010E-001
   0.31554316223533707        0.60304883156171135E-001   0.73985645420638180        0.32870251268383915E-001
   0.18891304042018126        0.60027955754460564E-001   0.63365161634785205        0.32864163314296063E-001
   0.97692991777581173        0.59571019049966145E-001   0.17191023087740123        0.32809952400924262E-001
   0.97005076040406435        0.60278207988604761E-001   0.10663165942660913        0.32830193550531718E-001
   0.16992315723812260        0.60320320261091076E-001   0.62735422368615984E-001   0.32884708119599371E-001
   0.56189731540445487        0.60015531853120120E-001   0.21200231843397024        0.32766745468823189E-001
   0.16404948437306180        0.59982675301941471E-001   0.74493031507649077        0.32786117003370766E-001
   0.79034004486387699        0.60907882988813049E-001   0.30110015558038389        0.32760215584937961E-001
   0.87883464306637715        0.60803152761991823E-001   0.49887120690325848        0.32830450819245918E-001
   0.26839272174895124        0.61986742040285120E-001   0.49288092416849721        0.32861949173117251E-001
   0.72685708934137764E-002   0.85796171281851841E-002   0.13935940450237883        0.32875852930012994E-001
   0.58496512822817592        0.11050004974983435E-001   0.95444756098381611        0.32839159550057131E-001
   0.50325290725080463        0.60502527366453424E-001   0.64943841397502911        0.32884687629665982E-001
   0.13260203394200723        0.62728148292102548E-001   0.67942453190675545        0.32769704393328117E-001
   0.14669434638564233        0.10104715050602982E-001   0.61785337997915946        0.32791882388327802E-001
   0.46838318502377252        0.10525180308603214E-001   0.62488419803784412        0.32781912096797573E-001
   0.52616351455473598        0.10629054678148033E-001   0.88589795907229307        0.32818881865410800E-001
   0.34231374269616532        0.10196191569931366E-001   0.13226537282405865        0.32860122683844563E-001
   0.91491863953066355        0.60118425032712086E-001   0.40189193757822977        0.32819441365982895E-001
   0.73550393098859815E-001   0.98618985241405669E-002   0.50993537871194561        0.32839261230285556E-001
   0.32336836599037196E-001   0.60510481865102217E-001   0.64821695072803531        0.32791735026226294E-001
   0.76111541501438218        0.61544559669625513E-001   0.55678656206825750        0.32832913767395756E-001
   0.19962790185959814        0.60067442872668186E-001   0.27454834632566011        0.32825236940484774E-001
   0.28288423302796317        0.10160015193848345E-001   0.17701246032515530        0.32868494792292501E-001
   0.98833985620546849        0.10150845980061159E-001   0.48411910960047799        0.32757002402018280E-001
   0.63119288617755687        0.10776827052192101E-001   0.81585701203423744        0.32804785420655957E-001
   0.60651193969932082        0.99642302457187901E-002   0.61776486183146040        0.32820538324194480E-001
   0.88421430119722233        0.99031592710843736E-002   0.28192081058830193        0.32857158008011436E-001
   0.56958893243729347        0.59843643581632036E-001   0.27724190157636996        0.32796743068995972E-001
   0.69164205893162134        0.10434415542202594E-001   0.48851753986286578        0.32844154251295277E-001
   0.79081385123008052        0.59437625187231835E-001   0.61557894550466408        0.32835731631888548E-001
   0.32342428148255853        0.60158514911531749E-001   0.45540246440964943        0.32782840819698261E-001
   0.60697210833112791        0.10445672110873197E-001   0.11407133052988287        0.32806408898396297E-001
   0.91542531627106083        0.60100929090281689E-001   0.85899138258155050        0.32844650664402050E-001
   0.32394392527901779E-001   0.59892523869702369E-001   0.49892951006365488        0.32803976878753215E-001
   0.16142977979048290E-001   0.98403779874601544E-002   0.27008698904748252        0.32793547894694026E-001
   0.48492402696182502        0.10423386518022708E-001   0.68835006701259138        0.32781998398092399E-001
   0.77147907915520730        0.60554008183431367E-001   0.71589644529953878        0.32820625732269453E-001
   0.27622353302609221        0.59806204709850687E-001   0.90530359172057218        0.32769129042071035E-001
   0.87943983566628428E-001   0.10320864448016841E-001   0.66845346891596746        0.32811332045644931E-001
   0.39709231306528242        0.60026709265377322E-001   0.22366658011167051        0.32842050130329065E-001
   0.80559098075277447        0.60231892064429186E-001   0.77641070893831121        0.32790260086092697E-001
   0.87175270048576858        0.10192167173398719E-001   0.14781479932092681        0.32905492215389139E-001
   0.11437030701860179        0.60073102528189086E-001   0.52397708318695368        0.32936210617937743E-001
   0.94124428970792884        0.58732735929598906E-001   0.99636846036183946        0.32833086335652975E-001
   0.31516313073476560        0.10381653940006516E-001   0.49747361474492757        0.32781172077353649E-001
   0.32836343286997627        0.10083990729184256E-001   0.39091647964793330        0.32778373844783638E-001
   0.77590658674621515        0.11164051961464413E-001   0.51566181866134386        0.32880898968814055E-001
   0.31101568194208595        0.60152269883276259E-001   0.56525540334027002        0.32823182889384232E-001
   0.86503858530387778        0.10051647073523781E-001   0.82279931266236131E-001   0.32865054384255771E-001
   0.72418236373700118        0.60453672317350986E-001   0.76145236833763785        0.32828540548919732E-001
   0.25113809863520320        0.60444928457814219E-001   0.20689102598709791        0.32807701445646209E-001
   0.75829030230882100        0.60334944920601701E-001   0.39512979281099631        0.32830846990060794E-001
   0.60173172891091675        0.60750025370217002E-001   0.84662243828745942        0.32856092262782341E-001
   0.22738964135007272        0.12234542038996959E-001   0.38619550212555703        0.32808074760856953E-001
   0.86861757501835823        0.60344357179352173E-001   0.79514823838504978        0.32756462914855851E-001
   0.13423721242351799        0.59608612275588016E-001   0.92987800351677563        0.32837856726757562E-001
   0.18541407167546631        0.59747665984394009E-001   0.20638101169578529        0.32813457230113467E-001
   0.41239037461391881        0.83071858296277865E-002   0.73243438250461451E-001   0.32873606421680399E-001
   0.18204507584757007        0.59635996852562705E-001   0.38153586134610407        0.32888728720742909E-001
   0.63500157054257378        0.91887326680359406E-002   0.52212866156582238        0.32829799559102667E-001
   0.73338177237738778        0.60490108604548558E-001   0.49724049078332688        0.32761286100514271E-001
   0.83093155400303276        0.10926014604029638E-001   0.32033772591505666        0.32836197679176310E-001
   0.80221558850699726        0.60690022434853767E-001   0.57329867854351069E-001   0.32921783736511716E-001
   0.87885976334910743        0.10370618572827690E-001   0.83640163034346893        0.32824687622315350E-001
   0.70370501289094955        0.60845283062012250E-001   0.14182193273043034        0.32796850812054960E-001
   0.24997519147479538        0.58259183897615523E-001   0.75877537257802841        0.32896891618989635E-001
   0.60304858174976217        0.10145833952648200E-001   0.46416702891642520        0.32840118892408281E-001
   0.67603496076207872E-001   0.99312368122702801E-002   0.33723114978191199        0.32895720176275470E-001
   0.11931102619206173        0.60461332155897753E-001   0.85729903993767820        0.32795280671152408E-001
   0.12524575214242939        0.10231211088116327E-001   0.72544645949868714        0.32861816027790709E-001
   0.35478838180806729E-001   0.60244144805289390E-001   0.10142796341184918        0.32774562245448384E-001
   0.98418433405725081        0.59978397735268044E-001   0.24117635042697702        0.32852491864581307E-001
   0.70987273102498993        0.60780580537364903E-001   0.27299627807797577        0.32735727779524215E-001
   0.67688662107851927        0.59288018946967870E-001   0.53174299950244253        0.32851763660537825E-001
   0.26028130116266973        0.60798571360454003E-001   0.82377644108461390        0.32819034145920294E-001
   0.41251240519545562        0.10235671828604295E-001   0.68287633213862475        0.32721966249626554E-001
   0.67391378523732570        0.10751256797864549E-001   0.24767000606342782        0.32808112650693055E-001
   0.23230646730628263E-001   0.60277195212988077E-001   0.31922931556825240E-001   0.32802470840966727E-001
   0.47379276233731915        0.96197695538449129E-002   0.14712433435907157        0.32854914552489158E-001
   0.63644336418170508E-001   0.10120010100808910E-001   0.47050375913847128E-001   0.32798758090255835E-001
   0.94140424772495079        0.10359822995353292E-001   0.19730517098046388        0.32879078533387618E-001
   0.70152154884793438        0.60773103418714919E-001   0.94455582683415173        0.32862911231795688E-001
   0.83131957322756425E-001   0.10748465820656800E-001   0.83421539301271130        0.32737380394350292E-001
   0.15891024276495377        0.10842871568943582E-001   0.78935495609958417        0.32875347507723064E-001
   0.54835632720100180        0.69106407372771812E-002   0.50055287963481299        0.32797050654089048E-001
   0.63287757876381967        0.60355767667379989E-001   0.21352910978321807        0.32899391688012855E-001
   0.30649974551413256        0.59915342563602661E-001   0.48445527846443660E-001   0.32802293846053217E-001
   0.80201405239268375        0.10122590526454832E-001   0.10085620376820990        0.32808157362944214E-001
   0.98778665152760969        0.59664781232331023E-001   0.90549034218273861        0.32844062486997505E-001
   0.86094887398962872        0.60384218978120255E-001   0.91884453524728693        0.32769180037892358E-001
   0.95931129917001856        0.97013948602894130E-002   0.87378373453927016        0.32794819598746507E-001
   0.23593898311774156        0.60986788324382070E-001   0.34309002604766720        0.32816251584646614E-001
   0.84123548699063089        0.60065937409621441E-001   0.11766790557250080        0.32823624380777891E-001
   0.75815717320258302        0.60462266224446441E-001   0.82189184581381081        0.32868759163800366E-001
   0.49346393735677535        0.59896488771901429E-001   0.30767748778044074        0.32822918847597166E-001
   0.47915792948538971        0.89621078595019579E-002   0.80766838942341088E-001   0.32857354350179363E-001
   0.36157032777654821E-001   0.60209563333278773E-001   0.80427139822762828        0.32766552590974711E-001
   0.84307073836525270        0.60400263930928538E-001   0.18328094369816017        0.32802596748031147E-001
   0.38740306791050599        0.10432002370674778E-001   0.93234290038570156        0.32820962575001549E-001
   0.41311129281321213        0.60260086740029098E-001   0.46732001272999035        0.32831266523693378E-001
   0.21796413671467577        0.98872829518879130E-002   0.23469610366107557        0.32826450975024207E-001
   0.76785421072957694        0.10499700342633719E-001   0.86351127694806495        0.32809027243569017E-001
   0.98721253391827146        0.11153409116768639E-001   0.52983141631660615E-002   0.32729419594804167E-001
   0.92368942542854249        0.95631007595432943E-002   0.51548564830972043        0.32854429940265814E-001
   0.36663266666563910        0.99911368677481974E-002   0.45645118581455213        0.32912948012458559E-001
   0.43554014338351521        0.60110679542139535E-001   0.35584108885388055        0.32767075061545574E-001
   0.72665996087420170        0.60779793975853716E-001   0.75935762595488440E-001   0.32840870523704428E-001
   0.50167349989227572        0.60659508789213272E-001   0.48407964687983634        0.32750076693119537E-001
   0.44711281371431794        0.60457635846933123E-001   0.70766629866127406        0.32770762404634189E-001
   0.82391402401635827        0.58485779205012273E-001   0.53530350385663372        0.32717814706225354E-001
   0.85162781858083611E-001   0.60442681224919054E-001   0.98061506365585346E-002   0.32903854234710997E-001
   0.66412285555457534E-002   0.99519242368143329E-002   0.20502791914975160        0.32771244361881877E-001
   0.17499334592477184        0.12702828664723862E-001   0.67703490251305742        0.32781794517969302E-001
   0.51872281909310958        0.60369300205276935E-001   0.71423926454404851        0.32847076807149996E-001
   0.59292382253054976        0.59245728681592613E-001   0.51024080304529162        0.32828842665547475E-001
   0.83954444576163112        0.60471770464533704E-001   0.85464022378271332        0.32855293327676754E-001
   0.65978975418522801        0.10190044109488745E-001   0.43108088468000522        0.32766992485022038E-001
   0.10461899233621327E-002   0.59153528650289146E-001   0.59055663034024308        0.32807293086814154E-001
   0.34107444672531317        0.60131705991244802E-001   0.26377602330100430        0.32860891416881886E-001
   0.65636665844973441        0.60720984822676731E-001   0.73213208915804934E-001   0.32884154534595998E-001
   0.10976630497325331        0.60009570120605288E-001   0.16400010061776410        0.32799297023360902E-001
   0.13254146436731942        0.60108242255639266E-001   0.42523987716527861        0.32840805268342606E-001
   0.98152875291922859        0.60197711765513688E-001   0.37465448962765985        0.32832632090319988E-001
   0.39228935950729804        0.60071114094634531E-001   0.30637081046753945        0.32836863923972587E-001
   0.19288686926225404        0.10161473351546046E-001   0.21680465389384271E-001   0.32854848890051677E-001
   0.85156891813225055E-002   0.61492078619179741E-001   0.96787880015035777        0.32838022158369479E-001
   0.66861679881049874        0.60478092593721937E-001   0.34843239223378364        0.32875146146162937E-001
   0.56304960729025233        0.60358732237871665E-001   0.90869174117834961        0.32896666423937508E-001
   0.38400575828735428        0.10049953009594588E-001   0.26439978991160556        0.32937722399269447E-001
   0.96629898854849128        0.10403518021216539E-001   0.94315269286614589        0.32749333649050985E-001
   0.44950145732941660        0.10786150664054145E-001   0.90265633229864650        0.32863530956385383E-001
   0.47794039310053815        0.95888517559186096E-002   0.36615944640519288        0.32869057008386979E-001
   0.62954277637431971E-001   0.10186552809430878E-001   0.77097573173075096        0.32870187994807447E-001
   0.74772427443876055        0.10261434028677128E-001   0.60842110157313756        0.32886540555877808E-001
   0.67565070057353094        0.60624678229764854E-001   0.10192848727942194E-001   0.32939419470637638E-001
   0.90860117032411458        0.59205616197377554E-001   0.55946243560464604        0.32789924338852743E-001
   0.45120276637413914E-001   0.99221824140394346E-002   0.60435692004822072        0.32813376197772331E-001
   0.48832766787636150        0.10784460378216003E-001   0.52668358038563079        0.32784201891616842E-001
   0.97343489642645420        0.63050265848986875E-001   0.67975172084329816        0.32906763586246904E-001
   0.20220704578069607        0.94308234557874664E-002   0.58279012702124167        0.32846246999623081E-001
   0.75155648568339006        0.10602645366218702E-001   0.28135567177635024        0.32755884346042818E-001
   0.65751340417919002        0.10485056773597415E-001   0.74660966762549164        0.32850069806939400E-001
   0.12471409244992496        0.10498567354336116E-001   0.46838165968039214        0.32907329876250273E-001
   0.46238382818953627        0.61121871390411822E-001   0.77619061372810882        0.32852642009137081E-001
   0.66786374332190368        0.60264462643372312E-001   0.70506423760720216        0.32792401889275374E-001
   0.70352876749265869        0.60627354673390768E-001   0.20760674491159639        0.32898797556266415E-001
   0.58570626297760255E-001   0.62573158359367928E-001   0.55903909926297080        0.32794115215871215E-001
   0.94308611035788481        0.60177543778626455E-001   0.62150792286993184        0.32819378136896088E-001
   0.43674740825689445        0.99680271847160627E-002   0.56730652364635215        0.32834273271109618E-001
   0.71189810581786184        0.10879600887084208E-001   0.98616222364465822        0.32830641107482433E-001
   0.40567372208235358        0.10024352240245638E-001   0.78846058544835042E-002   0.32846901057029858E-001
   0.34165846337715861        0.10378393393702605E-001   0.66326493909371986        0.32877137388671859E-001
   0.62143338890994748        0.64649088762265425E-001   0.56945791800636214        0.32819774380898871E-001
   0.66480219392400153        0.60734425279900806E-001   0.78969538795615268        0.32834449511847663E-001
   0.35774662808460844        0.60482545623669309E-001   0.96305036404359123        0.32881885489417277E-001
   0.34736014174808660        0.60228879559005924E-001   0.62012275158265651        0.32778799374856671E-001
   0.97648408082604354        0.59849522281699277E-001   0.83267033375377308        0.32854333545241247E-001
   0.96211264061146440        0.98832251251419999E-002   0.72524817930983321        0.32814215482752110E-001
   0.40851687668785447        0.99877110778257144E-002   0.13912906415177076        0.32878717415116492E-001
   0.56657694104019374        0.10831407863676212E-001   0.80426013554669729        0.32778424237665860E-001
   0.14387774699163056        0.10237697759657188E-001   0.10309347542877371        0.32749677328694597E-001
   0.20725950427546200        0.10100118949439803E-001   0.86176833386421597E-001   0.32793019577445258E-001
   0.98722348941763627        0.11176928853370308E-001   0.63646921123819300        0.32763981467987278E-001
   0.82529445532536749        0.10345525470812546E-001   0.89546636125822288        0.32873283577228948E-001
   0.32116827133816700        0.10232920324330892E-001   0.93732393025691696        0.32808068437828360E-001
   0.35848069564323559        0.10300868031077236E-001   0.73494251260954091        0.32830586812206797E-001
   0.51750033185375499        0.60523035369233862E-001   0.52489465699550583E-001   0.32816383192610814E-001
   0.39845750447487122        0.60401535582967153E-001   0.82935726398198384        0.32724669993666244E-001
   0.63806565584004771        0.60382421019630331E-001   0.14333073682708969        0.32855944969144069E-001
   0.54325556406196640        0.97178049994906257E-002   0.96723001961935118E-001   0.32793296722987295E-001
   0.42932900276845182        0.10377854210554519E-001   0.74639729324996484        0.32829847889563030E-001
   0.45694652887418147        0.91144091028063177E-002   0.46895996091434133        0.32792631946858192E-001
   0.44017371314226811        0.58117474912224659E-001   0.10611550996107535        0.32786738274768343E-001
   0.37359583797383367        0.96119209176494212E-002   0.86598306217576670        0.32836775970782300E-001
   0.70481054832664924        0.63617458951643030E-001   0.59119884867193584        0.32756329872602886E-001
   0.80801140671331217        0.10577470361788474E-001   0.20780302193780570        0.32857581284300975E-001
   0.52002869859417866        0.95319296166238281E-002   0.58423582397745100        0.32863431670433145E-001
   0.54575713331084852        0.10440069676607605E-001   0.64485206437466880        0.32833485957608342E-001
   0.94731700982609690        0.10028959576973936E-001   0.26276185480100933        0.32829391563048788E-001
   0.69232139193272846        0.10733925447921525E-001   0.49838094728368670E-001   0.32905429805067346E-001
   0.70548549693408472E-001   0.61197141499667485E-001   0.94569191305752087        0.32769771162490344E-001
   0.73818865466856720        0.10622005995667577E-001   0.92239580057683224        0.32789231245700337E-001
   0.17977005772504533E-001   0.98053163111300919E-002   0.84335405725642609        0.32860187960364100E-001
   0.29980970642793814        0.59994189775584031E-001   0.13740227290274573        0.32811194294883529E-001
   0.43774102282602928        0.60154251521953916E-001   0.17177071507429692        0.32796585144969546E-001
   0.82599304424042203E-001   0.10028651520689220E-001   0.27319677159643790        0.32804859353592154E-001
   0.27987328719763040E-001   0.98768963830618769E-002   0.92063505353299913        0.32888291652141563E-001
   0.95481787967129361        0.10001794893528929E-001   0.42711384690639570        0.32849823868982948E-001
   0.22229644735128601        0.98428636763180088E-002   0.48821693115175024        0.32760490874999409E-001
   0.44534461422183363        0.60368116227815738E-001   0.52460924220442262        0.32783894188340594E-001
   0.28573707536897458        0.60123107042927462E-001   0.29950624959999922        0.32845107219986208E-001
   0.25550890460667980        0.99176902828469818E-002   0.94280261165246948        0.32826610484883077E-001
   0.85324667547314725        0.60277813226967104E-001   0.73118743359074134        0.32800090362672105E-001
   0.60210983498682069        0.10714996606953530E-001   0.88943810755871189        0.32881471338524988E-001
   0.37019107176436056        0.59885642292423380E-001   0.31647736758854038E-001   0.32784697435027578E-001
   0.34543020926427404        0.97307128505274426E-002   0.66524147578323450E-001   0.32873362730127260E-001
   0.79550130606591629        0.60181229114565152E-001   0.47596750164930068        0.32841505008751673E-001
   0.81065346437783614        0.10316292418156885E-001   0.73307708114978576        0.32797919942365722E-001
   0.35583277056613578E-001   0.59914027495659994E-001   0.30807881901036449        0.32830163366941244E-001
   0.12902991734712316        0.10290535454329307E-001   0.37256241387997026E-001   0.32859544932834675E-001
   0.40550666300665789        0.10281501684172347E-001   0.50962635225222774        0.32757150881139868E-001
   0.56038488010274690        0.60597185151607835E-001   0.60288586764143171        0.32903724794886111E-001
   0.53330339959327522        0.58530925275056822E-001   0.54242409604575503        0.32820762969520349E-001
   0.37247621453569874        0.59897763676034249E-001   0.16280870486993973        0.32774754256383633E-001
   0.37129719018077573        0.60289263361082569E-001   0.69423648524714732        0.32833628290711382E-001
   0.47665560988712680        0.60071539418608690E-001   0.58257304677876232        0.32854438099812228E-001
   0.91107169834058632        0.60110322149868313E-001   0.16675923535603093        0.32846528286816903E-001
   0.93551734073577275        0.10196780335634009E-001   0.13174596491499352        0.32835303085761748E-001
   0.83673790857998520        0.10154976206181580E-001   0.48664983683426627        0.32803282402275813E-001
   0.43530841177504796E-002   0.60710728424321014E-001   0.73867151548669530        0.32790216052889606E-001
   0.31675346014175459        0.60228161304313438E-001   0.20275751764694083        0.32703575055402861E-001
   0.20114234478690790        0.60061273010251492E-001   0.91227658522009392        0.32845159214249985E-001
   0.16552374334943221        0.60581800540390356E-001   0.48207150529020776        0.32828054373265719E-001
   0.53214995089313399        0.61039278971503491E-001   0.77875101776853506        0.32804946556334418E-001
   0.62889045580474712        0.10379334286909962E-001   0.33292088247281376        0.32766805849069477E-001
   0.43700098511162111        0.10333124774460616E-001   0.81160374493414411        0.32797555465384036E-001
   0.99774814357582076        0.10708658244065110E-001   0.78074598648822380        0.32876416096018449E-001
   0.33130687591568286        0.10022164922878211E-001   0.30542513264922239        0.32839603426347584E-001
   0.86557995981341462        0.84428432336193324E-002   0.54598149032834620        0.32775234813090394E-001
   0.49800799491430930E-001   0.59788271923819629E-001   0.24390736033888294        0.32801366161113246E-001
   0.57860856615196887        0.60405109627300835E-001   0.67227203409098135        0.32812991959352167E-001
   0.17225823359841550E-001   0.11298442022301035E-001   0.54381368651276307        0.32856441440640372E-001
   0.34151212414456733        0.60218336994235393E-001   0.89909968662173989        0.32782592799990129E-001
   0.76026351609673981        0.10626429944024247E-001   0.49158661508085483E-001   0.32764078122526602E-001
   0.24540279555625585        0.60122669833225353E-001   0.59412971647013157        0.32807060049352126E-001
   0.74389820541668583        0.10479522965864000E-001   0.19342202709356651        0.32797699728905873E-001
   0.67513491670842629        0.10547030775621521E-001   0.90419918306966207        0.32826717928499234E-001
   0.90469625417724830        0.59523777769300561E-001   0.99667173955155869E-001   0.32861785774213018E-001
   0.83508123662838607        0.10132449290929333E-001   0.63307423222801729        0.32848240496302403E-001
   0.50498974020056853        0.59505654636117102E-001   0.11689563899631474        0.32732902968617424E-001
   0.35938284709665747        0.10005549094588872E-001   0.20341449015518384        0.32805767911609184E-001
   0.36736061111109225        0.10494380265087581E-001   0.80010547109437635        0.32798414429725913E-001
   0.66544852973782487        0.60449087695513173E-001   0.86263365534928771        0.32826766241221113E-001
   0.68598378636163293        0.10300925222034754E-001   0.64498744440017319        0.32849119969538605E-001
   0.86645614771365231        0.10343016926331544E-001   0.69081184195785250        0.32750478434631254E-001
   0.29217531291774279        0.60509385290817008E-001   0.96895894228392887        0.32815823079546474E-001
   0.54505850570310910        0.60490179468298239E-001   0.97190852171625230        0.32705462705322805E-001
   0.60249835677262686        0.10258077687910545E-001   0.24933357553295990        0.32815938360305705E-001
   0.64342369218203954        0.60248612659864365E-001   0.64019182085425130        0.32869990851936010E-001
   0.77264809933361589        0.86158596175124960E-002   0.35039938988945923        0.32758789051794648E-001
   0.69100645543992112        0.10797524901804009E-001   0.31132518165938039        0.32901377031984209E-001
   0.23606673659078423        0.10547008514016106E-001   0.29784981900512458        0.32795097014229148E-001
   0.51718985567292330        0.10333786816182260E-001   0.44289078246080715        0.32820694887704907E-001
   0.67280090264261461        0.10764644446128959E-001   0.11260435112573888        0.32778790322584343E-001
   0.88534343993075548        0.60471461500413548E-001   0.65256183969576476        0.32739897930567641E-001
   0.53322473420201422        0.10259000183828776E-001   0.17602388718497125        0.32823926708754642E-001
   0.15470195830641459        0.60122588604653672E-001   0.57597939304725221        0.32850333785234317E-001
   0.94591815371394028        0.60337760216053499E-001   0.76844701935978899        0.32785919743634609E-001
   0.30246111791482522        0.89968697047035275E-002   0.60902590314313321        0.32823507513680017E-001
   0.35354437097790981        0.10059519138319435E-001   0.56080860370724550        0.32756376763655219E-001
   0.70220609311000259        0.60195971232080342E-001   0.42926771294717786        0.32805591134511723E-001
   0.17521103772129168        0.10269313801340475E-001   0.42597540102232218        0.32748464997490165E-001
   0.18342182473566560        0.87182023370131947E-002   0.33755167655688439        0.32776219339922037E-001
   0.43891799172632184        0.10174486613850937E-001   0.21472504690720720        0.32824919051770034E-001
   0.14605289318326270        0.93410767073093311E-002   0.18784557752123729        0.32757483028324944E-001
   0.72870661581976826        0.60630260953528171E-001   0.88069893024037182        0.32809019327266042E-001
   0.39447300165066723        0.59971629185063137E-001   0.57271731053062924        0.32827689511628011E-001
   0.22643719650403624        0.60032497502662277E-001   0.69543971295333595        0.32810441707371525E-001
   0.89862551101876209        0.10322369299534583E-001   0.89904847688032674        0.32824488599113959E-001
   0.17188939196032427E-001   0.10289454709199682E-001   0.39789489858649391        0.32726207885985570E-001
   0.82444939286521790        0.10470534856504718E-001   0.19946215003453591E-001   0.32930940802501710E-001
   0.10310160714866184        0.99568344416979121E-002   0.56876261310221132        0.32828871816687311E-001
   0.82169380515800039        0.60184426720453627E-001   0.67357615369265311        0.32815816523916970E-001
   0.76313189749139998        0.10265038608533547E-001   0.77903486340912553        0.32801147654279342E-001
   0.53604637883490258        0.60655211971341084E-001   0.84441658038424949        0.32846198956013942E-001
   0.87383696924370491        0.10042190978256470E-001   0.38787089116760104        0.32857158606876477E-001
   0.66260011011115827        0.14011545636706825E-001   0.58299495497724951        0.32824698232036639E-001
   0.52116055576146225        0.60066055327452898E-001   0.36713861104887285        0.32758323608656784E-001
   0.95990805879007757        0.92853241078242454E-002   0.57594752546868644        0.32860842555720172E-001
