 3 HS poly
 400 2
 80 320
    1.0000000000000000         0.0000000000000000         0.0000000000000000         0.0000000000000000        0.10000000000000001         0.0000000000000000         0.0000000000000000         0.0000000000000000         1.0000000000000000     
 T T T
   0.19850778067443214        0.69528628019763436E-001   0.97182833699028859        0.39322547590206987E-001
   0.64835517040583446        0.69160898609398086E-001   0.52453126120075166        0.40199565364855624E-001
   0.14961132633949312        0.19462422001774411E-001   0.38014631875549515        0.37720808719421552E-001
   0.81350451221689524        0.69240822629756435E-001   0.36193578438615509        0.39833542979804258E-001
   0.64716425258434163        0.69158530835334783E-001   0.25551190441157601E-001   0.36537681872048998E-001
   0.31200775385731361        0.69419184426566541E-001   0.46931210223066616        0.40035761653492770E-001
   0.43943464678735106        0.19311354873368460E-001   0.87702323297770601        0.37128806758399364E-001
   0.67144892235095233        0.19015161334490223E-001   0.90267035396646311        0.36434356775464791E-001
   0.27934048992054394        0.69424013945793603E-001   0.39169263043342539        0.37823376067641620E-001
   0.59617066831901627E-001   0.18993118828002916E-001   0.17426169468230160        0.35850523392429792E-001
   0.58263420065830318        0.68772750114625122E-001   0.98840634691252238        0.37896831844916712E-001
   0.22961667473751066        0.18344447748144914E-001   0.17756034327710321E-001   0.34547339488014320E-001
   0.19110790569306307        0.69534650181858934E-001   0.42003339942097140        0.38472929740649052E-001
   0.55039535737428269        0.86656716960653631E-002   0.98174779695987938E-001   0.36791400154746107E-001
   0.91542038167436657        0.23705988762235463E-001   0.22265996343335925        0.37344961607481665E-001
   0.41646743777183076        0.16565838033550089E-001   0.16522050078483838        0.36773711085107227E-001
   0.71984106762653732        0.68674873766387146E-001   0.72631919230356190        0.37518857169650630E-001
   0.86396838899561512        0.23446981677344964E-001   0.16976828530300647        0.36390734609953346E-001
   0.19867816921106699        0.19414921936809892E-001   0.32410291592731238        0.36760746349074044E-001
   0.67658926810075470        0.69036908904684613E-001   0.95731966075627639        0.37756581486628575E-001
   0.10906915976255141        0.19676403538550425E-001   0.51244917505599730        0.38352603349039963E-001
   0.21368028793342084E-001   0.69053792906108316E-001   0.57530665998187314        0.36635516506553223E-001
   0.87018575418734534        0.19928612173643404E-001   0.36807785126830805        0.35247219600998983E-001
   0.10432249927155461        0.19621487838138343E-001   0.32248215237041106        0.35354991583277991E-001
   0.29755449818692231        0.69322288928294659E-001   0.92492284152372894        0.35495267945622397E-001
   0.46667738190133345        0.69586184702125284E-001   0.42617007488556258        0.34456004502353935E-001
   0.25150815205743610        0.19433940350021953E-001   0.94971442870605216        0.36757962747598995E-001
   0.66671950367089905        0.19329005097056526E-001   0.26122609019353366        0.37671169625101426E-001
   0.85838111746877399        0.73681919716378927E-001   0.22559810119702672        0.38526618632539603E-001
   0.29226830911346274        0.19770940958393230E-001   0.73206685920007830        0.36758442038836631E-001
   0.65522115249699664        0.68957238419615263E-001   0.39955952477958445        0.35620017477417255E-001
   0.86967773671981008        0.19387698416672323E-001   0.47535647745730208        0.37013560935757736E-001
   0.90597861324826745        0.18833459979826325E-001   0.54712153390799145        0.39431071016522816E-001
   0.69947835970270855        0.19050782337489761E-001   0.89866990268908462E-002   0.37613074458251954E-001
   0.70493983704375796        0.19260592269195995E-001   0.41733447616824609        0.36865150833083234E-001
   0.25016013556261761E-002   0.18793776507529614E-001   0.52370469966411326        0.37405675617103000E-001
   0.52656567474734767E-001   0.69629394683071139E-001   0.32875064214769106        0.36763708071410842E-001
   0.72296432460099036        0.69000359846763878E-001   0.88683210833458159        0.37069636945529373E-001
   0.89119707276464832        0.19328015389101914E-001   0.94645728211771463        0.39672845500710034E-001
   0.69115945946764779        0.69058738334042608E-001   0.79539292039808407        0.37248598784426303E-001
   0.29275791593800093        0.19491091642780102E-001   0.33917063019720306        0.35855090972616438E-001
   0.27158328508127066        0.69517651315826018E-001   0.14620511907237521        0.37672949937071924E-001
   0.85361490968981313        0.68854166043131326E-001   0.52750474335940245        0.35527052349427914E-001
   0.12511542885696333        0.69733015667197820E-001   0.80068770406413248E-001   0.38307794461240351E-001
   0.94371034194154060E-001   0.19387972943297652E-001   0.18947914746611932E-001   0.35839843142083168E-001
   0.62865874192723425        0.68681140697061202E-001   0.75517170505645681        0.37069982322205965E-001
   0.60751448974692424        0.19267022413447840E-001   0.31509808556340219        0.37756662604123553E-001
   0.46535248454108541        0.18727391781376179E-001   0.94843883665186879        0.38710305337389041E-001
   0.81982365234537946        0.19234105761315307E-001   0.42026752926890593        0.37188568822194790E-001
   0.66577767590162362        0.19236419513447928E-001   0.57968066223718584        0.36199925303009639E-001
   0.93744217519977568        0.19338488205317448E-001   0.81353324114299186        0.36318913114520547E-001
   0.75417399041579514        0.69010890416740259E-001   0.65657790318733222        0.40051540376129381E-001
   0.77024678771790778        0.16867914271885633E-001   0.51925168367239392E-001   0.36763233744973589E-001
   0.49048278949853552        0.69479014072159936E-001   0.33240870327277428        0.40894036032208522E-001
   0.60799510660632805        0.18872277835572986E-001   0.86525228688414280        0.37177011551450881E-001
   0.71502240479236145        0.68683933753487386E-001   0.66529799007858104E-001   0.36945051735092438E-001
   0.21969462805169179        0.69396724662836293E-001   0.54105969972791268        0.38034958460312726E-001
   0.10418144174243379        0.19279993474662558E-001   0.94591487200221736        0.34887694850038467E-001
   0.76606129704187431        0.23760706340093966E-001   0.16064883544934860        0.37867750773088599E-001
   0.57866578015177905        0.18696613660689424E-001   0.77354631919430950        0.35957520030459725E-001
   0.99197418852700647        0.69309837509508865E-001   0.68333510931287311E-001   0.36852519157762373E-001
   0.32456289640270047        0.69419973927892800E-001   0.85186562762211560        0.38810360821449841E-001
   0.32014616992464145        0.69696114754035907E-001   0.20071253682629867        0.35282244087527448E-001
   0.76208887002584036        0.69155353448296111E-001   0.42278812714615910        0.39135967135741766E-001
   0.15370838290836061        0.69729512906170410E-001   0.73616156201611949        0.36345754291252717E-001
   0.84500863856355057        0.18684501499278049E-001   0.67343834260868995        0.36259356870884149E-001
   0.57790763015441526        0.18786636682960357E-001   0.93295508190758547        0.36891168867522660E-001
   0.16330174903789826        0.19623395928539102E-001   0.81981359118631225        0.36146256158182059E-001
   0.61226638323150251        0.69387594156001639E-001   0.26065799666646611        0.36193054271703183E-001
   0.52302613808144649        0.68774116343036859E-001   0.94159270066134526        0.37833350563294781E-001
   0.50921478999837100        0.19084660287007359E-001   0.60868197521161949        0.35453562180054195E-001
   0.58036637489084608        0.19137481041970182E-001   0.41106281803396677        0.37345628267081071E-001
   0.62056493133526358        0.69287748383964107E-001   0.60640927687326218        0.36277756320126614E-001
   0.27127250140659120        0.19393285919758016E-001   0.87707148669428781        0.38470540137646773E-001
   0.94722010115884114        0.19281762206346365E-001   0.30467035426528882E-001   0.40178068185497816E-001
   0.65982703806673670        0.69250723693159974E-001   0.31263787094147200        0.34257051604556513E-001
   0.74792590911266810        0.68950486107446876E-001   0.98088511718755311        0.37357483525851061E-001
   0.96465765273720794        0.19577763788985288E-001   0.74429876087709135        0.38053420233826629E-001
   0.61070738951632475        0.69139109013066233E-001   0.45704617854897495        0.37021641815644324E-001
   0.60084745559527218E-001   0.70690190268973177E-001   0.23011652895446608        0.37157694314559932E-001
   0.99822354587616652E-001   0.69577421916771770E-001   0.37985810213254484        0.32741200266704427E-001
   0.37618886915872063        0.19945518642459813E-001   0.84676622351283304        0.32821207942155657E-001
   0.46689038346648987        0.19271231896705487E-001   0.53064620190729106        0.32884809781426418E-001
   0.38397091386745125        0.66401265049843158E-001   0.65856386955155305E-001   0.32823353783033922E-001
   0.70377148172727333        0.69247359926786961E-001   0.47429683122342292        0.32909890735598676E-001
   0.77065216799009728        0.18833534833306284E-001   0.87345616821914562        0.32822527355333940E-001
   0.37790848375656255        0.69992243231210116E-001   0.80383501957603176        0.32852539485941856E-001
   0.75847605301153731        0.19518082617114060E-001   0.26080332218047236        0.32900400882904988E-001
   0.38593640746307056E-001   0.68984760851686214E-001   0.66460587720001041        0.32801538705218160E-001
   0.34092106463906052        0.69389536400533705E-001   0.72603290010242649        0.32805741811758833E-001
   0.63210258267949093        0.19034425652862619E-001   0.97968261970025483        0.32784279448039098E-001
   0.90712788523165000        0.12501932128975934E-001   0.70350898364592107        0.32809472601130027E-001
   0.11091122639895902E-001   0.20809683375015355E-001   0.22629991563681320        0.32810053419991568E-001
   0.41048448334986651E-001   0.69602271105886640E-001   0.82069969434229295        0.32809477468468254E-001
   0.37283361754018124        0.69429365573776838E-001   0.51323669837507979        0.32851641139654865E-001
   0.75959716040518754        0.18988432822005515E-001   0.37090380917064164        0.32844339615367202E-001
   0.41869661758980786        0.19632026057020455E-001   0.79019560383813381        0.32826637525216883E-001
   0.24735043735079079        0.69494376120507864E-001   0.32588795216844807        0.32956855912764330E-001
   0.93189834950378192        0.69384320726921175E-001   0.91289866639644313        0.32856425370532405E-001
   0.57185337659267166        0.22303915228764220E-001   0.16342068441013261        0.32899410237109634E-001
   0.86776207627797852        0.69786488400208624E-001   0.89470631503042830        0.32722644414493317E-001
   0.59890545018826868        0.17652399704853907E-001   0.37170754363809642E-001   0.32802866740027622E-001
   0.34975671878350117        0.19849332312717197E-001   0.77152681323039585        0.32873464839013350E-001
   0.56114810677870153        0.68257062831774920E-001   0.88207395330969396        0.32812003769338467E-001
   0.36435248767408634        0.70697841312317142E-001   0.14680838343411506        0.32895966228168316E-001
   0.36058865363251791        0.19245659397088812E-001   0.61596894219874532        0.32843049167272903E-001
   0.46597369434339242        0.19573489478394334E-001   0.38088222503390401        0.32864801400540523E-001
   0.36389603820574164E-001   0.19127707804481919E-001   0.94997941106323314        0.32840124928711842E-001
   0.83949631176638584        0.69415362348506968E-001   0.95688770448308036        0.32904970025741144E-001
   0.28596749198343083E-001   0.19071387355896210E-001   0.62309249768445329        0.32883722954797939E-001
   0.31309757195724131        0.66346096602254365E-001   0.88991654498913761E-001   0.32830516729126416E-001
   0.48356495275748146        0.69395811412705344E-001   0.49127676154419514        0.32797813620532003E-001
   0.21546118302988973        0.70138036061878475E-001   0.10330234747849415        0.32832626589806159E-001
   0.94465030648470852E-001   0.69457631693063460E-001   0.85971505542845972        0.32875641803319235E-001
   0.42858829280867922        0.69297137554041377E-001   0.54964382046118798        0.32845147157722659E-001
   0.66535370032145535        0.69010318733538245E-001   0.21103645718270755        0.32814044106766714E-001
   0.75611147735514994        0.69393795365890965E-001   0.82527017619240772        0.32796696164544614E-001
   0.32583591408513096        0.19440915382204740E-001   0.41012305306811347        0.32840708418415784E-001
   0.40681694242704036        0.69429498889883270E-001   0.45685844726615804        0.32773189471563324E-001
   0.95834712851315074        0.20032717345200530E-001   0.37256002275171884        0.32835365494069312E-001
   0.71424965472582047        0.68224293480132883E-001   0.56157952303228653        0.32843437523437664E-001
   0.91277666984984185        0.73738252173789376E-001   0.17340654139141018        0.32856855389545907E-001
   0.42634013403823352E-002   0.68020706243486731E-001   0.47341442250433152        0.32785700519487503E-001
   0.39606163644480608        0.69559907147493813E-001   0.31076518949359733        0.32779213344243600E-001
   0.33973904935002658        0.69414552697986354E-001   0.34445183050642386        0.32774513024484891E-001
   0.54363846904782986        0.20273891570072179E-001   0.34794295134799852        0.32862282374795694E-001
   0.82703994972011607        0.82828911925089177E-001   0.74412358508068918E-001   0.32891581738171902E-001
   0.74043404408213231        0.18976794014047824E-001   0.93232187896066188        0.32727299865589476E-001
   0.32096877766874438        0.69424292364963433E-001   0.63400791505225973        0.32850612397528567E-001
   0.22086224143837031E-001   0.19378591118570661E-001   0.30065403617921486E-001   0.32836369075190663E-001
   0.59523479768353982        0.69064914802897392E-001   0.36378384577727380        0.32915324436578748E-001
   0.90699447653721710        0.19879651030980116E-001   0.87566856553117545        0.32836816629417988E-001
   0.13522476813729770        0.69555944143784854E-001   0.64854940974878905        0.32844467885699787E-001
   0.71508019086586438        0.19130761771682755E-001   0.83840232283771143        0.32838409868824886E-001
   0.73844357714831291E-001   0.19200394456625070E-001   0.90969389480392529E-001   0.32789388283263464E-001
   0.75860436655705055        0.19139192084007765E-001   0.55296399192588575        0.32855360490806153E-001
   0.36804241253282616        0.69469293827272807E-001   0.40376675862115091        0.32844918160178045E-001
   0.12117418852425980        0.69519445257748336E-001   0.79732484683866867        0.32905994920051411E-001
   0.12085335175190136        0.69719547679970267E-001   0.56181081302780045        0.32856509509484086E-001
   0.47301916689564821        0.68974639025000270E-001   0.77122197506232504        0.32881452317773584E-001
   0.72742786643609592        0.18983830747481504E-001   0.61078395397382956        0.32815451319334069E-001
   0.25082315831854457        0.19359112367877261E-001   0.78858674493374348        0.32800482420595835E-001
   0.59019788415300833        0.19241764793669611E-001   0.56938883762216141        0.32800109002263364E-001
   0.66441444408476902        0.68310576759595273E-001   0.11536661844553590        0.32932492465176731E-001
   0.92209418971977508        0.21550167050030749E-001   0.12884178944621025        0.32897589876995953E-001
   0.97054472775579237        0.19640355476097018E-001   0.58730005621759673        0.32782067879989128E-001
   0.71550345865026765        0.68231792990246926E-001   0.36652892818342281        0.32872143174523132E-001
   0.92570288502034789E-001   0.19598650478912089E-001   0.42186147029066967        0.32856294099875734E-001
   0.57755095111416049E-001   0.69886296650208332E-001   0.51508698452975465        0.32864187673857986E-001
   0.23913421826296605        0.69706759481389366E-001   0.47288407785804365        0.32827138819917778E-001
   0.85218637824803128E-001   0.19250058869961204E-001   0.65725270889708876        0.32829291889480645E-001
   0.95819740801397335        0.68761848843080953E-001   0.54547919789050414        0.32788756312097773E-001
   0.88804675065801464        0.62014597165066104E-001   0.27244518770932220E-001   0.32825912923457698E-001
   0.26561545770965289        0.19576633026921586E-001   0.19578192521799534        0.32873471146466132E-001
   0.59715760105964466        0.19104777524401137E-001   0.50406187116833201        0.32865316751361312E-001
   0.92062719254458114        0.69399971647694417E-001   0.76878763187192356        0.32765169734870238E-001
   0.19407963953909355        0.69008346415046648E-001   0.67993608964807251        0.32839977099076795E-001
   0.14544296534393980        0.69406789769219532E-001   0.92216813774229034        0.32924231718364970E-001
   0.17575808946082058        0.20079487708749802E-001   0.86312320462885977E-001   0.32820546731791168E-001
   0.10966556548956179        0.19966121077342198E-001   0.22221249816805541        0.32872945680003027E-001
   0.10935104370020930        0.19504989034470621E-001   0.75481255508125011        0.32839870843225809E-001
   0.53134350364133098        0.19594442032734364E-001   0.99375883867409243        0.32821144246036382E-001
   0.76543146272384999        0.73679971198402444E-001   0.21086408595668582        0.32899410879633169E-001
   0.77973716398987203        0.69809661293341263E-001   0.76382045163899026        0.32902941296235486E-001
   0.23649560359115832        0.69528335219399620E-001   0.62966427978541983        0.32897410218624343E-001
   0.96476329898124524        0.73507138976133257E-001   0.22596615322469121        0.32812642671973855E-001
   0.29178974426198528        0.69676488994563066E-001   0.54022634399072367        0.32805840757536994E-001
   0.38627877460645127        0.19281082152507043E-001   0.55453341453910032        0.32823586117753663E-001
   0.65865509761025043        0.18962354120080512E-001   0.46944573064426587        0.32829337731789462E-001
   0.16267937667603352        0.19448861441553788E-001   0.96697293462587233E-002   0.32822836097246302E-001
   0.79461517852425056        0.19382554879338945E-001   0.80678149222413142        0.32933772969418428E-001
   0.27130924273686921E-001   0.20436306022489182E-001   0.77752048442831168        0.32702801823677130E-001
   0.80944392947019728        0.19223495175266229E-001   0.51106110954614670        0.32911869948573008E-001
   0.40309642134742818        0.69396310556528132E-001   0.61042568421868038        0.32856743456996899E-001
   0.42447331955890633        0.69360775164809402E-001   0.36995271154701753        0.32843051453998753E-001
   0.35815694594923408        0.68838871714262367E-001   0.95705854590331252        0.32837669985031501E-001
   0.27827036676699152        0.19388670347894849E-001   0.64028119504482484        0.32818559131829891E-001
   0.92359065045159749        0.65970351053282458E-001   0.60114470011390553        0.32737588828908842E-001
   0.40437865268816386        0.21486879981837237E-001   0.26436860901956033        0.32837084112322591E-001
   0.98222399315063247        0.69226379418936723E-001   0.79169105080627278        0.32767115910071878E-001
   0.37577881965869891        0.68773939526527980E-001   0.67032097178300099        0.32850691437878561E-001
   0.62078724407319252        0.17662846742624846E-001   0.11953923074166904        0.32874095551783583E-001
   0.29937938679885401        0.18447047670255720E-001   0.40857749251012952E-001   0.32744252264502831E-001
   0.66959527307185046E-001   0.69551002066009324E-001   0.76001224405727497        0.32809670098864520E-001
   0.64135039264397053        0.19108079078055149E-001   0.80306939946798184        0.32918985008102204E-001
   0.63657867729176676        0.19165404648795761E-001   0.65166307794389322        0.32883490476068498E-001
   0.54647851892472454        0.56914150769345001E-001   0.48099173932240072E-001   0.32826207692182800E-001
   0.87170969187463998        0.73803702394428503E-001   0.12202261915054645        0.32899045604802182E-001
   0.39499217947825010        0.18866837301734787E-001   0.93517997207894588        0.32806774574265445E-001
   0.82061465210331908        0.32789567049202356E-001   0.11659204068101398        0.32789737888424542E-001
   0.48799011437660106E-001   0.18633098094927674E-001   0.47086133574407607        0.32836262390681811E-001
   0.96258026988922818        0.69494710608085791E-001   0.85435822234001513        0.32808164204824943E-001
   0.80802039647457646        0.23663799083590859E-001   0.21774697459451101        0.32832116151145715E-001
   0.43916200122657062        0.68898917174506621E-001   0.68792693351339762        0.32817818192881057E-001
   0.15600669560131203        0.69868829570861102E-001   0.22708122280469045        0.32840282489138728E-001
   0.71584997961557084        0.19994472085720662E-001   0.21044534717638089        0.32939483366191749E-001
   0.85101822034407948        0.19486772949418807E-001   0.84093636861825327        0.32852662866973407E-001
   0.33746897217638588        0.68001238568935168E-001   0.19628000448738823E-001   0.32753261679486383E-001
   0.60723447629483773        0.18309332610368236E-001   0.71083128830872522        0.32796204174117029E-001
   0.67202009717677180        0.19104839949285850E-001   0.35579862742380991        0.32800238425684101E-001
   0.99964132587855425        0.19551409769052199E-001   0.42701250093067483        0.32770485727586382E-001
   0.71638860692500939        0.53996621627423556E-002   0.30933837339767600        0.32858302283432145E-001
   0.48117222332302151        0.18769623936703585E-001   0.81357056500881431        0.32811219774012877E-001
   0.89322545034496492        0.69239498566136995E-001   0.83245153810283534        0.32880777049660269E-001
   0.41365707925810615E-002   0.19648168791954263E-001   0.32544094458603801        0.32843607908554423E-001
   0.33036519525079677        0.19586970942157132E-001   0.51984811869410585        0.32836979509053170E-001
   0.66660828885955217E-001   0.69381353069656274E-001   0.91940950667979404        0.32894755123620230E-001
   0.73762239151149356        0.19415383615718845E-001   0.77347898964164996        0.32777033501381884E-001
   0.51527799967429941E-001   0.20362493654979854E-001   0.27887114514372718        0.32832662897676557E-001
   0.61059878966327509E-001   0.69002938468920721E-001   0.98493563743682866        0.32824467314192959E-001
   0.79347894381544137        0.68996491090218812E-001   0.57798746093754216        0.32931958838652520E-001
   0.53519606497893646        0.68418356349874296E-001   0.79276632405866598        0.32794375902711698E-001
   0.38777182472935517        0.19485727131644478E-001   0.71271812919862032        0.32753150763812106E-001
   0.89513939518663399        0.64413967767081873E-001   0.66045792422119265        0.32825129933379174E-001
   0.50049350140824089        0.69814744900730391E-001   0.71137159604247302        0.32831869895246710E-001
   0.54027037429182141E-001   0.19672815540810476E-001   0.71742598122388312        0.32795175685283250E-001
   0.57327285827306640        0.18331124356166312E-001   0.63319006602676220        0.32812005852761408E-001
   0.99620706195170972        0.69387949329789450E-001   0.99619364179869319        0.32762315153846769E-001
   0.20077331491564443        0.19600643531714645E-001   0.74583933260473445        0.32876806097984428E-001
   0.88394426603219378        0.16010792446054200E-001   0.61641923226099848        0.32836731736256002E-001
   0.52553529475886651        0.19354065363327618E-001   0.49938773765255517        0.32865200905673402E-001
   0.36503633127610791        0.19711648039748807E-001   0.21186547920280802        0.32729329736066938E-001
   0.29971575248200666        0.69271165626851733E-001   0.78285759044854286        0.32860127247189209E-001
   0.70167035603074834        0.18852351396555635E-001   0.51980894365893515        0.32826725271052390E-001
   0.95302945095502301        0.19607269522112711E-001   0.47347660480739467        0.32829129585807630E-001
   0.35985265097220270        0.71148279805988104E-001   0.25602107982557332        0.32806343932102473E-001
   0.86975167021909405        0.22993836295365874E-001   0.27607939272922194        0.32811706682666954E-001
   0.38917810129392094        0.70147567306662093E-001   0.89025971746211141        0.32868724006718232E-001
   0.46652675388353188        0.69018938845636063E-001   0.62759831677104738        0.32852502004565375E-001
   0.56392618664904148        0.68723943083508293E-001   0.72858965525454933        0.32856720264956132E-001
   0.81304925689649499        0.19260000835498142E-001   0.30898788947235811        0.32835965221707702E-001
   0.87051362921757924        0.61932479530141776E-001   0.72682610862000685        0.32911742127330001E-001
   0.12692268051919040        0.20128008098326919E-001   0.60515412970881699        0.32937610351270859E-001
   0.96826702855536673        0.20727096690453237E-001   0.17610733019913977        0.32867630095600661E-001
   0.68689216754207783        0.69694643149688915E-001   0.62693970404235921        0.32861858636381538E-001
   0.17838145445327316        0.69638443294526786E-001   0.86512578675070140        0.32924749635996432E-001
   0.82049888233671564        0.18627615457689321E-001   0.74592208135577487        0.32840461075234618E-001
   0.99861388225034808        0.19130668498962840E-001   0.68163353302413565        0.32798634633672677E-001
   0.51215213218437128        0.19430927146951563E-001   0.42765360683746528        0.32842640686607964E-001
   0.33839059609776867        0.19590821705255428E-001   0.90148072371826415        0.32823646905127284E-001
   0.62208041881353715        0.68799104876472728E-001   0.91238097812573671        0.32829860557827925E-001
   0.91560455839085808        0.70097668875125835E-001   0.37757821183775581        0.32835360819900697E-001
   0.91840033296467372        0.73280767899839450E-001   0.27256448762719354        0.32895540343177078E-001
   0.75859261975576053        0.55418190488627145E-001   0.31618178375898803        0.32879535521679319E-001
   0.26739044642645504        0.19476784413986800E-001   0.44031554694803354        0.32897666691558934E-001
   0.36478906635730302        0.19456024901296776E-001   0.46315781360411085        0.32807234298238334E-001
   0.80894665085200224        0.61671443870460620E-001   0.14839623150494302E-001   0.32830729473672840E-001
   0.16596925595536455        0.19575835194127391E-001   0.18489912874293882        0.32951574586882602E-001
   0.87411386753486942        0.70407824309954722E-001   0.32138750359789975        0.32851653633823752E-001
   0.23570302789933298        0.19287813828238531E-001   0.69024388301951134        0.32780577783356545E-001
   0.21023352669913387        0.70526256334451282E-001   0.18845482332309724        0.32887698609062280E-001
   0.15115838271332430        0.19636723577644653E-001   0.45194189443065830        0.32823690223103635E-001
   0.44807250608088495        0.19376896637260058E-001   0.46762810479808414        0.32870089221362545E-001
   0.31736343490460300        0.18898595606754817E-001   0.97255206438929787        0.32871072948930768E-001
   0.51630799410992112        0.19590984003963863E-001   0.19871828069256836        0.32836363756106803E-001
   0.47857917418943735        0.18822834907842024E-001   0.67097613542639223        0.32805749271962101E-001
   0.70948800837731485        0.16263247585590057E-001   0.11861432218821945        0.32889201248614400E-001
   0.43734931075596112        0.19535384235273803E-001   0.32114530530567481        0.32822588024954205E-001
   0.70204882409702229        0.18497704327981208E-001   0.67184025661227431        0.32850019210297350E-001
   0.22008295008465792        0.20410959574339138E-001   0.14645981481705758        0.32877925116548593E-001
   0.51352822219407712        0.69675673565200033E-001   0.24144182856833030        0.32853563905533879E-001
   0.41219998724570872        0.67464886774048091E-001   0.21581264393833186        0.32836744537949554E-001
   0.24924545953327290        0.69339076595407195E-001   0.83119262064247224        0.32825254035475350E-001
   0.42119422521168814        0.68329652222468548E-001   0.97560293019657840        0.32855440479959294E-001
   0.69484195460180836E-001   0.19025569477914978E-001   0.57163892610124745        0.32805836182020764E-001
   0.83626533052040974        0.18966002109391731E-001   0.57132822357130852        0.32825828660763313E-001
   0.49253246503845427        0.69233813345961334E-001   0.56497447054417238        0.32899089258543422E-001
   0.74746089781298486        0.19089357374199780E-001   0.47258300482317211        0.32824320346802570E-001
   0.45084553420675860        0.19591616494523630E-001   0.73076535259844433        0.32826448673995291E-001
   0.67042719785450633        0.18663613468963221E-001   0.72994279555781938        0.32777995363454812E-001
   0.13156302456971597        0.19381532628966816E-001   0.88134802091709774        0.32858081923866959E-001
   0.16258740042416189        0.69652904618792630E-001   0.14222637766483778        0.32714113235656761E-001
   0.26599893704931393        0.19696558070234987E-001   0.50619178755427552        0.32896506683631456E-001
   0.18817235043626102        0.19324722639641873E-001   0.91748846310422338        0.32798702298055253E-001
   0.43963419887892397        0.69347111608920362E-001   0.82789326031005384        0.32882605525862252E-001
   0.51322011699279224        0.19888904949729017E-001   0.75234265232771880        0.32830099338706370E-001
   0.10883303971216843        0.69537896046475520E-001   0.46156018395241616        0.32879989108327429E-001
   0.43586349794588954E-001   0.19993354834409938E-001   0.37800789098761589        0.32862956110964646E-001
   0.25796505854858665        0.68515698456598412E-001   0.53265770956541565E-001   0.32775035095807634E-001
   0.11223161446381598        0.69633671122919877E-001   0.27676646590743792        0.32803877438511687E-001
   0.15053474541084139        0.69406096468029574E-001   0.33023264520219242        0.32889926346366595E-001
   0.40924554378417022        0.19399549995226147E-001   0.41451740577206447        0.32756411575782990E-001
   0.77086835211380489        0.75578109507334429E-001   0.10806839676429736        0.32863079167193512E-001
   0.56021816479432673        0.18925446453110673E-001   0.25821321788308804        0.32841801120040613E-001
   0.37673056612946876        0.18475699114865751E-001   0.18529662376546541E-002   0.32795517753681704E-001
   0.45550877194662098        0.16212752839210674E-001   0.22324720230169276        0.32766539221566769E-001
   0.76664047320288720        0.69225029203124663E-001   0.51081714888268959        0.32800727482251213E-001
   0.91343346847955820        0.20019943027474497E-001   0.42061681575690235        0.32755498142562463E-001
   0.22942621161721108        0.19558441749140204E-001   0.38661114694879034        0.32801681549423908E-001
   0.41546524716447836        0.18946187197438361E-001   0.65215052575880428        0.32869300473733216E-001
   0.87791932395933658        0.19446059653338663E-001   0.77798526929950285        0.32870206798431160E-001
   0.98147401671053602        0.67357273561039308E-001   0.63230669492474367        0.32785329138204256E-001
   0.54955541763229511E-001   0.18955795017253564E-001   0.87757158406930302        0.32866266773629790E-001
   0.15463902946425206        0.19600411871048051E-001   0.27027701756064043        0.32750527714135010E-001
   0.55864874129228848        0.69130837336195600E-001   0.30422875230812602        0.32837927034715261E-001
   0.18865234152613325        0.69462934535774956E-001   0.43352666452074515E-001   0.32794924005521205E-001
   0.71587985510037044        0.69380916620083777E-001   0.25401576863077302        0.32777984442269439E-001
   0.71984543865437935E-002   0.71813950278685965E-001   0.27599150004335560        0.32804904574484955E-001
   0.44325020624661982        0.66563489826405045E-001   0.12479564472890886        0.32848998554221763E-001
   0.44085689445112691        0.16952021509352405E-001   0.15687571827981868E-001   0.32822968235098220E-001
   0.42000777184246696        0.16550171355708292E-001   0.88969821475444258E-001   0.32849019816072411E-001
   0.81606879114146147        0.73481109423792976E-001   0.16797554184398450        0.32816457945348342E-001
   0.35476882501613755        0.16415825225455521E-001   0.97675383216067363E-001   0.32774495208392040E-001
   0.23978655733951126        0.19414995879569647E-001   0.58703786820814285        0.32785588560726088E-001
   0.84032147599053197        0.67551307047906475E-001   0.62432395683875797        0.32787387170209917E-001
   0.27834497742302228        0.69137384990002659E-001   0.68412738913862492        0.32852235985388244E-001
   0.71185417642945381        0.69176554013583177E-001   0.16445121853129682        0.32832526969249085E-001
   0.48240799491540376        0.68288662892453750E-001   0.84446595064528136E-007   0.32822704196788920E-001
   0.41182064547387787        0.69495200601862026E-001   0.74767818377033834        0.32684776080044442E-001
   0.55302646848970227        0.69210648202447475E-001   0.59059832297484993        0.32797994417770683E-001
   0.44187397582956517        0.19143171954143539E-001   0.59184464529970671        0.32890241725086783E-001
   0.19925149506977199        0.69640586886652034E-001   0.78859727467782759        0.32840297355946325E-001
   0.53491200229039726        0.69366551285186290E-001   0.39139853241623185        0.32815088914743801E-001
   0.79546791557061569        0.18921175159485853E-001   0.62300018953900738        0.32881908556929317E-001
   0.80888711085810128        0.68610763929491614E-001   0.70479359531709751        0.32841002802471458E-001
   0.30870409656502767        0.19692425329130764E-001   0.24552346941093708        0.32816668732802957E-001
   0.27816643395505747        0.69118376206932799E-001   0.99067070564745940        0.32874099556305644E-001
   0.91878223935951853        0.20067959886856543E-001   0.32008076992379170        0.32832708277624641E-001
   0.79654497678376712        0.18554534983388635E-001   0.96670090724669633        0.32835377060251254E-001
   0.32119156998409881        0.19848127952753442E-001   0.15424912253572171        0.32800651871460321E-001
   0.51042750405724024        0.18981529781051734E-001   0.89274473722226333        0.32927138393638297E-001
   0.79767313390485248E-001   0.68934784690663928E-001   0.61329470426945032        0.32855211604504227E-001
   0.15153873815571822        0.19525687814609859E-001   0.68812349282588170        0.32821106183403240E-001
   0.30537399227076928        0.19637149090526912E-001   0.58048246216020705        0.32745200173932752E-001
   0.76628756914400320        0.18816494170395062E-001   0.70862310946757967        0.32786644064143423E-001
   0.11983592953803444        0.20010427630272276E-001   0.13785250828760137        0.32863001708609819E-001
   0.44948320886613907        0.66933384006721983E-001   0.57446325091017603E-001   0.32874737840237991E-001
   0.60387630926973457        0.67749356795396773E-001   0.80020969831501393E-001   0.32924797122589604E-001
   0.87816793764919887        0.23798122577833047E-001   0.79797813590383959E-001   0.32805990673547537E-001
   0.59442627969005311E-001   0.69341111699230559E-001   0.50716496503444446E-001   0.32872812340162157E-001
   0.42646301450552962E-003   0.69651412968657955E-001   0.38212396266096704        0.32884290769614501E-001
   0.66456441895983431        0.19157098578038427E-001   0.70474688228357105E-001   0.32870065108024656E-001
   0.33346706148718563        0.18762813826835228E-001   0.67590608105032635        0.32856221618713814E-001
   0.54117530464885777        0.18739948527857288E-001   0.69230974142008350        0.32888112466144731E-001
   0.95309825127506154        0.66964612846092855E-001   0.69216261126538547        0.32825265435705471E-001
   0.34797287658469583        0.22065382657401423E-001   0.29827096632780231        0.32901644151665653E-001
   0.92358815553543949        0.72781925327014274E-001   0.81670983565399785E-001   0.32790616153236141E-001
   0.12756974523251713        0.69432424818079194E-001   0.98545130953382065        0.32827888040629034E-001
   0.15916247039167350        0.69769235919917585E-001   0.50394657339872462        0.32813587313487019E-001
   0.80102081380486145        0.69294003934082568E-001   0.26786485685509448        0.32844064342108133E-001
   0.94181453376757052        0.17382475929665721E-001   0.64787869535532949        0.32852766886735080E-001
   0.66534637795621787        0.18808052462071512E-001   0.16810546818779892        0.32917775792215540E-001
   0.97114992456613136        0.19418295647331798E-001   0.89597816648822781        0.32725007758280571E-001
   0.59415405215824535        0.68351391500946615E-001   0.67029872323233741        0.32779033366543163E-001
   0.44836362196323254        0.70168410120130059E-001   0.27054253193446182        0.32753686663967378E-001
   0.19408099725612854        0.19538221239572155E-001   0.63642675827142869        0.32874677673215572E-001
   0.50348952434245398        0.69103351071116120E-001   0.85034624359724742        0.32807365545232829E-001
   0.91535661306537275        0.69262682779544532E-001   0.49471652453965143        0.32982606540620400E-001
   0.20419505227241114        0.70054713415667116E-001   0.27528076539756641        0.32825783372467415E-001
   0.52809707233763281        0.68756254783140749E-001   0.65167808835733010        0.32821088491175265E-001
   0.49939026447847902E-001   0.69717456094623098E-001   0.42598408527724413        0.32831649219256895E-001
   0.61939136478394652        0.68593071681119513E-001   0.16351431260957763        0.32818463647759949E-001
   0.54372317429439820        0.18965417245915772E-001   0.83568414325908658        0.32884045427328895E-001
   0.66012802359572487        0.69092396969814243E-001   0.68765902739523743        0.32949088287146572E-001
   0.96105807309339597        0.69967041662218829E-001   0.32636701197005180        0.32837919009339127E-001
   0.59661212213164094        0.68805697168013602E-001   0.81743895077621576        0.32838983761222691E-001
   0.83702674381143566E-001   0.19564174327535350E-001   0.81818239478568422        0.32922375646411678E-001
   0.34814452993303630        0.69131945742571796E-001   0.57414904220715446        0.32790477099054777E-001
   0.83793901702461437        0.69608394718767549E-001   0.79574593917948733        0.32804215705793366E-001
   0.21097920923978597        0.19924991211955942E-001   0.23289760598643222        0.32799802776200086E-001
   0.22963666847758354        0.69426950185252356E-001   0.90641331230351219        0.32825091600791251E-001
   0.55991100708354191        0.69153236042990882E-001   0.52523172449877786        0.32919841682448991E-001
   0.78490616741073305        0.69833603385088011E-001   0.91975484869660451        0.32804243486762474E-001
   0.20140153146462400        0.19558896010295874E-001   0.49413305705529809        0.32753018615705287E-001
   0.50340084159954508E-001   0.69215648571330057E-001   0.12674175944193936        0.32906417736482188E-001
   0.11358723799410995E-001   0.69425663325381373E-001   0.72466640195360588        0.32964768421857325E-001
   0.17024639025062643        0.19466649664732629E-001   0.55443963688858677        0.32898180961727724E-001
   0.49137524242817004        0.19566201067205365E-001   0.27810465285301733        0.32859798676301108E-001
   0.49730435181876476        0.11678687313145272E-001   0.50394442443339703E-001   0.32897090961632430E-001
   0.65675971461540938        0.69336868510342917E-001   0.85653383158282148        0.32836769527133394E-001
   0.56951008699491024        0.72571134995419562E-001   0.20647070763922898        0.32895417609159032E-001
   0.97148078605505639        0.19348583130908401E-001   0.96159768640548005        0.32838556970760206E-001
   0.85088109120183109        0.11938508461930855E-001   0.62466804956542053E-002   0.32776318191656571E-001
   0.47183922017993379        0.66301028811652493E-001   0.18396648022949005        0.32809226835542320E-001
   0.11311863520504060E-001   0.70323119095088621E-001   0.17979572629767276        0.32825924259676280E-001
   0.96457100963138909        0.21911370729946082E-001   0.27281111012286352        0.32881821294442067E-001
   0.24416243301951274        0.69566602928183480E-001   0.74043926689880046        0.32812373728825485E-001
   0.21033788500882571E-002   0.19539275201982776E-001   0.83817756855751424        0.32835887330362905E-001
   0.99892217907977043        0.69268470692528200E-001   0.92872442071780947        0.32861781193703830E-001
   0.25427096647769359        0.18349980538603709E-001   0.28223723503157894        0.32836833914449311E-001
   0.17661223412327381        0.69500766792446281E-001   0.59738720649704569        0.32878184549963024E-001
   0.93248099270895601        0.69353871910793771E-001   0.97910453794867291        0.32902066428196437E-001
   0.87010991563224305        0.69222303784941888E-001   0.42556050613752350        0.32856308744733491E-001
   0.95519227513943950        0.69900150299095284E-001   0.42993857853189094        0.32763032097640858E-001
   0.78050501430502088E-002   0.19591709121834645E-001   0.11696865163330351        0.32862431112140350E-001
   0.26464364352692232        0.19452273019134922E-001   0.96562371772953098E-001   0.32847471350420501E-001
   0.81776845949685817        0.69229883825753055E-001   0.46922343609039657        0.32796240610965796E-001
   0.81207769081130354        0.69646728870501939E-001   0.85974556713341399        0.32821815569995708E-001
   0.96526192988739179        0.71378969922221799E-001   0.13273349600513104        0.32864476034094925E-001
   0.53002019247659593        0.72193236154453208E-001   0.15387146996733547        0.32817213450502092E-001
   0.50186064753710369        0.58800164855560749E-001   0.96160318749440962E-001   0.32760752599036928E-001
   0.26036778139093586        0.69175666980946612E-001   0.23882895662902359        0.32818985707197657E-001
   0.10800880317691912        0.70061851431711564E-001   0.17898179269333878        0.32838948098800606E-001
   0.82672419603088620        0.19500530935253793E-001   0.90797484553116536        0.32798334230246841E-001
   0.30263839409707721        0.69077928796176816E-001   0.28933783457423629        0.32898882314244572E-001
   0.61553406942375033        0.19270219235794160E-001   0.21258666132287637        0.32854492565952895E-001
   0.94476489712165684E-001   0.68849288311219628E-001   0.70010046822778416        0.32835799692413792E-001
   0.54090284189430393        0.69273270125350853E-001   0.45939949319863843        0.32803107808396403E-001
   0.38119309643001575        0.19443202716340577E-001   0.35523548350621204        0.32818859561482276E-001
   0.48253785568593127        0.16259278325660542E-001   0.14233500389940196        0.32860403509971853E-001
