 3 HS poly
 400 2
 80 320
    1.0000000000000000         0.0000000000000000         0.0000000000000000         0.0000000000000000        0.10000000000000001         0.0000000000000000         0.0000000000000000         0.0000000000000000         1.0000000000000000     
 T T T
   0.72577174360671159        0.21883007075185427E-001   0.19882449693860510        0.36041012881098559E-001
   0.66713135334585616        0.18567191700628954E-001   0.41736807322339647        0.37996928093126853E-001
   0.84392758006533730        0.21671438366489951E-001   0.62280609539817422        0.35128088035493672E-001
   0.76738502327117120        0.67955940431523781E-001   0.35193305165290989        0.38611494061626138E-001
   0.19288632382467652        0.69578818050083244E-001   0.64155978090032961        0.37167834917753328E-001
   0.97550676874522502        0.17375216965660668E-001   0.78793568111273993        0.36561105278627007E-001
   0.15494987410244777E-001   0.72209299945789368E-001   0.11967973255769868        0.35363036089613047E-001
   0.29582404663431028        0.19407819343748387E-001   0.31515629091097153        0.36123145447147453E-001
   0.15641231806447234        0.69597542320487815E-001   0.57514904297147240        0.38483429370450330E-001
   0.26877673178633316        0.21767023801208797E-001   0.13027493858200431        0.36237501468914579E-001
   0.36533100918933775        0.72079590389224832E-001   0.68332329254315705E-001   0.35598438122420674E-001
   0.47512034896858141        0.68630870717311818E-001   0.88270975971340382        0.37631896505233089E-001
   0.37347265729074169        0.21656061783122845E-001   0.94037743775807681        0.39040827278738442E-001
   0.53207660121634071        0.69131528097412145E-001   0.52515011039105586        0.36892223287654985E-001
   0.74609775195952666        0.21935166732286612E-001   0.87835432805767910        0.37479710895218440E-001
   0.94836877222261740        0.12489776906079659E-001   0.61222197530703182        0.37432992232946778E-001
   0.79226670830450086        0.19034488040388268E-001   0.56858618916439208        0.39613903060409107E-001
   0.83567767567967399        0.21570003285111786E-001   0.11763869984332059        0.34813456322993583E-001
   0.18666466712244759        0.71985136174188710E-001   0.65830649388238849E-001   0.38537286110278630E-001
   0.71255835100757253E-001   0.68314041615463367E-001   0.47244405361416053        0.38312990478383761E-001
   0.67477357873146715        0.71843105421137685E-001   0.21663917900019231        0.37522747784509453E-001
   0.84758526590733885        0.67609536035722478E-001   0.46600967134543136        0.37908679420843153E-001
   0.59121397025881295        0.18750166925237264E-001   0.28635621219424867        0.35881389674602589E-001
   0.41224198973514059        0.69164506295830167E-001   0.69953310930208901        0.38054573554911326E-001
   0.42626824411556086        0.71575819984229516E-001   0.11219815364208721        0.39197178109922529E-001
   0.40677963810788459        0.19711086084720868E-001   0.40221219401218206        0.39385900474296007E-001
   0.94145378757186302E-002   0.21214452797024261E-001   0.93820441763709383        0.37070264377445095E-001
   0.72338573145893792        0.72111867703292157E-001   0.76030417567142372        0.38476728621073659E-001
   0.14009403053034153        0.63748899757389607E-001   0.69311651344155933        0.36796053679417080E-001
   0.86206237785954787        0.71556437193447273E-001   0.16560714083275266        0.39312582601019129E-001
   0.30146993261343180        0.69381579119830811E-001   0.74423724433957361        0.35601639483666819E-001
   0.53666891197900413        0.72521627195269583E-001   0.33619443993138730E-001   0.37997234952538407E-001
   0.40507451501180802        0.69648624708174428E-001   0.46129164889015084        0.37990072099341174E-001
   0.37274944606108207        0.67147854931156423E-001   0.76488238832230493        0.38314132583188214E-001
   0.59737628939051390        0.21920284328729792E-001   0.41766291988377779E-001   0.35902144546117495E-001
   0.84431684987013089E-001   0.20982730216634774E-001   0.94401352402580818        0.38082676018305672E-001
   0.63025975293054137        0.19028071778238259E-001   0.59257640368419218        0.37344806120575155E-001
   0.94689615630559199        0.62735700206620046E-001   0.47358829943233494        0.36965533835589655E-001
   0.65460767883506554        0.68519578710333928E-001   0.36326018961417594        0.36491467985705128E-001
   0.93790191820141111        0.71939624715953054E-001   0.17614410933732427        0.37214518220347895E-001
   0.34851566729604477        0.69866188452433392E-001   0.59603880251957897        0.39014021424520706E-001
   0.11785057876036883        0.71097154059389073E-001   0.98923814339143223        0.37087378377899279E-001
   0.93715542993836265        0.68686528896742746E-001   0.24794276968606183        0.34501515029524026E-001
   0.65374417783906680        0.21944026593257417E-001   0.99545459326203078        0.37045444093769905E-001
   0.24716276678393864        0.20303336925713705E-001   0.75949366505647742        0.37007409895764266E-001
   0.89888282513263107        0.71604830202709843E-001   0.95468525161329776        0.37959272828002731E-001
   0.63465463029883451        0.69312921525452528E-001   0.64951336804792836        0.38357156944844449E-001
   0.56669868682485240E-001   0.22220560883927695E-001   0.85802928766664621E-001   0.37697912957069306E-001
   0.13324285635670011        0.22063647922486097E-001   0.92070856968403447E-001   0.39084714482524353E-001
   0.79004697294221271        0.18902883820526798E-001   0.46657602428682221        0.37077546130128522E-001
   0.77681457934662956        0.72084755410767185E-001   0.83089612228804821        0.37700445225881847E-001
   0.70934704041112107        0.21913062344839099E-001   0.81432575584330091        0.36323682584475769E-001
   0.36284251195355938        0.19624706384581744E-001   0.86618035133850835        0.35722575315379083E-001
   0.94457069150149231        0.72777393187565667E-001   0.10110936581625114        0.37905628275315038E-001
   0.53928458451206274        0.21995081689333992E-001   0.97065361447716236        0.42060034433668084E-001
   0.37765798387349325        0.19167064033472413E-001   0.65764474098561787        0.35719266868806741E-001
   0.29136892628863407E-001   0.72165526433705482E-001   0.40269702044129149E-001   0.35198362570199385E-001
   0.23592629524817629        0.84169576207316910E-001   0.42195337135371386        0.36125997550803000E-001
   0.59884596753794961        0.71957105925136475E-001   0.98791906981228395        0.37561175125750912E-001
   0.30964625595229694        0.19759544333483901E-001   0.63613529782769773        0.35562991956223804E-001
   0.64281238270938168        0.21644101320877379E-001   0.84243541860180993        0.35861745299658125E-001
   0.69154966698239606        0.71970943824471695E-001   0.86570682737628357        0.37505768667993482E-001
   0.75212501554938985E-001   0.72264146998448450E-001   0.18881285146202578        0.35633850000184500E-001
   0.41982816464592410        0.69313558905597678E-001   0.62425171686587955        0.37593972863685744E-001
   0.67076788365539874        0.19400294840237711E-001   0.49934278013837241        0.38850558537245596E-001
   0.54892954390191373        0.18676046076182874E-001   0.81375923816318174        0.36799124752406639E-001
   0.53980736185639100        0.69042613128561803E-001   0.75884027868758852        0.37768922281677601E-001
   0.54627971179388879        0.19242276933881846E-001   0.57819330699239058        0.37286257111586479E-001
   0.24900706982504980        0.69680791175312909E-001   0.49365682700568786        0.38157621637009240E-001
   0.72182123610936710        0.69539947793441567E-001   0.47001948606694849        0.38296509893829933E-001
   0.20383695751324871        0.19745549172503301E-001   0.52499601170881405        0.36076784325132394E-001
   0.26446442562466560        0.71809639212122467E-001   0.73236365145934568E-001   0.39605702894790103E-001
   0.86880557686694546E-001   0.58964576947749980E-001   0.74631406277134171        0.38523629079685345E-001
   0.86634656100986751        0.72057431233139652E-001   0.24153063495388075        0.36658578344026568E-001
   0.82625402176985208        0.72842184779782437E-001   0.95754183168859663        0.34679286935546276E-001
   0.86591939369635232E-001   0.18178467412681885E-001   0.36262908507807995        0.37251286817172297E-001
   0.36738646236256284        0.21724192918859422E-001   0.12370860601984315        0.38791262020766798E-001
   0.83696943512372002        0.72388499406475890E-001   0.67704317375376655        0.38419222258797590E-001
   0.12962154076594370        0.18291975541032502E-001   0.45539646342914125        0.40368746458728288E-001
   0.95792585266013058E-001   0.69527993119827616E-001   0.63244223564892710        0.38289866235036427E-001
   0.31533391408593947        0.71777147634720359E-001   0.21578621901243007E-001   0.32751831299272352E-001
   0.88884949649416023        0.62730622621869500E-001   0.52552018364462605        0.32789984496415042E-001
   0.34837440278231291        0.17609962346677617E-001   0.71978181054050006        0.32729946793374064E-001
   0.35792553081244294        0.21877822343335556E-001   0.21879509201511792E-001   0.32714280309180131E-001
   0.95501230973425097E-001   0.20832817240910656E-001   0.29322700539469676        0.32747843141235987E-001
   0.39051304778585288        0.70895883898554557E-001   0.26016113070838054        0.32788419837736706E-001
   0.55358959087141835        0.68875410401602846E-001   0.68913815530854372        0.32755062424958424E-001
   0.30165354534701760E-001   0.18088128995360702E-001   0.29047062108162441        0.32693829385917451E-001
   0.87428548477234169        0.71549322731171983E-001   0.93652701530322069E-001   0.32733932877017605E-001
   0.83282290266518122        0.22128727713949477E-001   0.80055622630656631        0.32768578632846074E-001
   0.91117517610684018        0.72151122786196828E-001   0.37825566948897199        0.32763445278355383E-001
   0.90770827388903541        0.22612234662418074E-001   0.13586878027169699        0.32814706088300630E-001
   0.76314723736017309        0.71914035328652814E-001   0.98154376313381519        0.32816378097625290E-001
   0.12341264972956439        0.71041941858766666E-001   0.91238873382818608        0.32711100169002215E-001
   0.48864337824794324        0.76754039196359314E-001   0.25227923348409370        0.32770884355814600E-001
   0.49961449993603163        0.19572608294127828E-001   0.38754841273055224        0.32675070038757470E-001
   0.10088333350623600        0.22155310444567172E-001   0.22791924823257159        0.32733801298615514E-001
   0.84496344302069037        0.68594408357163211E-001   0.37427627592397078        0.32679652672726454E-001
   0.50438368224885399        0.69610949468280447E-001   0.43641239631699341        0.32728861781794877E-001
   0.48381066868394290        0.19192215529329239E-001   0.53184765524649802        0.32731228759176466E-001
   0.47140599208268591        0.21545987678271192E-001   0.86539398768783096E-001   0.32824443039543461E-001
   0.93800575991588009        0.67367590979041228E-001   0.75789739202118711        0.32730966503440720E-001
   0.84483327713170286        0.69046531619839771E-001   0.57368554876493494        0.32746903908727018E-001
   0.72660362733271056        0.18568354807597547E-001   0.70599513162830119        0.32695657329680022E-001
   0.33748665578525722        0.69644519840874400E-001   0.82663989214220823        0.32812784418845824E-001
   0.73250993911118223        0.64448377621161623E-001   0.65957969419285456        0.32687695187988766E-001
   0.20131142116842396        0.32053533831005745E-001   0.45725341360346067        0.32641294440015865E-001
   0.34494606360942537        0.23911000523540449E-001   0.26696739181361179        0.32722011459580952E-001
   0.57095461480029408        0.23855768625306382E-001   0.18926217086551289        0.32722740083798718E-001
   0.19674440646155197        0.68467924185756826E-001   0.28717407778801446        0.32684462326927531E-001
   0.58266576048326846        0.68922805306108878E-001   0.23994394332695088        0.32739945057814336E-001
   0.59252892353723344E-001   0.67904495021399031E-001   0.32152939223284394        0.32702493744192755E-001
   0.44327537851997489        0.70733805409422243E-001   0.29919605209085004        0.32730525871658547E-001
   0.85373327016012401        0.72131611829671025E-001   0.88099923865534513        0.32667421709245734E-001
   0.70189883072773451        0.71923387887777732E-001   0.88264001900569322E-001   0.32776722507418254E-001
   0.96392436625719793E-001   0.72083326447154691E-001   0.55792914094495473E-001   0.32716817274044484E-001
   0.77373779968599932        0.72436190522830055E-001   0.70980405533903024        0.32760820243910686E-001
   0.39920285663116578        0.17228493726506196E-001   0.80810713018511626        0.32761325579806183E-001
   0.58530840757662528        0.19218529010942356E-001   0.66046583268517423        0.32670594964616981E-001
   0.97090919601413639        0.21722052010090146E-001   0.21330039136048437        0.32777328501031530E-001
   0.65442385015344351        0.18487323497747565E-001   0.31531866717319706        0.32725519213150485E-001
   0.20138703296189975        0.21881151260876731E-001   0.11504179714617993        0.32807590031844573E-001
   0.60607943861713565        0.18986847673897900E-001   0.37354740791775898        0.32750058135498014E-001
   0.61467652938707107        0.22876782000935458E-001   0.93751236490832623        0.32650007572309167E-001
   0.22838016693106777        0.19327740346438506E-001   0.25767965301206996        0.32684081830919400E-001
   0.10711898573701524        0.13347627898239326E-001   0.79855541071762404        0.32827898025066381E-001
   0.67232917714128648        0.21878624248279372E-001   0.75572551869371862        0.32796476862104136E-001
   0.19913539130613142        0.66558753825962991E-001   0.35794040364579405        0.32825956129923277E-001
   0.89982961091051872        0.21103824388947052E-001   0.27747581600432175        0.32750869067199866E-001
   0.35571548131806963        0.19713480507677874E-001   0.45320975311507972        0.32678051746848479E-001
   0.31603483986693998        0.71690048025738320E-001   0.12464940539156126        0.32733307677104265E-001
   0.16853315399080665        0.70554220553989550E-001   0.41578962979751710        0.32662419850299565E-001
   0.48185419985255197E-001   0.18349695434617824E-001   0.42677669203746371        0.32749226025359714E-001
   0.49042529339592011        0.19555397906205727E-001   0.77516320500457092        0.32761917971412167E-001
   0.78603487765045790E-002   0.68624849268974261E-001   0.44033648612184634        0.32690193287008507E-001
   0.45938866010655294        0.20046490890018667E-001   0.83430596586230055        0.32722922323979269E-001
   0.57696390478042991        0.19183060534921484E-001   0.72541571986762887        0.32809463699650231E-001
   0.14262626148344543        0.13361123671397421E-001   0.74170454673337560        0.32663513066796775E-001
   0.38678207100859235        0.20524845452977065E-001   0.21640215029655432        0.32674521644382851E-001
   0.16430208338675914        0.69527813528270588E-001   0.49784633258015398        0.32711205732376111E-001
   0.48120477510094718E-001   0.63578988635676584E-001   0.68511270247019529        0.32770833202566296E-001
   0.75221923519634060        0.72142183776969251E-001   0.46266490592678428E-001   0.32717925115021508E-001
   0.19467672764194274        0.70192571479965202E-001   0.86409722699980085        0.32613525858430192E-001
   0.81404291105204074        0.22428049086147261E-001   0.72262362192700635        0.32679746360387701E-001
   0.92434592195568877        0.22799796921405015E-001   0.55357479813858988E-001   0.32791541063423982E-001
   0.25563065186995425E-002   0.69103835144131862E-001   0.52540169026631878        0.32765008606087213E-001
   0.20200349817990647E-001   0.67389131701484875E-001   0.77022271643378071        0.32773492273553945E-001
   0.88856727799032331        0.22063402815835062E-001   0.85688489562632864        0.32801362140425588E-001
   0.45227389610051416        0.69274365866732676E-001   0.56023500802156490        0.32773998668077106E-001
   0.10344804632400226        0.68291718866623316E-001   0.40884507453677899        0.32772684071545224E-001
   0.99145380472768074        0.68455891586184772E-001   0.31783510320042407        0.32725963227093334E-001
   0.45602520117412511E-001   0.19378059900747906E-001   0.62358646100764747        0.32745757722745378E-001
   0.73396282324977957        0.22362985290836274E-001   0.11720498448132076        0.32774015639341951E-001
   0.54063317904884410E-001   0.19565005874111314E-001   0.52683933449211828        0.32636293283127359E-001
   0.74601280030267036        0.17720422358467155E-001   0.30359368216133342        0.32769215622146027E-001
   0.17632417124009447        0.22582167913209050E-001   0.17696594393537973        0.32763313638444334E-001
   0.64969245790465469        0.71820744495371625E-001   0.12781591339177426        0.32715113050602922E-001
   0.27266887478481106        0.19607253363490392E-001   0.57669804103462363        0.32733046912614673E-001
   0.23983405914140155        0.20436584688794158E-001   0.19314475638846443        0.32776320593449114E-001
   0.52122286675459206        0.19390226692375279E-001   0.47768207943993507        0.32708977038806632E-001
   0.78563688490464023        0.22120878972454662E-001   0.72217021829030253E-001   0.32765197572574303E-001
   0.13501876601643303        0.19520081202649048E-001   0.52844647956921753        0.32797788799202997E-001
   0.20368859150376151        0.19621697088917252E-001   0.59381676143321316        0.32734435061705237E-001
   0.31703211440877022        0.21604655103975433E-001   0.72883182821515027E-001   0.32628700471279810E-001
   0.55874446377424582E-002   0.18592082174757007E-001   0.48255757379602970        0.32746090715615891E-001
   0.60963041721981326        0.68914741887432227E-001   0.41595520919654844        0.32738789954869431E-001
   0.42782298760878168        0.22023283032614804E-001   0.16475740401628572        0.32706280521137873E-001
   0.14170217073218191        0.70568370113067505E-001   0.20589789891089463        0.32797781915750862E-001
   0.66320152650691522        0.22031431941417681E-001   0.16848619719939698        0.32675697378055736E-001
   0.51225480604544238        0.18950354644446520E-001   0.71162340169377558        0.32758456433629138E-001
   0.69530820070249938E-001   0.72568549150077141E-001   0.25703764361631948        0.32693052920588439E-001
   0.89813660905742121        0.61716904482496671E-001   0.61171048340434642        0.32760923309324924E-001
   0.74043089943188112        0.69057151721308968E-001   0.56074140758617930        0.32792526050552558E-001
   0.54536327332156853        0.71732888383466267E-001   0.38058209002050908        0.32702565562227025E-001
   0.65630460114335076        0.21771959097019448E-001   0.85651128584006336E-001   0.32808106258089387E-001
   0.61079103529864975        0.19230948101928030E-001   0.78166643427090132        0.32759238783689117E-001
   0.28564515521832856        0.19453513080028930E-001   0.70017830799310676        0.32749668563048784E-001
   0.49057879145920198E-001   0.71113274216940525E-001   0.90813291702658050        0.32725394489723315E-001
   0.85837606226166918        0.22246889076190546E-001   0.92300447551860121        0.32705410511425531E-001
   0.73894766487879149        0.14491161771253442E-001   0.61749067180708372        0.32877591329937207E-001
   0.71391747947941198        0.68537901178520530E-001   0.39925728705992786        0.32777520487677757E-001
   0.98718333362255717        0.22284805037813212E-001   0.74078611357529162E-001   0.32682066955392296E-001
   0.22321664607801517        0.20336216332353857E-001   0.96831503496107185        0.32748785599708882E-001
   0.95754284970564940        0.21804289063530297E-001   0.86053133766756962        0.32741150563979783E-001
   0.39832733977238355        0.18444075497785754E-001   0.30471563326251361        0.32802274656144603E-001
   0.81494897635312802        0.22070053486787901E-001   0.86369537917272743        0.32765695942973488E-001
   0.43431738150947773E-001   0.71143962125906013E-001   0.97367667283786108        0.32898482742068434E-001
   0.38621727682355700        0.71826507066110531E-001   0.99034617155126314        0.32646578648747177E-001
   0.29664777458380470        0.22801378789478438E-001   0.84844579221716088        0.32862075676828743E-001
   0.56431358362298578        0.71636100030136360E-001   0.46339549527274393        0.32760678417925772E-001
   0.94675749575477242        0.87147719809422524E-002   0.70767807438960639        0.32775009047749437E-001
   0.22322937367441864        0.16602048459944754E-001   0.32286700474691504        0.32761082683517323E-001
   0.48988992029863587        0.69078823518830337E-001   0.67310182934077734        0.32699814873468881E-001
   0.69244367305397270        0.69102945058220358E-001   0.60793386193882382        0.32695240179354976E-001
   0.78836021996270467        0.71615618947765899E-001   0.20363888527333024        0.32714359771581408E-001
   0.10156127924938335E-002   0.10097223636205070E-001   0.67066347818023708        0.32699340861088853E-001
   0.78280412959846379        0.21853863522876119E-001   0.94135426293759150        0.32716305363974157E-001
   0.55420274278287751        0.21706472591570082E-001   0.95262353052314314E-001   0.32778566597175131E-001
   0.23252849270792700        0.69708571819508680E-001   0.56260972340384330        0.32708845248555697E-001
   0.28914243161182857        0.10203992857578940E-001   0.23519163444910285        0.32732631713028974E-001
   0.79847934938786203        0.21964074665344252E-001   0.53839550288204818E-002   0.32795788264456879E-001
   0.52223693477613442        0.18610083850030264E-001   0.89795025817239771        0.32686715185783852E-001
   0.94338469679917814        0.58637301776621020E-001   0.66508239256893387        0.32706517114996662E-001
   0.47271347007996578        0.69210519861213377E-001   0.73622647138642783        0.32661622566540788E-001
   0.34579191648503405        0.19613914760477722E-001   0.53598727671889645        0.32705309816042673E-001
   0.79089315958897810        0.71841468448323051E-001   0.89988761404960471        0.32704944048241265E-001
   0.54535590103886078        0.21238629914946308E-001   0.33754066912577263        0.32731868224400960E-001
   0.14597831843503195        0.19503133246398595E-001   0.62535641347343607        0.32757426892261368E-001
   0.78916883044661057        0.69260590885775325E-001   0.51601004705662779        0.32785890876040273E-001
   0.93397445896879128        0.21585447263826843E-001   0.99041670081686328        0.32790234166279686E-001
   0.83142781144598676        0.21520704025508455E-001   0.20761817270715566        0.32697125037348763E-001
   0.89323949165664829        0.72756767903436270E-001   0.25242140621535770E-001   0.32726063308576983E-001
   0.85878630004465550        0.21837856858440453E-001   0.53848335189816875E-001   0.32782909832383592E-001
   0.13836484383811175E-001   0.18310331926713299E-001   0.35385059432005023        0.32697984223211234E-001
   0.43845766964774108        0.67218436541075399E-001   0.79204375834449969        0.32782227299431525E-001
   0.59251096807450265        0.69152543751627174E-001   0.55986464895787047        0.32796236118349760E-001
   0.70346390915296142        0.67604384477444796E-001   0.31078238853748602        0.32731465595454458E-001
   0.21943865415235653        0.70415481592083315E-001   0.15555493339244694        0.32779561241365725E-001
   0.59130393198964393        0.68889377643091831E-001   0.33376921888298505        0.32726429993040179E-001
   0.48500972746706245        0.22013731926153992E-001   0.22316278606662656E-001   0.32789882389703824E-001
   0.39802576816966145        0.19205454120269444E-001   0.57975465758920153        0.32688985866152813E-001
   0.96951600025867790        0.71477971911189153E-001   0.96686848222084409        0.32781860558362685E-001
   0.44836968320693510        0.19247996611073195E-001   0.66475979893927739        0.32679814554455122E-001
   0.14742720668886325        0.63405950523987981E-001   0.78378931484403069        0.32732800361362779E-001
   0.86179033338771771        0.21493601310699880E-001   0.98832371001039854        0.32701974952127587E-001
   0.22555265355291665        0.19408618945146380E-001   0.90268678046371453        0.32810084916683108E-001
   0.51185720480037766        0.71643847970182431E-001   0.99941084591724266E-001   0.32782199019657926E-001
   0.32414296970027784        0.71780194110570683E-001   0.95632504945851782        0.32747421340046670E-001
   0.42531905714056399E-001   0.68296928804388785E-001   0.38480219151252321        0.32712576833694551E-001
   0.78515795471304650        0.19642958117575347E-001   0.66379467464379027        0.32736304145410337E-001
   0.42978206604856420E-001   0.69397618340935455E-001   0.58045897650492440        0.32702613050325471E-001
   0.72282287122483802        0.21998827952298541E-001   0.96784657216392611        0.32755828818281797E-001
   0.31277468419870341        0.19209475729976767E-001   0.40365531427436446        0.32840218499163271E-001
   0.60752010078134377        0.22148622282111310E-001   0.13396734056730084        0.32678757612249580E-001
   0.56898705825623153        0.69144016780953374E-001   0.62160422550398431        0.32642938718482867E-001
   0.79587998477965016        0.68551414324231494E-001   0.41765562768026782        0.32693295625027971E-001
   0.94262308351826818        0.62504236707660019E-001   0.56305622559117074        0.32778104547766876E-001
   0.49340862772541821        0.26860230097049926E-001   0.29476237840882258        0.32723313896280748E-001
   0.38395565856000047        0.71295997395157726E-001   0.17262104358222416        0.32745413114030432E-001
   0.48429756403779911        0.72123892979909607E-001   0.97980943783256447        0.32710571177750170E-001
   0.18755278063743086        0.70059985684848988E-001   0.99459043070652431        0.32723935344851386E-001
   0.26015561159196054        0.72993260343229990E-001   0.87077249564885761        0.32773098108322858E-001
   0.32146203807261248        0.19553851598385640E-001   0.78647925843663247        0.32699871494054254E-001
   0.33837023664628402        0.69580580303103143E-001   0.22045889538307770        0.32758764097930569E-001
   0.32373387938384490        0.19402851676286786E-001   0.18032113626498497        0.32728387556398161E-001
   0.44205102581164057        0.72440150003518389E-001   0.29909932903645887E-001   0.32741678160405310E-001
   0.34763507661823567        0.74124421406888547E-001   0.31003382139630353        0.32766441096216771E-001
   0.68523942872299592        0.18992103581100615E-001   0.65501765213829366        0.32730789414292381E-001
   0.16491082853975639        0.20365990448244279E-001   0.24167788412538502        0.32751430094763737E-001
   0.54146165674259894        0.71350492100439533E-001   0.29086795290864254        0.32774987091722205E-001
   0.32262332880565225        0.69622517602960857E-001   0.89071509564106421        0.32790902090693519E-001
   0.98397280552098076        0.70927424580962517E-001   0.89618555728909011        0.32801557528951045E-001
   0.41658574971255979E-002   0.69087779689914738E-001   0.25358471583222453        0.32681052055513304E-001
   0.33403732270568531        0.69462327553334188E-001   0.67659207914524466        0.32763094188446390E-001
   0.53002548786718540        0.73506438574901578E-001   0.20132958487141359        0.32682426707578448E-001
   0.25304487387792170E-001   0.20025655525017404E-001   0.87030558532015867        0.32638974110333882E-001
   0.29937772457012224        0.19125892584629090E-001   0.48654709346191605        0.32779598900891105E-001
   0.65911863667325854        0.71457886992295938E-001   0.79732514495072893        0.32762586617002480E-001
   0.25260285312387193        0.69411324699537327E-001   0.93576498239876549        0.32714995838468736E-001
   0.69820662787235410        0.19104474680149825E-001   0.56611039001033858        0.32700848646316262E-001
   0.70935793071452879        0.21927309947360165E-001   0.46627037304224669E-001   0.32689188449397173E-001
   0.99737262605677157        0.22101594867921608E-001   0.69523230353999137E-002   0.32713028321215733E-001
   0.40075694842891868        0.70109342217063012E-001   0.34913882479104164        0.32732599066014771E-001
   0.42715809294128376        0.70205889880259817E-001   0.93662308125332128        0.32703358394197253E-001
   0.42636689040004816        0.18648590366961485E-001   0.89179022919321027        0.32757763575946945E-001
   0.88259053131873366        0.22128819975560099E-001   0.34682033877505880        0.32738109142591489E-001
   0.99591770605380514        0.62503178282770008E-001   0.62588831117897170        0.32794745511530804E-001
   0.62560481173581373        0.68941528591373605E-001   0.88946053804500114        0.32621813116502890E-001
   0.19372203312010192        0.66036844555444341E-001   0.73731546147239713        0.32702999879403297E-001
   0.42223435501891768E-001   0.17424935245846988E-001   0.80718780497613174        0.32739594872286171E-001
   0.42254861307363639        0.19641496947608486E-001   0.50836656016237436        0.32853897189008385E-001
   0.62594726655777644        0.21840133677198656E-001   0.22594849933654909        0.32714601082988855E-001
   0.98897486364294163        0.58628570971912652E-001   0.71314926682090685        0.32767685888790421E-001
   0.26653318944832910        0.69642666800198122E-001   0.61853939836530869        0.32661471363704390E-001
   0.91906568128308064        0.72099585687818712E-001   0.88654876092181234        0.32814013386489427E-001
   0.20549901372251825        0.69138632741830422E-001   0.22109681003201145        0.32789102834706291E-001
   0.86033390882811822        0.72129427462600926E-001   0.31077868391878055        0.32742794107015971E-001
   0.63731994625591515        0.68750285273617665E-001   0.27620494435380505        0.32751841833500613E-001
   0.47136218609491620        0.22043277359957897E-001   0.93928413981024872        0.32722073713088627E-001
   0.91750124907614986E-001   0.13796692478764624E-001   0.68872549038371966        0.32764841269479664E-001
   0.60954727475826109        0.18696299593660405E-001   0.45843093543808566        0.32687534966642472E-001
   0.93675894775848323        0.72000691457215146E-001   0.82338143438155431        0.32763511750777644E-001
   0.94789641267259062        0.18956544987710620E-001   0.35049188951155175        0.32705470891518595E-001
   0.46343767877490044        0.19338607242459685E-001   0.60102268624393829        0.32648347334634745E-001
   0.28027041015966525        0.70355665179905547E-001   0.18028612034760610        0.32719302317118212E-001
   0.78890864161203023        0.69483671001339287E-001   0.62118347196413148        0.32604439717071630E-001
   0.18724269297890167        0.71101281769747740E-001   0.92909977980035796        0.32761178030277817E-001
   0.35543517249948149E-001   0.13808966190501166E-001   0.72614780081277042        0.32743243056534269E-001
   0.44127919288317669        0.22073339795053167E-001   0.25515668515806100        0.32835007936276486E-001
   0.65847607122144347        0.69093868716831972E-001   0.55178975075619463        0.32721221249445508E-001
   0.27528846820127134        0.76525716145352446E-001   0.80706683997835260        0.32752627082557773E-001
   0.29226787516216918        0.19540387026846004E-001   0.92040445325306819        0.32715272341495349E-001
   0.78252688789223557        0.72137157494563717E-001   0.11643164591523955        0.32771299080541688E-001
   0.84210192988029231        0.17448079107410568E-001   0.51580065084256310        0.32752341976755028E-001
   0.26417591907356880        0.69326679862762711E-001   0.27993062984555256        0.32672824082302279E-001
   0.90647230955832425        0.22136469270885598E-001   0.79345330769382649        0.32805816017276716E-001
   0.86823677609274441        0.95197236632447280E-001   0.74743747288239815        0.32803288000292245E-001
   0.22749453143918322        0.21989956501137557E-001   0.35459471288808990E-001   0.32799428944264096E-001
   0.58002999071338257        0.18835815186217689E-001   0.51689292391558084        0.32649439909446333E-001
   0.30703677960685077        0.69438261359760931E-001   0.36130687899068070        0.32756819125248381E-001
   0.43595751956411605        0.71955859388592572E-001   0.21284671739786518        0.32751023114274712E-001
   0.15582780501394757E-002   0.70974960734515077E-001   0.83303007568143927        0.32716392713449255E-001
   0.29261834715509866        0.21897929530248696E-001   0.98576769352159277        0.32679952483668305E-001
   0.70165451356115260        0.71956366137725422E-001   0.46369789615177005E-002   0.32771008973907743E-001
   0.55534061130309620        0.21742310119104880E-001   0.42185068828255529        0.32754144224480759E-001
   0.80928705027838810        0.72255032627505864E-001   0.76491395952187613        0.32806119383387122E-001
   0.89740033259836893        0.22014976426425966E-001   0.20439284255526724        0.32831207615232484E-001
   0.94171638743272154E-001   0.69503188886660225E-001   0.53964055517137777        0.32638582436173486E-001
   0.61886283510693363        0.68748548006020427E-001   0.49966964081617121        0.32744357462532028E-001
   0.70681944852642087        0.18837254173714877E-001   0.35643655373811312        0.32704578237756035E-001
   0.29947247756139461        0.69219323769551325E-001   0.44392840413161733        0.32679736872698359E-001
   0.59687341130895233        0.71816537385123710E-001   0.89026791553168325E-001   0.32801880255334578E-001
   0.35495698754017879        0.69333565527615118E-001   0.40925978105023225        0.32675410808388643E-001
   0.41133304865212783        0.22132210609173402E-001   0.60120530622144980E-001   0.32762881458949289E-001
   0.69072049646302480E-001   0.22392704820632204E-001   0.14477140595966092E-001   0.32802710691975608E-001
   0.71088293647196166        0.72155147338880093E-001   0.15359185603936057        0.32785882141185906E-001
   0.75633044034222296        0.18605508240996941E-001   0.40234443945286502        0.32776746083680405E-001
   0.39060415731803017        0.69030558371389897E-001   0.53763293274083002        0.32740870923910037E-001
   0.41029761291654837        0.68547622461040889E-001   0.85133051553953365        0.32781152676445185E-001
   0.59793052668740942        0.70037185650400943E-001   0.82290793095348014        0.32690842965777067E-001
   0.13149660881964759        0.65931756522369891E-001   0.84729293225162960        0.32722134786618513E-001
   0.15551615994820717        0.72130949169051467E-001   0.13927709140019556        0.32802458575554728E-001
   0.48406957399007500        0.27121915052812778E-001   0.20561920084491531        0.32620516550870796E-001
   0.97469119660576831        0.22073102822741865E-001   0.14189410513207504        0.32756663974571304E-001
   0.51822283184785567        0.27404993946793566E-001   0.14993349052683938        0.32700839068457381E-001
   0.45047304795099891        0.23394855586782726E-001   0.34438647301653519        0.32797866820475280E-001
   0.35227846374792093E-001   0.19130997008670773E-001   0.22510853554879809        0.32665665116520796E-001
   0.61913080597395143        0.68723701882581770E-001   0.73948447154248453        0.32717175544294777E-001
   0.12925064702905506        0.68204613058543043E-001   0.33751601133777315        0.32701121753475261E-001
   0.24732788867010860E-002   0.19428568659141891E-001   0.56813692371507785        0.32686418671141346E-001
   0.45742634196697213        0.69697371500604163E-001   0.39044726567129862        0.32661012646671705E-001
   0.83820018989047818        0.18502895650544537E-001   0.41603126040190413        0.32718411994519032E-001
   0.91048054847729668E-001   0.71779928496724585E-001   0.12224136439448394        0.32749593871642453E-001
   0.15504893368131706        0.19879959091290249E-001   0.23209951984432590E-001   0.32820644389951102E-001
   0.64572319894378305        0.71729182607948375E-001   0.43758858949655907E-001   0.32731377427630944E-001
   0.54582680106003734        0.68758805327667594E-001   0.86253521282711598        0.32779070872971286E-001
   0.11259170063063528        0.22282155409599387E-001   0.16090778253687671        0.32721175910908340E-001
   0.72881744409367399        0.71812721719487271E-001   0.92540918184270260        0.32798857614491819E-001
   0.49593490760677361        0.76390836545560684E-001   0.33780557236219538        0.32770643541277414E-001
   0.68239992520939841        0.67252353686866370E-001   0.70220819867766393        0.32742986149647664E-001
   0.92593130800445178        0.69140316108830438E-001   0.31423052116010020        0.32705273888098220E-001
   0.90337942009768590        0.22201486334593921E-001   0.41984999471571288        0.32666818012038738E-001
   0.46920670310070928        0.68948824247013624E-001   0.49167996113183754        0.32755794761857686E-001
   0.47764019918249362        0.77526680810723697E-001   0.16227069451267973        0.32763440942069053E-001
   0.66119279989642912E-001   0.67286090447560704E-001   0.84374796436123345        0.32751856387972643E-001
   0.49917766297353050        0.69481474279855293E-001   0.81656962140514622        0.32682897217864861E-001
   0.67717601466685956E-002   0.72477368658721883E-001   0.18812090770400053        0.32684532796987173E-001
   0.77699908061578904        0.22000892437512961E-001   0.24495078257517428        0.32765739186769831E-001
   0.56959844923387060        0.71905312642525018E-001   0.92362832856477339        0.32795824410359296E-001
   0.68476127444592161        0.21941660498520948E-001   0.91457461759109604        0.32701420854587764E-001
   0.89790576458209792        0.56496797143484037E-002   0.66077364009978667        0.32741880354512684E-001
   0.96504602842444387        0.18878796787321864E-001   0.28359854415677366        0.32686491807635512E-001
   0.74142220812756554        0.19278016286559365E-001   0.51691489981472971        0.32772633220313332E-001
   0.42841831220842280        0.21725685928945221E-001   0.98891681540284815        0.32686125778317199E-001
   0.29943859617422419        0.69497317518725038E-001   0.54372807662337719        0.32694430993263045E-001
   0.73503312409124621        0.72042656543099118E-001   0.25278458392139408        0.32740773727333236E-001
   0.24076107662793592        0.19606933091973873E-001   0.65211172704593445        0.32792479150175045E-001
   0.96163920382045603E-001   0.17312550146752443E-001   0.87401035405464866        0.32840765916740844E-001
   0.43081508002603836        0.19910648017657170E-001   0.74702429272689663        0.32814436280884728E-001
   0.25301884720292817        0.72011083759131289E-001   0.12500077641853246E-002   0.32791413343264096E-001
   0.65716286879876040        0.71976590136087995E-001   0.94675815829436683        0.32760129848078849E-001
   0.16778209658254042        0.16074415806290265E-001   0.82485508090434434        0.32771985156293051E-001
   0.34212951482081239        0.69574446783695509E-001   0.49347367704158879        0.32684972343669905E-001
   0.35389265392563024        0.23966466430637157E-001   0.35261356930443644        0.32746274090980063E-001
   0.78398532847420654        0.21813078397767673E-001   0.16126534828580083        0.32767432326563366E-001
   0.69382176517594163        0.22100657131097389E-001   0.26297577834819685        0.32790141332827046E-001
   0.15530091914443545        0.21201405462901720E-001   0.95764930736829135        0.32703021297386406E-001
   0.53619943621335175        0.22488634269453581E-001   0.24506540555684958        0.32832585450751794E-001
   0.81751353391786696        0.17836731452859644E-001   0.34083578697731942        0.32706038138753252E-001
   0.56059108380039546        0.77411060915945545E-001   0.14344651746533957        0.32765420328859249E-001
   0.96069388407330625        0.73163978938505347E-001   0.32203603519510647E-001   0.32687308247196005E-001
   0.81771448896100041        0.71925212138600023E-001   0.43233037100329066E-001   0.32713351443076480E-001
   0.89256768540603693        0.45212708167770420E-001   0.71269389432531405        0.32751210820922534E-001
   0.24355788563551484        0.69427010633020120E-001   0.69470303002897738        0.32786211603832341E-001
   0.13331486003355544        0.69624123252809089E-001   0.27124072344177713        0.32717625506075224E-001
   0.83404837605888449        0.22126204557205507E-001   0.27748357021510350        0.32816288907362733E-001
   0.96649686081642261E-001   0.19512802992984711E-001   0.58187834330401489        0.32797860444937370E-001
   0.58490184074695339        0.18955839865227159E-001   0.87911349054104027        0.32654475257185220E-001
   0.46223473779518992        0.18554512383133666E-001   0.44847299070404295        0.32787172489103365E-001
   0.87150619549765040        0.72153549926053204E-001   0.81785362994120814        0.32720880260431399E-001
   0.95340200645734929        0.12702858782482548E-001   0.52173344280077250        0.32724433903780790E-001
   0.23188355352617815        0.22375398975553545E-001   0.83723539385476631        0.32796499359934804E-001
   0.21023040483458749        0.72143939005368557E-001   0.80040739859038501        0.32785071318014038E-001
   0.76997602819588440        0.22251167521992420E-001   0.78105366717610347        0.32768167344802167E-001
   0.19129573633100913        0.16071682994087198E-001   0.69496628113568348        0.32705381767300361E-001
   0.63768902381959391        0.19205140956238043E-001   0.70015590869836708        0.32719320499906376E-001
   0.97674594368351342        0.68624723519221192E-001   0.38229948982978956        0.32773285069058508E-001
   0.25411240866741558        0.34152305951657191E-001   0.37811013339952487        0.32777730642675772E-001
   0.15621712254316125        0.19080816001338121E-001   0.37355152130076064        0.32823573144501211E-001
   0.61333417637997056        0.74291922342841779E-001   0.18229077339995470        0.32773938225749005E-001
   0.38643642934696062E-001   0.22229788472386117E-001   0.15981450220498256        0.32681184762854254E-001
   0.52170888581205777        0.19049934870415040E-001   0.64511093908304862        0.32732666967537197E-001
   0.15952457896117980        0.18477699842010139E-001   0.30726640422453599        0.32690055287950132E-001
   0.79207074178264825        0.72224636070667481E-001   0.28506353649143318        0.32788778541329167E-001
   0.89944807248833070        0.12731845833188850E-001   0.48443059719915205        0.32698395872698599E-001
   0.93986539316215822        0.21515781799843300E-001   0.92508963675909051        0.32772742894013863E-001
   0.50550458355876893        0.69272623388852317E-001   0.60564309250457826        0.32756861804186806E-001
   0.16071638271479530        0.20861220359887696E-001   0.89206330156607083        0.32746366636729113E-001
   0.89332447470266307        0.12803826190068880E-001   0.56823503052702151        0.32734658181016479E-001
   0.96874000001257876        0.18625453085162443E-001   0.42403564884502881        0.32793590887298357E-001
