 3 HS poly
 400 2
 80 320
    1.0000000000000000         0.0000000000000000         0.0000000000000000         0.0000000000000000        0.10000000000000001         0.0000000000000000         0.0000000000000000         0.0000000000000000         1.0000000000000000     
 T T T
   0.69502816223552566        0.49491930368453833E-001   0.81500921216777922        0.36935940824104667E-001
   0.97361688923814393        0.49260656283950717E-001   0.15719608479555550        0.38108191900404952E-001
   0.75573124530916791        0.99121832635730892E-001   0.90982136938623337        0.34985438713424057E-001
   0.20469438194494008        0.49274653265487335E-001   0.21444310043049372        0.39835381231796238E-001
   0.35203066488546072E-002   0.99714147190266431E-001   0.56335168705515226        0.37807665517183751E-001
   0.32017809502022926        0.98562604080093263E-001   0.56537936017823853        0.37038125196683161E-001
   0.42515592598919238        0.98965920231837368E-001   0.99974112307479535        0.39213176967476046E-001
   0.34284773971420313        0.98951949056814217E-001   0.14506510943462517        0.36678551817205050E-001
   0.88040489151960855        0.49125038816713533E-001   0.27973431139952387        0.36505628840058445E-001
   0.25749411382759629        0.99385549890418701E-001   0.51914089921494222        0.40573486064551897E-001
   0.69776582265247555        0.49469749300182997E-001   0.30303628184384257        0.36491784343082367E-001
   0.37465961648475005        0.98565347643909687E-001   0.61652197324949476        0.36238974202426132E-001
   0.10980661672022347E-001   0.49556358124322207E-001   0.77200459011087796        0.36576955164244619E-001
   0.99219200200875668        0.49750615840914302E-001   0.51213997168109571        0.34627135379620644E-001
   0.87408906863041169        0.99178885782560094E-001   0.22588649781737949        0.37099665485138669E-001
   0.23879865293754343        0.99812862386361056E-001   0.88542584877564567        0.36249688078683673E-001
   0.34077456270700790        0.49069514124027644E-001   0.82223758487548626        0.37100695541640805E-001
   0.42988958578848246        0.49036235683124006E-001   0.71390033172713407        0.37600208516398448E-001
   0.95433417671119325        0.99071443498000414E-001   0.36680340235673053        0.37197023840351028E-001
   0.80616181353994576        0.49088309590082826E-001   0.89792749005581685        0.36916663909741694E-001
   0.15736864762596336        0.98920413956120057E-001   0.31937032849669517        0.38347609800185381E-001
   0.77686293431987785        0.99741800155385904E-001   0.65400072358605499        0.34216472943950152E-001
   0.69838385433683192        0.99394828279944100E-001   0.35730500492323325        0.37128632681044556E-001
   0.59271283015424936        0.49313806952173973E-001   0.39250404859499088        0.33077865772388464E-001
   0.93421516124199422        0.99128993289199038E-001   0.27022273123793938        0.37538650610558444E-001
   0.10765441711067612        0.48707040192300294E-001   0.73735237486095384        0.37111986283401482E-001
   0.98891663980332134        0.49090820296250476E-001   0.25928200074273205        0.37337560494876812E-001
   0.48552833886314473        0.48912886584971067E-001   0.76037185692328324        0.34775266203854231E-001
   0.50460967829528025        0.48644278604393451E-001   0.85291374857051838        0.36851746873375245E-001
   0.64471425614338262        0.49344784159233462E-001   0.43960279997413787        0.36712218678714610E-001
   0.60107959730680216        0.99090501122246558E-001   0.54394991404214466        0.37762062256501104E-001
   0.64742210104002540        0.99470250291997561E-001   0.28189722462500150        0.37540140038897066E-001
   0.50262230936990127        0.99133174211539776E-001   0.55072831582061488        0.37796387294815707E-001
   0.54564017890070349        0.49342940234734456E-001   0.44619251389098202        0.38120123311727198E-001
   0.76726345181458122        0.99398720634440912E-001   0.41907849391856361        0.35841514072737661E-001
   0.89840595801207390        0.49162590064378640E-001   0.87363691968325452        0.36201771038815951E-001
   0.75657517543548913        0.98923090549092776E-001   0.14788254069049372        0.36052881407726362E-001
   0.53736694457096779        0.49090172977848366E-001   0.47716107402151549E-001   0.40159077155373341E-001
   0.59155521323067095        0.49415195184660907E-001   0.29815133192847354        0.39120961025977161E-001
   0.45322941113239062        0.49060475083338495E-001   0.24442894525230890        0.38272173430632661E-001
   0.25885045195400685        0.99160395570014020E-001   0.31682793415363175        0.38106092642340758E-001
   0.35919214479995554        0.99409204399638768E-001   0.50186979996662040        0.37442049015143745E-001
   0.95572951819832996        0.99438565646132251E-001   0.77014306580668512        0.37856626822999784E-001
   0.68283802845830543        0.99449630301082614E-001   0.76198097522987907        0.36929879512564358E-001
   0.56536063842828932        0.48958079378136309E-001   0.97449171052767436        0.38233313747301684E-001
   0.24942487988631185        0.48988606594587057E-001   0.79432326583705393        0.37292489192711317E-001
   0.71903405884090821        0.99747763777977227E-001   0.61619576949278199        0.34806013796784337E-001
   0.96295212347009462        0.49109258828918312E-001   0.42116307302637540        0.36945696763512885E-001
   0.14059865951824874        0.99547812545379866E-001   0.69164465802939695E-001   0.39062630536212457E-001
   0.36838797238468952E-001   0.49648714506760692E-001   0.20043710218235009        0.38435743815401970E-001
   0.97505719219612008        0.98839036671569444E-001   0.94829231671735181        0.37858554350369882E-001
   0.83019515884509909        0.99550776471556190E-001   0.70334455103274585        0.38316054214882024E-001
   0.79052960968661956        0.49757693484345951E-001   0.46678035223883269        0.36639799859354151E-001
   0.26889503689519878        0.99541283900632993E-001   0.15350891568731045        0.37740937124503118E-001
   0.66446601286746598        0.99470760783255660E-001   0.92300473047085829        0.33775057543644640E-001
   0.66801031746854123        0.48968543845693234E-001   0.97916978360595130        0.39862216082720156E-001
   0.55578021421914070        0.98960412732489622E-001   0.60335662159363157        0.36940116414846777E-001
   0.96575623586417436        0.98328189602285274E-001   0.10400762550863074        0.34552748733963981E-001
   0.97691056671229390E-001   0.99690156484025766E-001   0.53839191621117455        0.35943541165002965E-001
   0.71893377014837867        0.49369760679200313E-001   0.40522998343923861        0.35025633089156204E-001
   0.83772293999644931        0.99043505686576050E-001   0.36718417595364615E-001   0.36108606928829660E-001
   0.43574383502610597        0.98888570843591206E-001   0.76697870241618815        0.35142907899423294E-001
   0.28796524769621251        0.99020336664961683E-001   0.83214730894021094        0.36250854907345011E-001
   0.39338397128433839        0.48926988279716255E-001   0.12822035230636350        0.36301926165055669E-001
   0.47737970173885202        0.99037999530801987E-001   0.57475366808368629E-001   0.38499731413469580E-001
   0.73163392053120102        0.99735949475461036E-001   0.70811587460385061        0.35616497466212267E-001
   0.73881514503639067        0.49165020435145097E-001   0.24441957272925532        0.35029494396637800E-001
   0.20485992204586431        0.49190671476375319E-001   0.55171013291706594        0.38861705331462097E-001
   0.13625671009527680E-001   0.48546115886785451E-001   0.84683469765434463E-001   0.37106248893387789E-001
   0.40623573376846779E-001   0.49835692178941973E-001   0.70355499953866141        0.37871198529472481E-001
   0.70547045684761023        0.48857497897277280E-001   0.17626426545324633        0.40791980333942705E-001
   0.64709950731126578E-001   0.49534630699760850E-001   0.86975847158032227        0.37908904420718439E-001
   0.76620896549395057        0.49049879273580788E-001   0.95863601933776232        0.35510685187759093E-001
   0.87360444475987531        0.49131947047645091E-001   0.16648604977654116        0.40445431468396700E-001
   0.32993689571283469        0.49039298095667344E-001   0.72523953301811983        0.38060932258655318E-001
   0.41946377455160300        0.49014575333604982E-001   0.58531074874532241E-001   0.37997742099710415E-001
   0.11765639357647907        0.49100658623206513E-001   0.42371077062163232        0.39381681090644653E-001
   0.89867038085500117        0.49099215251146466E-001   0.38023421484565939        0.38788548092024581E-001
   0.29012120351199103E-001   0.99529444549972368E-001   0.14135552926277037        0.37753761410537087E-001
   0.88010889486900934        0.49480734160522608E-001   0.78014855243287162        0.36354570860612299E-001
   0.47423847752223060E-001   0.42708584879388826E-003   0.34776801004967106        0.32997053947478150E-001
   0.18434363401642331        0.99835754700504389E-001   0.65607992053451625        0.32998137446277456E-001
   0.97750400363652945        0.99712887127520494E-001   0.46876887460706818        0.33067586416960816E-001
   0.83295344744034039        0.99481472930951637E-001   0.79243397082958034        0.32962643509816612E-001
   0.35996611080026758        0.49821579063610712E-001   0.45091127531271080        0.32886219889478742E-001
   0.10902365310711283        0.99098197567541207E-001   0.37201339391498905        0.33032529009488262E-001
   0.83228925171472590        0.99747011807237634E-001   0.44185214738350109        0.32979682249821216E-001
   0.49742330575589522        0.98560823356341726E-001   0.15236079407908862        0.32986623668943567E-001
   0.20688819281039716        0.98898780916741605E-001   0.26788213350142803        0.32937376840470940E-001
   0.38960303794872519        0.48964490967913187E-001   0.77192287932944081        0.32991244237828642E-001
   0.22092117032645256        0.99234645844484826E-001   0.60082504640424073        0.32946036852437847E-001
   0.82620902716116895        0.49176156689350430E-001   0.23622692092246869        0.32884270342291161E-001
   0.28819403810023908        0.49462289316605845E-001   0.66751778503152226        0.32967242378806667E-001
   0.70513241507533930        0.49838008049614684E-001   0.57236909275461745        0.32998579547160116E-001
   0.77926930585132381        0.48923398049941086E-001   0.18962778720746598        0.32921715064395618E-001
   0.15621485749566002E-001   0.49914627042177834E-001   0.61245180853100101        0.32897021569393253E-001
   0.82587566078291841        0.50686839649278718E-001   0.65157703963139590        0.32952551910497695E-001
   0.87497571705552502        0.49827530695159418E-001   0.44820491871240897        0.32993141925990080E-001
   0.50818326886073173        0.49448226332939826E-001   0.19881145301562539        0.32986428742636097E-001
   0.89452096051423058        0.99458383884781995E-001   0.73428428839730930        0.32986753928063745E-001
   0.72281395915097146        0.49717366157725006E-001   0.66191034539981364        0.33015026646565915E-001
   0.54837489405476247        0.99332071273107947E-001   0.49666554665780727        0.32948159418783644E-001
   0.45494202623269742        0.48639172099776001E-001   0.15996669561274593        0.32910669696858498E-001
   0.35262939148228278        0.49346951310420141E-001   0.91481672660053137        0.33018241642177010E-001
   0.92042759623691006        0.48535623073562933E-001   0.11003470410889700        0.32894768510779923E-001
   0.62403006847411246        0.49073312753252496E-001   0.67959789418720629        0.32938641188875573E-001
   0.83803308217888373        0.49049817213929058E-001   0.33484051386893260        0.32941582701672530E-001
   0.26151248426198764        0.49331467212237273E-001   0.93493607826104264        0.32935246021512876E-001
   0.43328588329454382        0.98631012374273241E-001   0.19708630910142780        0.32953072129449784E-001
   0.40843226756577067        0.98657785243559948E-001   0.45156293378758833        0.32914273746936125E-001
   0.20950403964534298        0.98415492764619625E-001   0.36800535016416080        0.32895666545342046E-001
   0.88742268102126654        0.99896790102660032E-001   0.49019943017496448        0.32969217246582971E-001
   0.10836149499475294        0.49670788231063405E-001   0.58465594637049445        0.32892679508474638E-001
   0.31766607407407987        0.26459323611959136E-002   0.35659482759679234        0.32938289566953750E-001
   0.53936060092578930        0.99371642153882458E-001   0.30120972689832831        0.33037709323493487E-001
   0.37493416512190625E-001   0.62441742514414303E-003   0.50042671422651719        0.33027869266314194E-001
   0.14222927161507515        0.50184570262580143E-001   0.51664510010894349        0.32850034063901606E-001
   0.65119776215726877        0.98678505687838480E-001   0.17172516929113615        0.32996122804174334E-001
   0.51726833653074900E-001   0.49676987605472095E-001   0.10258673472953598E-001   0.33037935060379303E-001
   0.79142490804405019        0.99012290237239009E-001   0.88188488619733260E-001   0.33019189785212434E-001
   0.53900348395954834        0.99013278262907109E-001   0.10117177104723114        0.32941194715885920E-001
   0.28213640898199371        0.54375950752102498E-001   0.26988130057081759E-001   0.32903288088561224E-001
   0.39757730514019424        0.49549562256796555E-001   0.86316858499526794        0.32903178099230962E-001
   0.15925800058341855        0.49607257315235451E-001   0.11752118076803006        0.32910112193014790E-001
   0.51939368681036058        0.99104396034337822E-001   0.99733756927524986        0.33007999789170850E-001
   0.84749614767601267        0.49447678123868209E-001   0.50814663927260917        0.32931480799027350E-001
   0.65011907796833288E-001   0.13342164707581090E-002   0.59927977601240434        0.32986428326479800E-001
   0.26932776227557315        0.48411012750636619E-001   0.46492208751708369        0.32905502190817386E-001
   0.65047391013481437        0.48054468520660032E-001   0.12683264006204042        0.33042004663836617E-001
   0.54116506304354606        0.49995522414541110E-001   0.34989571869190278        0.32966574157917643E-001
   0.38173763532208492E-001   0.99506690466996450E-001   0.25159591889839505        0.32917285196325009E-001
   0.58769467812530130        0.99294276612578836E-001   0.29122161692850562E-001   0.32903842915140848E-001
   0.74533179625327106        0.99728851584867384E-001   0.48433567299320474        0.32937662379023562E-001
   0.18515942253484693        0.49165581487807669E-001   0.46077039691549115        0.33037642047923192E-001
   0.99874529251053323        0.50025142457838546E-001   0.84410742212411483        0.32864088882004781E-001
   0.30335195252279029        0.49080371092922820E-001   0.11671948373843530        0.32927567263012061E-001
   0.89009732370510874        0.50975732593813730E-001   0.16469109736231651E-001   0.32852594872101994E-001
   0.40559260032017719        0.99884779747301297E-001   0.90618025533468671        0.32897331127922452E-001
   0.37697691386757709        0.47763323331965049E-001   0.66646157855007693        0.32911567751094439E-001
   0.96264002830834572        0.49023906792376226E-001   0.89948759741089390        0.32949728601635878E-001
   0.79333906125671427E-001   0.49575425640530156E-001   0.14292059612828445        0.33040326967841954E-001
   0.88162758836330690        0.48601923367118514E-001   0.69112553359971507        0.32939960723154166E-001
   0.15061283252180807        0.98536817727302342E-001   0.22410625725569702        0.33048990432522525E-001
   0.46419389178876019        0.98726205810435091E-001   0.61043865414303089        0.32968125597569481E-001
   0.15795749809542481        0.99744508551497316E-001   0.92537569835922584        0.32923245538683671E-001
   0.57569532828223313        0.48989984545928844E-001   0.73664749589635270        0.32865850161900675E-001
   0.44845986256179537        0.98681918104139954E-001   0.85595240544718376        0.32946865458255932E-001
   0.66651839290303361        0.48877427046448998E-001   0.62716960571918956        0.33080484807665102E-001
   0.50674042260317620        0.48866757418335537E-001   0.60088524785608877        0.32917435076477458E-001
   0.83716668161191898        0.49534230605068542E-001   0.83530879560972626        0.32906728698542970E-001
   0.36796949794575945        0.49183231098735528E-001   0.55107053448850518        0.32970663392806396E-001
   0.15557180666077974        0.48659001910671483E-001   0.26827627502472984        0.32969997996590866E-001
   0.47973180221747674        0.98996282791715157E-001   0.71485439241690918        0.32970312304669264E-001
   0.90286687626223638        0.49401073925139760E-001   0.54419551651297249        0.33052568468613881E-001
   0.35867127892773999E-001   0.99894308828239353E-001   0.81959051996217736        0.32914735323953365E-001
   0.20472082673145295        0.99721396926307465E-001   0.10251699343172041        0.33004166272772258E-001
   0.67440945200639013        0.98893020610361107E-001   0.66995408782481269        0.32957585122690758E-001
   0.10575138196548357E-002   0.49053025759827430E-001   0.35107428022143261        0.32968875564511092E-001
   0.49421849029443521        0.49912889814884787E-001   0.10693385027342767        0.33029914298453089E-001
   0.45252813106169176        0.48410867430142078E-001   0.89958372535467734        0.32968978475397405E-001
   0.56819039792446446        0.48702950409717151E-001   0.88201018025014832        0.33007465440937259E-001
   0.37535801752032466        0.98995845433144200E-001   0.83240737602297471E-001   0.32993815917965463E-001
   0.77709302413125270        0.49726708709217193E-001   0.80557192167896152        0.32969164877108582E-001
   0.93118181144023704        0.93196483685654307E-004   0.67937141506061638        0.32906408245399699E-001
   0.84715233570647797        0.99163498417062651E-001   0.37699727092644292        0.33002656006441318E-001
   0.89627246216861656        0.99456870913016568E-001   0.82550657395609450        0.32925036537891472E-001
   0.38984425584874211        0.48320732631895985E-001   0.19751407196254686        0.32904104149585972E-001
   0.78342011891885188        0.99199289488062906E-001   0.23261104821688597        0.32925732429471458E-001
   0.81369726831726275        0.98360198347222982E-001   0.94720006126554324        0.33000469835309000E-001
   0.56636949779797185        0.48621314494033868E-001   0.23042010302958643        0.33030274649762895E-001
   0.49773391565020841        0.49381311559855479E-001   0.49897914942917271        0.32981782441361567E-001
   0.46841597011852157E-001   0.51076126962884133E-001   0.30021499663489237        0.32928638616065049E-001
   0.68109262665084591        0.49423001541077857E-001   0.71303985055863373        0.32975449812819087E-001
   0.49592358166250289        0.49290714137482122E-001   0.30149970253445801        0.32901410884476325E-001
   0.79090846379907320        0.10927659328465330E-002   0.84824355012156982        0.32988154486111351E-001
   0.35995872265296730        0.30145084432425325E-002   0.30596535655659196        0.33032516930738935E-001
   0.69738534350627546        0.99644127287474446E-001   0.52961357563792810        0.32913033090331736E-001
   0.55136227609066035        0.49131763909564669E-001   0.53957445273241789        0.32852704152425680E-001
   0.17965648434657275        0.99622468005656759E-001   0.82847682001559765E-002   0.32983037276633653E-001
   0.98687758392903724        0.49000139351305039E-001   0.99727888319137814        0.32973371759743159E-001
   0.25689048394470287        0.99281725221388659E-001   0.22325413852639425        0.32949746802812666E-001
   0.69488057901672440        0.99343317296633468E-001   0.22979404576816803        0.32846705099358359E-001
   0.42136323799641423        0.48642214097284024E-001   0.60533797354129160        0.32979704551752906E-001
   0.86535892354872712        0.50017240155709811E-001   0.59849601426180743        0.32941664790261525E-001
   0.69492858777536948        0.98352469191513595E-001   0.11604051118601329        0.32949452751661411E-001
   0.37320405462060563        0.49015808024277935E-001   0.46492443440591669E-002   0.32969293141968899E-001
   0.11801649058579683        0.99545382506068814E-001   0.97774037657092860        0.32919136896635171E-001
   0.65095921725931494        0.48920729079758495E-001   0.53451915169497188        0.33005353234528037E-001
   0.91338348966231953        0.99875414690506162E-001   0.58842137022779684        0.32973339021564227E-001
   0.12239625283576905        0.49565092694754377E-001   0.20516359020427841E-001   0.32996397998936222E-001
   0.74529949269991569        0.99539804548285357E-001   0.29195696251393394        0.32885354103903593E-001
   0.73169561030282904        0.49514235201841256E-001   0.75547073725132485        0.32917645674413271E-001
   0.87266313923615069        0.11075077609712795E-002   0.97708722347470467        0.33016005810744528E-001
   0.93814669415754282        0.49322636739043392E-001   0.32001691297918300        0.32939786374594070E-001
   0.79060487757783504        0.48998549400427152E-001   0.45122076637932045E-001   0.32957211414316796E-001
   0.40853083009592833        0.49396644144024018E-001   0.49746610438433603        0.32893611769999470E-001
   0.25419628359202623        0.49182818342841335E-001   0.72416988709436914        0.33001774426603583E-001
   0.60468434075765609        0.49378407497203625E-001   0.59424446245630602        0.32860021232026637E-001
   0.36551631234766307        0.92779976523419891E-003   0.95896116621701299        0.32995214902901651E-001
   0.70984254908687860        0.49310732788595268E-001   0.91921651612992672        0.32990269474392465E-001
   0.42532837694058168        0.99065553635469331E-001   0.66382920292582592        0.32977499474737951E-001
   0.93863459323822418        0.49458720878140676E-001   0.81732170993591702        0.32931861931174582E-001
   0.93090304741887064        0.49160104191098036E-001   0.48360164769810388        0.32958645019541134E-001
   0.45259094267411015        0.49144026890445919E-001   0.54716397094692237        0.32974619299957229E-001
   0.93385618753033944E-001   0.98747232824513240E-001   0.28748256857696536        0.32927841152244633E-001
   0.16355649910275692E-001   0.99038944854773228E-001   0.88605736488808973        0.32969963370465545E-001
   0.92683393295738026        0.99110919935827824E-001   0.17707313684965936        0.32933365383181978E-001
   0.80710434071899406        0.49175412103917016E-001   0.39305517294850040        0.32971330041360859E-001
   0.44048096140836290        0.99032898912824366E-001   0.11868435475404392        0.32968639620000746E-001
   0.85050116503860795        0.99225214143942919E-001   0.87703253153852234        0.32951501132599557E-001
   0.49441481723927538        0.49082552573101117E-001   0.39647845576199298        0.32992016567474226E-001
   0.87568889050275756        0.11891687187961291E-004   0.64329915976519447        0.33032876721836968E-001
   0.61757913345838134        0.49089757929595933E-001   0.92607749558762775        0.32942268311399028E-001
   0.51089708180374960        0.99851804949475917E-001   0.65681663677359292        0.32856775803967307E-001
   0.10038264568520119        0.99573917725225822E-001   0.83431711975830081        0.32967622419002161E-001
   0.21505468577421177E-001   0.48835368133637869E-001   0.92954857484518194        0.32909389612152923E-001
   0.27221495031158943        0.48570615250139393E-001   0.57696579435642648        0.33026948224364361E-001
   0.43115796121271026E-001   0.99567530670936988E-001   0.96770948641172250        0.32875568297611520E-001
   0.91486645644416431        0.99157039487025117E-001   0.43024340345020484        0.32936950443219919E-001
   0.58496986062005163        0.99384586161630623E-001   0.34975827030302920        0.32994182571336649E-001
   0.59346639701540127        0.99830367319907201E-001   0.78213298095183315        0.32906433381868556E-001
   0.74534321118159230        0.49765996597250034E-001   0.86350649846761141        0.32936063650534822E-001
   0.44850279925374653        0.52210445723009681E-001   0.34836060072188135        0.32983129543780430E-001
   0.52034421720776747        0.49020447318407136E-001   0.70094942941144911        0.32902281430591936E-001
   0.76459260318914579        0.49691313967269272E-001   0.61068938996575939        0.32949716572998701E-001
   0.89925429822633712E-001   0.99324204147318976E-001   0.19789453144244981        0.32964743327825591E-001
   0.59921034271406082        0.49503347103639954E-001   0.49343237849828070        0.32994028320634181E-001
   0.16618585447649140        0.48745167102612980E-001   0.36973351833838464        0.32992005443565328E-001
   0.64517452646700291        0.99746868184204460E-001   0.48865899386847828        0.32943485464877076E-001
   0.80863554967597573        0.49053347310879430E-001   0.12920022031788600        0.32951530753810312E-001
   0.54812205620423726        0.48840036276076769E-001   0.14561195307596023        0.33087909031372771E-001
   0.36139540294147637        0.53300892581754106E-001   0.35076524567586376        0.33012258964574256E-001
   0.41062258923870038        0.99113484000909316E-001   0.55735351722952309        0.32959603358267836E-001
   0.16980927263323606        0.99136642877535888E-001   0.42056963222328703        0.32907188812320430E-001
   0.32679524361714962        0.48526881175849662E-001   0.61402316832031212        0.32943573429590194E-001
   0.68121109848804429E-001   0.99495250584762884E-001   0.44184025090870144        0.33013877294696056E-001
   0.72024330238600553        0.99009195533205988E-001   0.96909704995605472        0.32997204780367682E-001
   0.35281072822197374        0.48176733873934181E-001   0.25827020509990006        0.32982028686474991E-001
   0.31519167708270790        0.52053584855012547E-001   0.40240361719423351        0.32920046380892395E-001
   0.40450823267061892        0.33385655682762368E-002   0.35467253203802473        0.32959256361770099E-001
   0.50529935401638104        0.99584803261604640E-001   0.24286692610685867        0.33015834234629372E-001
   0.63414562375134587        0.49483930103052763E-001   0.76700358430481841        0.32941679566171084E-001
   0.92628615489841126        0.49040913082181933E-001   0.96076720334498078        0.32892134816885854E-001
   0.89495356081480487E-001   0.49538309771309894E-001   0.77651301265858980E-001   0.32924003783207090E-001
   0.45198479322568030        0.48960110334593250E-001   0.44721372118859831        0.32983313006300675E-001
   0.93221608438557324        0.10046832142866925E-002   0.61782680835570456E-002   0.32992717960439066E-001
   0.69338623935488763        0.99328567879555157E-001   0.44371069918142131        0.32971355045505912E-001
   0.63379175418223122        0.98302521445419580E-001   0.85862037938922151E-001   0.32939260521598929E-001
   0.81005934924974243        0.49350796110132183E-001   0.56249288788483964        0.32959578908318202E-001
   0.83137927526790267        0.99861247767454447E-001   0.28159426974081148        0.32943111607940972E-001
   0.69989374352077971        0.49675389156428891E-001   0.48674733857063845        0.32938919791091002E-001
   0.93768036894849888E-001   0.99563136534792041E-001   0.91067542321984674        0.32901905541435482E-001
   0.73120557124056051        0.99000052385683213E-001   0.60280813040367233E-001   0.33021044451578677E-001
   0.95689856461363743        0.49641542893056563E-001   0.58218196274151091        0.32982941129659320E-001
   0.67167377236874282        0.98945185285712556E-001   0.31945730786561127E-001   0.32900514758964390E-001
   0.24711210088488317        0.99291901734973556E-001   0.68137503825725354        0.32911789495086941E-001
   0.80465548627614258        0.99484812769143213E-001   0.51356505903213345        0.32973716525870722E-001
   0.30783769208385026        0.93960173686459937E-004   0.26523794657605165        0.32978461329833550E-001
   0.66014288462350312        0.49964098870615224E-001   0.87566434149692685        0.32968814319964332E-001
   0.16688713808431604        0.49330069387004689E-001   0.61510150474877190        0.33030939238435884E-001
   0.13662473359231961        0.99503986461924307E-001   0.77809333429468164        0.33006050178398805E-001
   0.29695466404467891        0.48986099721500462E-001   0.87920593483046816        0.32971992114061127E-001
   0.25327443410499983E-001   0.49831242816549666E-001   0.45307433188818080        0.32961891227117526E-001
   0.94293962200205339        0.99089590394335569E-001   0.52605800015665061        0.33109608196664905E-001
   0.13312589351159970        0.48573995055301605E-001   0.67194434733403896        0.32881122283514100E-001
   0.33242497905933888        0.99016185150436045E-001   0.18334789338679106E-001   0.32909942690775580E-001
   0.82835670704267028        0.49254237037964735E-001   0.98903190624958870        0.33069770417618230E-001
   0.20799589205359720        0.49214640037023881E-001   0.31134778404057106        0.33015640395814942E-001
   0.12397271281108933        0.99108470210385435E-001   0.62940200121755929        0.32967082902747899E-001
   0.62912842432972182        0.49143891734946661E-001   0.41174165638727570E-001   0.32997915853216118E-001
   0.55829440201950797        0.99005599097392247E-001   0.92424846618335765        0.32938865471952523E-001
   0.50815591934377041E-001   0.49691460848281410E-001   0.54601113993988393        0.32982397376060124E-001
   0.21322034932381850        0.99386009984668303E-001   0.73832982155830751        0.32901580063968643E-001
   0.49198960503098793        0.98824701389892647E-001   0.80564109068494172        0.32864793540475605E-001
   0.93629433361576364E-001   0.48303060297737573E-001   0.24360915858585397        0.32905571786073395E-001
   0.46770739902811714        0.49416126588627617E-001   0.65430309042651502        0.32900172821606843E-001
   0.54440885281193374        0.48043586219331011E-001   0.79553441626126420        0.32933614919565077E-001
   0.10644277840519081        0.48659095709736019E-001   0.32843195632432964        0.32915303212417819E-001
   0.39228951429750997        0.99517234311943772E-001   0.82043116115990367        0.32907459654209444E-001
   0.12246102678053901        0.99521204953660430E-001   0.13988770157518285        0.32959103910977880E-001
   0.37971219957321822        0.99197800277989856E-001   0.71561244216105580        0.32971548278277064E-001
   0.58704980970276377E-001   0.98728934473405472E-001   0.75146316682111758        0.32921141787970030E-001
   0.65935632650326326        0.98806496179870973E-001   0.58407305007888366        0.32954552531206174E-001
   0.24690951082633064        0.52590029677944294E-001   0.82893430029276891E-001   0.32954844096920517E-001
   0.78881330227400059        0.49706553035397456E-001   0.29070815052172594        0.32911545544694366E-001
   0.77612357533643483        0.98961264861688478E-001   0.46209443626002607E-002   0.32967010663540339E-001
   0.18913843569210537        0.49632316216676076E-001   0.50514295857562737E-001   0.32993317853824436E-001
   0.85965266477353841        0.99052325953069675E-001   0.55009550832158072        0.33020559168123312E-001
   0.64652601479768357        0.99450098442473225E-001   0.82182455352017658        0.32912885229609591E-001
   0.90660164831769063        0.98763494258787610E-001   0.68064717340311942E-001   0.33116725324100794E-001
   0.15756576228868252        0.99147296370074856E-001   0.57261590884406555        0.33010921874947204E-001
   0.36119209305952971        0.12473245889473889E-002   0.40589872998045268        0.32838701590456966E-001
   0.22673182019726748        0.49267859516743930E-001   0.64344823054101774        0.32983085596606988E-001
   0.23806979342249304        0.24067477222004547E-002   0.39633460607233426E-001   0.33058410624250689E-001
   0.77799311358294565        0.49715189426791581E-001   0.69890077366255021        0.32970591966469572E-001
   0.74848917100326018        0.48874773369164203E-001   0.10013628628561326        0.32939365391384409E-001
   0.31679953166760888        0.54221065541460979E-001   0.97056784852145006        0.32983776635811278E-001
   0.98459631193096375        0.98884110328037914E-001   0.20894229002511791        0.32973511635209937E-001
   0.62467593366537533        0.99291603405542272E-001   0.72303933700826928        0.33024579453178930E-001
   0.95667997261086657        0.99290730731963608E-001   0.85642657879930251        0.32930258967516987E-001
   0.55181429225875522        0.98564246805919409E-001   0.18966228365380025        0.32946690204151662E-001
   0.28225040111994204        0.99012119628427653E-001   0.75744333191410385        0.32935751417033733E-001
   0.11013139724392463E-001   0.99161048476844607E-001   0.40849303830406430        0.32978990236339926E-001
   0.60888251121009163        0.98655842736155686E-001   0.22286840291168322        0.32947081244333667E-001
   0.52203414797472869E-001   0.48512724032649446E-001   0.39275138952045741        0.33005939689809201E-001
   0.70211669564988533        0.99884220039553676E-001   0.86380791451187000        0.32998260094882589E-001
   0.82044598339177832        0.99110462530183713E-001   0.17647521573244263        0.32923260882985035E-001
   0.40173340450575845        0.96865204786204253E-003   0.25490960125120676        0.32955336389828054E-001
   0.53819442593969469        0.99286751475369611E-001   0.39622861356241706        0.32911153220520031E-001
   0.94135295134421038        0.50193045446956353E-001   0.72124411033071667        0.32971093208350261E-001
   0.53869799475039011E-001   0.99613263602542121E-001   0.53479498596115990E-001   0.32997992238630959E-001
   0.90929755453867822        0.98918667016285378E-001   0.92092507276078805        0.32914203949848439E-001
   0.15073566309698572        0.98729503481797029E-001   0.71340926376628189        0.33060529820295857E-001
   0.60345373124816393        0.49408944056589979E-001   0.82543327283693912        0.33000554753884893E-001
   0.89153263770609414        0.98459026171118749E-001   0.32738726111511546        0.32911489126842913E-001
   0.83030279609101934E-001   0.48310101025845320E-001   0.48739175765470033        0.32938951640053712E-001
   0.40968855982026359        0.49276192817649375E-001   0.94971779678595214        0.32884560771047497E-001
   0.77421752704564351        0.99548153531003478E-001   0.76250819648600421        0.32929872033594806E-001
   0.53332076512429261        0.97643597631406634E-001   0.75320517566608780        0.32934530120558490E-001
   0.89106510626029228E-001   0.99145082835555273E-001   0.68712846592985599        0.32951279553600790E-001
   0.21845159466327624        0.36361936114621196E-004   0.95175462226305529        0.32992195335895577E-001
   0.26812133359269497        0.98597369018677716E-001   0.40000672897599104        0.32964239278344694E-001
   0.28576560146897429E-001   0.14606616244635724E-003   0.65433412212411646        0.33033789177578481E-001
   0.30777693627052061        0.11383178115100909E-002   0.92506802815842792        0.32926577798254385E-001
   0.86572159427487716        0.51056222868177459E-001   0.93454349114686075        0.32940754124296444E-001
   0.47707122157697457        0.49374047882922711E-001   0.61970075698980706E-002   0.32783010083454453E-001
   0.19932490338800940        0.49892693437836096E-001   0.91285262828411706        0.33035381802008545E-001
   0.22478203680606818        0.49907904969608854E-001   0.99458052033070110        0.33047583432247681E-001
   0.76666315012837916        0.99720496175469797E-001   0.56759843629266948        0.33016210026221272E-001
   0.45330238288703117        0.99301822080937963E-001   0.29599701771273684        0.32985665237098907E-001
   0.55598715010957411        0.98058700653566616E-001   0.83727250238001649        0.33010868013380421E-001
   0.49508132203136929        0.98995987844806066E-001   0.45199372717655195        0.32979698143383272E-001
   0.13663209525221739        0.49813188522575963E-001   0.18134759439415116        0.33048109035997995E-001
   0.94702556013692285        0.49105083593775967E-001   0.49790999008751245E-001   0.32944557673978643E-001
   0.14189392833573281        0.49786649816022044E-001   0.82108666870924141        0.32932534726596241E-001
   0.73035661633979720        0.48904209882895011E-001   0.16967328119259446E-001   0.32902195791400350E-001
   0.31145844917411714        0.99735341926576959E-001   0.45001280638877295        0.32964173753873983E-001
   0.31030574987376963        0.46766800829831624E-001   0.18916381433563931        0.32964623713573935E-001
   0.61584722234096767        0.98912547008479179E-001   0.96925315585580130        0.32978448978782916E-001
   0.91978681771017490        0.49781647846008178E-001   0.63735931915562982        0.32914347781552382E-001
   0.56421302068050372        0.48878606484831687E-001   0.65170356795530215        0.33044360997276541E-001
   0.86363930047199777        0.49196154977285918E-001   0.76847329325409997E-001   0.32815110550712477E-001
   0.81645745897920685        0.49418231695550180E-001   0.75257224554199109        0.33012238414519328E-001
   0.16268700142061374        0.49705164289247372E-001   0.96827668941317147        0.32968046316926534E-001
   0.29633683015374634        0.99403663801099940E-001   0.74152016515721092E-001   0.32847713475556019E-001
   0.82204651931005202        0.99816859213015641E-001   0.60428091672452111        0.32926399291162360E-001
   0.16136849028812247        0.99762820544005384E-001   0.85940116287370794        0.32960017456033934E-001
   0.31152442097129079        0.49503456920803539E-001   0.51595147189194990        0.32927572544635839E-001
   0.68890377178119866        0.48460670368288522E-001   0.72003844303019454E-001   0.32949421827899381E-001
   0.92678272804987938        0.49001349926897711E-001   0.22082307903990625        0.33019682899279333E-001
   0.79468897750228351        0.99305092322179406E-001   0.33637505312419669        0.32979822463219753E-001
   0.63691653204962229        0.99335073491892481E-001   0.39116142112391006        0.33008020447051256E-001
   0.99373274100026254        0.99043038305284686E-001   0.30858454101541549        0.33012144394557151E-001
   0.25641767992037756        0.49238330899599052E-001   0.26622973289817914        0.32949726553755027E-001
   0.40560090119235931        0.50626886899260440E-001   0.29816388711469966        0.32980530296597428E-001
   0.61277614236454170        0.98475066412369514E-001   0.88047785030081360        0.33000813286357275E-001
   0.22576454876458024        0.48509003295848535E-001   0.40857577969963643        0.33024899913950440E-001
   0.20257020588543678        0.49772274513199329E-001   0.84673074146447525        0.32927134595949113E-001
   0.50067563631505430        0.48365111680911954E-001   0.94473975222315565        0.32966571224026277E-001
   0.45150603993741406        0.99407999031753666E-001   0.50164127812881087        0.33010627181459432E-001
   0.64408987678948293        0.48759608983510928E-001   0.34774000844786668        0.32946652616121307E-001
   0.56478551195584115        0.98883063396390150E-001   0.69491113912014368        0.33027779311130198E-001
   0.49632258980980754        0.98494185389501721E-001   0.90146556794887167        0.33003993511755800E-001
   0.98914300460474180        0.99003274506334421E-001   0.40718228659334228E-001   0.32900838734716636E-001
   0.65199814909675213        0.49453512442332120E-001   0.23079857872127457        0.32870733728493980E-001
   0.18316727619983697        0.99298887721372464E-001   0.16565536482516208        0.32966635860797171E-001
   0.22002911431807270        0.49533446196644876E-001   0.14307451925111925        0.32939703655696428E-001
   0.19268740634649742        0.49026531748017563E-001   0.70006379281108222        0.32951331401634122E-001
   0.33846947322931664        0.48984057959008100E-001   0.60845844005322988E-001   0.32968825500744370E-001
   0.74798037988263261E-001   0.51406191773677737E-001   0.64138784920373837        0.32957611665385758E-001
   0.99050378153395136        0.99907492499571093E-001   0.70841857267036612        0.32963740121544571E-001
   0.34627803162606330        0.99037658934121253E-001   0.77324823708099955        0.32976081780362938E-001
   0.33139210785179024        0.99296145656157159E-001   0.67060631633641010        0.32962916342940539E-001
   0.61770120616952706        0.99539860153877030E-001   0.63621348793507582        0.32978804182208374E-001
   0.59622897872019731        0.99387407235954073E-001   0.44360265015957329        0.32977773460191116E-001
   0.22770793375594386        0.98883612130376594E-001   0.45199281997786817        0.32878414492351397E-001
   0.59220369967379760        0.48281716255431234E-001   0.95986989108513970E-001   0.32827580418428912E-001
   0.45153902117309663        0.99083389301986402E-001   0.40152874080982504        0.33060448279328671E-001
   0.59386409682546448        0.98283057807664609E-001   0.13872549304358092        0.32931783434407953E-001
   0.83404528507038889E-001   0.49555786886376574E-001   0.95231114814797135        0.32951713986699820E-001
   0.74959510021072345E-001   0.49483592741389519E-001   0.79941682717531981        0.33005992242302835E-001
   0.27571949169713189        0.42174818238379470E-002   0.98421043379417095        0.32964208887567542E-001
   0.97883757005964755        0.49904703885942717E-001   0.66705005107560988        0.32899283078018510E-001
   0.17845274237351669        0.49505493991042704E-001   0.76561681908646617        0.32999525246694916E-001
   0.13228706291235237        0.49711311222677523E-001   0.89107055816498659        0.32882307582119241E-001
   0.34974806356110377        0.98380656460309343E-001   0.21437606202769843        0.32944731247747980E-001
   0.60842885850898465        0.48371366509313153E-001   0.17933108934854541        0.32990921200516096E-001
   0.49259495300338962        0.29381607546504450E-002   0.34882690054672549        0.32887049920844194E-001
   0.75254439587611754        0.49251131845949030E-001   0.34587835119551819        0.32995727888173232E-001
   0.19996974001045828        0.99641193066012795E-001   0.80310537652533132        0.32975956582508077E-001
   0.96860483889023974        0.99766375624409320E-001   0.62506205972471762        0.33017281506631399E-001
   0.34953929275730228        0.99274751701040567E-001   0.87154682852553844        0.32969068963644946E-001
   0.40497775122169744        0.52280774370742356E-001   0.40038154319701769        0.32916917557837024E-001
   0.18530809541640636        0.99237759317401350E-001   0.50395808906912509        0.32955428044559233E-001
   0.85053863804833130        0.99095820638357743E-001   0.11768580994775620        0.32964840452061418E-001
   0.30922444085167178        0.48956210347273418E-001   0.30963789255340951        0.33007757577647776E-001
   0.12581901483918348        0.99098845725451565E-001   0.47541149347980438        0.32968661466569307E-001
   0.44164448858280247        0.48815950209451703E-001   0.81323388011113940        0.33014421215996938E-001
   0.75306878486747442        0.49767626809884807E-001   0.52666639448325392        0.32963717263608493E-001
   0.28250032787239082        0.99312076428651974E-001   0.62459684647697833        0.33059946037201929E-001
