 3 HS poly
 400 2
 80 320
    1.0000000000000000         0.0000000000000000         0.0000000000000000         0.0000000000000000        0.10000000000000001         0.0000000000000000         0.0000000000000000         0.0000000000000000         1.0000000000000000     
 T T T
   0.34480265883909450        0.12869880962445211E-001   0.94857568491113720        0.37124018360612437E-001
   0.54112039852670502        0.12545107177542598E-001   0.81315457238229882        0.39840671708468979E-001
   0.25746513471312171        0.12708840734114012E-001   0.88602943673013035        0.37986955096113474E-001
   0.64251251383303576        0.12721737864028193E-001   0.74136299478229950        0.36603116645437368E-001
   0.50497249123545640        0.62888835029879964E-001   0.58169561602007702        0.37318250022856041E-001
   0.29543350879762748        0.62817908736221326E-001   0.92636778881518378        0.36520624819265525E-001
   0.16390354011788408        0.12550842883428261E-001   0.98285383848384488E-002   0.36322914938277565E-001
   0.94242857992871121        0.12271544706292770E-001   0.18772811596957478        0.36667233067145713E-001
   0.27521531208968186        0.12775070074249962E-001   0.81130270640337487        0.38788885675976117E-001
   0.40804251613545617        0.13020431958791280E-001   0.62142087453034911        0.38699634528743178E-001
   0.45924983256536805        0.62651501369093851E-001   0.95622305320568379        0.36430669344755529E-001
   0.67440139812314392        0.62378484092266810E-001   0.79026282045027041        0.37574707609113793E-001
   0.25171749428897144        0.12822941460647145E-001   0.96335373400506219        0.39488781792828796E-001
   0.29744963727898466E-001   0.61903583991593514E-001   0.54879780473986994        0.33140070378469264E-001
   0.12454809186224543        0.61028458520782529E-001   0.12343542602320708        0.37701138460214348E-001
   0.16895115598577629        0.59114192857371385E-001   0.60968449729002672        0.36453114930384424E-001
   0.78172009307165857        0.11864332999471303E-001   0.31645960878555224        0.33625912702141540E-001
   0.52084120700160705E-001   0.11243586571486833E-001   0.84948109815912776        0.35690452223812508E-001
   0.41901799406352819        0.11698630291973416E-001   0.31050054771439228        0.38144108707833975E-001
   0.45070052368830571        0.62734768640416785E-001   0.88090054446949440        0.36802348338917552E-001
   0.63311012598263550        0.12710386660159504E-001   0.35403796566760343        0.34926755438177547E-001
   0.90528996304277895E-001   0.61216772283651480E-001   0.20187123127490186        0.39553515102915965E-001
   0.78001581673125941        0.12095245175742182E-001   0.21168085567077161        0.39950629976442199E-001
   0.21200546458820260        0.11035685831656495E-001   0.21673740698619948        0.36220909481049723E-001
   0.11870276732352693        0.11722917571386118E-001   0.40373463092298845        0.36591743089693256E-001
   0.18710261730574146        0.62563896640741842E-001   0.60406905100687767E-001   0.38341089332879399E-001
   0.27443423173112252        0.12896777937958487E-001   0.66894073585645375        0.38002685959391845E-001
   0.32852171287053444        0.63297571876757400E-001   0.43492083314281965        0.36331400462887846E-001
   0.91945409636076017E-001   0.11597962763578667E-001   0.99447194206251432        0.37253158811071274E-001
   0.62064396342997163        0.59026847782994100E-001   0.50335595441638459        0.36816106660766838E-001
   0.61772123064799966        0.89280120542711006E-002   0.55565166766976037        0.35439182784901595E-001
   0.82017859407970484        0.61978334955532427E-001   0.17079709478466754        0.35986616681933425E-001
   0.21855777237382076        0.61057655645934850E-001   0.45334392864248391        0.37830597500001367E-001
   0.27746710550987136        0.10746597757763177E-001   0.25465305887287848        0.37704811302336362E-001
   0.16195946711917847        0.62216372349299748E-001   0.83283666008966062        0.37003708886537527E-001
   0.45072906986987754        0.14253024297014997E-001   0.23226586078058981        0.39663999881105361E-001
   0.89246316425687089        0.11456867231503132E-001   0.93739656383584424        0.38636484083269633E-001
   0.68043907880068788        0.13056420726615621E-001   0.40905725991716363        0.37531462320146765E-001
   0.42657732645974628        0.12683531281981429E-001   0.76513441643021196        0.38709509755807975E-001
   0.32278343869319764        0.13345105545126619E-001   0.49111403950258642        0.38577351659026628E-001
   0.27626297934932209        0.60839145618155781E-001   0.30934031928603023        0.35186798554806976E-001
   0.36927096286756456        0.11790827308110265E-001   0.36773501009584558        0.37611711711135087E-001
   0.34341685544773037        0.62338796541762824E-001   0.64646734214655027E-001   0.36819192612763188E-001
   0.96715687263177996        0.61823121851830656E-001   0.58463061577662068        0.38932982668362509E-001
   0.93211502191064288        0.13594256236219338E-001   0.10440315862299694        0.38676344878544856E-001
   0.17607532352188127        0.11235817239609591E-001   0.55117628356173176        0.35987700992045582E-001
   0.32599449281748449        0.61293516652982438E-001   0.22612074818673639        0.36961872433261565E-001
   0.55823490122580410        0.12354397643081190E-001   0.59586779851623206        0.36169862784346800E-001
   0.19421812012314892E-001   0.11930269439190727E-001   0.50049436139572756        0.37030937516473329E-001
   0.22360774332944322        0.11053774953752447E-001   0.31186466907173543        0.37305465108472678E-001
   0.78751253208343940E-002   0.11150591757429653E-001   0.11527093764405352        0.37867894161556073E-001
   0.84787029452385282E-001   0.62241751612883714E-001   0.89190692309222885        0.36297147750480083E-001
   0.77940571541578618        0.13177990740088505E-001   0.42101711102834943        0.38050487100243398E-001
   0.75086665712022618E-001   0.11116793082831061E-001   0.14679050235303381        0.36345588818031994E-001
   0.59872427383055349        0.62659958853068784E-001   0.70777272864646301        0.37759864349977509E-001
   0.57200162205804606        0.13488750114437934E-001   0.95745829683038552        0.36200602814560758E-001
   0.62096723979171375        0.12553475524757966E-001   0.65583262790314800        0.37596251758893681E-001
   0.14194813625067249        0.11263693845088234E-001   0.17587879824289851        0.36567468063448481E-001
   0.16038964006479150E-001   0.62245990759739848E-001   0.64426350676395117        0.38173135158337167E-001
   0.98960524705954167        0.12176203560906717E-001   0.82435231854204916        0.31453106095940792E-001
   0.68999770679322170        0.62957444979407098E-001   0.71610259928225206        0.36649778070473420E-001
   0.44341597273609024        0.11644662926355843E-001   0.41623799518582760        0.37608541492939872E-001
   0.62651133588009122        0.56808638660666315E-001   0.56994650392068837E-001   0.38266052386503178E-001
   0.36552118284336915        0.62337980251221350E-001   0.13738326527595340        0.39093858275850789E-001
   0.93298882246409909        0.11348852433019687E-001   0.73512251152608221        0.36594089910681138E-001
   0.52656938892571148        0.62386901494207884E-001   0.14405875366508167        0.33318289647315855E-001
   0.86023520496048123        0.12298078723866547E-001   0.79546608428482146        0.35056409197689445E-001
   0.19991528823535654        0.12420102086287207E-001   0.67181175574223406        0.36461624675220815E-001
   0.96609822972417581        0.61933451681541275E-001   0.48454449256454346        0.37774048041869741E-001
   0.97404064966199994E-001   0.62424111589273128E-001   0.74503242396097491        0.39124206225522561E-001
   0.83616222931968098        0.62758390088060709E-001   0.30672893796653229E-001   0.39319899621587877E-001
   0.56083593451177138        0.12628541306308706E-001   0.33587582179599246        0.39097384860691621E-001
   0.62168238257943753        0.12438570518845435E-001   0.81392179780030260        0.38746484450316893E-001
   0.41532467506667281        0.12661470797326916E-001   0.92344809657807292        0.37721432551097410E-001
   0.75835033496129758E-001   0.11252631823401884E-001   0.25671891677660585        0.36028868750736680E-001
   0.79201126268301847        0.12282818493346438E-001   0.77271598803516706        0.36260637964361603E-001
   0.75451669077948136        0.10372842724668201E-001   0.90731702690020199        0.36710152876113712E-001
   0.95233612848306748        0.62249816282571271E-001   0.68404444263811737        0.36748701008281238E-001
   0.41459150155191926        0.62427220188868406E-001   0.42464549565670355E-001   0.37681157955339169E-001
   0.44291453545648951        0.61775205711642071E-001   0.36103258346223571        0.36716023187526162E-001
   0.62050086452308029        0.13455162934409277E-001   0.88554662801536932        0.32890102639914008E-001
   0.71319780324428372        0.12774165732116143E-001   0.64943285244204429        0.32859845272512657E-001
   0.66945654121423637        0.88958188826274969E-002   0.50533775411920545        0.32889745193302566E-001
   0.97348251547054687        0.63579113345143892E-001   0.74078262545545295E-001   0.32874659747913100E-001
   0.48302796704175349        0.12669953496247300E-001   0.68982664778265712        0.32856967590144594E-001
   0.23160598755185099        0.63089512545981580E-001   0.84095684675179605        0.32915126286521067E-001
   0.65145016265121081        0.60361690928477318E-001   0.92567867706950491        0.32852824139155197E-001
   0.96591651493556896        0.62620625598291638E-001   0.14513621235154939        0.32826861600959899E-001
   0.87241922429749663        0.12794053326519304E-001   0.43131726079752836        0.32916534044813733E-001
   0.81771018159887165        0.62874540958576267E-001   0.51880628386359873        0.32966903067236264E-001
   0.77869604776937651        0.63021815156102529E-001   0.37038356791242960        0.32900400677257760E-001
   0.86776292289699064        0.12828001879862367E-001   0.72492272700790034E-001   0.33019770065527372E-001
   0.84446849352974396        0.82974881194820636E-002   0.70738839289186906        0.32847777787612165E-001
   0.30953937230063377        0.63866020579372157E-001   0.70678996217960899        0.32837468966497654E-001
   0.47847605793872006        0.17441474636960941E-001   0.13611458757419742        0.32912868620373598E-001
   0.62489544205174319        0.56981404885799253E-001   0.98576036194807670        0.32901110666691477E-001
   0.16403492537384511E-001   0.61277763976773203E-001   0.88066453734218919        0.32991871870988017E-001
   0.59962382614994525        0.68618300369798118E-002   0.10005838182911703        0.32889313489225788E-001
   0.26794712665044551        0.62626386061308145E-001   0.13516317516769882E-001   0.32881222497147394E-001
   0.76854040399639456        0.13182028367732532E-001   0.51352918877947140        0.32878623514553021E-001
   0.66578935711128484        0.67563472947618601E-002   0.24921930943733531E-001   0.32902077848512255E-001
   0.72313220916140175        0.13290806435826317E-001   0.46523377503886260        0.32996320098167768E-001
   0.29865164927412929        0.11078075037706220E-001   0.18489515191561523        0.32889203422341022E-001
   0.73883308632653566        0.66839243607891494E-002   0.46768174492661664E-001   0.32835418049678579E-001
   0.72169959564338171        0.60645019627574327E-001   0.87128194288525784        0.32857325347650762E-001
   0.13751326531333682        0.11608107985826932E-001   0.74564817478603801E-001   0.32824425434188141E-001
   0.36366662187015392        0.62825502346400705E-001   0.59516168430573513        0.32938543770376950E-001
   0.15298589882079081        0.62561264224155214E-001   0.90394789583682911        0.32854927890720052E-001
   0.81674649691963985        0.59816578426928425E-001   0.81830751714895389        0.32874630651281933E-001
   0.92065567336782417        0.12507464522751838E-001   0.87155588397848338        0.32964786229928413E-001
   0.83542888110848235        0.61894957277263490E-001   0.24111330697989519        0.32943517250687344E-001
   0.34618336038871905        0.12591296012908780E-001   0.80008485059213275        0.32997988476199662E-001
   0.86730706735442531        0.16136268346196466E-001   0.52577608169590895        0.32894638623788594E-001
   0.36800697839975222        0.62056185620408891E-001   0.31741464520704105        0.32996963338924615E-001
   0.64791813641739943E-001   0.12373110588002049E-001   0.70464405498328275        0.32897815970504590E-001
   0.52803048141565989        0.60962265363543655E-001   0.48762620109569249        0.32927964277286018E-001
   0.56611538186854493        0.62522197269050062E-001   0.54723222830979767        0.32859034620211690E-001
   0.27747724408982311        0.63029536698279792E-001   0.58837310251817698        0.32907787435799134E-001
   0.77225176374269755        0.63178891608498822E-001   0.47087219593828683        0.32851602616582071E-001
   0.71517602552291204        0.12114075969894614E-001   0.17757587443598452        0.32944377572229039E-001
   0.16823553291706161        0.11210226698672891E-001   0.45397627884205272        0.32864643744078048E-001
   0.32038386102548710        0.12909578235791523E-001   0.59789193797318629        0.32946795056355976E-001
   0.32247658676022695        0.12321964383947902E-001   0.10852501394978023        0.32893953768706401E-001
   0.27962224941387476        0.13259192641239259E-001   0.73973998565546095        0.32909786887960181E-001
   0.18211540823676017        0.12201416935609347E-001   0.94256553863386305        0.32830862675778429E-001
   0.53377766978304175        0.10686736321201193E-001   0.44354443850566783        0.32948188662129271E-001
   0.66909966682222144        0.79509699137715033E-002   0.60067963885893660        0.32876573853873506E-001
   0.27514778654745614        0.11230059504815751E-001   0.35976644088477677        0.32946496059844746E-001
   0.96732758731628909        0.11839874652791363E-001   0.43447601178738648        0.32904340140133242E-001
   0.19383566611456664E-001   0.11896829598945596E-001   0.59200416608225592        0.32941130743960823E-001
   0.49163804601292799        0.12798769429372673E-001   0.90780328013651124        0.32853480542302249E-001
   0.75889385369556039        0.10981907902995970E-001   0.60166542820957691        0.32889933125797681E-001
   0.24380416404876157        0.62716266626953468E-001   0.77054461180457157        0.32887660256187543E-001
   0.18324487307273443        0.20741273785563732E-003   0.12091444708801122        0.32902966162524507E-001
   0.26738889627563611        0.61166590861564979E-001   0.40214169982879178        0.32881965793229669E-001
   0.63039165445456424        0.63527620797340451E-001   0.40415332455754444        0.32979917662433439E-001
   0.22624610993990452        0.61088969323612789E-001   0.26246631742827997        0.32976161188896375E-001
   0.43369528632802974E-001   0.11564301313349269E-001   0.91759630900544309        0.32918308976901844E-001
   0.98523133437973620        0.62121841380084176E-001   0.21073277799002041        0.32902920698797404E-001
   0.80148881347001333        0.12748388611714102E-001   0.69713044137290722E-001   0.32956129025870834E-001
   0.41510836207423646        0.12272131343929245E-001   0.15351666115594667        0.32909070600461471E-001
   0.78954569074812175        0.12148482311956060E-001   0.13457659377170877        0.32811012891655923E-001
   0.22628290805259518E-001   0.12479400575070299E-001   0.98017429971451142        0.32886265256762963E-001
   0.91370015466908094E-001   0.60427815180355164E-001   0.82145971402087692        0.32817518094864405E-001
   0.82563059019200202        0.61843453521996154E-001   0.32418966872836230        0.32856752181460884E-001
   0.85511509767108251        0.18108878362234768E-001   0.61262276595061893        0.32838572073826518E-001
   0.90038548506847838        0.62202440432694128E-001   0.77273859628675134        0.32906851508824567E-001
   0.84594916755628802        0.61497035009538265E-001   0.95907334600767713        0.32955998028624436E-001
   0.48957165333433955        0.63232787836863341E-001   0.79699793187444035        0.32941423659898793E-001
   0.38781529680182741        0.11065163695699362E-001   0.88105296905985120E-001   0.32897566066568178E-001
   0.72887416870128274        0.63107997750517675E-001   0.42132247740794676        0.32961167848251913E-001
   0.66274024102093432E-001   0.12334026442645939E-001   0.63863408167782187        0.32860450192972276E-001
   0.96310715312193906        0.12184231615741815E-001   0.63661948382450828        0.32864439501336211E-001
   0.71497941449177782        0.60241364371673815E-001   0.60082323261487103        0.32958417372834101E-001
   0.33140841822664835        0.62886828189429145E-001   0.99588775933784768        0.32981001667150144E-001
   0.43449039943660706        0.62220127869353783E-001   0.11516127630949602        0.32960517137464361E-001
   0.22560742454414628        0.11046437737879396E-001   0.50297292414924200        0.32950014366823467E-001
   0.67892282007171612        0.62755856962799797E-001   0.35903119993672483        0.32983718490775076E-001
   0.85000020666071718        0.68091670261413675E-001   0.65510370132160733        0.32943316070762452E-001
   0.28330487800389440E-001   0.11804743986078375E-001   0.40926960222171460        0.32888137138437266E-001
   0.80506597944765201        0.61405812539880415E-001   0.60703813002643048        0.32954803968753235E-001
   0.50352409463569048        0.13749532235239989E-001   0.37942828303749560        0.32889526200170507E-001
   0.79557591276392237        0.60674005539475530E-001   0.88056027146324323        0.32809313689719663E-001
   0.36774163657101638        0.12309206072199083E-001   0.55022369158087059        0.32818466428202436E-001
   0.36264542187939131        0.62545709608375369E-001   0.83987309574366098        0.32879985839167160E-001
   0.15604162822598447        0.62509221083296804E-001   0.69188000354022861        0.32898578734244469E-001
   0.82595083375706579        0.12187286035252459E-001   0.36744629876551488        0.32918361866205954E-001
   0.30961735884518193        0.62820361958009649E-001   0.77300678161596881        0.32884736174010352E-001
   0.26340261749802224E-001   0.11868396753088782E-001   0.30486112786704067        0.32994442605186837E-001
   0.29589745475497149E-001   0.10772161411196919E-001   0.20527599001023461        0.32884502236253978E-001
   0.91990722660785129        0.63134891327990869E-001   0.98522541223794979        0.32920831954247276E-001
   0.82422382142047501        0.12646758968554049E-001   0.47604807988372067        0.32823131080269970E-001
   0.98736744090015882        0.61847641451251933E-001   0.39650410631190469        0.32955951446021231E-001
   0.90232651964440258        0.84695691256630422E-002   0.66806577306122938        0.32839708807444197E-001
   0.74137279140612722        0.76442948308938262E-002   0.97764036008638822        0.32917545695872671E-001
   0.98346689915651631        0.61745793279073292E-001   0.31053265634358967        0.32905422614375179E-001
   0.81226029381371989        0.12868707007796607E-001   0.56284838424559736        0.32932937914655749E-001
   0.77205077790229826        0.10472257623114357E-001   0.83980040245743925        0.32867361663509134E-001
   0.71367071330483400        0.12344290922502941E-001   0.75955922167677781        0.33001853556374916E-001
   0.86937567329815124        0.61746849935357312E-001   0.37732482574056148        0.32848100666580324E-001
   0.16693741832496714        0.61660440080791183E-001   0.40507287592306340        0.32825480669331900E-001
   0.45565782727254844        0.13343655338937326E-001   0.56262657881728673        0.32932143444086064E-001
   0.80171986684416119        0.12837825000883188E-001   0.65180233307176960        0.32904004511920881E-001
   0.67929703718907541        0.12642338634793127E-001   0.23282258754913132        0.32882961209051535E-001
   0.60571349481897052        0.62756803448314316E-001   0.24959863459680479        0.32886714959372801E-001
   0.12642522312570453        0.10930771151645584E-001   0.79605933845981658        0.32922259310918092E-001
   0.70148475430745239        0.56715740611295466E-001   0.11717946934554999E-002   0.32923245969590162E-001
   0.65251049918442372        0.12640991770955914E-001   0.15541528726231132        0.32958821181373041E-001
   0.88357312931334686        0.12937213918704733E-001   0.83750107464792764E-002   0.32882457442138788E-001
   0.16421470713685751        0.61018440798398445E-001   0.21907692226636691        0.32913112631267977E-001
   0.68974570477188479        0.62593665358013043E-001   0.13400189546067390        0.32893830317000279E-001
   0.25925162539804175        0.60155057771515412E-001   0.20509111733696653        0.32906534065175609E-001
   0.71510186745986526        0.14036191793826964E-001   0.55248558041334717        0.32903444159195348E-001
   0.89831233096875973        0.61684951173559377E-001   0.20902459982726038        0.32871899958474782E-001
   0.12017569946324969        0.61208307294950720E-001   0.54808283427178806        0.32877494546570026E-001
   0.22941502361971752        0.12572864488600705E-001   0.32200461601805987E-001   0.32824801557426737E-001
   0.75370595811110142        0.62259129056090545E-001   0.74392869605632139        0.32860491848465886E-001
   0.56258413548299724        0.12608814231905073E-001   0.74216772358011085        0.32833696732937512E-001
   0.60185920108088341E-001   0.12338649810661812E-001   0.78123852934942861        0.32896335237323174E-001
   0.27138469284822392        0.62762326924041170E-001   0.50078425316929842        0.32939619990330661E-001
   0.34582753169169822        0.12985697781947962E-001   0.73385247286520683        0.32906269902112567E-001
   0.17803689968835629        0.62584525380151204E-001   0.76475395639516286        0.32942968036030099E-001
   0.55575542662323441        0.62903838487484307E-001   0.63266021666665576E-001   0.32826430241356362E-001
   0.58711301498884183        0.63516600963563263E-001   0.91227094421918409        0.32836732457118267E-001
   0.83531764559677291        0.84520588400966486E-002   0.85858577435468431        0.32880920887936871E-001
   0.92676347810762805        0.62166299035481022E-001   0.34415575334783777        0.32960479735296484E-001
   0.24118488757687623        0.99254434029642902E-001   0.15521972898731620        0.32856600626684641E-001
   0.88273670781099212        0.11756750425535551E-001   0.33408812413018202        0.32883951562660059E-001
   0.67781463324693092        0.10262096865389194E-001   0.96026460973056649        0.32902003131744850E-001
   0.91601148122098230        0.11942957487816876E-001   0.48101432815517126        0.32851575902265451E-001
   0.33712660043751758        0.12899607187365464E-001   0.87633990472685963        0.32804940132563791E-001
   0.23241007281159451        0.12329724761149479E-001   0.59467259590843136        0.32902738953863815E-001
   0.31967443601623174        0.61791002963066201E-001   0.36221898844001316        0.32857425490257490E-001
   0.37447111699500718        0.63544143945691842E-001   0.49723241331064993        0.32870956963811621E-001
   0.67730467562930011E-001   0.12073414475385265E-001   0.35623897500803769        0.32944244651353122E-001
   0.73312718061630949E-001   0.11409983259765562E-001   0.54490310336917169        0.32770688692112845E-001
   0.62710144259741996        0.90545171902685750E-002   0.45498141403459785        0.32903750333543397E-001
   0.92210697849861600        0.12152095184144777E-001   0.38674056050673855        0.32844668387915943E-001
   0.37524194618061624        0.62963108021323516E-001   0.70251172254303362        0.32977893989689956E-001
   0.44302781567078608        0.62865036742877495E-001   0.65929581664320991        0.33006320735371623E-001
   0.91438639922228171        0.62303120549682380E-001   0.53310067358314761        0.32913218808009216E-001
   0.22491680430686914        0.60438331171904169E-001   0.54809274748936632        0.33013148981356794E-001
   0.73377992956313420        0.63272833351922103E-001   0.32170909580214402        0.32950338400297791E-001
   0.39085459482986257        0.63091801150873206E-001   0.96756804606116065        0.32811268599593643E-001
   0.35183786657046023        0.12744358772352464E-001   0.66595022502409784        0.32836985177456715E-001
   0.91974891719461016        0.61850165767314128E-001   0.43094864202440869        0.32890446650877730E-001
   0.12530619737864354        0.11630261958756183E-001   0.50423507717313742        0.32906761963178155E-001
   0.37111330279466759        0.11744865316797424E-001   0.15208936755089254E-001   0.32802865152177806E-001
   0.75263036643730508        0.62136527017609182E-001   0.15615614945474168        0.32901262824165826E-001
   0.41740059124990425        0.12987411601356628E-001   0.69401260402797149        0.32857671666240401E-001
   0.12045562174687645        0.61682398673315798E-001   0.35278200308487037E-001   0.32860560819012230E-001
   0.21262543975551673        0.11046500956573769E-001   0.40369185421940351        0.32842225464895507E-001
   0.36080348470062756        0.11193686767733753E-001   0.26059814195191305        0.32880918141365227E-001
   0.54929692451156298        0.12426375644488126E-001   0.67743981047038315        0.32856139908532193E-001
   0.14802507543484841        0.12431149938732199E-001   0.73391131395380382        0.32836419790206253E-001
   0.51761774072863176        0.63234310636397825E-001   0.86148028479561634        0.32877082585924852E-001
   0.55006049172960880        0.62366176433837350E-001   0.28505845993974599        0.32818778964025644E-001
   0.50636322606048012        0.67661568962655030E-001   0.23581382917214735        0.32888924390050152E-001
   0.31664282095735868        0.62831148274921561E-001   0.64135525055661202        0.32943830675177053E-001
   0.47760294812546028        0.15035872543985125E-001   0.47777424276396618        0.32847325732949975E-001
   0.29533605434360403E-001   0.61765069158172349E-001   0.45215414999455561        0.32963834677726150E-001
   0.29349523786173187        0.61529330556562303E-001   0.14145170070867649        0.32916885230795577E-001
   0.41261009188868614        0.62307054018267055E-001   0.55087798251295694        0.32941292114684544E-001
   0.78096660643166926        0.60716140412683098E-001   0.94838697868843902        0.32845559495648768E-001
   0.88256025812344541        0.61718922404256971E-001   0.29115067592615373        0.32841045362634512E-001
   0.96519029662036004        0.62318901253073024E-001   0.78453796446057567        0.32932621442286626E-001
   0.50451531742797651        0.12744147222965943E-001   0.97246885653910620        0.32854324424916662E-001
   0.85981603449713773        0.58764570508724516E-001   0.89480539644822277        0.32829941388882351E-001
   0.47089630011958700        0.64783899719541210E-001   0.52035201907907935        0.32879103713975628E-001
   0.50878768651795192        0.62749306603566146E-001   0.65562598980069886        0.32852480390384173E-001
   0.21743043458333705        0.62415567062896429E-001   0.91697225734988408        0.32890497479360147E-001
   0.12177209508861221        0.63671152136902651E-001   0.45394061108334210        0.32947358658337082E-001
   0.74245345761315529        0.60404210103300653E-001   0.80870563201213352        0.32909583212406633E-001
   0.17328017597816300        0.61178814444781904E-001   0.31053469258856636        0.32847692938944933E-001
   0.67043509226566744        0.62787763217256945E-001   0.64935146381933473        0.32870616660054405E-001
   0.71786499464305642        0.63284337690969833E-001   0.50799449446567557        0.32863690143370795E-001
   0.54583222635206841        0.63305095402673955E-001   0.99763495405280944        0.32909074246253708E-001
   0.16856459314408767        0.61578871192594802E-001   0.50346697552483466        0.32918406883503275E-001
   0.71622381260021828        0.60275980138725427E-001   0.93703634798032098        0.32847682594978819E-001
   0.56799528238385211        0.12336156895277905E-001   0.15760034861272154        0.32924633069306063E-001
   0.83683588982193757        0.62193056157657925E-001   0.75552206885244910        0.32895785076401188E-001
   0.82911590469972418        0.63249574093579175E-001   0.42945696876114031        0.32891108586273948E-001
   0.19976559684360760E-003   0.12284790537585038E-001   0.69218555929706671        0.32838470512030427E-001
   0.76371537192902406        0.62657161014718424E-001   0.90330169597757831E-001   0.32867469506553844E-001
   0.97922443230348255        0.11369959525669519E-001   0.90262515889963246        0.32853488869971206E-001
   0.69013339708605226        0.12539410874325417E-001   0.31717577567091615        0.32907022344677545E-001
   0.70105497779375048        0.56655976292495351E-001   0.67098183464268144E-001   0.32957135860665017E-001
   0.85514167119858420        0.11993842190759475E-001   0.20288316266485198        0.32902290692897504E-001
   0.42426940787811401        0.62631771218576757E-001   0.81639471848399348        0.32865722870816204E-001
   0.44406425197649557        0.12656922054335213E-001   0.19577556631469994E-002   0.32924862559188792E-001
   0.37528467833236134        0.62651722482815281E-001   0.76841369498634615        0.32908581487190502E-001
   0.92772133648967769        0.12268768655574427E-001   0.80599154929617922        0.32965001358427920E-001
   0.94134175258798924        0.61695511473855262E-001   0.25981470787543670        0.32937133526984338E-001
   0.89778749050602946        0.63384186715332677E-001   0.14292377031658970        0.32850121373926108E-001
   0.63472809181747758        0.12730060624356894E-001   0.28136287930413922        0.32998987700114259E-001
   0.45244636679702310        0.12417848629771197E-001   0.75102523843329119E-001   0.32926004180808245E-001
   0.49767708091445795        0.13262849612847122E-001   0.75423935337731485        0.32919541079294901E-001
   0.89904200950741131        0.11722443827336160E-001   0.25185083053690005        0.32848560646944532E-001
   0.62530101129468274        0.58873960131176545E-001   0.60162860947433594        0.32845373672516900E-001
   0.72525607875980569        0.63065204660775906E-001   0.22388197704078094        0.32973712726644372E-001
   0.56748137100467569E-001   0.61274119433027109E-001   0.10206252021872260        0.32924863266381527E-001
   0.40707194128095725        0.61895180592885936E-001   0.19617620517048029        0.32878463287356219E-001
   0.57994007838333406        0.63155931155524633E-001   0.44676042607658667        0.32893933431665683E-001
   0.59974061651260520E-001   0.61589179681925316E-001   0.95707478635824783        0.32883555597352947E-001
   0.46645689167088106        0.12429801380427688E-001   0.83431351743967108        0.32901601907881370E-001
   0.73548387153262085        0.13064813438899923E-001   0.36491289859632070        0.32887877799669500E-001
   0.23412755889183223        0.62459575072530464E-001   0.63795278829547575        0.32905164475289891E-001
   0.76637252117492960        0.57667302734449567E-001   0.12528073544857035E-001   0.32931450070233216E-001
   0.90686733444571510        0.62797806325577896E-001   0.54484254875059361E-001   0.32927878765296320E-001
   0.61012711237654960        0.62568336779286013E-001   0.14823902407472050        0.32890354010732023E-001
   0.69799918278733525E-001   0.62173177551672378E-001   0.31257853660011919        0.32962588530417843E-001
   0.51527606609473142        0.12990005325475874E-001   0.53240331485983694        0.32883808644749150E-001
   0.57176957284484953        0.93617688321493489E-002   0.49774079790839371        0.32956512376954197E-001
   0.47963441825297487        0.12896695202887021E-001   0.62410061620815316        0.32910487117171205E-001
   0.95788182959062351        0.62354904518191957E-001   0.84999835248965072        0.32842375848108923E-001
   0.26990494271737074E-001   0.62324568048014076E-001   0.80821880110231581        0.32886531641792692E-001
   0.70493538846419024        0.10764500257294869E-001   0.83167819120564501        0.32920785633037283E-001
   0.75615144135939472        0.62926035156660204E-001   0.65226499774604585        0.32978149207873085E-001
   0.66502293882010566        0.66085340011226186E-002   0.90881983078234030E-001   0.33018451240293657E-001
   0.91264773111409603        0.87067966188850137E-002   0.58203508148316463        0.32887504028305252E-001
   0.99868541195837768        0.12323054555937685E-001   0.75789863633043952        0.32875054309568316E-001
   0.53401285090891382        0.12443287508277731E-001   0.10097493144489830        0.32941761797639350E-001
   0.54484013974162726        0.63780732838017759E-001   0.39080811455475839        0.32879305697576154E-001
   0.12167894443873650        0.61215497359300430E-001   0.26951159088255650        0.32956498469813807E-001
   0.21594743094320626        0.61092295482988723E-001   0.36075062814605813        0.32947613866498561E-001
   0.72707323105811750        0.12559218970727657E-001   0.11273517524221006        0.32953646955778487E-001
   0.58267422441283490        0.62596077267320527E-001   0.78008946168353965        0.32980126072333034E-001
   0.70321485341083179E-001   0.61750857690246547E-001   0.40042244450919379        0.32881182090718553E-001
   0.92797753272285087E-002   0.14980987992975855E-001   0.44535049600848343E-001   0.32866401272100970E-001
   0.76327921412971222        0.63163431675123588E-001   0.55602495940562946        0.32915819755638759E-001
   0.27099765414102639E-001   0.62286618652501541E-001   0.72558564013298188        0.33025639401359941E-001
   0.98176399759603639        0.64156299173435988E-001   0.87685523545718118E-002   0.32895257396257850E-001
   0.16560983504558652        0.11397014524511404E-001   0.26799631799980539        0.32896274369575831E-001
   0.60840444966640772        0.62635493669289305E-001   0.31538572654782232        0.32867009887205138E-001
   0.65637990203511931        0.62815295873078325E-001   0.85935610997134326        0.32953759043362361E-001
   0.13243936318216049        0.12347123132188949E-001   0.65567741602535679        0.32896116655835701E-001
   0.27836491721830735E-001   0.61643439981861260E-001   0.26117191881566809        0.32889762475005718E-001
   0.89317995192799793        0.62327977341161724E-001   0.83824316695922874        0.32887460532723324E-001
   0.58210257149079392        0.62461979513381297E-001   0.84670471673366876        0.32914595686325696E-001
   0.90812773835758709        0.58564379986563081E-001   0.62559021317383257        0.32922352616649324E-001
   0.95782002793998922        0.11817337887193075E-001   0.53396582884379795        0.32853402458336373E-001
   0.65402933868175495        0.62610259385378911E-001   0.19829061902215370        0.32892889993193897E-001
   0.74635355369574274E-001   0.63167952632675453E-001   0.50016365613645575        0.32912387916866383E-001
   0.80719110185535869        0.12596396849146719E-001   0.98713336176831790        0.32911338239035033E-001
   0.19788796177439769        0.50096427861245851E-001   0.16143848569777047        0.32895927221019909E-001
   0.43295023330848836        0.62386632811220290E-001   0.46622812295761795        0.32863318525701894E-001
   0.75651156160041297E-001   0.62345627362810067E-001   0.59668650348683128        0.32965823682044149E-001
   0.68594368495105218        0.10644655918778948E-001   0.89481252326968985        0.32947295939986201E-001
   0.66971360724229556        0.62351218096717266E-001   0.55291936638472705        0.32960456547567449E-001
   0.92864232078843104E-001   0.62377399504663644E-001   0.67224913190252478        0.32920311012000818E-001
   0.85544935241464115        0.13292200713775149E-001   0.13716332677726795        0.32789971780139461E-001
   0.82242896272881383        0.11577237674663990E-001   0.92305732758264070        0.32849354901211415E-001
   0.61143484763059852        0.12763395056956823E-001   0.20718226160982633        0.32906630621994899E-001
   0.50842835441089840        0.62944260602634597E-001   0.33597216660305806        0.32898156326166564E-001
   0.11696134625480480        0.11323423136361612E-001   0.31243846359405719        0.32848249629509094E-001
   0.95837065086892181        0.13013585259083964E-001   0.96569001875327409        0.32899954750768977E-001
   0.47046198600700651        0.66732290381026002E-001   0.17907002146141757        0.32939156125709537E-001
   0.27609488497902701        0.12966064492200488E-001   0.54540450020733744        0.32946260702416942E-001
   0.39378373328472660        0.61713144079155374E-001   0.41121563997310173        0.32927330113193820E-001
   0.11670085593127177        0.12125624882345103E-001   0.92800670531146245        0.32950378244304177E-001
   0.32284351960865226        0.11141311955730905E-001   0.31438562017268695        0.32877279759456868E-001
   0.72844219945989469E-001   0.11309783389915520E-001   0.62091110333524061E-001   0.33002307521376131E-001
   0.12287102430898633        0.61691225593976454E-001   0.35532124164932616        0.33001057080234576E-001
   0.18714769525556818        0.12031672981733028E-001   0.87656000384615562        0.32914820228210538E-001
   0.58618079165725701        0.13797365772829926E-001   0.40354049042730811        0.32954774306314411E-001
   0.73467984053358537        0.11682057613533326E-001   0.26869624342112541        0.32892495259354504E-001
   0.11993747464059411        0.11111503156498122E-001   0.59112385338372442        0.32819944345346193E-001
   0.98228252951088013        0.11891421381231723E-001   0.35387228793938441        0.32907218837262026E-001
   0.94066414255162978        0.11719799170305608E-001   0.30278822225336116        0.32931526317280753E-001
   0.75485134563982781        0.12267363100533051E-001   0.70035075610212416        0.32908220435040651E-001
   0.36840829015276710        0.62840689180916898E-001   0.90542428397650998        0.32867418855188485E-001
   0.73892291632585330E-001   0.13376795733566555E-001   0.45675225093757993        0.32838511486058916E-001
   0.50724201340704178        0.12245612159083596E-001   0.28742074978447046        0.32886358787051859E-001
   0.80222841297187875        0.58254897605517775E-001   0.69958379384575775        0.32951742010939276E-001
   0.30716635176523799        0.12859042585768976E-001   0.31279215080615964E-001   0.32874902094103389E-001
   0.41897048244324919        0.12561612602047308E-001   0.50786375792057059        0.32926046238822268E-001
   0.98477445704303113        0.11958988975247451E-001   0.25373715917586659        0.32888617644719079E-001
   0.32444534520109447        0.63396620042556570E-001   0.54221822847528023        0.32896580896081037E-001
   0.85992107641200211        0.67963647640463296E-001   0.57004496067035704        0.32885146841168972E-001
   0.67417531721661461        0.62969401415100837E-001   0.45838694090188448        0.32867297066497693E-001
   0.49169307666474499        0.61394420974212764E-001   0.43094216981675604        0.32864341292626283E-001
   0.77748072343145291        0.61838943155327578E-001   0.27239949192307905        0.32896811823993934E-001
   0.83994717443443800        0.11863858293679544E-001   0.28384394175609645        0.32907339224405252E-001
   0.57311609106919514        0.62429810885704852E-001   0.64155799298384331        0.32957221546327124E-001
   0.20232270549642706        0.62650791546340553E-001   0.98111520999223079        0.32882736007630670E-001
   0.67808732056121690        0.62569388445015181E-001   0.27592967009726210        0.32901190508894632E-001
   0.88724047818224083        0.58138626603130711E-001   0.70839565173698926        0.32823779298353208E-001
   0.20355007384804555        0.11957164204870259E-001   0.80663912828355389        0.32881275184018580E-001
   0.27644839982758540        0.77134293862088144E-001   0.77290758906360613E-001   0.32918309281267273E-001
   0.21353523267156818        0.12691905203306007E-001   0.74008922906398122        0.32952604389876197E-001
   0.36379284992339644        0.11523883712600928E-001   0.19480320787511349        0.32874144265356647E-001
   0.46814702763010356E-001   0.64752216141240548E-001   0.22878897024389687E-001   0.32988305158588700E-001
   0.87252871085958650        0.62494680517226509E-001   0.47878044176513695        0.32789263060275325E-001
   0.23780845751358209        0.27124878186636323E-001   0.95765706882093363E-001   0.32890376676540975E-001
   0.12254762397774363        0.12202052165894484E-001   0.86188825762184551        0.32939705125015768E-001
   0.52522507175365329        0.62991043872227426E-001   0.93463559888725056        0.32908892628704549E-001
   0.49376923391911992        0.62383143640595488E-001   0.86324765480283963E-001   0.32844985711491248E-001
   0.29661504084520129E-001   0.61056541582135582E-001   0.16218791000957267        0.32847777801156226E-001
   0.38302683940009596        0.11704705770723687E-001   0.45269869809304181        0.32889951792035792E-001
   0.52627992220490749        0.62486604735382069E-001   0.71911732989908606        0.32952039118466891E-001
   0.26802028773872411        0.11073542578907154E-001   0.44512384266709548        0.32965514593989470E-001
   0.13553332982239763        0.62911497926042600E-001   0.96872007526986625        0.32953356525296955E-001
   0.16771993993200013        0.11640150478093511E-001   0.35440513419108455        0.32915908244418014E-001
   0.58740689289702863        0.68465888574017562E-002   0.24676674395052431E-001   0.32862626653044090E-001
   0.40310699255883309        0.12606903424169445E-001   0.85388358971716427        0.32900437936674728E-001
   0.94438823227844226        0.12750949635131521E-001   0.33475641068079133E-001   0.32888782919643852E-001
   0.51274990439313695        0.17621201032192692E-001   0.19305041584192356        0.32912059995764124E-001
   0.23741064155377767        0.62864459066332118E-001   0.70381461172240911        0.32888907239679716E-001
   0.40351286961271166        0.61176070839034549E-001   0.26188951979534664        0.32864887135563431E-001
   0.56197577819780131        0.62343633429523808E-001   0.20030007218333659        0.32936234718174327E-001
   0.55612179075067969        0.12468775627045464E-001   0.24274744141253782        0.32788410933852839E-001
   0.52280326577060343        0.12965519618306233E-001   0.35971599510247608E-001   0.32931705029391363E-001
   0.93752826294794078        0.61393289034950317E-001   0.91269704208937641        0.32983161655428410E-001
   0.48210988782444164        0.62753574866293113E-001   0.21665604501301176E-001   0.32841811011793773E-001
   0.29893680009945278        0.62794723227285562E-001   0.85699874911639373        0.32918798915534335E-001
   0.82973332894501373        0.62909512383734198E-001   0.10259670779787478        0.32884947347168458E-001
   0.46040855113843554        0.62687897841085180E-001   0.72641246275089610        0.32953480020811408E-001
   0.99556261448338745        0.62676546882136669E-001   0.94378473010285668        0.32863323337661954E-001
   0.46439189583017271        0.62232081152536235E-001   0.28692548630363440        0.32870928105986297E-001
   0.55435724756965787        0.13356291888958385E-001   0.88465422518631798        0.32863402874088773E-001
