 3 HS poly
 400 2
 80 320
    1.0000000000000000         0.0000000000000000         0.0000000000000000         0.0000000000000000        0.10000000000000001         0.0000000000000000         0.0000000000000000         0.0000000000000000         1.0000000000000000     
 T T T
   0.93881516548266131        0.42387875090919208E-001   0.49334251099575221        0.41688146107236083E-001
   0.74782102026067776        0.37187263209587457E-001   0.17737143351657185E-002   0.36696475144395418E-001
   0.17687851615632957        0.40088981294509538E-001   0.22966583730105722        0.35537877256554946E-001
   0.80364061722946512        0.41304767899727812E-001   0.39517658267772016        0.35663730177290451E-001
   0.78412545030768743        0.39220073058683302E-001   0.95553971399818430E-001   0.38051058181330935E-001
   0.45949211387835337        0.27664640001359583E-001   0.30846532448063846        0.37245161613361062E-001
   0.25831739119728164        0.37698308623503388E-001   0.40063824949733284        0.38906572090869694E-001
   0.80830569187678425        0.89273231378382986E-001   0.14829268136101964        0.38375953717919790E-001
   0.87977615308697010        0.41177559543541450E-001   0.33846288698704846        0.36239843806925104E-001
   0.11236845790423245E-001   0.92363805364245988E-001   0.19778675728750650        0.35547874925366658E-001
   0.31390766146439414        0.37901001892922073E-001   0.24450753273458317        0.37186851347913288E-001
   0.26649795058643599        0.48033837809873782E-001   0.57022843131712786        0.38417576565662782E-001
   0.58744189348864884        0.84438092696868361E-001   0.56234806134887305        0.35878336330450525E-001
   0.11527796926074943        0.43396919310785972E-001   0.92991721228228041        0.36149950111838927E-001
   0.58407236433965271        0.25442579603509954E-001   0.10174766280785569        0.37009589992625068E-001
   0.91048033596692812        0.93067700518136537E-001   0.61098839401939364        0.37936465915410902E-001
   0.46626384178920921        0.18946529405619493E-001   0.10276240027382932E-001   0.35469876344658147E-001
   0.17162856482237668        0.93147452405564823E-001   0.20580068923440178E-001   0.35580828316624992E-001
   0.84990325732681393        0.94205659955303486E-001   0.79796743874954890        0.39155313596963108E-001
   0.54483903416022617        0.75408300732162425E-001   0.13737654627418949        0.35808976844469868E-001
   0.50903441622230539        0.18393271405543976E-001   0.84075327556099144E-001   0.39910065986061109E-001
   0.32014510285017517        0.57764682253870984E-001   0.64707037163424137E-002   0.35148849100045988E-001
   0.10878090842529227        0.90262070685767193E-001   0.40293814365653319        0.38443111404199704E-001
   0.95668773034184573        0.92341907032781279E-001   0.55140819385584405        0.36945252063799811E-001
   0.87360929614511540        0.40282678601495675E-001   0.56490316451622988E-001   0.34858887735878065E-001
   0.85392827556492945        0.90109090497176289E-001   0.12531712261350659E-001   0.34413483460138214E-001
   0.80818713037543843        0.42079008397294108E-001   0.32262466090551928        0.37018007073722478E-001
   0.21868282526531632        0.46591574046264926E-001   0.72776437519296633        0.39206651881126348E-001
   0.21879899650184154        0.46531759383246343E-001   0.83607232853710345        0.37295289535278948E-001
   0.69882076407055094        0.91107114070617432E-001   0.40692231944001528        0.35442373370420527E-001
   0.98931638455489157        0.91265263100577837E-001   0.33360268908856128        0.34578117066045105E-001
   0.60657428267372449        0.41808895704651967E-001   0.30112996699699635        0.33924606947020250E-001
   0.99878040265495360        0.92392695902045421E-001   0.49092009027172950        0.36361178203273212E-001
   0.55120530583181204        0.99102214390770840E-001   0.75421504326487587        0.37470221643340205E-001
   0.21742295717429343E-001   0.42621040419555105E-001   0.63685325268509885        0.35690657001348200E-001
   0.43699952974097805        0.98350325638242322E-001   0.84330130689698224        0.39566782651129805E-001
   0.68324428819662975        0.47266344439916896E-001   0.23390786658390772        0.38321888624638790E-001
   0.36888146616300682        0.47536881173908363E-001   0.58441822275178668        0.38981447746880393E-001
   0.32323319799066735        0.82106460751685803E-001   0.40401102820446289        0.39327382827516112E-001
   0.35035852647614135        0.84663574038196909E-001   0.20359808996618531        0.34820611679693969E-001
   0.98516739265604847        0.93261673373005047E-001   0.50112795086357395E-001   0.37321296936631394E-001
   0.16324160061346482        0.96546591350647956E-001   0.72992038595704267        0.35423933339641063E-001
   0.27214557127841160        0.46644133719027196E-001   0.78328116853061713        0.37569158999897552E-001
   0.49793943506009097        0.48026525835795697E-001   0.74383810344052981        0.35275584908785171E-001
   0.65004892145759285        0.97503580048888566E-001   0.76996917647802376        0.37898069247143194E-001
   0.20266757149812695        0.40460960755179631E-001   0.34847981839579056        0.37331478251370148E-001
   0.47884015735770225E-001   0.92990538375818541E-001   0.10565447034126074        0.36164041711006886E-001
   0.59441065879960442        0.17054106326506818E-001   0.81647272482674760        0.36726151058277451E-001
   0.91707588977728838        0.41345831642684329E-001   0.13943928062718131        0.35764694392100220E-001
   0.37196939758318964        0.61912818271071313E-001   0.77785614389921237E-001   0.36412660598672389E-001
   0.62148480226731118        0.98966323074981377E-001   0.62378816946699622        0.35849454668565421E-001
   0.53585990979220531E-001   0.42489580276725065E-001   0.48553274368697075        0.37851881481227180E-001
   0.52474438931853151        0.18909732982434507E-001   0.96527682528412928        0.38176700733384868E-001
   0.11257864397830651        0.96259271820381187E-001   0.78244238223525564        0.35095594302701157E-001
   0.71260217289738070        0.42122260122318594E-001   0.68441909367594667        0.32612328982605195E-001
   0.47022875455888868        0.18851893516147775E-001   0.91043685463460078        0.38034162878860446E-001
   0.40328199223093425        0.47121852284756106E-001   0.72855193828148768        0.37261620513709001E-001
   0.92816907494351919        0.92308650601816464E-001   0.24843891209388852        0.38212054515061829E-001
   0.17503766105230793E-001   0.43111217007679253E-001   0.93072335761979330        0.37787520670647431E-001
   0.27607252062546728        0.89627161538587699E-001   0.13769496058655298        0.35938280116039924E-001
   0.15615642105614883        0.46140780670135779E-001   0.67800325802984218        0.35915407549223864E-001
   0.54652658438195702E-001   0.42180434075148099E-001   0.16256194862586223        0.39287499538365314E-001
   0.77158675532306387        0.36247822075805881E-001   0.93183931554522992        0.37015505341835772E-001
   0.41883952663855828        0.77467588046078895E-001   0.35129403984354074        0.39953318189157011E-001
   0.16558826884627939        0.46416652895341422E-001   0.78333600705285855        0.37620536246444361E-001
   0.81099900861103524        0.45829738869062109E-001   0.68479839513876295        0.38272768659802524E-001
   0.31725568323824960        0.46581014463878807E-001   0.84624166471185769        0.38682709381938206E-001
   0.38833175862055574        0.97423832783768746E-001   0.53101567743734768        0.36639521770850676E-001
   0.72188637846087744        0.27223630526204967E-001   0.13458173437118659        0.36354436555102815E-001
   0.23063469000706157E-001   0.93134397298738070E-001   0.98616210363306311        0.36995832507787013E-001
   0.21029217422671179        0.89541648460134848E-001   0.28408778210853808        0.38017279028444810E-001
   0.42059790580561429        0.85478686963444961E-001   0.42861894495555769        0.37719050558273695E-001
   0.30399207937217715        0.33063476627010355E-001   0.46047190752601030        0.36504464731347261E-001
   0.52789528904192173        0.68944682648961642E-001   0.90765243126786610        0.38157504011558284E-001
   0.21048809847823835        0.96643256488558829E-001   0.66941553459216074        0.38019872923354327E-001
   0.79461278187157647        0.44250661205576032E-001   0.79096193268243953        0.35651920875326641E-001
   0.27375244960210438        0.75561618442247444E-002   0.90752286046991415        0.36487942405047318E-001
   0.99839813786802706E-001   0.40679992618012153E-001   0.34186266797651194        0.40716061020266071E-001
   0.23161124654416868        0.39520117459913913E-001   0.10987441676411296        0.36360644976665274E-001
   0.66270555240834106        0.74194242575136335E-001   0.94338496143746631        0.35680590335073904E-001
   0.27187211295186603        0.56174916518726857E-002   0.53423463191180545E-002   0.32829296347284050E-001
   0.53229264559001610        0.99372650720797151E-001   0.84361741100815546        0.32818340241417110E-001
   0.61524522188441721        0.48800950492829120E-001   0.67054266635350090        0.32764839558380228E-001
   0.41075293271535518        0.83978148822313747E-001   0.13793773076360011        0.32919113839544684E-001
   0.44676034761224065        0.31525158433449350E-001   0.17336098412302225        0.32818260339593917E-001
   0.81336105255721869        0.95999215437447660E-001   0.63405927050674038        0.32849063144435579E-001
   0.91593432523663976        0.90282809424275537E-001   0.38707869561496126E-001   0.32844721603758655E-001
   0.55699273381078029        0.49072222532416533E-001   0.70515956758990239        0.32769594657164440E-001
   0.86684606468260295        0.41040724091348145E-001   0.47273628528591993        0.32838332082690699E-001
   0.76276121853076906        0.90695836122514834E-001   0.59243993751686119        0.32869890923778247E-001
   0.17763674859515449        0.43127471597040251E-001   0.66805588774816071E-001   0.32758472514099010E-001
   0.70419478542165703        0.29097372261829225E-001   0.91259597460020025        0.32860051493040929E-001
   0.24326038772482253E-001   0.40888377343269028E-001   0.30423955399477887        0.32809092283242441E-001
   0.85590676084735118        0.46180209538805278E-001   0.62791625063209167        0.32810143920457197E-001
   0.11538901148788232        0.93605226893722096E-001   0.97799700034973303        0.32820048482632480E-001
   0.56542749527928826        0.85091297024448231E-001   0.40400548716868945        0.32902058854083684E-001
   0.34999806477301670        0.83014178969311514E-001   0.47472007075449113        0.32854934696266568E-001
   0.61713442070790503        0.76665527466858147E-001   0.14386698479350568        0.32817020810453845E-001
   0.93128604383787128        0.43960349561945236E-001   0.73766468461353707        0.32761091400378424E-001
   0.53676867377367432        0.35721615385045834E-001   0.43666579962335195        0.32827747013644097E-001
   0.60013364337708308        0.34560037469581133E-001   0.51672914058741615        0.32870588169628082E-001
   0.83513008991008808        0.91362837775739392E-001   0.43022687486675787        0.32773897607344150E-001
   0.70381227303912075        0.44463354728421750E-001   0.77295399676211451        0.32913673776305691E-001
   0.82986107648464746        0.90990784580505565E-001   0.49570305461553082        0.32893345524596621E-001
   0.50099505197306084E-001   0.90628005430958281E-001   0.36267031095934782        0.32700441448630428E-001
   0.70645776105398395        0.91950035639618358E-001   0.72745418178980625        0.32812245401152143E-001
   0.34520645004859435        0.89752198863427696E-001   0.13623478687374727        0.32870672791749468E-001
   0.17294487513773132E-001   0.43358878686295552E-001   0.83736110437658984        0.32784504797727307E-001
   0.67031894103630729        0.40981570271790155E-001   0.44393948724429566        0.32825086743489433E-001
   0.58570120072159215        0.27272094679585298E-001   0.23869416946914135        0.32859479050843007E-001
   0.59857574773611832        0.36138360344048139E-001   0.36767204957326916        0.32926536173391197E-001
   0.63467271416366677        0.75686347585686459E-001   0.11042737185836935E-001   0.32842688174158509E-001
   0.92930379922197259        0.42837826119350386E-001   0.93527055637688339        0.32811720532176278E-001
   0.77044304352606918        0.39212118162001514E-001   0.18248164163311115        0.32835112398862422E-001
   0.76779818837101077        0.40160006625283524E-001   0.53217481571229919        0.32819803022781723E-001
   0.97457430000576084        0.93195140370933072E-001   0.83524758479297401        0.32759306761237963E-001
   0.22071120536497099        0.45816691808733274E-001   0.14203085434596896E-001   0.32811430179189804E-001
   0.90719217432377586        0.43112082340237862E-001   0.56094328658277137        0.32848570516214974E-001
   0.18980261279596036E-001   0.43428875395973662E-001   0.74667619726944834        0.32768289057052577E-001
   0.33115486215395640        0.42972879116620177E-001   0.52348209839974125        0.32778001972538634E-001
   0.32009238574868731        0.75682186885186846E-002   0.96006455703759408        0.32891452510470771E-001
   0.74773453424552228        0.85834009252637747E-001   0.88871795018835231        0.32891029101989301E-001
   0.10282220750494149        0.90605928224768179E-001   0.58124525123415005        0.32757016367345536E-001
   0.93594145790056849        0.40612280988651384E-001   0.41882711298475861        0.32866265433484101E-001
   0.45005639763813504        0.97670665605598977E-001   0.49911136026259528        0.32776784515019468E-001
   0.50542488815545772        0.85609414920552671E-001   0.46589921499043241        0.32845196325774102E-001
   0.41300144439128433        0.12093470252635952E-001   0.52736567117476187E-001   0.32794156164093397E-001
   0.67347123255200514        0.46381213067087701E-001   0.30541618455486180        0.32868509452731405E-001
   0.46190312300474856        0.27368835504608408E-001   0.38237841456733113        0.32852124013334781E-001
   0.25872900511630065        0.37980073540022946E-001   0.30631981317475215        0.32827632572567142E-001
   0.83658421954771067        0.39308190887415585E-001   0.19051044058808045        0.32824585968787574E-001
   0.48988918788447250        0.49281352469727320E-001   0.84950388770984087        0.32843035558255400E-001
   0.72866198722768771        0.96130040823048060E-001   0.20912189807646103        0.32740709156284957E-001
   0.51287838310216460        0.68893570571554277E-001   0.14430025315583564E-001   0.32859607272682188E-001
   0.26787106254265503        0.96528605929934008E-001   0.83284901701501124        0.32809670707057398E-001
   0.42038237597140621        0.68738620366542644E-001   0.91758588569162114        0.32848233304427238E-001
   0.36626132282172104E-001   0.40139825198674955E-001   0.23975459248885633        0.32809827006041396E-001
   0.82008054221238413        0.86035175104002090E-001   0.92460865229210154        0.32732877976603424E-001
   0.51984372130083323        0.26731059135643255E-001   0.23677763350200234        0.32837074101133124E-001
   0.88839946970591155        0.94209992964759529E-001   0.73716026673034785        0.32793528468970080E-001
   0.68392891624432461        0.77254079288809438E-001   0.16405773525934758        0.32814731921094520E-001
   0.84660296210971886        0.40984262851103556E-001   0.53531832683161307        0.32860364720428477E-001
   0.21433681668653379        0.46437614783408000E-001   0.92702956909932688        0.32870174519499619E-001
   0.32133992398338906        0.57120367273794964E-001   0.91686162028409757        0.32796110217817608E-001
   0.56881362948528869        0.85871328233131372E-001   0.33644944796310527        0.32857298237304065E-001
   0.66639186122392124        0.40744482144363374E-001   0.37098220491734873        0.32892260613638299E-001
   0.36536285558805537        0.96585878737334430E-001   0.82898687020296413        0.32779274571478938E-001
   0.96012415215305125        0.41307376739437913E-001   0.28946001740561111        0.32882207090094442E-001
   0.81135107270597950        0.44392465526298303E-001   0.87465272041050679        0.32786336114718033E-001
   0.52941250274155083        0.27496692107695425E-001   0.30328255080056638        0.32784925170375255E-001
   0.36377098745098047        0.46647163834954444E-001   0.78643319919858568        0.32807251414062988E-001
   0.49217776053086781        0.76977728260202646E-001   0.26983269567818269        0.32952473195737839E-001
   0.56483680406093129        0.99180589136589017E-001   0.66280346899311926        0.32902624775467813E-001
   0.73954621997558445        0.47740794338585142E-001   0.31024232197651030        0.32780319091197559E-001
   0.18556176471871019        0.40104077023661595E-001   0.16177269822476850        0.32811598884554725E-001
   0.16541101661996566        0.45721077393980666E-001   0.88188570560188451        0.32892516083163022E-001
   0.78183992133275745E-001   0.90131983782751834E-001   0.22898532927874063        0.32871499950559616E-001
   0.16331423967274830        0.42689158757672790E-001   0.49978771516788034        0.32812526201552700E-001
   0.11003008510918844        0.40643343147341721E-001   0.53827693198657145        0.32813730022091626E-001
   0.42137805335956298E-001   0.89186024038100553E-001   0.43123025795913550        0.32886378189809135E-001
   0.31065275385820601        0.49249344780352339E-001   0.62655024716069152        0.32829411268188190E-001
   0.56975845126157110        0.76889835199272227E-001   0.47578242650873304        0.32823385748640799E-001
   0.65488927800319577E-001   0.43812580625016757E-001   0.68996720784745613        0.32843683015858584E-001
   0.81831679830092452        0.39170220391496521E-001   0.25357399138979597        0.32804167061260756E-001
   0.96602873455960039E-001   0.40587542610469714E-001   0.26815034164267426        0.32862940553565229E-001
   0.65300679929943695        0.27187824266563656E-001   0.11312463822780568        0.32806273108794338E-001
   0.26086000223519740        0.46506686865193436E-001   0.66935116655285187        0.32840484915544192E-001
   0.26477375145185889        0.99210348529867570E-001   0.62293750995771968        0.32825885052821246E-001
   0.65743423435190829        0.25674773494322657E-001   0.47492823252430733E-001   0.32899849289067189E-001
   0.49081723012660106        0.97320055687562565E-001   0.79056398424790841        0.32799376962782331E-001
   0.24862201100099032        0.42736949389962871E-001   0.50138630557052632        0.32861278590381848E-001
   0.90295105599117564        0.91097275232210312E-001   0.44904382558460765        0.32871545138050920E-001
   0.88120452027272089        0.93597818855711543E-001   0.95101362225471631        0.32869863094191022E-001
   0.77132915313227879        0.89125918606101112E-001   0.46367444123006550E-001   0.32902216961199597E-001
   0.87785301854218201        0.91364687383238732E-001   0.16747642048972028        0.32826387054812493E-001
   0.77329437821195890        0.92044883092913726E-001   0.35668683994811901        0.32786116942900838E-001
   0.12464116084735558        0.43036914278087798E-001   0.23381292147641921E-001   0.32782167849208829E-001
   0.91225990059623818        0.43618804532537664E-001   0.66153245784478254        0.32776223371028541E-001
   0.21750212850904990        0.96344414227105088E-001   0.96961907060324193        0.32765262116756386E-001
   0.63606807064045734        0.91961402274667134E-001   0.33466101710298507        0.32866872194136053E-001
   0.60299561832491910        0.39289884027438902E-001   0.43325905434330647        0.32839835989900902E-001
   0.35457385650818585        0.97539388065713328E-001   0.63393784665922470        0.32825409158660078E-001
   0.50115181515040685        0.77480075045663038E-001   0.33533500371576785        0.32897364144448403E-001
   0.93919733189531152        0.40299423025165398E-001   0.74491322396154205E-001   0.32817197772245746E-001
   0.64375209668351707        0.27266385961082891E-001   0.17814888355757458        0.32788427941495876E-001
   0.81183596765262667        0.39878864801683150E-001   0.28977423609362816E-001   0.32753697326857172E-001
   0.46262499449481281        0.69043896374695088E-001   0.56665271992231404E-001   0.32737279939036051E-001
   0.11688306903086591        0.43384148392200672E-001   0.83568610682475386        0.32834739211128991E-001
   0.11665325423937355        0.40388918743274653E-001   0.45355265031813863        0.32878345098333428E-001
   0.92344547711661862        0.91134415232431265E-001   0.31936565897868158        0.32774278191044295E-001
   0.36071464374392742        0.83048102113899944E-001   0.27042375690821369        0.32793616467940899E-001
   0.36897957709224255        0.33200094902994269E-001   0.43639780089528724        0.32771987872353005E-001
   0.41966335325121307        0.68532332060768392E-001   0.36289313769957408E-002   0.32899454470904782E-001
   0.85535915053443679        0.93483894854079555E-001   0.86979512001334869        0.32867105495672080E-001
   0.31514728098559763        0.34988823031126493E-001   0.17374212605419445        0.32918727692371828E-001
   0.51936771566600659        0.98128045253362439E-001   0.61045642534183131        0.32915894189382386E-001
   0.61183982028452009E-001   0.93173846556190432E-001   0.73804757020160794        0.32841232983532059E-001
   0.10252392365109575E-001   0.40636137377546844E-001   0.37737867695504540        0.32843009862858763E-001
   0.58049419598140584E-001   0.42734003432658846E-001   0.57840074877747905        0.32790468206571562E-001
   0.45413673355354744        0.28575856076014247E-001   0.23853791268869975        0.32815326495845287E-001
   0.72132001136239998        0.40711782738070960E-001   0.58204541341195881        0.32860541175335371E-001
   0.95841072648532211        0.91712660107163613E-001   0.11500208940621559        0.32819232797388256E-001
   0.27408863673992739        0.47330558166008452E-001   0.55886112606303856E-001   0.32738645493950627E-001
   0.36944054349244393        0.27195571119874109E-001   0.37105861782152266        0.32841180610600547E-001
   0.38739588200688418        0.32165019100015478E-001   0.23569264711518961        0.32963180544702021E-001
   0.89128073003189612        0.91341609511904162E-001   0.10000014833492422        0.32906139802954280E-001
   0.78874056223306832        0.94371762100019518E-001   0.83763415348141113        0.32854813939676417E-001
   0.83873185084496327        0.91066126167493766E-001   0.36339251801568700        0.32838968130292155E-001
   0.53471586699032714        0.49384677856786616E-001   0.80115429772420443        0.32815377362474661E-001
   0.35477964934545025        0.97049939656086770E-001   0.72001942741349689        0.32845786019883673E-001
   0.60814116451541100        0.98616422743226739E-001   0.71276068533319203        0.32826740003042344E-001
   0.40677953808849349        0.97683717132503747E-001   0.67891722918238506        0.32818213864142666E-001
   0.55834764288447735E-002   0.42436310827311530E-001   0.53840754433303273        0.32749260586570489E-001
   0.24952801990280282        0.39533368987029770E-001   0.17688174564375669        0.32825764072676365E-001
   0.67577974288118459        0.40615368157027779E-001   0.62984120765833418        0.32839634250991498E-001
   0.60133649446603721        0.48551998902983423E-001   0.75480438079453671        0.32803665669373420E-001
   0.61055703689739438        0.67204001909958885E-001   0.86228458439366740        0.32859671710767001E-001
   0.21829930766701630        0.95330883433003513E-001   0.78292568197760137        0.32759813911915278E-001
   0.85913207051566953        0.92460986974534587E-001   0.23177945023997382        0.32802196666301020E-001
   0.47373878543394615        0.46789334494923868E-001   0.60323070016078528        0.32797362820934393E-001
   0.20658187375125267        0.36704035266791619E-001   0.45045974913742387        0.32905728387097599E-001
   0.35617089898758658        0.47603840443799200E-001   0.67652995208691069        0.32801765084731496E-001
   0.18357414594538679        0.89194040844793099E-001   0.11588499723668144        0.32873289695160644E-001
   0.99740642122863044        0.42373207323916820E-001   0.44260803517227537        0.32826844277346105E-001
   0.88158847294090767E-003   0.43206984181165031E-001   0.96839025134215648E-001   0.32834187607467105E-001
   0.31298130106112476        0.39682668042579805E-001   0.10816564807646481        0.32822525978765678E-001
   0.38111640920004874        0.34350572572459249E-001   0.16938281963618990        0.32863956811663299E-001
   0.37020459659556915        0.61784309103188544E-001   0.96029268233223819        0.32715619258446307E-001
   0.93872715997049061        0.93571676660775677E-001   0.69491766836923030        0.32876329453117123E-001
   0.30742602795517898        0.27118433266841286E-001   0.34905839463750132        0.32842878983103570E-001
   0.97542777119422730        0.90582246730938037E-001   0.40233249726567344        0.32843542037992383E-001
   0.76061958166251076        0.95830423509823431E-001   0.69016873802518475        0.32799226182668673E-001
   0.12170072722787872        0.95397019708797881E-001   0.88043450240155052        0.32784367197215655E-001
   0.70537606969374000        0.96233095910385369E-001   0.33914604315890423        0.32828800765922546E-001
   0.24402880612796118        0.42934848198433920E-001   0.24248704453541536        0.32847582992629416E-001
   0.57492813897615680        0.18897844672495015E-001   0.88949798616324149        0.32768734456327893E-001
   0.86820903774015956        0.93868900388922719E-001   0.67426681555211787        0.32887000358622930E-001
   0.43261384732315228        0.47077330207401485E-001   0.55121782790808704        0.32877389925052201E-001
   0.29872513915905552        0.87989384921274505E-001   0.29149999057843323        0.32860992353241698E-001
   0.79401012156982376        0.89144244400940056E-001   0.21826547152985129        0.32885915175439775E-001
   0.32801889567105162E-001   0.43396458948048777E-001   0.37006854809565469E-001   0.32859679221875125E-001
   0.73608555340753690        0.41200311575676558E-001   0.45291707933871694        0.32835814286325801E-001
   0.67034525986164398E-001   0.45830036255841700E-001   0.79215717647955586        0.32872976102844238E-001
   0.47325192571472524        0.68656888015489345E-001   0.96100389942054953        0.32847315076639731E-001
   0.75338892352659481        0.44711200339345031E-001   0.24567103435020482        0.32800316655939493E-001
   0.15400094145134641        0.90608278796968478E-001   0.33848265453545362        0.32809194418840691E-001
   0.90804884399217167        0.91465166974849396E-001   0.38327645052327364        0.32844809394707068E-001
   0.74978308941284322        0.94350867563902319E-001   0.77700483206720228        0.32846144312541008E-001
   0.85753467106237075E-001   0.42950044914585858E-001   0.76328016034317325E-001   0.32881452164260076E-001
   0.46001127893109373        0.46525008632635402E-001   0.68724712661741882        0.32763827639263561E-001
   0.68131738806719044        0.24125584510345077E-001   0.98634094704913466        0.32763694192284504E-001
   0.96007281342044104        0.42579055692241262E-001   0.60023635761750493        0.32846171972122085E-001
   0.44777188127993311        0.47120318102000680E-001   0.78993578870213987        0.32712449999451304E-001
   0.77940587871309719        0.92455149521230282E-001   0.28253358567605674        0.32870966238557085E-001
   0.51217063041551802        0.25521270716704521E-001   0.17151955527424864        0.32762344300545504E-001
   0.80099446003838448        0.40970555276481940E-001   0.46415728952777718        0.32777431516026849E-001
   0.10403264845685184        0.92295679635893690E-001   0.14580892606176879        0.32862879357821825E-001
   0.15969309950954760        0.40443175965347786E-001   0.40399041955770992        0.32760729095725735E-001
   0.67893801600878101        0.90565500169908345E-001   0.58719124516129240        0.32767958524193307E-001
   0.25463131543706730        0.87701186383384561E-001   0.34909261631397570        0.32801468649036353E-001
   0.21511712119416959        0.46634834426872704E-001   0.61955484625105051        0.32723580908791537E-001
   0.11442588276253084        0.46458053741890860E-001   0.73443733581375092        0.32820994929690990E-001
   0.96402099216682657        0.43286949856624117E-001   0.87629179302609561        0.32710949681150153E-001
   0.10984361797968119        0.42604846538597911E-001   0.62604151507093420        0.32761760056777028E-001
   0.44190040100148159        0.33552782247303507E-001   0.10784782361374851        0.32896881764636177E-001
   0.71443586524264091        0.97264020259231712E-001   0.27383312971208273        0.32838244226055968E-001
   0.64751612756454946        0.90927680702441685E-001   0.52961056929828620        0.32803237215628847E-001
   0.52969878004944160        0.27984943754480764E-001   0.36896908980099968        0.32830783594706266E-001
   0.15890116131200449E-001   0.92713872234218481E-001   0.58871349208839352        0.32892919311656901E-001
   0.94106639685419857        0.93099829552154761E-001   0.97804198561776134        0.32793086437249389E-001
   0.63096468980071152        0.88579410415966911E-001   0.40010755937988984        0.32786571630945720E-001
   0.76009535661799921        0.40811321034414969E-001   0.63514139506120526        0.32757349913758768E-001
   0.40621404236527059        0.97135849136028934E-001   0.77761542669592731        0.32827383252687026E-001
   0.41728658482186393        0.47572656676165642E-001   0.63745605428597807        0.32813605875811711E-001
   0.89070951809726306        0.92338639591121763E-001   0.52068350758293591        0.32840429219424871E-001
   0.10848008014133941        0.94241662941727034E-001   0.68932651140347612        0.32746936166702607E-001
   0.10710114654833068        0.90552611458966981E-001   0.49541219308127066        0.32885629782330533E-001
   0.65714919162355478        0.47561938859528911E-001   0.81960906013283530        0.32833004169808930E-001
   0.69933620359280191        0.90945111559627256E-001   0.47528584443615945        0.32791958296973851E-001
   0.80422321370102745        0.94548346429277619E-001   0.73934940947863970        0.32774960321352534E-001
   0.16017585653181771        0.42605272103894615E-001   0.58390637655903099        0.32815158991795636E-001
   0.21357575478497284        0.95759307613640127E-001   0.57455847139267646        0.32795061005541429E-001
   0.90043194462802967        0.42373328110125452E-001   0.20610794721307660        0.32809312154435298E-001
   0.57818090813994505        0.25669436156071042E-001   0.17157273370194651        0.32890970070887558E-001
   0.66393883411171162        0.97260312276868793E-001   0.67773934228503663        0.32816065607114142E-001
   0.42636051254539820        0.78386530287172920E-001   0.27126778435458065        0.32816757688155972E-001
   0.15279035200511171        0.92512491203325220E-001   0.62656712450289709        0.32894499816302124E-001
   0.31685907061724344        0.98148002123717451E-001   0.57862054266019425        0.32876150194470669E-001
   0.98255694451158671        0.41836506338209040E-001   0.15989525447460581        0.32830955539859978E-001
   0.28281736602018326        0.87805996853254742E-001   0.20648192081489822        0.32827467743552295E-001
   0.67037550347624902E-001   0.90631342046124774E-001   0.29890571552631573        0.32824225221457441E-001
   0.96673793731371538        0.43185218975469446E-001   0.79336602788883648        0.32917447611976382E-001
   0.79299815279044028        0.87063381280234886E-001   0.98433093697583463        0.32787614358856097E-001
   0.97344215204101181        0.93155013945742215E-001   0.75080340088382624        0.32863204738834195E-001
   0.16100002129974667        0.89186841713892517E-001   0.45157647318383365        0.32892841036478548E-001
   0.68796913996291664        0.40905121803417661E-001   0.51635339348942588        0.32840089432747237E-001
   0.92111178046166009        0.93242428009654738E-001   0.87344331425442490        0.32816977292388770E-001
   0.76207877507867533E-001   0.94209163034835008E-001   0.31836948036031820E-001   0.32765019310781955E-001
   0.50020425906739607        0.77364477706922341E-001   0.40098544427857552        0.32759594044195144E-001
   0.94308510488707820        0.91248267098911706E-001   0.17888173860522014        0.32841641698813796E-001
   0.38982995621672045        0.32932749118409259E-001   0.30153616196380312        0.32810726700006475E-001
   0.64717074215484183        0.97389582493842830E-001   0.27004677645367547        0.32917443972892035E-001
   0.20589028076974322        0.92714306223476428E-001   0.49982498618071769        0.32807840882831209E-001
   0.71781636382851111        0.90841623006592154E-001   0.64042606812004554        0.32874090979893245E-001
   0.67154695797362010E-001   0.44617378573617444E-001   0.88034788330752989        0.32822221119586777E-001
   0.72089590346495458        0.27164593019298591E-001   0.65251114545099381E-001   0.32907384613951707E-001
   0.88211328355710983        0.42257180042375726E-001   0.26925642565109564        0.32819047371279490E-001
   0.11322761853621216        0.40090089472821534E-001   0.20458542437546776        0.32790334067640967E-001
   0.72037925770799247E-001   0.43064444017841791E-001   0.98388994281491604        0.32872481329974598E-001
   0.55180726817881065        0.76200965646108357E-001   0.20591193147067585        0.32840153446953742E-001
   0.21698058434596487        0.89967034560813522E-001   0.20529969160153572        0.32919709325082161E-001
   0.72890710413602000        0.86662223706318264E-001   0.95656930571805254        0.32923382815712797E-001
   0.87121504251755644        0.41428238705342693E-001   0.40714306430904396        0.32886029451812286E-001
   0.62017391622780615        0.77283450036826018E-001   0.21355331239339673        0.32815127000433583E-001
   0.86823641730669676        0.43577162198861021E-001   0.91045455125443442        0.32734317755637475E-001
   0.15304142951245195        0.90124089406989419E-001   0.18951625379570763        0.32824349393579470E-001
   0.15501129642458747        0.92635270213414500E-001   0.54159207590427549        0.32812873805287648E-001
   0.67682293341074631E-001   0.93356885886746482E-001   0.93227537431301799        0.32883740972838145E-001
   0.46668141728991441        0.35381388163882817E-001   0.44760291657733148        0.32798365428592401E-001
   0.36545491437687572        0.55760532092738024E-002   0.91160191597575468        0.32884631948705972E-001
   0.74263471200865416        0.45801767190540285E-001   0.83547724785075306        0.32766091266856374E-001
   0.72325963014348377E-001   0.94477900102017676E-001   0.83719425700280992        0.32787226961953027E-001
   0.48435765665133124        0.75846059409158562E-001   0.20435803005276648        0.32813988086631010E-001
   0.97501147943952871        0.92569118977872095E-001   0.64014407995253209        0.32764518453741079E-001
   0.52958598964846804        0.47758626102181290E-001   0.56844899186040887        0.32841584474163063E-001
   0.41838619120018811        0.82116332041335949E-001   0.20586036875061406        0.32744610983188434E-001
   0.96908590861266464        0.93137380520008944E-001   0.91864094108933114        0.32829800429276731E-001
   0.20920350450865202        0.96544219910207632E-001   0.88450691716868202        0.32848105820398550E-001
   0.13646605529706127        0.42298985728342203E-001   0.11819465071589802        0.32809210866009117E-001
   0.32660871835667782        0.77501113611812156E-002   0.52278961307901550E-001   0.32924715310855238E-001
   0.16833178156533873        0.43078639139318309E-001   0.97390560118519787        0.32765376859815301E-001
   0.47638061072356302        0.80310531606912261E-001   0.13927057570846119        0.32792838914556241E-001
   0.75679324402383052        0.45862623034963600E-001   0.73245129147205712        0.32719025596661490E-001
   0.13832479415182464        0.90025188246712406E-001   0.25622167486543374        0.32893999951640399E-001
   0.69232208664085193        0.77156844563935470E-001   0.96938393448105245E-001   0.32785034235872368E-001
   0.72388610125955566        0.90817453595482045E-001   0.53930009660064115        0.32785690308121285E-001
   0.76535440747453254        0.91249222313418352E-001   0.42202336654477912        0.32720445446678077E-001
   0.37009384371215581        0.11825887567435448E-001   0.29286216422176009E-002   0.32794070731944146E-001
   0.25155172870370862        0.87600531100767043E-001   0.45181164143911878        0.32846778824024210E-001
   0.20487809806814058        0.88314409912282732E-001   0.40046129944512121        0.32839892251168901E-001
   0.83291826256050250        0.36633510478783909E-001   0.96631820013545500        0.32871619831556988E-001
   0.94862196027044454        0.41043986246958888E-001   0.35426086880311464        0.32861026993721558E-001
   0.85049181023776510        0.92129003948239294E-001   0.29807088120908137        0.32841880693342013E-001
   0.27098211916327197        0.57035915622205981E-001   0.95928164170958807        0.32892119287610350E-001
   0.63932015498587136        0.40484363567227954E-001   0.57192015015633746        0.32732676299108511E-001
   0.80522664270819533        0.40608854560795472E-001   0.58643586157779115        0.32861594649760170E-001
   0.97669889977689284        0.43092071403715231E-001   0.14452766930764204E-002   0.32844497336348304E-001
   0.53096102938671252        0.97936149155644803E-001   0.52534802988693519        0.32915412786242292E-001
   0.70029327179651013        0.98092190998436440E-001   0.81995431125722862        0.32780091607284671E-001
   0.59426309097836860        0.24905134545525939E-001   0.29074273968529976E-001   0.32892783789092439E-001
   0.55293119488092179E-001   0.92688842255827811E-001   0.53587520051787163        0.32845184581585474E-001
   0.69779819269010790        0.76981044652135580E-001   0.29111877535538819E-001   0.32808952978124618E-001
   0.30341166335140085        0.96928590157528638E-001   0.67644515243276959        0.32781545937061896E-001
   0.73484342337261677        0.41071956347713968E-001   0.37729706654608519        0.32815526344034326E-001
   0.99833008324376205        0.89893295496563858E-001   0.26638411350280283        0.32864660921334443E-001
   0.56187451572701674        0.75539511796197154E-001   0.58044360394653702E-001   0.32777909171022447E-001
   0.48872117754955052        0.47672916906863268E-001   0.51687582283182931        0.32831240920887274E-001
   0.50903451334114724        0.97204292877743514E-001   0.69753428730067546        0.32824713480647520E-001
   0.23167133850065993E-001   0.93597423440017175E-001   0.68455515819584722        0.32705321460127217E-001
   0.34748981193041750        0.77169774711143321E-001   0.33441284955056622        0.32771065091000064E-001
   0.55800643097651159        0.77575454082692202E-001   0.27166037340823224        0.32854353826230052E-001
   0.97277736061753017        0.42375632519456266E-001   0.22478735514600509        0.32791323748792824E-001
   0.47500802266111625        0.96680993517271052E-001   0.55996364854973957        0.32820217223668784E-001
   0.84681646616900264        0.44202455299459965E-001   0.74622490332887914        0.32849303771206137E-001
   0.41977753498397385        0.18840590576812598E-001   0.96028179765470734        0.32773255364992954E-001
   0.16751137952843664        0.96281566033754762E-001   0.83318900693510012        0.32910417893439126E-001
   0.32212364692905554        0.96726488462711299E-001   0.77738714661412212        0.32790528918807654E-001
   0.40867700902904086        0.47192466588091529E-001   0.48690551999309511        0.32835945895440338E-001
   0.61624160515274995        0.19886281268735449E-001   0.96612376195769689        0.32802617829517329E-001
   0.63314110578520311        0.90508031991295229E-001   0.46562028786133108        0.32779648908779747E-001
   0.23022646818745870        0.96028184519275181E-001   0.56123385249332705E-001   0.32778783392147265E-001
   0.85088591673268399        0.39155865512456596E-001   0.12048053049583224        0.32841394514717168E-001
   0.46324598096412017        0.96487079830038097E-001   0.64489262135194048        0.32761227650295446E-001
   0.89030670246804944        0.39696191390177993E-001   0.83769939348469924        0.32923539029206035E-001
   0.41947272037505384        0.97547029446800756E-001   0.59491022687970718        0.32798953884737338E-001
   0.57293468365362377        0.71740796274488400E-001   0.98781527201721153        0.32881897178910852E-001
   0.24277432641572106E-001   0.95885336767459528E-001   0.79243098622147323        0.32866320404152854E-001
   0.92189170215834859        0.91924673851482425E-001   0.79400609360431618        0.32803474167824094E-001
   0.83036701380838418        0.89080331899249229E-001   0.75600765364440381E-001   0.32710325415425699E-001
   0.84746121715783640        0.90872098656696029E-001   0.57811238563382161        0.32847535396309635E-001
   0.98148650990942166        0.43584165884970709E-001   0.69268756719837088        0.32866421090147209E-001
   0.62664176318959308        0.75663953441258036E-001   0.77154561704498831E-001   0.32866478646596115E-001
   0.68675056937703038E-001   0.92574100217254179E-001   0.63721049773393379        0.32806883055574429E-001
   0.76448525479278828        0.90434266480841935E-001   0.48769066131583211        0.32826876881454171E-001
   0.89933871770432794        0.41797859241125675E-001   0.99381417047971454        0.32807136026209452E-001
   0.65801081156565433        0.47380814774997893E-001   0.72036768088841896        0.32818364682578129E-001
   0.57248287036182610        0.48167675994149284E-001   0.61922111408405323        0.32846167305305506E-001
   0.15697471958696599        0.40283117603702290E-001   0.29516515148850320        0.32849027702228327E-001
   0.22566228741920141E-001   0.93533176983126340E-001   0.88028613696621427        0.32922976258253911E-001
   0.67530773441321967        0.75427856797043905E-001   0.87615638730384959        0.32713381441041106E-001
   0.27033186389606828        0.96662711460545947E-001   0.73352436643564034        0.32851778849820268E-001
   0.13000940204188660        0.92804036864375938E-001   0.75450708698165461E-001   0.32877428374140649E-001
   0.31210186001050944        0.46676488141046933E-001   0.72521660873293148        0.32808683802425929E-001
   0.16336603192277713        0.93119680481106457E-001   0.93157857165267277        0.32844741754373331E-001
   0.59647225006264082        0.68787650753547327E-001   0.92649158654222696        0.32867407668659039E-001
   0.63915337339856559        0.24160016713658947E-001   0.90281387966025906        0.32766992789163667E-001
   0.45250204078569667        0.97239499723354481E-001   0.73102727598717832        0.32842303799878937E-001
   0.38761719226514429        0.46618694203369754E-001   0.86517026864179980        0.32797821424645074E-001
   0.51644212851863225        0.48554036268035387E-001   0.65354426447853864        0.32808195899765843E-001
   0.28874274237305803        0.93099981224790795E-001   0.51918256027663978        0.32794639889050022E-001
