 3 HS poly
 400 2
 80 320
    1.0000000000000000         0.0000000000000000         0.0000000000000000         0.0000000000000000        0.10000000000000001         0.0000000000000000         0.0000000000000000         0.0000000000000000         1.0000000000000000     
 T T T
   0.63878159180543037        0.13941560650090367E-002   0.58781708776640429        0.36513782748976424E-001
   0.25306603502433350        0.20964366172429409E-002   0.82360282917644390        0.35945435639340009E-001
   0.30778780079077722        0.16400185973153470E-002   0.24727352442791675        0.35793741451830986E-001
   0.76218997789954157        0.21062693640855942E-002   0.42649444097545597        0.39166320828573298E-001
   0.34467945646351078        0.19240524323308598E-002   0.92939006787148848        0.36482753656767793E-001
   0.30489309045963608        0.52125194035646631E-001   0.82486358314129582        0.36031223589655652E-001
   0.40659337425607178        0.19837216518281595E-002   0.73655698929619973        0.39734780542035927E-001
   0.99872050472794349E-001   0.52143157571076626E-001   0.85324360107631037        0.35873220583711292E-001
   0.39346545344005279        0.52126987557519905E-001   0.98876730097079174E-001   0.37775549386353191E-001
   0.82208503024006763        0.20488051760103152E-002   0.47383275638672379        0.36770571615187028E-001
   0.74195070291273379        0.51876673772332994E-001   0.17598404581253055        0.38008115305891994E-001
   0.96083265817524355        0.51902882835174947E-001   0.57635258209730245        0.37725247205803912E-001
   0.90777320196231015        0.51884129024356074E-001   0.93385249045522056        0.36366384764721586E-001
   0.50340343989172109        0.41600871867870466E-002   0.14712932404105583        0.37339137466313371E-001
   0.50457402337385271        0.52520390447422849E-001   0.20525226016761872        0.38232715171794995E-001
   0.70997000544779132        0.51927950477470800E-001   0.11056913562654611        0.34779349906207763E-001
   0.78137482966222782        0.52210287273037795E-001   0.84156303830003065        0.39462418184477856E-001
   0.79873383874607107        0.52362501650599226E-001   0.58219321217291831        0.37920638671659075E-001
   0.83716510305626834E-003   0.21842917532926068E-002   0.11469088476190790E-001   0.36929427555535126E-001
   0.67728547750293733        0.52250207004213657E-001   0.21468847646459119        0.37190172757841172E-001
   0.36804119233580584        0.51890429494080903E-001   0.38549877175846359        0.38443493377734686E-001
   0.60948315434102041        0.23521149863294354E-002   0.80765337046669028        0.36088548038646182E-001
   0.34314029194620776        0.18875918230628304E-002   0.33458676426009087        0.37079390989348128E-001
   0.39651065388287865        0.20843572562443727E-002   0.20632514634568347        0.36417587575378871E-001
   0.15457638899559545        0.17529364867782640E-002   0.54962864096333797        0.38565338451677214E-001
   0.10692540618317042        0.51869250363683131E-001   0.73078822422950718        0.35766169024874950E-001
   0.88535751576383936        0.51820820628390399E-001   0.17111533286932218        0.38968244186637323E-001
   0.56778177374220029        0.21936553209885279E-002   0.71962650183161203        0.38681695346320891E-001
   0.32127210953358648        0.51895567405917414E-001   0.45871645608634715        0.39974263829854056E-001
   0.76405076936274163        0.51771394775415813E-001   0.72253857089405760        0.38253096656169251E-001
   0.41111687249870077        0.51801841471170229E-001   0.47654354778379082        0.38233528456779152E-001
   0.29748813633578752        0.19286252653900879E-002   0.76770258937009228        0.35424161561800636E-001
   0.95091098159294074        0.52109819317085762E-001   0.99227162890861165        0.36182943702234710E-001
   0.58457322265935008        0.52073678970481721E-001   0.94156069829969069        0.39561478904168078E-001
   0.34862074604307070        0.51876333781845085E-001   0.97840939000588556        0.33586341064567884E-001
   0.86858668541055795        0.52201333984484136E-001   0.60756910533131459        0.36354041198690304E-001
   0.45522754007699362        0.52008319748968607E-001   0.87549826177306567        0.40796659586048285E-001
   0.50549772331283804        0.18815555783229763E-002   0.48258736304243299        0.40391497028391912E-001
   0.24760416459135862        0.20314978495163416E-002   0.92175452449260531        0.38906917514412422E-001
   0.64008968993602666        0.13285905275487767E-002   0.96581474342798135        0.36773272870034908E-001
   0.34753925909828726        0.19040657915335266E-002   0.37785171669126184E-001   0.38081276506606657E-001
   0.79679580309354361E-001   0.51990279522961536E-001   0.30832062108219804        0.36446100844005576E-001
   0.35320001560971015        0.52025280946394581E-001   0.76692945795315648        0.39350585956593159E-001
   0.27280586924477740E-001   0.16236991657073978E-002   0.29114442744595209        0.37699286481146614E-001
   0.67809465530097632E-001   0.18899679361143137E-002   0.50448382742584252        0.38209988434137435E-001
   0.12821526525431720        0.13130806530742140E-002   0.33377792204353662        0.37030116661133580E-001
   0.39664847312273244        0.19460669503409576E-002   0.98107272788192390        0.35689218501526725E-001
   0.73812408115516082        0.52150927936506844E-001   0.37204350069870407        0.37705108716938697E-001
   0.48713924421198312        0.52031720061767366E-001   0.65870020185164257        0.37851030192228810E-001
   0.25066297067431953        0.51676711302057227E-001   0.48492072220909116        0.34352481446379438E-001
   0.45447947936253319        0.51722335786097418E-001   0.56323682781392326        0.35694489133566543E-001
   0.54176237144092809        0.51851967742112426E-001   0.52928541306575705        0.36977726747906878E-001
   0.13827806005585494        0.17199864151622849E-002   0.17828545682256250        0.36762228949973073E-001
   0.26514506404692173        0.51568914300174518E-001   0.21425029405093240        0.37681248328498063E-001
   0.26832257029832213        0.51689568325805603E-001   0.62956868905913177        0.35691596169871144E-001
   0.36112103698962489        0.19410469761911558E-002   0.50086370767447697        0.36263268724256732E-001
   0.11737496134889927        0.16783547366320513E-002   0.41383435146502501        0.37015349972156462E-001
   0.39834641801093790        0.51940337084421584E-001   0.92840077347338579        0.36858735363350416E-001
   0.51917247259382027        0.52234503598148622E-001   0.26436733023846720E-002   0.35913809842998808E-001
   0.22754928042588654        0.15634769088870759E-002   0.53039099368350651        0.36843876864435535E-001
   0.57382371556177181        0.17456444427711747E-002   0.99995239864419738        0.37630656459560430E-001
   0.19200272755206521        0.51951446013609993E-001   0.91500375009668278        0.36026221597697368E-001
   0.90276443163735925E-001   0.21788886737831256E-002   0.47562805919231385E-001   0.36701889879713984E-001
   0.15369981121594224E-001   0.19498473201789740E-002   0.55993081834859271        0.38032027914888605E-001
   0.13961444509346069        0.52177002604049207E-001   0.65784434336193395E-001   0.35861200607500733E-001
   0.29480312158326016        0.51733546139838361E-001   0.36256146722681776        0.37769064174679373E-001
   0.60290793221130741E-001   0.51987566897643250E-001   0.78968609482638963        0.38926032143507316E-001
   0.55883042164655694        0.22549825639168498E-002   0.19716434780409522        0.35796696462692824E-001
   0.66595324638309650        0.26172236080335494E-002   0.85199080578435948        0.35684119500246830E-001
   0.26796916675827254        0.17076919524334055E-002   0.31126213975640388        0.38549516920423063E-001
   0.93515671726984728        0.19400902706207626E-002   0.40171517865816811E-001   0.34696786095911723E-001
   0.15310086114174615        0.17902530228473192E-002   0.62600352627387235        0.36481738597289558E-001
   0.21322601497622193        0.51791915687465377E-001   0.34439569702564043        0.37706047315545874E-001
   0.58385766734961142        0.51867561418864165E-001   0.39585638782504257        0.38267511558498904E-001
   0.92957006418195653        0.52378296605313970E-001   0.83982572847429260        0.36675102047676045E-001
   0.82581045134657161        0.51827397184893757E-001   0.21564732474986806        0.35134430436243959E-001
   0.78617251657330445        0.15884909723910328E-002   0.78307263330934429        0.37114548776952014E-001
   0.19181870672939000        0.51754593711769742E-001   0.19334549337074225        0.37925806881090221E-001
   0.99037767633057472        0.21688507928491066E-002   0.46994444274980735        0.35981722241080323E-001
   0.39429925796343379        0.51810646306985592E-001   0.31463908851191263        0.37100887257066846E-001
   0.19996941141517874        0.51951931974426081E-001   0.63707841793703979        0.32802716461807532E-001
   0.53709057715816932        0.21932040686007230E-002   0.41636726515032918        0.32781459005827622E-001
   0.94008716523745528        0.52351582436569934E-001   0.70482963012937194        0.32744284416177175E-001
   0.20015949618112258        0.20457629290926579E-002   0.86789570214407974        0.32836537388216784E-001
   0.95200728435841153        0.18761895899644108E-002   0.52722257459477129        0.32851310626270343E-001
   0.43866259300507887        0.51980069503228525E-001   0.39732293429574322        0.32780368390930403E-001
   0.42627336633474555        0.21429018295464346E-002   0.60689959516166271E-001   0.32763253662589691E-001
   0.15405173058642621        0.16585376323007446E-002   0.72881578452713802        0.32778018500803759E-001
   0.68950809452846507        0.51751224364226849E-001   0.96773343673208456        0.32865735885765412E-001
   0.15088343793505626        0.51493339600010880E-001   0.37759258141869106        0.32880736640248535E-001
   0.49998745798501643        0.96618630209639345E-001   0.31939145750309544        0.32831788460003022E-001
   0.65586374930086477        0.24842781172159829E-002   0.68160906125159249        0.32692181432349844E-001
   0.67685689549238948        0.17886440115354217E-002   0.24945040509426017E-001   0.32849312002110352E-001
   0.46854450723042301        0.52204853919182760E-001   0.54667183030071453E-001   0.32816330934516413E-001
   0.51761614598764139        0.51951712003133782E-001   0.59487537599120643        0.32839187731111122E-001
   0.90160889170417247        0.19758915538919679E-002   0.98147121297118167        0.32842563693981267E-001
   0.46091840108108068        0.26754856629037727E-002   0.23176248071820699        0.32802900486200187E-001
   0.83135671595553695        0.52309842741887352E-001   0.74527279143511305        0.32718406479326993E-001
   0.71626646518513060        0.52160629595947854E-001   0.29282576764326379        0.32775640643980940E-001
   0.67695645055164710        0.52298457491170493E-001   0.73681561953846719        0.32799024709910952E-001
   0.65252326072189393        0.52988166092620526E-001   0.41659417721682762        0.32720657728682448E-001
   0.32393187143088220        0.51985999074617165E-001   0.53167553194653439        0.32731354069047078E-001
   0.63942662113813120        0.17545101602831710E-002   0.51817279423841511        0.32805638125344469E-001
   0.42506504718702098        0.54073911117800189E-001   0.62504519520379676        0.32688705634294386E-001
   0.72649880005194523        0.18499130437599277E-002   0.67974202806771300E-001   0.32835105684137167E-001
   0.85121949450499845        0.51958315467210969E-001   0.27863912300252786        0.32776845482827041E-001
   0.73096131679329235        0.27445296801866391E-002   0.49143210358372713        0.32756856074580537E-001
   0.20589712510917532        0.21029398440758212E-002   0.98006162837134381        0.32774799647188033E-001
   0.12600881075290053E-001   0.55860498915066149E-001   0.11802965014168741        0.32835090750196000E-001
   0.74234769144584123        0.52153181784465256E-001   0.92834430040302152        0.32846672749427049E-001
   0.89352406007216223E-002   0.20387148017168440E-002   0.78264209852512467        0.32796095815472132E-001
   0.37725871065094546        0.20468312301237797E-002   0.64734681617990020        0.32798362260699543E-001
   0.39758022627590206        0.51961325013310425E-001   0.28089454922463154E-001   0.32926274415091536E-001
   0.61651311288882382        0.51531345876670534E-001   0.85563632608552265        0.32825218256705313E-001
   0.73062999583425325        0.22093394892862598E-002   0.82959910352728050        0.32748249821882305E-001
   0.22626947314170662        0.51511362968680509E-001   0.42021002165563998        0.32782098073260837E-001
   0.19974539757632687        0.56068940412928592E-001   0.32097150413059099E-001   0.32834319507677477E-001
   0.84682092873457382        0.52261784058969141E-001   0.81091696050234885        0.32793040916147369E-001
   0.73319112352912419        0.52314068709635356E-001   0.78709907551419700        0.32840176962261103E-001
   0.63207699885801971        0.18702500626651517E-002   0.37748067439826610        0.32750514300227296E-001
   0.61026613209738345        0.17894193264058192E-002   0.43930249543130584        0.32744626474642428E-001
   0.66455289842868748        0.52429569611461439E-001   0.34898551426245705        0.32822235258662361E-001
   0.61154098404245394        0.18471137428077173E-002   0.15032840636219019        0.32785861464338158E-001
   0.69805976235728406        0.17987834261278383E-002   0.63108478836677939        0.32863757366312016E-001
   0.33923854999820496        0.29508568142837944E-002   0.70951919427769194        0.32811991819741121E-001
   0.11397574003622615        0.52189826267235007E-001   0.22364777710080028        0.32794644688158993E-001
   0.89423529837613647        0.19304547898241157E-002   0.28251470573932880        0.32828954852129610E-001
   0.19472017740769404        0.22458850939504464E-002   0.78418694007070344        0.32791983550621684E-001
   0.55752220894797111        0.52101845724976108E-001   0.66945067606307451        0.32801654736330406E-001
   0.32632008184205939E-001   0.55591230423761177E-001   0.18070594881902080        0.32735652040697651E-001
   0.34550667121077916        0.19951345631053392E-002   0.56816605682677890        0.32808991673097934E-001
   0.72147534255274637        0.51683819254399882E-001   0.25279566227722233E-001   0.32852752650492360E-001
   0.99561255363987822        0.60440336849316391E-002   0.15863764067505670        0.32809274904795370E-001
   0.77415425506255453        0.51244889391045323E-001   0.98578687652454933        0.32720294411145399E-001
   0.43826012747619492E-001   0.52201724530935162E-001   0.34277248908555012E-001   0.32767130671040270E-001
   0.53989645281224297        0.46639072895721834E-001   0.30452517766610293        0.32809092389602279E-001
   0.85872533768765857        0.51841085566064399E-001   0.10432444385559798        0.32909203784605365E-001
   0.14143539925233925        0.18742479828522654E-002   0.47949919738398539        0.32765627150668698E-001
   0.88836162435959765        0.19698606607980221E-002   0.65171036265562388        0.32949358264167630E-001
   0.86982680286416780        0.52122598611102439E-001   0.46545846243297057        0.32765509954446589E-001
   0.82723306780951900        0.51760785442590510E-001   0.46583023539779528E-001   0.32853941720425960E-001
   0.92429195554500410        0.19675902606534688E-002   0.44579757695859040        0.32812121193978257E-001
   0.35225962081068779        0.21688610976094941E-002   0.81933125384683481        0.32867344843646354E-001
   0.85928909593942626        0.18045580250862850E-002   0.41361686058342001        0.32829134993516668E-001
   0.96985595692513193        0.51869915662201838E-001   0.21021279722101871        0.32752511139518194E-001
   0.93789995289570022E-001   0.52135900151145068E-001   0.15624843333438559        0.32729690067772675E-001
   0.71920737390681999E-001   0.63332341341667047E-002   0.19875653301984564        0.32726419954312150E-001
   0.21978106718822443        0.17097209572297569E-002   0.23495024178682561        0.32817430589381739E-001
   0.56421769513721154        0.52271257297248311E-001   0.24385117979961896        0.32764388453040375E-001
   0.52177531379155173        0.51757201989008385E-001   0.74289067492469052        0.32816429693457536E-001
   0.25162573511859027        0.10540764724232897E-002   0.27312574608660732E-001   0.32793040242486651E-001
   0.97050863817029198        0.19649267993485557E-002   0.62596664622101916        0.32823423420688579E-001
   0.84369859115630816E-001   0.52294376590156982E-001   0.64266359456012245        0.32778773458538177E-001
   0.14263829411727963        0.98128735239742165E-001   0.89994079026872986        0.32896348465583487E-001
   0.60572064860715702        0.52282496896741165E-001   0.19300478716902977        0.32854333947748386E-001
   0.88943058980570511        0.51994933351678929E-001   0.23585717689471875E-001   0.32784089072411239E-001
   0.93224564319122694        0.52372230794623588E-001   0.48847213510440379        0.32825619648993873E-001
   0.82406050385071694        0.21664517463470417E-002   0.62563871243776603        0.32786648968513070E-001
   0.43962317074752599        0.78142306776614106E-003   0.29381834872233320        0.32775283758546964E-001
   0.96599073216686504        0.96901698780150688E-003   0.10024204077789975        0.32815913747581048E-001
   0.37061960356764856        0.52077308600509055E-001   0.16585462320375904        0.32870344231562106E-001
   0.52558929869028281        0.17702101275856204E-002   0.51368509820427913E-001   0.32823004301950238E-001
   0.33148222959461765        0.21189635143433285E-002   0.18297806587796389        0.32663976017965300E-001
   0.27027745500115840E-001   0.48433987388041833E-002   0.76468842566049230E-001   0.32750933467144513E-001
   0.80557379644789251        0.52182616308247103E-001   0.66443025282319013        0.32872909853400432E-001
   0.15093746417015871        0.51953019202077969E-001   0.78957252005042955        0.32753328849984151E-001
   0.16316999761614676        0.52117816581755662E-001   0.97760262856866076        0.32854889041596343E-001
   0.66018487010280180        0.51946488009437887E-001   0.64614974390630561E-001   0.32855412600414524E-001
   0.15505640873128487        0.51754551565990875E-001   0.13283568313048894        0.32751127752304939E-001
   0.41692076095109226        0.23915287265545175E-002   0.35989774530831875        0.32823434330976349E-001
   0.14593336898009311E-001   0.51994483498485594E-001   0.96393574454745212        0.32891926430124084E-001
   0.39205739349269036        0.52006385854118535E-001   0.83594907991493506        0.32896478195134797E-001
   0.82529332327759752        0.21934225072496572E-002   0.86974509354969654        0.32761702555219395E-001
   0.32088713096842530        0.19151399130263040E-002   0.40533706258983387        0.32811862271412952E-001
   0.99705635940384474        0.52056302459286032E-001   0.82342716421116058        0.32723252728348508E-001
   0.15448058503269357        0.22790043110587693E-002   0.20820319206777533E-001   0.32822900874303645E-001
   0.23811031188569320        0.51859930219606644E-001   0.69108628734253152        0.32812311509676194E-001
   0.65885221097058555        0.52037214568127044E-001   0.90940815390731478        0.32775858337128559E-001
   0.19717470753305863        0.19250680312964533E-002   0.67941820005096476        0.32740390056789227E-001
   0.75914217996520095        0.19727943006205124E-002   0.29746750891792456        0.32727124243070470E-001
   0.20509766630576662        0.59132041928693230E-002   0.46432848259988108        0.32742245379124103E-001
   0.77867570274482112        0.11589068642210568E-002   0.28123058212691576E-001   0.32783292703178910E-001
   0.10941795541081189E-001   0.15970998030334048E-002   0.22248170079699869        0.32859766842063730E-001
   0.44274030638307559E-001   0.16233520890954253E-002   0.36448140514528404        0.32843134800612996E-001
   0.64208748564865903        0.23736574944962260E-002   0.31268911124134807        0.32780649971769077E-001
   0.19317524680900114        0.64721263173858059E-002   0.75387021283073494E-001   0.32897121157371603E-001
   0.65547576291412724E-001   0.51925965257927267E-001   0.55515967846543335        0.32942458716382891E-001
   0.29686282158204491        0.24375316680422675E-002   0.97958309954915468        0.32762042699988649E-001
   0.44371521426101340        0.52065284881942155E-001   0.98128817858601680        0.32755397190312889E-001
   0.26689136111276207        0.17821288469792966E-002   0.44289781401595346        0.32788727300612400E-001
   0.52115066134813604        0.51898917300280248E-001   0.93898079832801309E-001   0.32804424732261632E-001
   0.71379197717109466        0.51343480442543436E-001   0.44693411983745385        0.32835626909130194E-001
   0.46791210532371635        0.20770489325421743E-002   0.61256388689242258        0.32810634597137220E-001
   0.25098881741842605        0.52087386997525457E-001   0.77552213321914298        0.32779390321642975E-001
   0.43123177076907221        0.51992316381645136E-001   0.78305229071939220        0.32830392087199935E-001
   0.22811315772997326        0.18807495354585914E-002   0.60430819653888912        0.32777413408382861E-001
   0.14350982509435894        0.24605640090654473E-002   0.83433571645085913        0.32857101732309706E-001
   0.84600972500437543        0.53632651138106814E-001   0.36689798887909647        0.32843834966352389E-001
   0.23094342857848391        0.51731716480424232E-001   0.27606127615295650        0.32826238302135824E-001
   0.58072468039582360E-001   0.28907908047875871E-002   0.97165062977113192        0.32796850170628063E-001
   0.43846476132887324        0.22149544754273211E-002   0.67135112096386529        0.32803785415894952E-001
   0.45740022022058963        0.52036642703516489E-001   0.72281484283191022        0.32815032443234179E-001
   0.93851204564861956        0.19891585834696346E-002   0.79029113777931459        0.32861264914049101E-001
   0.68709066627191451        0.51668928491517364E-001   0.58958756120227551        0.32822046341812114E-001
   0.29892438061043364        0.52319430081542301E-001   0.22665674936486919E-001   0.32916117171890434E-001
   0.60134552275105935        0.52481008924277400E-001   0.32692289882385617        0.32846765076338547E-001
   0.47277497388958874E-001   0.51878977112939088E-001   0.69685268057801475        0.32797338288307318E-001
   0.65400404934795642        0.51902453641767245E-001   0.14852742998883939        0.32789908711732207E-001
   0.49606406369977962        0.51796660225711458E-001   0.42979268300892476        0.32848082312100686E-001
   0.11030614411001657        0.19579982812018039E-002   0.77767606303500947        0.32759286862153195E-001
   0.41913627729742503        0.52110224742363001E-001   0.24866940492812076        0.32793230686699301E-001
   0.12222763033408084        0.51757615224568246E-001   0.58908420562278530        0.32823638990492336E-001
   0.80015406986825721        0.51860954315306566E-001   0.13487531324184152        0.32835719486998892E-001
   0.47186741170238011        0.20326651533953619E-002   0.76820117947442879        0.32793368380617326E-001
   0.65832217895989631        0.52966229399789559E-001   0.80450501432904487        0.32768550498951735E-001
   0.25331224847177636        0.50924542171914514E-001   0.70095125169129094E-001   0.32871103650552555E-001
   0.89073805690314156        0.21695720071233638E-002   0.50267308237716768        0.32880088517645713E-001
   0.84320154051926788        0.51844175383023099E-001   0.96342394331811965        0.32766995099251038E-001
   0.86700361791600600        0.52226971160668857E-001   0.68909237373232191        0.32724952306925910E-001
   0.87157253185997330        0.18123026350964555E-002   0.22070234237210207        0.32775457985575684E-001
   0.68536048477424127        0.21455055058013407E-002   0.26329848811008133        0.32885461226834799E-001
   0.67262013560322420        0.19348493574476604E-002   0.46134918715544559        0.32794076941266896E-001
   0.97851031190369253        0.51740683026232970E-001   0.28072063216910320        0.32812061996982875E-001
   0.83568378498887863        0.52846904343157031E-001   0.52163546654083914        0.32914943549672039E-001
   0.71224322481216062        0.52184209917477957E-001   0.86931036556919206        0.32799072441789916E-001
   0.12299547400413038        0.18082058344850928E-002   0.96282867918018988        0.32716574555750985E-001
   0.53138094112660361        0.19513251375840098E-002   0.63523864124833784        0.32828323616981951E-001
   0.18610630261338199        0.13769657032299536E-002   0.40167060891330225        0.32726417245644408E-001
   0.58365220499855608        0.51855416761194761E-001   0.60918555802197005        0.32874997107724818E-001
   0.90572933438361714        0.52245238327989107E-001   0.76137162379177448        0.32909928276735369E-001
   0.74806878398626375        0.52358262297186701E-001   0.63170114993304094        0.32828773017793848E-001
   0.23915580154573240        0.51532742783496746E-001   0.13422871473752054        0.32739194909598597E-001
   0.34804936640421591        0.20517188993153068E-002   0.11969030402008002        0.32725927832643990E-001
   0.36066558480037862E-001   0.52101316955261948E-001   0.88161608654947343        0.32865031168338686E-001
   0.34454269090800554        0.51845504903052633E-001   0.88132981257172394        0.32759437192170913E-001
   0.86086933469463023        0.18980872033712533E-002   0.92476938895947758        0.32742977255708898E-001
   0.39774370793325486        0.51922494940692003E-001   0.68468721940414301        0.32787421692736046E-001
   0.95603614491618427        0.18653239172559601E-002   0.94472249591663648        0.32822433410103533E-001
   0.95044894533652935        0.51765933121180732E-001   0.36386948358512389        0.32810102776232912E-001
   0.84077638526114373        0.14373513676489195E-002   0.32081441253636278        0.32866324820961149E-001
   0.77199760549694307        0.52840534594209947E-001   0.47990731375765577        0.32832690234476471E-001
   0.69164851882700296        0.22423843226085836E-002   0.77688073849538386        0.32815837336468347E-001
   0.61715212733645586        0.18984649273536939E-002   0.90011513489274531        0.32809125327060172E-001
   0.46096189895838824        0.53414385197223836E-001   0.12006088500324567        0.32827020303941995E-001
   0.43396408120830614E-001   0.19306153379970146E-002   0.83846036818008685        0.32696778682730944E-001
   0.44622693597780166        0.20987020684583779E-002   0.43942665883439080        0.32917003801372836E-001
   0.64276261914427413        0.50667309430215794E-001   0.63821668698518574        0.32881548196149711E-001
   0.81474653892603699        0.51733853754934958E-001   0.42537625478588320        0.32838965211228574E-001
   0.77278297212319519E-001   0.22188241359134024E-002   0.89461689040963999        0.32745647520379943E-001
   0.10122455376789723        0.52187501335278830E-001   0.10335904180976158E-003   0.32865499229061026E-001
   0.47896463501259229        0.23556316150850120E-002   0.38225490637184145        0.32840316545236801E-001
   0.48170915958286098        0.52892247963951970E-001   0.27285626152956999        0.32853072210497387E-001
   0.16957670177475515E-001   0.13739094320396284E-002   0.92051153279259412        0.32725278440633332E-001
   0.30769687702190512        0.51848525462345779E-001   0.14686262370223949        0.32786005601066974E-001
   0.29672648099660576        0.52169891317842998E-001   0.72094002666344603        0.32847686317475165E-001
   0.69811533041916096        0.52290552268389502E-001   0.67456734571955856        0.32941571886403967E-001
   0.36185026978620055        0.52005614729916140E-001   0.60748918563163834        0.32851067449447303E-001
   0.50080077824422653        0.18620786722579879E-002   0.55568110903613444        0.32770709506572286E-001
   0.57763472009302749E-001   0.20284595827368304E-002   0.73817731547443455        0.32775221643696048E-001
   0.98269109073887650        0.20135517188678872E-002   0.86408345878317605        0.32951092626199559E-001
   0.89747369518088327        0.52248965368343385E-001   0.54477195320965599        0.32756375941954997E-001
   0.38827615652668590        0.51037540106974304E-001   0.54419589398361978        0.32820901374313163E-001
   0.63504086721828257        0.22066265110248368E-002   0.74374162313452508        0.32740141282184665E-001
   0.24830829473566027        0.52138492258972415E-001   0.98065605058867267        0.32758798253821768E-001
   0.53587705337490921        0.23204713342501026E-002   0.78388173596010868        0.32847506822853652E-001
   0.88807844313800052E-001   0.51777720119144256E-001   0.45547731608951481        0.32835306042802020E-001
   0.96401970792648262        0.51998169742467716E-001   0.43048854986607865        0.32825404623967241E-001
   0.51898325938485590        0.52582904256450319E-001   0.36679859395724423        0.32815582577134177E-001
   0.30202463474764352        0.21241966033369196E-002   0.87433576024018833        0.32840487976830493E-001
   0.28194581732486779        0.19495885233316829E-001   0.57027974852347874        0.32866487146434469E-001
   0.78357797873711776        0.15590972727369755E-002   0.53282080963589729        0.32867698914457712E-001
   0.69233995986777142        0.19508163169787555E-002   0.16744252270515467        0.32866193908581386E-001
   0.93530164988259223        0.19850724176975611E-002   0.18450535987088068        0.32845065242808065E-001
   0.90836593177144587        0.51887855674236406E-001   0.24226024034563895        0.32807016021616210E-001
   0.49729340018893253        0.20196522369293635E-002   0.70761862110501161        0.32818413693391231E-001
   0.20592501734703111        0.52036074931433730E-001   0.82551786435778618        0.32753992575711599E-001
   0.11823221840208153        0.17134111591901393E-002   0.11129068665687283        0.32858614863272975E-001
   0.88135163168399389        0.22683400383988299E-002   0.83567571900126747        0.32804029749795613E-001
   0.57114032839878781        0.18949990972312630E-002   0.56828325250083378        0.32858083572011747E-001
   0.47285786350774500        0.21047678385599016E-002   0.12179050428301067E-001   0.32807708550000932E-001
   0.86827227159486964        0.51758469395966566E-001   0.87681120864432627        0.32854253161374275E-001
   0.19721109616760449        0.15518778565127636E-002   0.14111217183658251        0.32848587626175423E-001
   0.85121679350137522E-001   0.52207273813166137E-001   0.93638344695004772        0.32839829691830295E-001
   0.75942183689052523        0.19735425660516049E-002   0.88923642433685213        0.32743809840226061E-001
   0.15117762969622242        0.51186772615199605E-001   0.29024014206127824        0.32859881293513686E-001
   0.77069215289322368        0.51795885528906752E-001   0.25616161944190635        0.32790975618177662E-001
   0.18266970035078753        0.52006216585227610E-001   0.50588320072034298        0.32804673424515068E-001
   0.90799023861490902        0.18015351585426429E-002   0.36646598483634024        0.32761481520287503E-001
   0.68231945819897644        0.52671991819788079E-001   0.50480592878375752        0.32872976322845554E-001
   0.43758381040212324        0.52042600306997526E-001   0.18140028630497687        0.32827020000264266E-001
   0.99681964760161046        0.31961694913237686E-002   0.71164227593535112        0.32892716073849831E-001
   0.32449346978009408        0.51559822596438681E-001   0.83294133411710020E-001   0.32809980301162896E-001
   0.92128917979604563        0.21170103408503500E-002   0.88774755905357583        0.32803946768671308E-001
   0.76818782682876752        0.51831424259535436E-001   0.76307190614565271E-001   0.32754359894677489E-001
   0.84771231879437492        0.31337334054312507E-002   0.56307818275007093        0.32811541976453751E-001
   0.41009476960917229        0.13243567648532054E-002   0.58127278819670247        0.32834345764118915E-001
   0.28484120988006412        0.14608972406762739E-002   0.10071689592877496        0.32899868164395517E-001
   0.53472308360780529        0.20807613448658104E-002   0.92585575503722461        0.32760956212614760E-001
   0.80546865403393908        0.51155659818844339E-001   0.90973752740583835        0.32842397541211689E-001
   0.73987735116453146        0.19631202415780228E-002   0.22645737849256953        0.32889250585422122E-001
   0.50188530535583711E-001   0.50832512036485616E-001   0.24446122932272557        0.32867761593648057E-001
   0.62970230853450948        0.21734059606339801E-002   0.22835537620346905        0.32806059507055930E-001
   0.52273932181192706        0.28562393931647612E-002   0.25721157857378879        0.32842298289558619E-001
   0.98251833700596580        0.50788549131265730E-001   0.58727032039819611E-001   0.32860100870323455E-001
   0.78314768984682398E-001   0.24263621397585225E-002   0.59953863829020826        0.32773039192209190E-001
   0.38071055566668865        0.18038183511449462E-002   0.43466435093762962        0.32751176713107150E-001
   0.84067486255139678        0.19421207717391156E-002   0.59267555712638944E-002   0.32814097289772949E-001
   0.61686502803269194        0.52546740212617883E-001   0.69926161943678844        0.32941582682378408E-001
   0.19399820345118574        0.18072718132856145E-002   0.29857947786644651        0.32742320221883794E-001
   0.25350579450644001        0.52068667839566277E-001   0.87072160166332835        0.32739217264890728E-001
   0.89731087943137444        0.51838855187483560E-001   0.32535469324764449        0.32807585173823303E-001
   0.29704785947014295        0.52001448879783002E-001   0.93645656780893749        0.32876233890307395E-001
   0.62263657404735528        0.51346276947236438E-001   0.10833937659481045E-001   0.32698961740023652E-001
   0.84797914386986570E-001   0.51634194291541757E-001   0.37741742300914816        0.32788418845672788E-001
   0.84180960668298033        0.17827412665929769E-002   0.14348060993639786        0.32733246534904288E-001
   0.66425370415116891        0.19839424617819979E-002   0.10706944502405159        0.32822217267783227E-001
   0.56486457911339683        0.23024625013518324E-002   0.86025794299202041        0.32887970620827614E-001
   0.90417628986067911        0.18244578358874433E-002   0.12290348934572543        0.32878365073635812E-001
   0.87186329182833444        0.19083431309608882E-002   0.63650569822634132E-001   0.32771467042072878E-001
   0.97137986885029104        0.52215455435006719E-001   0.76253518349129723        0.32745731893301516E-001
   0.23760496529267502        0.20254880970716829E-002   0.73422882887091123        0.32738585517869949E-001
   0.89933210551115217        0.23140040340153423E-002   0.71653752048865094        0.32760403811620618E-001
   0.75685352263763916        0.19526902943497579E-002   0.12699047010594733        0.32799886400432389E-001
   0.74912244357123103        0.23638333771709187E-002   0.58914039644958693        0.32827087077726802E-001
   0.49345125847495513        0.52431021159973702E-001   0.93848461165343777        0.32788876366419098E-001
   0.86435074359699182        0.22603469364083613E-002   0.77204817191854747        0.32840386655549031E-001
   0.71357205960744630        0.21706710176806298E-002   0.71479125409582556        0.32874402886957518E-001
   0.43988869571552641        0.17918280784933308E-002   0.51817389496084321        0.32893378082920338E-001
   0.74073192896560203        0.51401030330076085E-001   0.54116887966159188        0.32860574722514212E-001
   0.91175882261188460E-001   0.17782849653794491E-002   0.26133818187726809        0.32758382096367257E-001
   0.57746829843350278        0.18417205249042041E-002   0.49629096583469201        0.32735711957999479E-001
   0.73851048848186301E-001   0.51963879743830002E-001   0.93753746812886757E-001   0.32858125371161576E-001
   0.58294656461867445        0.90094173872212735E-003   0.28386386424234161        0.32894618077037502E-001
   0.17225723114476163E-001   0.51876324334629687E-001   0.50936784709927652        0.32873465092363198E-001
   0.95060277915671221        0.17910919521260484E-002   0.24852523667324294        0.32815706796405185E-001
   0.35231611610601149        0.51862420521910202E-001   0.23004633177566555        0.32769650413728334E-001
   0.61773104512864263        0.51718776001488470E-001   0.48129043784872183        0.32914573621969472E-001
   0.56925438590708817E-001   0.20939354060398245E-002   0.13508835011298356        0.32811140477570638E-001
   0.91163395033286587        0.22175616482580252E-002   0.58651466981649558        0.32787693121051967E-001
   0.27349707904309996E-001   0.51908357788176263E-001   0.60882015505078724        0.32760394349016703E-001
   0.56206464661261180        0.52323446383796414E-001   0.81760663255901322        0.32814314870441022E-001
   0.82582089847253570        0.22754516585375248E-002   0.70279910857808314        0.32833689815241950E-001
   0.69787593083656851        0.16297960085685298E-002   0.54806986530385260        0.32825683156516398E-001
   0.95827720607371647        0.26844830670004387E-002   0.32030994100959220        0.32855882474956029E-001
   0.55428660804268937        0.51945407472650730E-001   0.46050224975004905        0.32809327077434898E-001
   0.11742315564609704        0.51725705442335790E-001   0.51471576834646404        0.32816840876919696E-001
   0.60482339848383526        0.51977870005212548E-001   0.10484560696318776        0.32883464268077797E-001
   0.69967307862251948        0.20194579607895032E-002   0.92201771788135856        0.32804226426302908E-001
   0.19492352974235475        0.51713591971293930E-001   0.74084579096045822        0.32836410337100663E-001
   0.76339098459241239        0.20081495121175379E-002   0.67181098027596686        0.32789848732912630E-001
   0.56198210668488424        0.18971591413723848E-002   0.10702021913656481        0.32869202915678145E-001
   0.73036732359996737        0.17328448253115130E-002   0.98138468134061396        0.32842027226596952E-001
   0.98266153658604949        0.18474142230741489E-002   0.39176662001047285        0.32806607013186780E-001
   0.52854447688348605        0.52191922165210139E-001   0.88281782294439703        0.32764220335406595E-001
   0.20085893847706729        0.51768132554859431E-001   0.57138281983203110        0.32848368313334451E-001
   0.97514045740940380        0.52070429305798666E-001   0.90633852864962627        0.32820958104572223E-001
   0.80113460312714702        0.13492041260481733E-002   0.95250626890855594        0.32915261103907655E-001
   0.37231110146740559        0.17556199148118805E-002   0.27111548025684984        0.32694837023635619E-001
   0.49584346811618096        0.52022468044976844E-001   0.80325882415198047        0.32790613690024444E-001
   0.44852619249026038        0.49398380667816321E-003   0.93571117076520316        0.32820785207265425E-001
   0.79766025486720860        0.51981447486835121E-001   0.31673541345952894        0.32796466181806240E-001
   0.29194923914328696        0.19833286788111305E-002   0.50365392345725635        0.32839306924178427E-001
   0.80970727130584896        0.18035055645742499E-002   0.86151224341972296E-001   0.32890575756297016E-001
   0.63507854320614887        0.52173558676396226E-001   0.27059460567244625        0.32799700339062418E-001
   0.46073943321067129        0.46606703024843911E-001   0.33580154639634174        0.32756344239623494E-001
   0.15499777559772096        0.27573548796594609E-004   0.24584949833915290        0.32826716983535002E-001
   0.26858376968863251        0.15676628307575995E-002   0.16474893944701230        0.32751562652932317E-001
   0.23927477018549703E-001   0.51871732398427475E-001   0.40250523764858059        0.32879734278664294E-001
   0.39386189785948506        0.15387404247514213E-002   0.87950965389441793        0.32878741993349184E-001
   0.95164700006334124        0.52940162071854285E-001   0.14288753683599345        0.32846607821614381E-001
   0.27967743357244929        0.19099001504995425E-002   0.68160189183345887        0.32775198044140072E-001
   0.79129230538489603        0.18184903915282149E-002   0.18523840962571561        0.32792620192256192E-001
   0.31612355215038102        0.51701969139401040E-001   0.29362241222213303        0.32839419865932494E-001
   0.56118061268812958        0.19000780469423124E-002   0.34801972330728803        0.32869737220272040E-001
   0.60922161933272290        0.51892426740284429E-001   0.54841685708287091        0.32860527930244604E-001
   0.70489611283365528        0.22480953991409888E-002   0.33432785061035192        0.32804772525042727E-001
   0.61629176086959558        0.20225665261603826E-002   0.57747245673592185E-001   0.32735156516929625E-001
   0.92119081292617022        0.51803572711817181E-001   0.83618934523324862E-001   0.32820550272447506E-001
   0.59667433090538180        0.52249971563256337E-001   0.76183974694202750        0.32750934652930358E-001
   0.43364184281037554        0.20127557318872602E-002   0.82574350081443104        0.32857542664248653E-001
   0.99088541555069487        0.51958462408712547E-001   0.66331916722915973        0.32791328918969680E-001
   0.69498293846600889        0.27603166212097838E-002   0.39951239453940840        0.32818071731127385E-001
   0.55627456714763890        0.51873828747001249E-001   0.14956838474922338        0.32876725243628370E-001
   0.81317269212512855        0.19699144785972761E-002   0.25993510742690618        0.32735741493564188E-001
   0.92983920826742128        0.52153426488587319E-001   0.63960606318686020        0.32657341538506260E-001
   0.24805653582400297        0.17893404697426195E-002   0.38001360352831803        0.32824089436853797E-001
   0.10694995373040214E-001   0.51638432867221411E-001   0.33793701646417812        0.32728795844781916E-001
   0.40070776111940966E-001   0.20329917833284330E-002   0.65424557809521133        0.32765955151560604E-001
   0.33425353019030840        0.52856815362338452E-001   0.66709859253785531        0.32783855003853640E-001
   0.56975653996017239        0.51727203008873471E-001   0.49320958560239284E-001   0.32702853771211557E-001
   0.51016748708094882E-001   0.19497121674287698E-002   0.43547838520604820        0.32774209863033740E-001
   0.90225536688508445        0.51912040889529304E-001   0.40850115941007037        0.32727290982018382E-001
   0.59809037067330673        0.24063441376919029E-002   0.65045441820913774        0.32779274347991917E-001
   0.42073910687654764        0.16816064110639160E-002   0.14138882590035332        0.32870993880801919E-001
   0.14517194776639364        0.51639979540990845E-001   0.67383291395758460        0.32838324396447814E-001
   0.78709702319509589        0.15350487752848209E-002   0.35886209383312573        0.32873027338785880E-001
   0.31501931411724077        0.16722030893350139E-002   0.62626070301462111        0.32767868972607833E-001
   0.50053376820660855        0.19971771123984037E-002   0.84575801451565935        0.32857175165311600E-001
   0.16336840511986467        0.52158919914065252E-001   0.44206958746331604        0.32763342126366633E-001
   0.10053289739971071        0.13728245471368496E-002   0.68314211940629921        0.32791041658116908E-001
