 3 HS poly
 400 2
 161 239
    1.0000000000000000         0.0000000000000000         0.0000000000000000         0.0000000000000000        0.10000000000000001         0.0000000000000000         0.0000000000000000         0.0000000000000000         1.0000000000000000     
 T T T
   0.57935873498250046        0.12494103529334418E-001   0.57988791674988149        0.35277925911087832E-001
   0.51539078391314874        0.10446613691165188E-001   0.61384972254667625        0.36985470353498112E-001
   0.53920489854190889        0.61859811298524608E-001   0.12486306534313416        0.35140527342452717E-001
   0.64351833216636622        0.11816348009585117E-001   0.36340367524621353        0.37036505775113471E-001
   0.12787608923663765        0.60996234808876927E-001   0.84567475252842594        0.35031765902218466E-001
   0.75009474785108143        0.11275005905581450E-001   0.26484049278025990        0.36471756499445986E-001
   0.19964331424020182        0.10917011960846431E-001   0.24014016449203607        0.35517131928089821E-001
   0.17857736772504601        0.11030477587555782E-001   0.83748096048395659        0.36590158353027924E-001
   0.65883906628645905        0.62506177302591115E-001   0.48285572399381649        0.34511807242494259E-001
   0.33851672572483671E-001   0.12171761685486497E-001   0.69992786812592689        0.36401530881927976E-001
   0.38192769710735169        0.59163817783065280E-001   0.52624759340144689        0.36442117322152398E-001
   0.98951142881050902        0.61871025372117396E-001   0.33209501590223522        0.37450095583604751E-001
   0.40556525016328682        0.10122109173644853E-001   0.82574576643274067        0.36281644131890126E-001
   0.89101310581116933        0.62085040827069338E-001   0.97607551161969452        0.37741899537305640E-001
   0.91296600562288055        0.62268121549223877E-001   0.73727811467368265        0.36317080845830990E-001
   0.26999783538225958        0.11002911040702137E-001   0.38169373717998778        0.36256170883120914E-001
   0.39115031029032571        0.61943188210651458E-001   0.36848977545307982        0.37268287699927648E-001
   0.59531663037501426        0.12595545695013505E-001   0.66425343496484657        0.35251872839197680E-001
   0.29311559186456165        0.60644706622560642E-001   0.78476150281883572        0.36532196872630693E-001
   0.27442158173790643        0.10895089246111789E-001   0.28841909745357314        0.34433090323927280E-001
   0.26335328996063706        0.11316794091918062E-001   0.87346406645202235        0.34311567428558939E-001
   0.93007283903863747        0.62257264690757819E-001   0.81099188599542227        0.36776699849238537E-001
   0.96272894828474431        0.61944294587997745E-001   0.98530563004815419        0.34558909343644861E-001
   0.88967614092759439        0.62351527909722516E-001   0.57042169219733729        0.36479960463436545E-001
   0.36195415721254909        0.60189444425741638E-001   0.70759983538796634        0.38199130602437195E-001
   0.45054668227752304        0.59140198433452189E-001   0.57566358520520899        0.37084546479307666E-001
   0.98176794920944377        0.11708603458718908E-001   0.30395140850731740E-001   0.35179323759723553E-001
   0.35861383560274512        0.11672961543694066E-001   0.11746066601716890        0.36574073522025435E-001
   0.81143347177522518        0.11594784915580117E-001   0.30325614236870391        0.35605084328047702E-001
   0.68288540922060081        0.61923068590765441E-001   0.11490304797871670        0.35675424980178762E-001
   0.87577430700206671        0.61752279383950850E-001   0.50188611367078029E-001   0.37907741634937327E-001
   0.24472257891228191        0.61108699516684864E-001   0.33467896628067306        0.36333878378092745E-001
   0.22651618733253320        0.60773734803906056E-001   0.65606715138995397        0.35574810456996599E-001
   0.33947465420948522E-001   0.61738490098137672E-001   0.99551399977470312E-001   0.38223598740810064E-001
   0.42309599295101913        0.59173975151009243E-001   0.46447316973102676        0.37748750819256549E-001
   0.24276750872618291        0.61084514744388120E-001   0.92803150018191005        0.37186964201694421E-001
   0.37085008637628220        0.92285586469050846E-002   0.47567528609493004        0.35383787865027397E-001
   0.89941310677641839        0.11722484695809901E-001   0.23535321461562667        0.37289185131062365E-001
   0.74915350236602296        0.62404564348985551E-001   0.48491080557895166        0.36464721324583539E-001
   0.19649470652315357        0.10826587654238665E-001   0.16890153129294699        0.35741185541268101E-001
   0.58816238832949419        0.61550966131937196E-001   0.99595300254958741        0.33900435544916362E-001
   0.82893312000794162        0.61475658004196188E-001   0.35272929565187816        0.36662606504647442E-001
   0.32249039470985713        0.59231699567137835E-001   0.48650249674977919        0.35009209295968242E-001
   0.29425254873466988        0.61186790479663467E-001   0.98340723841984079        0.38363719565353269E-001
   0.45500692898390693        0.11785511004118107E-001   0.57622698542927113E-001   0.35901479970762429E-001
   0.32330730809556465E-001   0.61900938763510362E-001   0.49225634249180431E-002   0.37746407012602297E-001
   0.90310640549391863        0.12283855630642796E-001   0.86099334737459055        0.38358492350861598E-001
   0.62062962807048505        0.61408581007156175E-001   0.41294699231286303        0.36530163356381325E-001
   0.91356553440200994E-001   0.10962007351873485E-001   0.10353021366797649        0.37420842780202863E-001
   0.17659180062306896E-001   0.61843457780211268E-001   0.92326380909986505        0.35858522595726000E-001
   0.71736420560671488        0.62425125034070383E-001   0.52415311706496312E-001   0.35631124793438468E-001
   0.94785203344991775        0.61703807821720913E-001   0.68817485715364127E-001   0.36405437081248070E-001
   0.39242995351987020        0.60236310200425636E-001   0.93762603730219907        0.35280321410254674E-001
   0.39445955561438550        0.91964156717186992E-002   0.57975648413579095        0.37797899279675480E-001
   0.29772967231818581        0.11333324031270665E-001   0.83811295697252847E-001   0.32965476288689059E-001
   0.13632216232116220        0.11020743312028070E-001   0.41248636618414304E-001   0.36950098424617432E-001
   0.76789420932516161        0.62243158155858153E-001   0.90009668092106054        0.34025662592640012E-001
   0.49700016848431083        0.12338558390255577E-001   0.37882383138801551        0.36052530396795714E-001
   0.68508796144371031        0.11833847339297703E-001   0.23479246668746695        0.35144824619254549E-001
   0.97937938257255908        0.62220953171232565E-001   0.70456444257428574        0.37633489870886036E-001
   0.74067828310649308        0.12221972013937673E-001   0.86059741876316331        0.35218671141901629E-001
   0.16163216622021595        0.61175253112893097E-001   0.35990346624040331        0.34512288167720617E-001
   0.63225660430094566        0.62630185850259396E-001   0.69673071624375515        0.34858793710618542E-001
   0.60751031312213588        0.12650533776051499E-001   0.46993735743278114        0.38184198284657099E-001
   0.73364425265259781        0.12297210145612317E-001   0.93296789717819084        0.34866648939964065E-001
   0.34666798748343136        0.10917990534432747E-001   0.33914143229906307        0.34855048419492607E-001
   0.72067622088938588        0.11548473976171099E-001   0.39120487459218156        0.35914220300461201E-001
   0.69611089720140462        0.12303777701467870E-001   0.30547115933840211E-002   0.37663794963703957E-001
   0.36577931076169723        0.61565653396702447E-001   0.37164095792939673E-002   0.35990824681767432E-001
   0.60743132438749303        0.61726840861007375E-001   0.15697501163771990        0.36280769736527690E-001
   0.87279692033735135        0.12398388915341410E-001   0.62111477791225822        0.36596955792082261E-001
   0.19611167640288463        0.61466654718618757E-001   0.58276749697822226E-001   0.34404516169379638E-001
   0.92590966244581430        0.61673047534399783E-001   0.28340240751479429        0.36907160697331659E-001
   0.11861158011971408        0.11035317345123384E-001   0.17637303763260895        0.35143252730800482E-001
   0.92589919884058147        0.62191943234072788E-001   0.64430549412900551        0.39400242775799094E-001
   0.49123966410963904        0.11804143010974273E-001   0.14137161198219297        0.35978956179394637E-001
   0.64874893735009831        0.12425696515469094E-001   0.53163545195388295        0.35944974248522228E-001
   0.33345039547352368        0.11039666633464857E-001   0.18631305110785915        0.36699585135458068E-001
   0.23371035741670715        0.61129146443083954E-001   0.83000276630960357        0.38124535874030613E-001
   0.59785078902218480        0.62592713054644866E-001   0.53346063665022203        0.35305280465441041E-001
   0.47713172202912546        0.12522628596006025E-001   0.84548964811536031        0.37983715856640281E-001
   0.82169502863887856        0.62382266680809484E-001   0.60069337434187786        0.37684905183327407E-001
   0.49277906397630228        0.63643452384689700E-001   0.49678003562778505        0.34979129702030265E-001
   0.98117126364201368        0.63840111366298968E-001   0.59369926058002420        0.35548572902560964E-001
   0.98316294442078456        0.11660062118473103E-001   0.10157865286095386        0.32988096160227243E-001
   0.62108358969736166        0.11821158619423136E-001   0.20589525366885231        0.34596903932584640E-001
   0.88618339153028458        0.12256882519265518E-001   0.78193987735554082        0.35806408757108117E-001
   0.36773721379474439        0.59966567641504945E-001   0.78556194251964173        0.38069493699259896E-001
   0.38458327910788970        0.11718219803874639E-001   0.50446139754629950E-001   0.34799327808483452E-001
   0.64905300365992102        0.62444095076923292E-001   0.30442886393487190E-001   0.35937517486503139E-001
   0.60687189513690276        0.12053429003496811E-001   0.87938881424889503        0.35849487513357002E-001
   0.26946786249719717        0.10631079001451433E-001   0.74074591331598005        0.34115615040133163E-001
   0.43611144434741639        0.60136735259099162E-001   0.71902551521259073        0.36776739808857525E-001
   0.27454414743661265        0.60975266007360723E-001   0.43385311326078663        0.36117786760357228E-001
   0.77956754396736627        0.12328745716854507E-001   0.98581473697379485        0.34358063098896947E-001
   0.32472874218099509E-001   0.61226717219035887E-001   0.83050544633892309        0.37158501122512080E-001
   0.74827756622864605        0.61920850605603428E-001   0.14587181281477810        0.36650962442220221E-001
   0.22389621590814898        0.11123467456461970E-001   0.44223096306000137        0.35326498147084696E-001
   0.76472294761459392        0.62394432422537588E-001   0.67359145608330984        0.38481960515866297E-001
   0.74674752972224534E-001   0.61421162198661630E-001   0.35845413693508066        0.34272133955874501E-001
   0.67066033004546788        0.12260464138968042E-001   0.84493376130559028        0.36438871824299043E-001
   0.43570637628244369        0.92468493625010029E-002   0.51787614162728990        0.36394111141721024E-001
   0.85360703392952808        0.62161841456739843E-001   0.88809562254339269        0.36788609703729339E-001
   0.69545555237841772        0.62255493028310842E-001   0.89503389200149785        0.38508093239612344E-001
   0.96912521324221013        0.11646840432558023E-001   0.39348582890763611        0.38933720251163387E-001
   0.84191722749038911        0.62343705586549725E-001   0.75353779297325962        0.36525229985785147E-001
   0.84897655492080193        0.62436102965426288E-001   0.67178109043334877        0.38437740787230258E-001
   0.80776652521774650        0.61780273272378686E-001   0.24822922434109308E-001   0.34642751483783263E-001
   0.99245024351822964        0.13876306682721424E-001   0.54637682465655346        0.34143360845553999E-001
   0.16883888549667042        0.61020138138263916E-001   0.93313847476504952        0.36709317270822210E-001
   0.69864432766562357        0.11949055365220895E-001   0.16466966847198042        0.36219178228998915E-001
   0.53997807224984140        0.12462565601620436E-001   0.75749876715020825        0.37379435368476620E-001
   0.82647921815623226        0.11771991212293798E-001   0.69665988813284632E-001   0.34937456971316436E-001
   0.12813541640644585        0.10183746641212348E-001   0.79161942679756969        0.31547026665930705E-001
   0.50683446012236844        0.11844026170348227E-001   0.30397419585592428        0.39429284445250172E-001
   0.80799981319286424E-001   0.14837016091723741E-001   0.56165466719809842        0.35697516391363815E-001
   0.39965737648619526        0.59944415509164441E-001   0.63588651979343958        0.37052535612402134E-001
   0.51804350785031254E-001   0.10956702651004182E-001   0.23427710957270467        0.36001498186998347E-001
   0.32016350260342541        0.60985713533966784E-001   0.37963859265486916        0.34555698146545480E-001
   0.17189150438573067        0.60136929399715849E-001   0.78468106670535243        0.35173502780048438E-001
   0.80219205848492736        0.12312081980218950E-001   0.71648639908833567        0.37220696664037954E-001
   0.36733250846736820        0.60140108855766983E-001   0.85771988816609679        0.33926297302231137E-001
   0.77016680360301559        0.12449261240579631E-001   0.59082727721942507        0.34690758329998711E-001
   0.76331703124105188        0.62167980720206677E-001   0.75701486325002931        0.37805788511077368E-001
   0.57793385841677769        0.61820682260033691E-001   0.22091804386756991        0.33121579998919341E-001
   0.81949398209840774        0.62269405370095537E-001   0.95372158972589716        0.37140555258241767E-001
   0.71342408375238986        0.62205177592905773E-001   0.81849201450023268        0.34274464733468679E-001
   0.23027415862283515        0.60845321180103711E-001   0.12966090378204972        0.36078399156162344E-001
   0.78492228158291488        0.62330186418873494E-001   0.82983700568424013        0.38109137669824031E-001
   0.56575891543740509        0.11722581029779194E-001   0.40601348871393733        0.37426837425742022E-001
   0.97651184928093726        0.61840818789600197E-001   0.15144262039003131        0.37713662692064172E-001
   0.69833402732999328        0.12540199016467194E-001   0.58218610290978012        0.34787027676492055E-001
   0.92308440743416198        0.61921506843711532E-001   0.91015831124360724        0.34149566094059960E-001
   0.46054060826695775        0.69417986011674523E-001   0.95633881206078641        0.35923381074367447E-001
   0.82848730339339927        0.11624670526172075E-001   0.21682727188129983        0.34955224206969511E-001
   0.23622309140513884        0.59150105724928459E-001   0.49363935465417125        0.34340207435075508E-001
   0.25336241012844346        0.91289548293532370E-002   0.54427248786808757        0.35221558941433820E-001
   0.55649441511996978        0.11780971175890016E-001   0.17428821342206166        0.37099397212402463E-001
   0.84426896722493272        0.61742800155563195E-001   0.11790371236798007        0.36730014900314252E-001
   0.46906453451078839        0.11886563392114033E-001   0.22018881690453165        0.37186119952817190E-001
   0.27003689651166347E-001   0.62356986733568036E-001   0.64829801120186259        0.35653265000751153E-001
   0.81314535156247217E-001   0.11910797700254709E-001   0.99825512655214954        0.32540270272412707E-001
   0.76326152745529718        0.62162992959183164E-001   0.32172733609060888        0.34830578035180734E-001
   0.56998812728732737E-001   0.56404699305482642E-001   0.45585062732773485        0.39264993790408452E-001
   0.59079494615650896        0.62524146661800145E-001   0.77360423625982655        0.35185950253549030E-001
   0.12191776515563207        0.88672873009881595E-002   0.46791932046467277        0.36668817281793914E-001
   0.90324111120528983        0.11809891457828786E-001   0.98667217483417446E-001   0.36854133984359570E-001
   0.85084237636010740        0.61635956134815977E-001   0.26536865764611872        0.38199466536417884E-001
   0.37708320729561362        0.61869573415540717E-001   0.29417307060134890        0.38301108289537283E-001
   0.71281421054359040        0.12592790395141532E-001   0.65400871837477292        0.36069877485469415E-001
   0.42483686145191085        0.11928673875810682E-001   0.32470222816036859        0.37192272998927564E-001
   0.50773173475451860        0.61815475361631338E-001   0.18744883037527313        0.33889744358738594E-001
   0.70053216269437568        0.61828853796292910E-001   0.28135833708020136        0.34791590026827419E-001
   0.87983540426163231        0.11464506846086691E-001   0.37198175690930296        0.37230960398196622E-001
   0.39058061727268251E-001   0.11127248961397553E-001   0.15103003398962725        0.33034244073419650E-001
   0.12558258297460900        0.10838784772146165E-001   0.25278517319166199        0.39544953817006491E-001
   0.44636395835806764        0.60341954074137054E-001   0.79166933815793439        0.36331847122191847E-001
   0.51819154971541426        0.62526230703933983E-001   0.80787211529828995        0.36775394037541556E-001
   0.87086723721891202        0.61321301200638827E-001   0.42680007105145329        0.37322403158674591E-001
   0.12247397720971881        0.11027538734929648E-001   0.90004104077938896        0.38992208259669529E-001
   0.57681348161330193        0.12575224266774699E-001   0.33289496111765599        0.36287143574102260E-001
   0.27035963653612460        0.10766107055071989E-001   0.64397086349244870        0.31900297554401935E-001
   0.80722814431929002        0.12615528787428646E-001   0.78549768232593808        0.31943330176653191E-001
   0.54520732451625276        0.12279764020714842E-001   0.14134761380365870E-001   0.31861442435145729E-001
   0.32175575357939240        0.95819508842199270E-002   0.42786971563000425        0.31810121775478734E-001
   0.72797199667914392        0.11581427768503063E-001   0.10325217117892932        0.31778879485359651E-001
   0.91482821420908833        0.10943254692663147E-001   0.19609759434781614E-001   0.31873441769899195E-001
   0.16050376636748914        0.60134922599251434E-001   0.21349119125420865        0.31922580421706120E-001
   0.17801356739374097        0.52115864195976608E-001   0.60950875376048297        0.31919949493996694E-001
   0.80230737760934123        0.55547655048809683E-002   0.50735330127961020        0.31855981344822162E-001
   0.21758174488917939        0.23359364776342558E-002   0.60337213891912211        0.31857455538435005E-001
   0.27819643647744657        0.92403591698244063E-002   0.48192277007046608        0.31874744522886161E-001
   0.12970724656253124        0.60017775143552790E-001   0.65044783964780273        0.31859494921360643E-001
   0.31123864865742823        0.60501873040820345E-001   0.64388186871959341        0.31938381586603851E-001
   0.99386387747786561E-001   0.61884208872783897E-001   0.95727579506978011        0.31884444945736869E-001
   0.66788457523482569        0.12112819639088862E-001   0.72359868500931279        0.31771923328875532E-001
   0.79669111985739072        0.10180354229294669E-001   0.13422768068388705        0.31885309743484393E-001
   0.25978601730105960        0.11229472578435158E-001   0.19023865287135143E-001   0.31828119804076023E-001
   0.57727854465041417        0.11880446502024522E-001   0.10157623271514632        0.31833556344305014E-001
   0.21678363242644028        0.10891611456675190E-001   0.70083477373999215        0.31919854825344061E-001
   0.18484490910710194E-001   0.12142066068010842E-001   0.29348460278885841        0.31846588590939258E-001
   0.57713423189568469        0.12100700127978099E-001   0.81694187151584530        0.31964542785581043E-001
   0.37451758523670292        0.61632194092853955E-001   0.16230512445363629        0.31814824734193531E-001
   0.32976175469548274        0.11082985897346506E-001   0.88079899757241120        0.31918376866837184E-001
   0.82604639942154001E-001   0.10232583365330460E-001   0.83609382058624604        0.31867685245474314E-001
   0.94805158331238681        0.65527800818731399E-001   0.53488882012853467        0.31793596913792237E-001
   0.30158084786409656        0.61177072615308574E-001   0.85271635917194977        0.31839186725139003E-001
   0.53258581677327044        0.10683521349518804E-001   0.68861057693103567        0.31916028849146294E-001
   0.73126985562888813        0.62522125526977945E-001   0.61160220924478914        0.31872108861484158E-001
   0.43229092042384176        0.61770820135898109E-001   0.17856019872063644E-001   0.31844082395845491E-001
   0.11847809602174177        0.61423259212632787E-001   0.30886128613880720        0.31873873235267317E-001
   0.32898926718842647E-001   0.61006172429491023E-001   0.19238253735067756        0.31873512766557789E-001
   0.11816586912173141        0.11179470797756877E-001   0.36525715339524262        0.31894141046804596E-001
   0.93127332621205372E-001   0.60830237105405062E-001   0.21341499644677406        0.31885663910276085E-001
   0.20334593656643019        0.11061671336705055E-001   0.90132110368837737        0.31838871783067380E-001
   0.51007837551427693        0.13877204627448332E-001   0.93874661835914075        0.31825077331215111E-001
   0.47097723168907618        0.98483787535343162E-002   0.75125499719921696        0.31918912602493486E-001
   0.91425255236268640E-001   0.64814358557877511E-001   0.51750160797762923        0.31824371779087542E-001
   0.73312781456393761        0.12024106804717332E-001   0.71886905832951542        0.31805469322524496E-001
   0.30631233605114182E-001   0.11880347519218582E-001   0.35689273609716354        0.31854699960983238E-001
   0.63832667652034480        0.64185320358955592E-001   0.25444717494369684        0.31914387681445520E-001
   0.86953161043498606        0.61676141698600521E-001   0.19776668950898993        0.31912317028173272E-001
   0.23281469895745369        0.11221395963957459E-001   0.83021116879491472E-001   0.31897463666265266E-001
   0.40339111794758709        0.11295715820051426E-001   0.41535684856141747        0.31874355746983725E-001
   0.35788018591591442        0.60904271562029245E-001   0.22661736870237179        0.31888798793527989E-001
   0.89144346763592452E-001   0.60193092479016753E-001   0.79114832312020877        0.31846430559680748E-001
   0.16632696959442930        0.96625812905759764E-002   0.73981910838050824        0.31853271874802309E-001
   0.43274407861588293        0.63086292901583588E-001   0.86905681116863698        0.31837690634773048E-001
   0.33781280567262517        0.10904992543596163E-001   0.26142224561516608        0.31967865657629664E-001
   0.11831464418738075        0.56368126245341821E-001   0.41143649120704551        0.31860365245559512E-001
   0.22571957221239117        0.61248476675362075E-001   0.99892028102503039        0.31898360993841336E-001
   0.63776257040502704        0.11765230908861963E-001   0.12183969857624401        0.31904944926617898E-001
   0.13064276349286097        0.60080543926426283E-001   0.56753822205170412        0.31859294865085097E-001
   0.26554644404343486        0.11278997649239989E-001   0.21832555980434246        0.31899991912032757E-001
   0.95552717197814019        0.14714093515761778E-001   0.49173617153084037        0.31744279059706837E-001
   0.76725101376595251        0.61792713467470228E-001   0.40094245606407014        0.31883277991435734E-001
   0.16200061595657100        0.61040599854231173E-001   0.13933183651905199E-002   0.31845254457771255E-001
   0.45432388532906385E-002   0.62006742210760524E-001   0.24983160064113280        0.31853707379294570E-001
   0.39825760540352828        0.61659449477977427E-001   0.92424560013408791E-001   0.31844144195388807E-001
   0.65714433838210662        0.10416167962832545E-001   0.29571069718599458        0.31889611372202406E-001
   0.99972341793131503        0.60542404239590758E-001   0.49790496775710619        0.31844216620040951E-001
   0.69898336065877786        0.62019347342991332E-001   0.69885157552563870        0.31826903749697287E-001
   0.65667548829545808        0.12262674859616123E-001   0.92583359842863078        0.31833962193499175E-001
   0.72624563235230066        0.62372195521214473E-001   0.21492518210419537        0.31888405658077247E-001
   0.61459922089902683E-001   0.11735379723114151E-001   0.93671208694720820        0.31857089162024468E-001
   0.63968032996207869        0.12476001571795889E-001   0.61387279645990112        0.31720214860001456E-001
   0.48133944884030416        0.60158655588678445E-001   0.64760066443632824        0.31894048924121503E-001
   0.86872039163292802        0.11788077972589522E-001   0.15813857409907128        0.31790706492348372E-001
   0.44593659544863301        0.61157938850624219E-001   0.28033388037193469        0.31838904342460644E-001
   0.90700057989187399        0.61834254251087732E-001   0.14596619578902764        0.31938598262937920E-001
   0.40953374630410821        0.11737659171977706E-001   0.18111614809406146        0.31862079770860766E-001
   0.55302410951178282        0.61665228632756419E-001   0.91821027729093885        0.31905588513393000E-001
   0.45340210501077928E-001   0.11796986125984045E-001   0.51663838469333166E-001   0.31843573020123611E-001
   0.33786975274180825        0.59894626321242685E-001   0.65892732564513168E-001   0.31911895463182710E-001
   0.61917425415068721E-001   0.61028142222836881E-001   0.27914734361282184        0.31849831919093262E-001
   0.74112434176058894        0.12456842132354947E-001   0.53089114776746937        0.31884350461034300E-001
   0.78702214405318016        0.61276287278164282E-001   0.23651058997844301        0.31822352736254049E-001
   0.84631420510351066E-001   0.12086484479441554E-001   0.74553886704127137        0.31852811624793712E-001
   0.19546768150515179E-001   0.61723226037821627E-001   0.39523743799066163        0.31974425668149446E-001
   0.29782018251495929        0.61439934432581438E-001   0.24834156935265575        0.31916104170891670E-001
   0.49688277805048142        0.15804854600059752E-001   0.54771224656609219        0.31864260816978109E-001
   0.17295024068175588        0.10913986614930572E-001   0.10513530123924894        0.31783775277150129E-001
   0.94537204171308886        0.62909268470653021E-001   0.21497274768501629        0.31910645645707274E-001
   0.96534766153978369        0.11818238766562494E-001   0.25662901625787604        0.31885243846919466E-001
   0.30429824129385430        0.98703307704790886E-002   0.58983490367070934        0.31929101302930515E-001
   0.78910141544921542E-001   0.11019478533144118E-001   0.31482436516342682        0.31821063546887199E-001
   0.52532152799306819        0.63524419102653343E-001   0.97591463378055265        0.31919197342112050E-001
   0.81034008806151725        0.12236149358839092E-001   0.90696096519805269        0.31897975604760501E-001
   0.83097995623191401        0.12302814767455634E-001   0.84657215636836025        0.31871602035745468E-001
   0.80699701581980560E-001   0.65005057594707580E-001   0.60729433353325646        0.31868403148036142E-001
   0.40731328836217134        0.10081941272042372E-001   0.75626836147580601        0.31832945413463043E-001
   0.99381890776248860        0.11064756977628652E-001   0.19897354154831268        0.31828573565577847E-001
   0.12833767854012190        0.10178373508187058E-001   0.60967458584528900        0.31863062383850810E-001
   0.79679009783142588E-001   0.62102603588356876E-001   0.69075421368664747        0.31943531589183574E-001
   0.88269808502901581        0.11639242023533126E-001   0.30286609092409417        0.31935777827533283E-001
   0.95158937170893165        0.12254014857123198E-001   0.76350181751750568        0.31905138160095881E-001
   0.27503642226630465        0.11192264304161609E-001   0.14513440034418917        0.31842193600596237E-001
   0.84757049415150376        0.12082494844038240E-001   0.99826969899503648        0.31989727932293474E-001
   0.93192168626532890        0.12197077829581772E-001   0.69481118948330167        0.31905552836232191E-001
   0.23665206228130969        0.60929632087690082E-001   0.26654145960428405        0.31894832128078816E-001
   0.84459525236883559        0.12007915554896290E-001   0.55632136308408453        0.31831139274659914E-001
   0.16403678161797841        0.11790161705388536E-001   0.41034789591335707        0.31942069495176043E-001
   0.46889350682470149        0.10073989622761036E-001   0.68525203151127778        0.31839701090259055E-001
   0.46403878584531244        0.90392330516268424E-002   0.43826533869978518        0.31871970657413103E-001
   0.69962984022440569E-001   0.63899836996561786E-002   0.40682772799128891        0.31933913744869785E-001
   0.56748012331574227        0.61986874283123154E-001   0.85575392131073824        0.31895316330081504E-001
   0.93359003947395358        0.11947646127425283E-001   0.95256004365984770        0.31909264882330833E-001
   0.93372192484111927        0.12826492105116969E-001   0.58929825406910696        0.31831045407440958E-001
   0.50367586375833184        0.61871670918768863E-001   0.25315329148632504        0.31902941676170249E-001
   0.31657889476221407        0.10533658255375177E-001   0.68783367695209441        0.31794270431071324E-001
   0.44331398404618538        0.62204716394179287E-001   0.15913214437199666        0.31816317738973234E-001
   0.32351040988209662        0.11156367726647701E-001   0.23423030253081772E-001   0.31941690338293076E-001
   0.13885032203072148        0.11072944146941467E-001   0.96935438035108368        0.31843054983812576E-001
   0.25344691824294176E-002   0.11922226160440062E-001   0.96646001968963513        0.31867213427064424E-001
   0.44739881113698698        0.99310831208769268E-002   0.62508276147244957        0.31877915495139193E-001
   0.34543566557412829E-001   0.10764919557482952E-001   0.87863322535639987        0.31912342378190364E-001
   0.70437404293771610        0.12187878058284736E-001   0.77592786615448717        0.31892110602109780E-001
   0.76596699908022620E-001   0.15075304175115012E-001   0.64677155192263214        0.31842029727049165E-001
   0.41042938463224110        0.10348617900614157E-001   0.98098231943511505        0.31822727450158086E-001
   0.97581306001257528        0.11846420664687600E-001   0.90464701384614787        0.31918981695008022E-001
   0.60358638920743235        0.12775216818674726E-001   0.42598830893559668E-001   0.31919569681415627E-001
   0.20549275693878347        0.11076790007425154E-001   0.35962675284908058        0.31916376517287529E-001
   0.21656063415869950        0.10105234746869104E-001   0.78039998211336425        0.31845236839328078E-001
   0.50464211592764596        0.62960943023554469E-001   0.72382002929950129        0.31895261388544142E-001
   0.50049008666675587        0.67280090838623879E-001   0.34523170906677364E-001   0.31774884229322960E-001
   0.52053216722959639        0.19630686018156908E-001   0.73436946468535283E-001   0.31908360981821704E-001
   0.85005238156843166        0.61914511088146051E-001   0.51456494875955316        0.31903216143037059E-001
   0.15490493555503487        0.60639689167784318E-001   0.14969913647114344        0.31826958958900552E-001
   0.12339355493973576        0.11214014494786761E-001   0.69104947182505327        0.31860884868931322E-001
   0.15419189410125289        0.58983231114762336E-001   0.50831901426074155        0.31820531466797614E-001
   0.15880465440477581        0.11255857795882980E-001   0.31605344204527902        0.31899264795583811E-001
   0.56704052215035572        0.61300339099702242E-001   0.71073235066217755        0.31832535082611219E-001
   0.26447996852549333        0.61271675891724497E-001   0.58396847076562591E-001   0.31827952135978319E-001
   0.93426529974095374        0.11839811794144384E-001   0.17548226000986006        0.31919533349426689E-001
   0.20901593876840963        0.59602101259744036E-001   0.55404880059417971        0.31863908235224524E-001
   0.95881770940967737        0.60013525425578841E-001   0.44444123630657717        0.31969904958936965E-001
   0.55361731798239244        0.12628350708269100E-001   0.51776679836849759        0.31907074960366419E-001
   0.82436582076481935        0.11777126358241302E-001   0.41331668613840994        0.31886376720856341E-001
   0.61509389301439743        0.61810649060815570E-001   0.89183546443394518E-001   0.31884574767358134E-001
   0.48390047840120193        0.18799722749772711E-001   0.99665909427004185        0.31875406049470457E-001
   0.32909916043006882        0.10526518578154072E-001   0.81699478333598963        0.31886255270127749E-001
   0.76375220426125112        0.12816293766345757E-001   0.19427945516378714        0.31878939902275263E-001
   0.36153304368315797        0.59193805200653683E-001   0.43152994078838736        0.31832266694505784E-001
   0.78308503813648755        0.11725325657920475E-001   0.36464021941113772        0.31800287751121988E-001
   0.44019144495750367E-001   0.59133324071058008E-002   0.50543652454788246        0.31980944518673268E-001
   0.29009626259051763        0.11129568791928919E-001   0.93402150656318261        0.31874407318813552E-001
   0.86017932006008679        0.62223661754355258E-001   0.81961326959715708        0.31932201671123497E-001
   0.17487343334211242        0.50062867682063028E-002   0.65302736470006717        0.31914795505974078E-001
   0.32731946673493106        0.61196694401801782E-001   0.92048777993696818        0.31843306957510448E-001
   0.86850874389966304E-001   0.60581760120835229E-001   0.48949594315026872E-001   0.31859939945673571E-001
   0.98923487926707043        0.62215532405769929E-001   0.77614901134550118        0.31868371593587762E-001
   0.53724844431807639        0.11966993801562553E-001   0.88121803155485290        0.31822560609197380E-001
   0.17382608292289384        0.61014803410076639E-001   0.27739123560488232        0.31770087285224298E-001
   0.29881795040590475        0.59395568866301242E-001   0.54911174700358945        0.31898392523107326E-001
   0.69071765081005065        0.62005698249992205E-001   0.35541691644324563        0.31974915184536962E-001
   0.56049623875433030        0.66518250372510593E-001   0.56044107406435784E-001   0.31873288529655409E-001
   0.67407707369505498        0.12553170171691226E-001   0.69147847831738385E-001   0.31947298348759090E-001
   0.80636246070235873        0.12437846068523488E-001   0.64674521951368502        0.31830147506641031E-001
   0.62935534266141313        0.11295362500094270E-001   0.98368279150326687        0.31839989487680215E-001
   0.53361137107403434        0.62647791179639256E-001   0.35027245721215317        0.31874494926894460E-001
   0.60413345293288145        0.12663894117456154E-001   0.73078196278428753        0.31827237104513385E-001
   0.17006018507297252        0.97437837361123297E-002   0.56149551566142109        0.31825057950223140E-001
   0.90122057774061615        0.12373782512189247E-001   0.52491696960825862        0.31857279520155719E-001
   0.97951507343747912        0.14371261685539656E-001   0.64578780602648123        0.31878430859191308E-001
   0.35112295065072280        0.10994548821648818E-001   0.63430596322207311        0.31869062965282392E-001
   0.40988230234934819        0.11847178798284563E-001   0.25715991282225281        0.31863065685999330E-001
   0.20326173697602043        0.11066653429425673E-001   0.96585357173186603        0.31912303292474416E-001
   0.33505518060555678        0.10268594893564678E-001   0.74875326241215645        0.31862368654630213E-001
   0.17900366501131196        0.61048276959423602E-001   0.44948433831832363        0.31841890386330320E-001
   0.81295869118551356        0.50561386061085539E-001   0.46328465809367564        0.31928231860666872E-001
   0.47029566012244423        0.61927044574701953E-001   0.33940431403094568        0.31837183196857577E-001
   0.70273306854300588        0.12400122532840179E-001   0.48005446181417166        0.31819391180780206E-001
   0.22567833324905096        0.61028271447134942E-001   0.73978450739180124        0.31942447607553007E-001
   0.97258411696312885        0.61797295227594896E-001   0.86498986628125341        0.31921674633285366E-001
   0.22630351077610117        0.60879393063654225E-001   0.20328500291057608        0.31799985675838749E-001
   0.13709196292665232        0.61025104679583823E-001   0.88526302608117904E-001   0.31842046944579774E-001
   0.45240570702941330        0.59028435654246897E-001   0.40053166436105714        0.31807000016134408E-001
   0.52347313488278413        0.12636328450647489E-001   0.46127770809867136        0.31932245093311808E-001
   0.80931088591335387        0.61587561383481405E-001   0.17690322124009233        0.31797066474677192E-001
   0.78292957528843365        0.62727344704536378E-001   0.86679815534940696E-001   0.31916594309871892E-001
   0.62324835507659845E-002   0.63115639963104708E-002   0.45387527908489061        0.31904743410858465E-001
   0.70377728840055098        0.61423595433916324E-001   0.43381994345851649        0.31808885064537586E-001
   0.19339562237338848        0.89676976564252997E-002   0.50218557779690842        0.31894575069741388E-001
   0.49342788931459297        0.66363169005820788E-001   0.89527647190950477        0.31836621764020995E-001
   0.66377370053042806        0.61873928855677288E-001   0.19547315870670623        0.31906612359830347E-001
   0.31066600224630458        0.61899722045897602E-001   0.12388158238282028        0.31874858049774593E-001
   0.55792321546344137        0.61882660614444654E-001   0.28821456637010689        0.31925349574461095E-001
   0.76681019465107514        0.12199087756874755E-001   0.44113377176211349        0.31930791559784254E-001
   0.27088515978935534E-001   0.12385908713639763E-001   0.60255940001635566        0.31838124542067039E-001
   0.39258216143519825        0.10196257634009951E-001   0.89270823282626588        0.31896590928063302E-001
   0.77729466214210352        0.62370906915630180E-001   0.54714782792440064        0.31826113684486609E-001
   0.70121878841406160        0.62702577865025297E-001   0.53403523486695870        0.31923054315407824E-001
   0.30973641578456512        0.60862508003866195E-001   0.31397783102656673        0.31869426940959490E-001
   0.76267844644415772        0.12436346532339538E-001   0.49873017373140052E-001   0.31862398431003455E-001
   0.73695490216609283        0.62356238513811439E-001   0.97711787868534261        0.31866099123244306E-001
   0.92719375502284274        0.61475574200771876E-001   0.36559182383286692        0.31909420523131699E-001
   0.61659099220214408        0.62423225920082898E-001   0.92486165849888169        0.31834619931571301E-001
   0.66698590701571314        0.62257793155953457E-001   0.96418230034153418        0.31854243566116880E-001
   0.66851809100489468        0.62482383818725985E-001   0.64065867684404643        0.31898168772913363E-001
   0.28668038898901632        0.61047086138865295E-001   0.18320407279118200        0.31820584038999587E-001
   0.45298711625481930        0.19311432544233856E-001   0.91096026951642484        0.31827067670783360E-001
   0.12350329785879294        0.61980356022349761E-001   0.73728684229928165        0.31833264164119912E-001
   0.71473878161385840        0.11973388330865267E-001   0.32345049416399263        0.31969580016437106E-001
   0.34966804943271307        0.91729217022300195E-002   0.95751384589741995        0.31886050189639560E-001
   0.87160393797257651        0.12432699488750755E-001   0.71582163798008569        0.31899339691134843E-001
   0.62619528876938224        0.62263324604382254E-001   0.83068658424957054        0.31935437620680018E-001
   0.86165439290075274        0.10812099263686731E-001   0.47486721592867681        0.31948744630690980E-001
   0.54505789856776932        0.60657980923197456E-001   0.65098526374944843        0.31812213133356221E-001
   0.28832628550179040E-001   0.11777121485989372E-001   0.78236375369985434        0.31828743633585746E-001
   0.42700481113774413        0.11642785864425888E-001   0.11959149019769394        0.31833643202237964E-001
   0.35929934955515747E-001   0.64678637041395703E-001   0.55338576227789482        0.31772580080984658E-001
   0.47787854006461084        0.61797159940861969E-001   0.97372688973235533E-001   0.31905769555992912E-001
   0.42138889814084690        0.61825639663754844E-001   0.21927860485015088        0.31861305679710329E-001
   0.86910136425362572        0.12098664893371356E-001   0.93272064723276948        0.31949193065196071E-001
   0.65417900221124814        0.62450794286268353E-001   0.57713374901188486        0.31855803038526025E-001
   0.57291282047224146        0.11994823647757002E-001   0.95336168284517631        0.31896261457649039E-001
   0.55913698951462409        0.62631658867288428E-001   0.47856973570553951        0.31859927524588473E-001
   0.94159792431132838        0.11834361923842858E-001   0.32815676377246256        0.31873197557122888E-001
   0.54189519574860767        0.11865235488069531E-001   0.24175999411686319        0.31905008864701101E-001
   0.90822133767798630        0.62241571696061794E-001   0.48536213452328641        0.31841195994429243E-001
   0.34707649408087698        0.59363057836984694E-001   0.59112153129462597        0.31842645965051840E-001
   0.60053809709754924        0.62507226865248386E-001   0.61954190690306243        0.31946017019058623E-001
   0.66445970609940364        0.11428613629360812E-001   0.42911439217029612        0.31876891725381808E-001
   0.81985737336551207E-001   0.60938931021785971E-001   0.15060775587710140        0.31872530984138732E-001
   0.66649495627835087        0.62054440550845885E-001   0.76350068039928920        0.31879415441547175E-001
   0.21671876640523116        0.61109654612278387E-001   0.39777813274960422        0.31933011079633790E-001
   0.17314219029251315        0.57612815163755694E-001   0.69728535192097141        0.31929264093901767E-001
   0.53488353488506424        0.66123273397556095E-001   0.56023613509278714        0.31892526765020641E-001
   0.27869214064239384        0.60611486333161269E-001   0.69874670244694936        0.31814994532887400E-001
   0.51507839495664565        0.62585605565862651E-001   0.42246530587168191        0.31857449242468028E-001
   0.33536725111794291        0.94063439916514530E-002   0.53334159492808919        0.31946370551798019E-001
   0.63414533742527113        0.12072915719171490E-001   0.78704524160960287        0.31925569441037423E-001
   0.91658531165013757        0.11335097714869350E-001   0.44137910638069716        0.31957472740550684E-001
   0.62303113788260955        0.61939053125932002E-001   0.32004423262054482        0.31916730950711722E-001
   0.97874284547587531        0.11844584305251971E-001   0.82370209267659578        0.31830238272504099E-001
   0.59960308893590186        0.14809466100382394E-001   0.26871033308221870        0.31796113087866416E-001
   0.25673295164279292        0.52067725330777873E-001   0.59640432619492967        0.31818157278760563E-001
   0.74125812215953005E-001   0.60941754849809272E-001   0.88570799244089993        0.31940750738930684E-001
   0.40505870974453462        0.99281890191493579E-002   0.68315708547059861        0.31937967472868242E-001
   0.45027155185542497E-001   0.62127642402655982E-001   0.74514855504501620        0.31879152829296958E-001
