 3 HS poly
 400 2
 161 239
    1.0000000000000000         0.0000000000000000         0.0000000000000000         0.0000000000000000        0.10000000000000001         0.0000000000000000         0.0000000000000000         0.0000000000000000         1.0000000000000000     
 T T T
   0.71517895722141889        0.18145697258122089E-001   0.22608354482936388        0.34343614188202184E-001
   0.29965158962073818        0.18081525091049717E-001   0.97317425934402080        0.36935788053633151E-001
   0.26739555507395603E-001   0.17942679953670850E-001   0.67534755081429243        0.36017748362198183E-001
   0.22970345402885275        0.18153219856263985E-001   0.61323080887400250        0.36502954304231269E-001
   0.27239431822782112        0.67665845644650224E-001   0.70873444314115830        0.36763527228504581E-001
   0.92600180140564847        0.68008727935304478E-001   0.21277445218101626        0.38272337410342375E-001
   0.73701517524635307        0.68184179826504140E-001   0.11508586019113975        0.38164409751021672E-001
   0.62456120893770184        0.68266492935306594E-001   0.84087347318442207        0.31997654716202736E-001
   0.48371949390336261        0.67556790965119393E-001   0.17690624486454257        0.35766792010027831E-001
   0.75740000853872658        0.18207465778799971E-001   0.78071843398322416        0.33124511352964771E-001
   0.99926434261980945        0.67896888455772339E-001   0.56160408062476164        0.37234332378216682E-001
   0.45980114361231433        0.68805659333317698E-001   0.83914855684932821        0.34672065050151427E-001
   0.75151473739905217        0.68025795535051434E-001   0.55266027633587866        0.39027753102411251E-001
   0.80806791063571126        0.18107481270665853E-001   0.73114753530746202        0.37683745973908757E-001
   0.39593655914742049        0.18271972496802989E-001   0.92422344237171528        0.35247085643236184E-001
   0.19163411991550289        0.68060481223941621E-001   0.64722347555357229        0.34820007716054494E-001
   0.31784019736295610        0.67949934522885017E-001   0.15409999510726288        0.36956372887533881E-001
   0.92602773709727804        0.17966030051071426E-001   0.27586391853481368        0.34904111148732486E-001
   0.86104563121460886        0.16652493123771116E-001   0.88474597619002648        0.34997001840952086E-001
   0.14620559345274664        0.18108949727123343E-001   0.99968619583900353        0.35884017721498969E-001
   0.75166744819850784        0.68741577803241957E-001   0.37410258390531685E-001   0.40580581296685736E-001
   0.60955593211913006        0.68199375940221393E-001   0.67620519403852786        0.38367583742181889E-001
   0.75295598598175884        0.68251600807681001E-001   0.73207634401799382        0.36531409567630908E-001
   0.90356715700993639        0.69131407603512482E-001   0.24460985990462772E-001   0.36615614863663652E-001
   0.55179010046012922        0.68402123359885367E-001   0.79964690031494590        0.33702242496299349E-001
   0.55790819322087593        0.16136453688444356E-001   0.77934736167784596E-001   0.34786948066230249E-001
   0.34556507695606814        0.18130458332626484E-001   0.53353163243748414        0.36447809315061377E-001
   0.19787909427362330        0.68005862709538054E-001   0.72042851027316690        0.38612310352976069E-001
   0.10703786753328921        0.68076264682686335E-001   0.29761276719036911        0.35568849821391683E-001
   0.66060522161277579        0.67992828280856982E-001   0.83056768523947902E-001   0.34322914962111588E-001
   0.81949933788141888E-001   0.68054517478702656E-001   0.36511424759197902        0.36435774446588617E-001
   0.63707209801084397        0.18073233889272632E-001   0.72083407137733702        0.33943590683534711E-001
   0.59859333336876719        0.66141392741133689E-001   0.55616645333766868E-001   0.33410801513043722E-001
   0.29161044128436238E-001   0.17789236560355141E-001   0.45754728527609967        0.36474880646863890E-001
   0.65951860869749857E-001   0.17780724595180368E-001   0.93004083525436332        0.37465068596453335E-001
   0.79411535221554164        0.18336696492291093E-001   0.86188575791148692        0.35739742226108498E-001
   0.49075444920935835        0.69117356167789926E-001   0.77067805128430533        0.33797234629363432E-001
   0.16425368106778926        0.17951578990985692E-001   0.54228571867573250        0.38313480064785417E-001
   0.61740237304478240        0.68138485913486091E-001   0.21078488820804345        0.35982838077149443E-001
   0.84986682642434752        0.17991681000930678E-001   0.38748299164366051        0.37524422806822937E-001
   0.93742973304694743        0.67839826189881353E-001   0.11873110253951122        0.36100425904973088E-001
   0.80416336919559750        0.18908243699055732E-001   0.10003437280303449E-001   0.36795009944094223E-001
   0.89707697790783081        0.16009759294917571E-001   0.80343408918814530        0.37150779423078727E-001
   0.90375643467053013        0.17604656665344144E-001   0.44072424624299628        0.38226937234794180E-001
   0.42614709386004490        0.17775056262910618E-001   0.20314671763252851        0.38340250292348402E-001
   0.34635834511612740        0.68011805008033679E-001   0.94460592855236214        0.37143904741178957E-001
   0.47170540900801305        0.69816448817934473E-001   0.99572071021988162        0.34618381222727090E-001
   0.11004888586628044        0.17991232595188800E-001   0.41014789483167335        0.36434152520806277E-001
   0.48235093342775037        0.68178321906420605E-001   0.63359575915102484        0.33264777181263576E-001
   0.68361214333489584        0.18272924711371250E-001   0.12699346052380467        0.35760136672392230E-001
   0.52119437585416883        0.68733695573859985E-001   0.70886367603959510        0.35053064989142346E-001
   0.42583336246053725E-001   0.16448699067637438E-001   0.83127687593462252        0.35199933665343713E-001
   0.67914661072565052        0.17388709624598347E-001   0.43071763132524477        0.36211512387380025E-001
   0.58543384668812026        0.68182925378044448E-001   0.35417205036925875        0.35806603151375342E-001
   0.80798663542643601        0.68342282982156069E-001   0.90989293346461320        0.34835154948825393E-001
   0.33065273367109987        0.18159159347107819E-001   0.89463706861664127        0.35135837971985273E-001
   0.30376043453244367        0.18169684994554802E-001   0.59693752205118289        0.39304050388348069E-001
   0.47768775751396753        0.18285800575268955E-001   0.88635998827503792        0.35058166064326900E-001
   0.90602335616916252        0.67547962504184988E-001   0.58325906809477346        0.36463989291612028E-001
   0.41984746804267731        0.68140276704391448E-001   0.59787091831377104        0.38205659873701524E-001
   0.78207409944498874        0.68359810123510126E-001   0.17061383849893774        0.33301439425027189E-001
   0.39086714317887217        0.68077844543621008E-001   0.24474899279847981        0.35149943449162405E-001
   0.88447420397873774E-001   0.68061927476836703E-001   0.14269931705072539        0.33253613767097220E-001
   0.15960854980336159        0.18336934551912831E-001   0.68321862934757027        0.32755062423073918E-001
   0.16107634689171421        0.68191383747968945E-001   0.86346953208670973        0.36282444878403340E-001
   0.27217357663695990        0.67955251149666149E-001   0.45402799602388555        0.34931375689853245E-001
   0.58620221037711007        0.17977916170054040E-001   0.47778461161292335        0.34037580048861413E-001
   0.79269982746127776        0.17953240007051962E-001   0.33252736826206225        0.35368532599034920E-001
   0.32026233625720774        0.17510525189606382E-001   0.73187561799371226        0.36105960739767816E-001
   0.60790300149658483        0.17495275654380416E-001   0.40867229179731335        0.38233898887589268E-001
   0.89730237298131410        0.17763437388943072E-001   0.70908344888153041        0.35987886893318118E-001
   0.27378925373487847E-001   0.19037587158099886E-001   0.99238285729297393        0.35847239216748754E-001
   0.15442910651121716        0.17990540696098557E-001   0.75439823454616473        0.35788993443938093E-001
   0.69069335704633783        0.17856317038972998E-001   0.35534722356596155        0.35117740662061608E-001
   0.95494776476598731        0.16865945179843016E-001   0.85021322838433033        0.34812140485753089E-001
   0.95777151440395836        0.17584659747359229E-001   0.75722230637658694        0.37227535242980087E-001
   0.49472699697636802        0.67575344707212492E-001   0.99432816874773608E-001   0.38743309286924404E-001
   0.65870375605224740        0.18189546389074791E-001   0.26986091531999706        0.37104571831578136E-001
   0.17245558810401548        0.67958108432448969E-001   0.17203538982020999        0.36521020362289949E-001
   0.57620334147180230        0.18232621541409557E-001   0.84470224668495952        0.37640877975392326E-001
   0.84739286505732658        0.67961880291149607E-001   0.33003805170582901        0.38615404671631277E-001
   0.68544429097618353        0.68117104963023686E-001   0.69585202451857919        0.39909273096473533E-001
   0.53181346935695872        0.66027891366894700E-001   0.33818922363413148E-001   0.36627468551084778E-001
   0.15430151550799862        0.17677452812968335E-001   0.92577039810729544        0.38416642916128528E-001
   0.34406844300358336        0.68099118925291177E-001   0.44626271667562961        0.32734549417126099E-001
   0.36058656746658169        0.68138220253274165E-001   0.37842279477148671        0.37074805917817012E-001
   0.29364399855162794E-001   0.17900568247586322E-001   0.60408467037380498        0.34919872931772178E-001
   0.27152328802923842        0.18394758634090010E-001   0.34013822993565807        0.37173523196862686E-001
   0.99408199248400819        0.67880960158480094E-001   0.16472591145653576        0.36643300344416770E-001
   0.96322276585567779        0.67805804044858378E-001   0.90214347126540884        0.36065404984681415E-001
   0.13415510445734044        0.18042740981553770E-001   0.34168559115188396        0.36147637897558926E-001
   0.60681787781546415        0.67893352528816550E-001   0.52164246184892837        0.35218815356272082E-001
   0.71007034927385348        0.68189242996877231E-001   0.79110352942375850        0.36345373024322454E-001
   0.46424405916844597        0.18199155271114681E-001   0.42392101369095880        0.35621636237249538E-001
   0.69449269221003052        0.17981841132706202E-001   0.59904303158461458        0.36200815711649931E-001
   0.44418764003800609        0.18986595136198076E-001   0.78998615689720786        0.37005918810133175E-001
   0.57983229116973922        0.67109692533824511E-001   0.12333405693807435        0.33624129359041487E-001
   0.47347122169969302        0.18147561063819689E-001   0.35273699128200947        0.36126617848283513E-001
   0.70134029481141266E-001   0.17987014281641418E-001   0.25566264840743758        0.39327440596062739E-001
   0.98335387211774072        0.18011830819253088E-001   0.22016373891593558        0.38100581131365940E-001
   0.62841676129771107        0.18032787192736661E-001   0.56862027604176768        0.36477464591360469E-001
   0.94505553428743672        0.67848625368660792E-001   0.34093487561928398        0.36172752898252107E-001
   0.54215140133386719        0.18254882556463441E-001   0.91925871975857298        0.37075593661799348E-001
   0.45519872571893388        0.17556310513931608E-001   0.13607966237081207        0.34747989075706587E-001
   0.21838614105812965        0.67981216425630278E-001   0.37884006680748561        0.36498490165952614E-001
   0.90459196809480624        0.66587846862349587E-001   0.85797172105946962        0.36246319165858215E-001
   0.76564751250144558        0.17812838164871905E-001   0.61304194949457935        0.36233714456498416E-001
   0.83617581301211830        0.18508227808076257E-001   0.27723032056942865        0.34512243247987053E-001
   0.37798582833170974        0.68594475675926747E-001   0.87696509230548836        0.35592581240705801E-001
   0.78544658116624766        0.18724951827769790E-001   0.86040482593287698E-001   0.36709012643205023E-001
   0.47167650167131625        0.18133543186845524E-001   0.58890008064373101        0.34314547934933395E-001
   0.51262754967886504        0.17736404858696524E-001   0.22130879090812774        0.36952761986434518E-001
   0.99086361943349521        0.67864983706429488E-001   0.71390690090332332        0.36508305594759191E-001
   0.41847564416455096        0.18153005584523919E-001   0.54354626189496269        0.35562319950761950E-001
   0.27833838542957351        0.68196449806180934E-001   0.91432684176549162        0.37109515386035082E-001
   0.28512831026093816        0.17973893991794544E-001   0.26516751874346767        0.38891417940076077E-001
   0.52573378088548861        0.68250404078643981E-001   0.86714345051960739        0.36845058834388024E-001
   0.26307442743741000        0.17922807407127060E-001   0.13205674175874019        0.36830307907699200E-001
   0.23155018720841972        0.17592967450581663E-001   0.68212856187075654        0.32418948481264580E-001
   0.57913947120895648        0.16114760104904192E-001   0.10160513371014366E-001   0.36085079244619678E-001
   0.88151588652614954        0.68115154123283617E-001   0.26766356728353835        0.32361525248015097E-001
   0.49888975251288520        0.18277379805369476E-001   0.50831863970547575        0.37223409221156592E-001
   0.21440446105580777        0.17927823649867464E-001   0.20344153196534248        0.35870447491971325E-001
   0.43221447371228128        0.68184222032221672E-001   0.38040986025777684        0.34257732762203376E-001
   0.89658959679567418        0.17638691684198841E-001   0.53225943582022894        0.35486218006848147E-001
   0.13169616076453353        0.67866791812658436E-001   0.58093020811111495        0.32256925738048017E-001
   0.75624890498426922        0.67777555082305457E-001   0.44638382896505635        0.36200381120048752E-001
   0.81287683056606796        0.67725762091212144E-001   0.59483535348142846        0.34743204767912268E-001
   0.76344373012853828        0.17822254691966001E-001   0.49759969234722873        0.35605893388690038E-001
   0.49084627528034844E-001   0.18116929069782104E-001   0.17523678904956630        0.38156612121305604E-001
   0.73928240300574588        0.68113584729903670E-001   0.33346523416622564        0.36478593530309786E-001
   0.54049583810441570        0.18200565917307378E-001   0.37839870463271086        0.35603936188340991E-001
   0.28876885212766767        0.68016168222677920E-001   0.87964083797894416E-001   0.33955967087272873E-001
   0.98595257809401105        0.67976029651923606E-001   0.63700049763263145        0.38941781553701441E-001
   0.86990060593285767        0.18020950126472129E-001   0.21413462561794228        0.36860124052263910E-001
   0.22858320131628602E-001   0.67956648964430655E-001   0.10000759040889765        0.33980742165470472E-001
   0.78878419124671117        0.67745085664918339E-001   0.66499470079638767        0.39377527462022853E-001
   0.25704401694987289        0.17921902300679134E-001   0.40948033478690610        0.33652266620943332E-001
   0.21285249946911150        0.67901236881636323E-001   0.51366304954789721        0.36832769195326819E-001
   0.53110444903932885        0.17578715679822356E-001   0.14707420497917739        0.39221464167797863E-001
   0.79496184780286494        0.67970591546131803E-001   0.38453005948516872        0.36760885138577525E-001
   0.46325391486405404        0.68385143722528768E-001   0.24715004982963656        0.37227576058012996E-001
   0.95660682432576494        0.17918568422628216E-001   0.59124049667900169        0.34817970915561963E-001
   0.56232868995498264        0.18021163348989962E-001   0.54229576877375840        0.34649737606832792E-001
   0.98979279153432562E-001   0.68034868777101978E-001   0.73625112447942925E-001   0.36583350719366414E-001
   0.17524397104635922        0.68207973690320653E-001   0.24159624578803399        0.33048895013334169E-001
   0.51456328596830625        0.68025564448743470E-001   0.56123405802340309        0.37032364848486272E-001
   0.67760321721746042        0.66066616874394773E-001   0.13541018134515945E-001   0.37251621650867969E-001
   0.92936560897142861E-001   0.67907832537440427E-001   0.97986728641625664        0.38010275992414251E-001
   0.65908741531840820        0.18220592377909416E-001   0.80804601509251428        0.36993324907537817E-001
   0.61317952033534506        0.16099096834202267E-001   0.93600880154410149        0.35889824834922535E-001
   0.60686630956570287        0.68263786385844127E-001   0.28178458507773718        0.35732240059152862E-001
   0.39712445211449465        0.69348134898435290E-001   0.80933630145539859        0.33707374994577328E-001
   0.55802858106372288        0.18137348833052062E-001   0.30657459381894131        0.38296855514827290E-001
   0.10106786070839829        0.67983869495239921E-001   0.20997778272905682        0.35120319814276629E-001
   0.96488740415226248        0.18074134089254547E-001   0.39463580783869207        0.37021940891930352E-001
   0.98908417553986516        0.17982449667318681E-001   0.31093780869475396        0.36785174298577243E-001
   0.69263150598236567        0.67885593322754401E-001   0.48399166448059572        0.37643696476883905E-001
   0.31208188454891411        0.68210037925507963E-001   0.84525814815114764        0.37510136684122453E-001
   0.41912883631216030        0.68215918125438757E-001   0.45038550838896524        0.36717042196988674E-001
   0.72425572359860813        0.18228606759675702E-001   0.84246572466402259        0.36681190824417509E-001
   0.38406984410617245        0.17644531045770528E-001   0.13762452701334899        0.31994181154382600E-001
   0.80247314550803117        0.17845909015057036E-001   0.43849786126241302        0.31965476408044001E-001
   0.40558653954043400        0.18808284009134184E-001   0.34109140664087584        0.32021103840518497E-001
   0.29669288807051220        0.17903248506154816E-001   0.66792510505480285        0.32015143708409952E-001
   0.47866592044358414        0.19323446598057910E-001   0.72849044197428958        0.31947278746648343E-001
   0.64769526717973558        0.17898286735515495E-001   0.50267238961953198        0.32057792671381487E-001
   0.86214545040326829        0.19126915542753968E-001   0.47183803696311977E-001   0.32073628561680778E-001
   0.67440965215440829        0.15907543283335802E-001   0.96546119652639406        0.32047323762901869E-001
   0.71723424026362703        0.68016659610787455E-001   0.95039687051385191        0.32013882793967420E-001
   0.71042863938164358        0.67917556759106643E-001   0.39563095557771100        0.31986180636367871E-001
   0.60945017584073807E-001   0.67709214606334861E-001   0.49821004204063235        0.32056897263190040E-001
   0.18768898160096473        0.68196755196142239E-001   0.97958408145699261        0.31992825663099786E-001
   0.95713088121241274        0.17702460121793957E-001   0.48670990991922430        0.32158416739093310E-001
   0.33890028315073495        0.67949741219208770E-001   0.77819983018066952        0.32020433796419154E-001
   0.99893863676633898        0.66888707697700764E-001   0.84409733922065278        0.31967238992950738E-001
   0.89864845105158841        0.67855403197649072E-001   0.39096232796496694        0.32033113725487027E-001
   0.75829269010873864E-002   0.67930488026629418E-001   0.78072424187232137        0.32000002313872872E-001
   0.22449985084407784        0.68209522662919603E-001   0.10393129011893937        0.32058595687200903E-001
   0.72396087427605360        0.68046842566014065E-001   0.63504486348293487        0.32004923421569215E-001
   0.82675084116327402        0.68041412621357988E-001   0.23382910096140047        0.31982112679115812E-001
   0.45082812607675610        0.68237703922577261E-001   0.51139425342918465        0.32030804278149271E-001
   0.56543749504035574E-001   0.18075288686921775E-001   0.32574328425022936        0.32051588295542915E-001
   0.37683695793618666        0.18156988981481846E-001   0.47186164887984405        0.32155563292590936E-001
   0.74438004933589919        0.66862075499073761E-001   0.88729228186317022        0.32104328273498295E-001
   0.39825958095290137        0.18184476629839682E-001   0.40794956188061537        0.32000497661795246E-001
   0.25231864156315087        0.68109862637379157E-001   0.97844219667799881        0.32033892443459312E-001
   0.25306436271194460        0.67921787149381713E-001   0.17839682907009821        0.32008067019463952E-001
   0.64437623671531719        0.18287009399792338E-001   0.87566666012702676        0.31984855097043303E-001
   0.42214356566229727        0.68983744104139072E-001   0.74787513894158153        0.31961871131082543E-001
   0.69948956743351787        0.68622254221348919E-001   0.17564794866904776        0.31927854799146498E-001
   0.86422207857373057        0.67653967879943502E-001   0.63741501459174144        0.31906923688984408E-001
   0.34078916243752788        0.18094433222240042E-001   0.33507932886421532        0.31935357895595845E-001
   0.12502011195642737        0.61465056486362524E-001   0.64453462515935744        0.32005161619120016E-001
   0.67527464183440716E-002   0.19099185882567947E-001   0.58376198445365311E-001   0.32077522347763419E-001
   0.16029851615176152        0.68105991712190478E-001   0.10455596641788474        0.32034896278975072E-001
   0.42332559680820614        0.18362237622845161E-001   0.27719994142556148        0.32006635142775963E-001
   0.28119740637076451        0.18410475004781691E-001   0.44465650022081596E-001   0.32057618848885347E-001
   0.49735177299670119        0.68156489154486619E-001   0.39264058463071355        0.31916780138692293E-001
   0.91514181442345910E-002   0.68135974811957142E-001   0.41449020639756756        0.32102925945079054E-001
   0.26907597714733661        0.18216390033587174E-001   0.86733013756349864        0.32015882896779264E-001
   0.81999089430554295        0.26513903248997286E-001   0.79957061155378939        0.32083005131392846E-001
   0.45588660275665327        0.68112772570374430E-001   0.69348307705215750        0.32024760349459960E-001
   0.18264668022600700E-001   0.68539822688686719E-001   0.94236890409867380        0.31978344185780577E-001
   0.58064098911695972        0.70563967339353342E-001   0.74061672066345796        0.32021682716897940E-001
   0.37002085653930655        0.18162461610691030E-001   0.98630242825499559        0.32008827876251825E-001
   0.79325970503905352        0.18211806810149708E-001   0.21144440192962713        0.32048171855739785E-001
   0.31419959322416380        0.67913953265269930E-001   0.19334664218327760E-001   0.32088532639690720E-001
   0.35890434828357681        0.19271035882227824E-001   0.82904653864857458        0.32008309816050344E-001
   0.27102979976355590        0.68012990061795814E-001   0.63684881700415163        0.32103391836889289E-001
   0.29929861501928995        0.69573896906345425E-001   0.51661837521848231        0.31986208698521132E-001
   0.55150264487634504        0.67524326702319545E-001   0.19360834418717571        0.31966917378252385E-001
   0.94803078099200977        0.66713082099181253E-001   0.80524029022395494        0.32050551348417770E-001
   0.29223464933029913        0.17745294067197211E-001   0.19448005098258939        0.32033125024012565E-001
   0.42751284400018735        0.15694459404962221E-001   0.15426228335359907E-001   0.32048463755355271E-001
   0.92773491523845675        0.70389976857643144E-001   0.96021253103696502        0.32011706524561208E-001
   0.17681863002104417        0.68196222036961116E-001   0.42660771403663734E-001   0.31974531080513000E-001
   0.41650566290996327        0.67551874203911330E-001   0.11392219858160929        0.32040181161425749E-001
   0.70279881023346924        0.18259313091313394E-001   0.74478004037207390        0.31985855865350632E-001
   0.51150959081905822        0.68034153728918356E-001   0.32384748935893093        0.31990073207331590E-001
   0.41804090670082800        0.18747580395955612E-001   0.85487985725440307        0.32052573365941847E-001
   0.44062694016938897        0.18860419482594818E-001   0.64793148369447462        0.31930101531518588E-001
   0.40947151570556908E-001   0.18426422549536123E-001   0.38932698176315350        0.31975791766958382E-001
   0.17551374489547109        0.18063782315975486E-001   0.81899229629082759        0.32061184706086023E-001
   0.23824088480751973        0.68396311169670862E-001   0.30567165960561060        0.32043171954361807E-001
   0.12276856656532445        0.67998568606355850E-001   0.51518434374435551        0.32030108207263056E-001
   0.80869082299427919        0.67752251838729446E-001   0.49075435898283937        0.32084231292512568E-001
   0.43819948660082486        0.68364018145323890E-001   0.90796711345389924        0.32068258786229265E-001
   0.84031930921929832        0.75401589759951856E-001   0.83597805704537398        0.32032144150564358E-001
   0.65913928863893156        0.18024330635958843E-001   0.19045289780608171        0.32050328791061018E-001
   0.41652685286573166        0.18994670122982490E-001   0.70767576460829562        0.32059701092221421E-001
   0.93505683544246376E-001   0.18023212665114346E-001   0.54275517433089371        0.32023421783604691E-001
   0.66436893770466665        0.67739061420741584E-001   0.31785018084835515        0.31994549058025464E-001
   0.62658943037467696        0.17936289947211696E-001   0.33314646162290645        0.32065405953184377E-001
   0.14589923378392386        0.17984285894166001E-001   0.21078309222342587        0.31998791854298506E-001
   0.65428713215730361        0.18362583720112551E-001   0.65418469894833908        0.31966648825445115E-001
   0.36496673544121727        0.67703182279548801E-001   0.71921841569625089        0.31971256730841127E-001
   0.23054182057935113        0.17921935410481017E-001   0.46976664482553071        0.31965369184694670E-001
   0.13208246163965470        0.68056302507320851E-001   0.45165887991241255        0.32045141984098489E-001
   0.88470618500555265E-001   0.67582319907602204E-001   0.83563939589536318        0.31924073395272451E-001
   0.14985745561498467        0.67905913992469868E-001   0.38550694483293063        0.31955793004456383E-001
   0.37304819181388971        0.18077895151174063E-001   0.61387857655056932        0.32012649502156355E-001
   0.88819161364539034        0.67639560887772815E-001   0.48772960355435191        0.31977860409253385E-001
   0.11415622190794968        0.17885363864558558E-001   0.86689725890403146        0.31978328739570579E-001
   0.38269859374198012        0.67770739116857312E-001   0.17804949277893919        0.32048589395705540E-001
   0.40327565712582158        0.17653826000403824E-001   0.75569041122848873E-001   0.32002871257231807E-001
   0.62301552938350151E-001   0.67903940381655620E-001   0.70492758608670447        0.32006148873977847E-001
   0.54211644647651669        0.67946182206139516E-001   0.25931284740380789        0.32057787089369100E-001
   0.65648480816003496E-001   0.17942467528833328E-001   0.10697074598952291        0.32053495284663711E-001
   0.48305344317062598        0.15085141136877603E-001   0.47667561227294319E-001   0.31987641021058909E-001
   0.10831491534490321        0.67768901131500345E-001   0.90687999746453063        0.32021993783162360E-001
   0.17400544825365027        0.67958611464843513E-001   0.30664744464341059        0.32002255902902545E-001
   0.14063318363800187        0.67884414577766214E-001   0.79823465682469352        0.32031670215426973E-001
   0.96472354983658262E-001   0.17866890739804211E-001   0.60684372379218254        0.32081802092417906E-001
   0.49050253096011837        0.68225923495536758E-001   0.46117374145019835        0.31944107822881748E-001
   0.91988009405087168        0.67767039356745537E-001   0.66888543218942020        0.32001165143883098E-001
   0.30260794010013142        0.18198769919086831E-001   0.79775015740276223        0.32079898205424499E-001
   0.24061311449922757        0.67900344521226050E-001   0.24142253386458096        0.32087088285752165E-001
   0.20253303051445593        0.18017654479639933E-001   0.33474473229249330        0.31966330459916266E-001
   0.67229860670436792E-001   0.67708417463465828E-001   0.57571114070534168        0.32146937743176972E-001
   0.89482631772677249E-001   0.17932402160982356E-001   0.73447317454439265        0.32031042418575420E-001
   0.54543002433660781        0.68623137456816308E-001   0.49412127296608038        0.31935358210778517E-001
   0.32425412966164073E-001   0.67999526684623404E-001   0.22160517373101599        0.31950636049484608E-001
   0.53590566505891279        0.16387111897266847E-001   0.75693075364602347        0.32035147049652789E-001
   0.65814062098793136        0.66197537326753444E-001   0.92544039117377175        0.32089838325944489E-001
   0.73748008878923843        0.19258124486869858E-001   0.68544494993723992        0.32064533940687874E-001
   0.20945655183111628        0.18221253301500834E-001   0.66749221410383155E-001   0.32008093399896541E-001
   0.64129212076461029        0.68566941257201267E-001   0.14687631604484347        0.32076721171546634E-001
   0.47924624029331890E-001   0.67770093884820692E-001   0.88527607147590026        0.32016051479564767E-001
   0.30803396937602607E-001   0.67953741238750073E-001   0.28854280599957249        0.31947360837877012E-001
   0.55243029170557156        0.69649960592860702E-001   0.96769399525402156        0.32068586192731535E-001
   0.84551379120452708        0.68998884293964682E-001   0.98679481517563616        0.32010979940625697E-001
   0.20391067230268486        0.68330347685799916E-001   0.91760818160615076        0.32003188440771234E-001
   0.70104885455728272        0.16273707292137007E-001   0.90710031866985663        0.32019021164344623E-001
   0.70671319583427272        0.68271692199820863E-001   0.26964754954273729        0.31989426295975114E-001
   0.32747241268332306        0.18046007972993616E-001   0.10731320090322224        0.32074625661494757E-001
   0.44337128746136728        0.66837370067011750E-001   0.31406441510047628        0.31965238951176395E-001
   0.26323587542233743E-001   0.17927345420226181E-001   0.74521689008458725        0.31990937691243788E-001
   0.67399186733733418        0.68180787942132309E-001   0.55696819302711642        0.32059253915086960E-001
   0.14863318603266940        0.18276285246041107E-001   0.27499358301545551        0.32048295497960101E-001
   0.85094972537659019        0.67930693042614315E-001   0.70783556368368561        0.32031117483080400E-001
   0.59540122658273520        0.18180733482122874E-001   0.62868926037636752        0.32002641743495604E-001
   0.24233706360575302        0.18035303948266003E-001   0.74556159637722352        0.31904487100904037E-001
   0.20436014403191941        0.68251232857924823E-001   0.79079403871030662        0.32035964524161180E-001
   0.63906160556695701        0.16247011330285496E-001   0.42775936002474035E-001   0.32019501552827262E-001
   0.59672046322961669        0.20858855167076012E-001   0.77771110605460625        0.31979762098560363E-001
   0.14970944147472376E-001   0.67978836911098156E-001   0.35054841021112065        0.32044364085015015E-001
   0.87682084804749261        0.71162345395476986E-001   0.87726911568910187E-001   0.32016151763181705E-001
   0.84883449508370512        0.76448447320177706E-001   0.77151921120639544        0.32023776626594266E-001
   0.44013435103107235        0.65864615488192974E-001   0.54367825212447839E-001   0.32004851351728127E-001
   0.49054996365281139        0.18479561147384818E-001   0.28674391665290433        0.32028442942163851E-001
   0.31931595489594455        0.67370371467685375E-001   0.22579544259071938        0.31987111421785577E-001
   0.77288429821417060        0.68737826048703141E-001   0.82062973421800389        0.32022987170929620E-001
   0.89783991442687072        0.17479401961145731E-001   0.33676352461859560        0.32094643492014498E-001
   0.79055715706582941        0.68144889057494898E-001   0.28733905571111112        0.31908740237037381E-001
   0.35984988605809776        0.67924572076431530E-001   0.83469918214224850E-001   0.31992143257109834E-001
   0.95297765327827899        0.67584920896430270E-001   0.44557114077760074        0.32084557644808637E-001
   0.84637411547383334        0.67072819386707894E-001   0.43696898269282741        0.32009238968500164E-001
   0.58918947447877212        0.65199942012368950E-001   0.89487424673836113        0.32033463114552442E-001
   0.25957783213340535        0.68377831289546664E-001   0.57109500310536732        0.32070041056307792E-001
   0.38364451947375128        0.68073834750427775E-001   0.24025670848975202E-001   0.31977899325797643E-001
   0.77839562976678522        0.69226340249802218E-001   0.96987670508399471        0.32028048697357196E-001
   0.30936114420318395        0.67926696429082001E-001   0.31003861466062255        0.32029222426081305E-001
   0.91788261722775000        0.20165242145215329E-001   0.92088512520109378        0.32020332964870828E-001
   0.57931877715821034        0.68160474980309277E-001   0.58737003465745352        0.31992851693906081E-001
   0.64631472096643683        0.68267823484998311E-001   0.61467641458770628        0.31921191296255737E-001
   0.70029690070510991E-001   0.67852086545735588E-001   0.43460021549495592        0.31978020920548557E-001
   0.31528147914888893E-001   0.17895238782414176E-001   0.52608125560410857        0.32024456803076980E-001
   0.49680441101009487        0.68251344146877210E-001   0.93401137706209214        0.31968653297556146E-001
   0.95871391506043135        0.17927809329861637E-001   0.67959335380427432        0.32064327070144338E-001
   0.26027699089510559        0.19174079782141001E-001   0.52832245645696441        0.32149424659910830E-001
   0.24086337931884200        0.68153403315132241E-001   0.41567037477405040E-001   0.31958388883213923E-001
   0.94117828620312283        0.67620972252433506E-001   0.52387345797756701        0.32015070349261959E-001
   0.22044951614636829        0.18303043065012323E-001   0.33221655313809104E-002   0.32088628796425350E-001
   0.35564682644847856        0.17547169186285683E-001   0.20809393761710593        0.32005854539145735E-001
   0.16048675301595769        0.18134777781146551E-001   0.61317590774831809        0.32000809906735317E-001
   0.85057551282649102        0.68215098098434540E-001   0.53945560159784312        0.31973594867130202E-001
   0.35191251336024942        0.68118889848613112E-001   0.57989145670514186        0.31991635787716854E-001
   0.70146301311432480        0.18816207033720177E-001   0.59778372338130756E-001   0.32055064006691947E-001
   0.87228937802959050        0.66562810247420598E-001   0.92832213947651832        0.32053292093674912E-001
   0.86659758975845835        0.68541519660715020E-001   0.16602838819849194        0.32015356850520059E-001
   0.12850169267267023        0.18021585338455923E-001   0.12932691535863464        0.32007268992008925E-001
   0.23356765328292012        0.68279726418513847E-001   0.84870427475550581        0.32005863731418442E-001
   0.61964188869347581        0.16298112085170919E-001   0.10427464241713105        0.32089975800676428E-001
   0.16660477610340710        0.18038241377296673E-001   0.47198238338781728        0.32008378518251536E-001
   0.61591528467338696        0.66088459801645419E-001   0.98193293887063005        0.32046994497615507E-001
   0.75023684811517688        0.17982106554105839E-001   0.39993622065085427        0.32012657404265996E-001
   0.36011525002920958        0.15218761670173803E-001   0.67658853626537174        0.32041801394114777E-001
   0.10068929547440260        0.17864008923476202E-001   0.79745142294780591        0.31928191910203116E-001
   0.91940800349824137        0.17829510161623565E-001   0.76040200379407133E-001   0.32047202349221302E-001
   0.20560679489448799        0.18256325271208362E-001   0.87742512752219337        0.32058962939823701E-001
   0.64827310574874875        0.67487841992371941E-001   0.37994617276569209        0.32105719080088684E-001
   0.98154501799917970        0.68941584065901965E-001   0.99479831891834092        0.31924244142179398E-001
   0.90386490446249335        0.17746264712767381E-001   0.63233263018677455        0.31939060227967879E-001
   0.33577431562261395        0.67085166789842166E-001   0.64179339015624204        0.31928181172409524E-001
   0.99710043849655416        0.67668077347211919E-001   0.49225122353061718        0.32059846418599401E-001
   0.96982579487843290        0.67984312214493428E-001   0.26774160505470818        0.32005389762978474E-001
   0.70493167422988923        0.18201371800873552E-001   0.53147402164446900        0.31990163141491494E-001
   0.23966355869515288        0.18247087293211697E-001   0.80933949412726269        0.31888851511255097E-001
   0.39856533001153333        0.65090480561776645E-001   0.66482466267631291        0.31992473682562722E-001
   0.21294249235257096        0.17634837393517119E-001   0.27142067406031051        0.32099730874406783E-001
   0.96647256966167872        0.68971864516632994E-001   0.57075967451680344E-001   0.32033851644878535E-001
   0.51107253133249664        0.18306559339128635E-001   0.66475262457066708        0.32058582871710969E-001
   0.51517353655484399        0.20002261519908582E-001   0.98425605187361520        0.32017513549899859E-001
   0.58048743469320929        0.17630936968369874E-001   0.23980294691561174        0.32046582392075154E-001
   0.18228092319548289        0.18032571099818054E-001   0.40917659512254273        0.32050937469860118E-001
   0.19807512140221697        0.67832914297518795E-001   0.44626318096354511        0.32008793708087603E-001
   0.10181180990414850        0.17941172444212714E-001   0.47826239450942581        0.31996712969612491E-001
   0.75856210964519044        0.68133050603905843E-001   0.23187642239248865        0.32057175183118923E-001
   0.82043225060041380        0.68602199398397054E-001   0.11777973091891275        0.31926961049443085E-001
   0.62829855876158880        0.64512100003383588E-001   0.45699002534277383        0.31981036337017828E-001
   0.73597916675683972        0.18106552485817808E-001   0.98645051052104349        0.31972754171986334E-001
   0.83972008054073821        0.17716346176004618E-001   0.66899563747696489        0.32054103294160169E-001
   0.32341346449867225        0.17892056443502426E-001   0.40985031182220016        0.32112196050375158E-001
   0.51026054482211991        0.17322429341976569E-001   0.81913086194745288        0.32011886618400417E-001
   0.53635354437948446        0.17805570045287562E-001   0.60390198317932320        0.32031638423972594E-001
   0.34539921981592459        0.18203994316258628E-001   0.45734244214375427E-001   0.32034096635283692E-001
   0.40732475323804071E-001   0.69054801922650039E-001   0.36400661165844207E-001   0.32009766341018375E-001
   0.80505433398206694        0.17469987096073510E-001   0.55101095299466463        0.31990732178508730E-001
   0.19347278009795482        0.18007587663721063E-001   0.12999513660704010        0.32049812057755353E-001
   0.19606947711795614        0.68049987297552822E-001   0.58045065629105230        0.32009430710572641E-001
   0.82740571520175754        0.18441197871484467E-001   0.15713220485599710        0.31952541627250378E-001
   0.26768499276229901        0.68327742006011175E-001   0.77758244211552641        0.32041878361151369E-001
   0.74011080628432990        0.18281626706687801E-001   0.16450657466895194        0.32037206027792080E-001
   0.68352081248659990        0.68211483665820388E-001   0.86642693619057032        0.32023248953103864E-001
   0.45832519829753260        0.20014767218481951E-001   0.95195207663255443        0.32042872012609969E-001
   0.38662535389924158        0.68222164131690785E-001   0.51091994142529540        0.31991456126914578E-001
   0.83263682481749546        0.18439595778233297E-001   0.94707760325390111        0.32076462611352698E-001
   0.85757432233953246        0.18526195023402230E-001   0.58808131338524494        0.32011372885171425E-001
   0.56554374299098076        0.18277586998738129E-001   0.69961336969775090        0.32024121295121791E-001
   0.54715301559428864        0.67305921271963803E-001   0.64356155967893636        0.32008166575961484E-001
   0.82243952079403038        0.69008412866775559E-001   0.53740102041470408E-001   0.31991931273746110E-001
   0.93969276854283179        0.18010510526980595E-001   0.16523333162236667        0.32038380521207777E-001
   0.97520042826722431        0.15712638125876335E-001   0.94920402162754092        0.31956094765106711E-001
   0.70899590193690895E-001   0.67710838114137084E-001   0.77047611175512809        0.32090114883492102E-001
   0.35575866531462236        0.18105869965669080E-001   0.27285600302397600        0.31999215107117708E-001
   0.90980335192377404        0.67664315526443836E-001   0.75369753047652233        0.32046854822961109E-001
   0.14551765102273267        0.18108120263198996E-001   0.67510920805748470E-001   0.31914432501232368E-001
   0.55972279244803236        0.67699079530357628E-001   0.42035508484588491        0.31954364843370955E-001
   0.23658842789585668        0.18291333243605781E-001   0.94110526776164205        0.32038662086227576E-001
   0.84726181013000862E-001   0.18122147530732460E-001   0.28723599777302326E-001   0.32043027889924608E-001
   0.37924754384498710        0.18702454358203231E-001   0.76622399754599446        0.32059969934257020E-001
   0.88556978368680628        0.18471265473213153E-001   0.13056356984106893        0.31988197896721637E-001
   0.84834770598877618        0.17680723956423339E-001   0.48413980652357469        0.32010774683102740E-001
   0.74354973194911544        0.18338628052439812E-001   0.28619409212292030        0.32048346940570370E-001
   0.88900148982110605        0.18207631648010009E-001   0.97870669654933251        0.32031996774932389E-001
   0.80853431621791625E-002   0.17684247350989987E-001   0.89062721641047138        0.31904899777711909E-001
   0.95050105301591559        0.19043122855713246E-001   0.19972417318406200E-001   0.31993810912774680E-001
   0.98385053995847349        0.17903865600584989E-001   0.11863550200429016        0.32054538815881481E-001
   0.64057392758319409        0.68134212975983946E-001   0.76397699288310461        0.32104364986376879E-001
   0.52841222453939840        0.17655429162809107E-001   0.44542631102009672        0.32055039633963264E-001
   0.41185819804896201        0.68088742672138367E-001   0.96655539776875765        0.31929865206822339E-001
   0.57031420784104038E-001   0.67868546910312202E-001   0.63948269473825481        0.32014637977866425E-001
   0.37427045211799997        0.67982858212107852E-001   0.31065215150212078        0.32052097027410305E-001
   0.76444992084729280        0.20526150807114982E-001   0.92871189262854881        0.32029840657340165E-001
   0.29152669149971633        0.67985415125402224E-001   0.38432175351477610        0.32025329981849614E-001
   0.94388668638332521E-001   0.11603347008265071E-001   0.67067881472194257        0.32001821534496086E-001
   0.59998581443001531        0.19463510777239929E-001   0.16543220440804396        0.31997487085445912E-001
   0.12680368678568874        0.67131862892802222E-001   0.71605861505223145        0.32055481052929879E-001
   0.31250065377603548        0.17886602456796609E-001   0.47353072534325280        0.32053020588075763E-001
