 3 HS poly
 400 2
 161 239
    1.0000000000000000         0.0000000000000000         0.0000000000000000         0.0000000000000000        0.10000000000000001         0.0000000000000000         0.0000000000000000         0.0000000000000000         1.0000000000000000     
 T T T
   0.37839444896548846        0.53714386960932052E-001   0.23593096961096341        0.36605775628555035E-001
   0.28458080948284598        0.54441832107873726E-001   0.75956922827884299        0.38835891347105529E-001
   0.87632784442353406        0.35999240396015399E-002   0.97535786517398859        0.35712834694507825E-001
   0.55421736904863661        0.54773095971963809E-001   0.32518941868299811        0.38076328104558819E-001
   0.96507264731018128        0.54045675264828036E-001   0.63099736344911905        0.36246587562839126E-001
   0.57551272085445848        0.54413898290098232E-001   0.44979228626265955        0.33923113541106872E-001
   0.59404214972349834        0.55633088473148275E-001   0.23706119235478446        0.34851848695558948E-001
   0.67153621646639738        0.40563255419583917E-002   0.49443506372492935        0.35021273650447798E-001
   0.72846182106157087        0.53942829647381611E-001   0.31836732223407060        0.36866059072710414E-001
   0.29373904130501216        0.42146216793997283E-002   0.65540465419035998        0.37287999987005833E-001
   0.79090901386853696        0.42601267467342130E-002   0.61364550696200193        0.34270084592796762E-001
   0.39779052597178527        0.40233089349457378E-002   0.60909366462541537        0.37437592616481996E-001
   0.77754776919761459E-001   0.53730955252425633E-001   0.72664016707161805        0.33558119744277470E-001
   0.60160817880231987        0.38658643661459661E-002   0.93029733043315621        0.40990194193171146E-001
   0.63912533105213520        0.53808140479331905E-001   0.97682417363685048        0.36885813468091784E-001
   0.24278511021099636        0.31279487289069606E-002   0.28885269617725451        0.38306247746689323E-001
   0.39015690006228104        0.53960208811640570E-001   0.90457104080386108        0.36956358188767559E-001
   0.78776159593124329        0.37912307458868853E-002   0.82157112813415034        0.35209724023203083E-001
   0.24293270298866864E-001   0.36112595111004644E-002   0.80593097816866799        0.35711342650552313E-001
   0.15488280887077102        0.99047732308065656E-001   0.48631298758178743        0.36239634315506329E-001
   0.67730255109358517        0.38400628152633512E-002   0.94313908755093745        0.34155185878745692E-001
   0.62360097627434929        0.53993855892702274E-001   0.62351215826515971        0.36603772657107528E-001
   0.56197475369225758        0.52058504170946575E-001   0.67609349673304220        0.36657369524789755E-001
   0.25180929877609781        0.36898175472311503E-002   0.31961533695369124E-001   0.38335613676441525E-001
   0.61013788421628268        0.47969886327853426E-002   0.34386668552780691        0.39210861146684567E-001
   0.18371964207456351        0.37542960749791820E-002   0.18247748601742739        0.37179965973125562E-001
   0.95689897761694476        0.53631479855576529E-001   0.89464495215380135        0.34157345459464951E-001
   0.10136233850316979        0.36985774396376529E-002   0.41307478961563806E-002   0.34446347017596128E-001
   0.13910374738620931        0.30021419418647961E-002   0.38776804659344982        0.36341693350624087E-001
   0.14859945588954018        0.53653523460072496E-001   0.14656203918018362        0.33531712862220835E-001
   0.67507869441191559        0.38904982077425780E-002   0.24546256433967541E-001   0.40862742929582779E-001
   0.15706781236393550E-001   0.54174862177733644E-001   0.69502448134622097        0.35870634862855987E-001
   0.24363983833263050        0.54056405756231600E-001   0.67346877028029561        0.35588923054936841E-001
   0.19187655241873411        0.53082723454052884E-001   0.38073778099394606        0.36602168934361558E-001
   0.72067206309316775E-001   0.53554814826978242E-001   0.19523253927730652        0.37875767991991112E-001
   0.67422923785955186E-001   0.38525018241598926E-002   0.67662440241241628        0.37819648347381725E-001
   0.69851507926901935        0.43910586583276207E-001   0.11046573093658672        0.37442389154639780E-001
   0.81252550603888418        0.40356915869371604E-002   0.47115881178405650        0.34901306564080206E-001
   0.89204212546009887        0.53808651497592536E-001   0.32076051983772236        0.36664395078360355E-001
   0.33014362863705299        0.53931390633934186E-001   0.94857403375234550        0.36396368127060652E-001
   0.76025783427633042        0.53906526309595283E-001   0.46430596004251284        0.37646167999300088E-001
   0.53217522471106726        0.54434361578701712E-001   0.50221258534611490        0.33740725383135529E-001
   0.26105626690054279        0.37889687159249927E-002   0.15451884055360410        0.37356840996515088E-001
   0.52720515502131338        0.53704504769539564E-001   0.25731189106655677        0.34959105335745554E-001
   0.49263605807723565        0.43682694985391016E-002   0.30285874206427510        0.38506066427232463E-001
   0.27482513823374199        0.30925556143968731E-002   0.92448403632725862        0.39057053149657309E-001
   0.90060258027987583        0.54171932647141097E-001   0.79864451626860833        0.36415496589653068E-001
   0.97357111255101858        0.54420323992651225E-001   0.82494601226340725        0.37454809886042481E-001
   0.34207390339582777        0.54028540565263843E-001   0.62147037646494996        0.38352336343605180E-001
   0.73370483366907358        0.54059613652271077E-001   0.44064663237164424E-001   0.38308777551371770E-001
   0.24901587905326414E-001   0.53643081045911992E-001   0.92104750157090742        0.38711728246861754E-001
   0.80224508331815214E-001   0.53125841750697046E-001   0.28718860806337987        0.33476351263691251E-001
   0.97663326226660657E-001   0.28937573147089996E-002   0.44518301868628457        0.34285031250262027E-001
   0.91239589902963092        0.53804316733198937E-001   0.17652393975131411        0.37078694103681559E-001
   0.77542288281337213        0.39952385428363062E-002   0.40983707286853827        0.36750191367367291E-001
   0.48699123764077340        0.37049172929298508E-002   0.22524038965057527        0.36737917256214753E-001
   0.89118752717556615        0.37905898846852491E-002   0.12729552599406860        0.36204701097562575E-001
   0.34976710402329192        0.53737157496352821E-001   0.31202020137054576        0.35282176146683344E-001
   0.43286755715475672        0.45341344812440103E-002   0.18045404189474069E-001   0.35797655681233310E-001
   0.52548903537560221        0.44877534044089349E-002   0.45286838046616462        0.36777614853737581E-001
   0.66920645941026968        0.53854573710451430E-001   0.83307213815156267        0.36191044755507169E-001
   0.58349659363680195        0.37827139989387634E-002   0.79619288617523920        0.34940806032753270E-001
   0.38401864575836869        0.41261519866979410E-002   0.95817315699757244        0.36154258050401893E-001
   0.26270152867633884        0.40464462709309257E-002   0.56718856776628568        0.36202774924669383E-001
   0.86304815448481065        0.53888046324816197E-001   0.23338459051625360        0.38158853360878223E-001
   0.43441141247774334        0.54020181066511769E-001   0.13454609070888823        0.36585718709803913E-001
   0.30148332579764736        0.53083342227254686E-001   0.37282107263992448        0.34299940393467163E-001
   0.20243534050063777        0.30427476643887772E-002   0.43221666898290828        0.35896074723022718E-001
   0.31061922702808253        0.54005627151105219E-001   0.86880623549699521        0.37256658223750114E-001
   0.19720180044080074        0.40855552826204317E-002   0.69110504725444932        0.34840078637967377E-001
   0.22108774627726940        0.54693822585454244E-001   0.22143256052146418        0.35736311906219904E-001
   0.89155681318445745        0.54230248983541285E-001   0.66314297294680569        0.36712424948083848E-001
   0.37022654976705771        0.53988831362597037E-001   0.10751154538397581E-001   0.37555886129331861E-001
   0.48700790301714997        0.54225338878911650E-001   0.55490714326954249        0.35636699685584139E-001
   0.56578856649331810        0.41682921972359876E-002   0.86351181178838865        0.34647938575235890E-001
   0.89033990422795251        0.54543119815286902E-001   0.87077458465095381        0.36388535562342388E-001
   0.17005977115527335        0.37508332157215789E-002   0.30316570680136327E-001   0.39065133579293206E-001
   0.40348646001495174E-001   0.53072283643461574E-001   0.34477889861346078        0.36492772016498684E-001
   0.30588982424948852        0.54004221933066844E-001   0.46668920266203756E-001   0.34628856154138729E-001
   0.41489382021124488        0.54020997925894890E-001   0.66485634007474370E-001   0.33753701821778996E-001
   0.67650934283413156        0.39739069076574190E-002   0.30873663145929692        0.35851694226727598E-001
   0.96822545927631543        0.53575198028336740E-001   0.52690728712955499E-001   0.35053935350349397E-001
   0.97224042699320357        0.53177472867054022E-001   0.46317395635192760        0.35180396453551546E-001
   0.32529137284158766E-001   0.31384890123211176E-002   0.29582932160962683        0.33840176741290202E-001
   0.96477878564090769        0.41668609505815029E-002   0.57403494975902480        0.36398430590437791E-001
   0.54472446872327378E-001   0.37420295947658980E-002   0.13991055583260667        0.37002480599623383E-001
   0.99974506953930475        0.35817507557119863E-002   0.87254413936575170        0.35262911881638236E-001
   0.74405471410846324        0.53716325170721592E-001   0.63469821821140338        0.36508969682649862E-001
   0.71668880868169427        0.38398466865330176E-002   0.80821521624333503        0.37086116128396608E-001
   0.30116125922321074        0.29737155339728092E-002   0.42074598916174066        0.34461541592674380E-001
   0.49225687953650336E-001   0.30580091651570534E-002   0.39540188429194156        0.35144215519681624E-001
   0.24754143133115264        0.53835118754131675E-001   0.86450980459572335E-001   0.35538947653050358E-001
   0.94200273327060358        0.54135393152972305E-001   0.73713917203959489        0.37693970092171084E-001
   0.92425957160531991        0.53449204978757159E-001   0.95672410600778468        0.35868940310645622E-001
   0.96297394022944860        0.41976766716156867E-002   0.68524658212469081        0.37304116968278844E-001
   0.96114466273135568        0.31984484068562032E-002   0.41431918574586218        0.35578214642686110E-001
   0.64856412922970552        0.42183726046333752E-002   0.56461446618884659        0.38796213205124205E-001
   0.73016836943672825        0.40577956695658770E-002   0.57599790279929641        0.37190469160942152E-001
   0.94165422441036528        0.50646223728772623E-001   0.52455042123814999        0.33405202885262358E-001
   0.66264288682710892        0.39680771935761390E-002   0.40009878450554587        0.37635586791890843E-001
   0.58651230948561994        0.54215008525164587E-001   0.55445031255968069        0.41511671549701909E-001
   0.80080947510178468        0.53950574242581442E-001   0.35943449641323222        0.38539602497428278E-001
   0.40691231509395737        0.54012002111082452E-001   0.81474614629227937        0.37041934177395597E-001
   0.89722303468222120        0.41636456354936617E-002   0.71256634047053791        0.33762950956226966E-001
   0.29180325952305255E-002   0.53742461804744471E-001   0.15328373609919799        0.35943766705545069E-001
   0.80559498570152799        0.54136131444185068E-001   0.58088288314634709E-001   0.34585651175473055E-001
   0.55294715487746693        0.54042168519130990E-001   0.41927726216089457E-001   0.38569834560931562E-001
   0.89219463230842733E-001   0.53564822286952363E-001   0.95722338142186092        0.35072739331451649E-001
   0.71624648283137221E-001   0.36615617238342068E-002   0.68646565604220139E-001   0.36014495721271654E-001
   0.94955996708030277        0.53206843852737440E-001   0.36495352029418088        0.35588933159825205E-001
   0.83454784994106479        0.54102717210053455E-001   0.59044056055644856        0.35094357136758916E-001
   0.25268427760883128        0.52903439297793259E-001   0.42289584411513281        0.35105947211573126E-001
   0.92200332257828532        0.32526213699783074E-002   0.47511132925920596        0.36642348644844863E-001
   0.53182655497019959        0.37964320131829710E-002   0.72411273388261710        0.37166357208453495E-001
   0.17288606536639710E-001   0.37580832708614420E-002   0.20384263167160013        0.36570502835067187E-001
   0.38810072028775444        0.53156796215830728E-001   0.36983796085399145        0.34078792248518550E-001
   0.17083375549575405        0.49073293311244340E-001   0.53385782740049981        0.34549189452776040E-001
   0.80703180344792946        0.38851936141532811E-002   0.23688277454241274        0.36989094924944545E-001
   0.53237526999381043E-001   0.53688777502612008E-001   0.19293844085282206E-001   0.36535067223300369E-001
   0.29507486311310560        0.53845044505299783E-001   0.26359574960572085        0.37580942329359199E-001
   0.69827320560215012        0.53984548387755286E-001   0.69281120513526262        0.36913220853087368E-001
   0.76310752671364901        0.38091972739634759E-002   0.89100562874021072        0.38386468657473270E-001
   0.68876713453795535        0.54136768857356000E-001   0.76480453653044644        0.34524300878394788E-001
   0.46216022072050117        0.54195148351054816E-001   0.90304755806478731        0.34889616580674264E-001
   0.35139660896460118        0.39694681477642846E-002   0.58298996132138459E-001   0.33931243315406520E-001
   0.82761966814128041        0.53895988324979216E-001   0.79356394335970892        0.34457886588068379E-001
   0.39303274776776720        0.32111842686086849E-002   0.41810760917857887        0.35421198658110789E-001
   0.13485604185849293        0.53159363358033646E-001   0.33327110968853768        0.37566360636991279E-001
   0.59956300589660956E-001   0.99561548815790449E-001   0.50959982931382641        0.39236977839675995E-001
   0.65230155785888799        0.54032573013535284E-001   0.90210296287701319        0.34860643240096273E-001
   0.56948142652987088        0.41927118007562200E-002   0.61343127065869463        0.37622540284454720E-001
   0.40152110757509957        0.38971194607483380E-002   0.18001362084167416        0.38445743566698019E-001
   0.98471664255849267        0.36576826406948225E-002   0.10268929074657719        0.37419720489434365E-001
   0.52481629255546691        0.40649231482195528E-002   0.96432389005708863        0.36282218919757046E-001
   0.11850060833408431        0.53633486797520093E-001   0.49432915816848458E-001   0.35098934055441705E-001
   0.85590106050996628        0.45093428955073752E-002   0.83484184725701560        0.34081370904197751E-001
   0.17636727978572028        0.53365802457035955E-001   0.63563284986360924        0.35825869397728173E-001
   0.23651511557958230        0.45406808199289876E-002   0.77680963702923600        0.32507730053972589E-001
   0.31787119918000312        0.41741270819918895E-002   0.99828778285144348        0.34771079348023232E-001
   0.44876948711269049        0.54038186854301777E-001   0.62939951834456320        0.36640369170964082E-001
   0.98228147049273840        0.53585615101517492E-001   0.30130495064396390        0.35974450124863361E-001
   0.42730622194662837        0.40112004301088681E-002   0.86515074813451087        0.36676301259307008E-001
   0.67622448878939623        0.38945557965857805E-002   0.64319985133039526        0.36820150233999510E-001
   0.53596263401653099        0.54166442373567859E-001   0.90881393161267676        0.39101558561205327E-001
   0.81279483059539537        0.54037869039594434E-001   0.65864150308885194        0.36253418486096853E-001
   0.94979836327800848        0.34758395281624028E-002   0.36580219076001483E-002   0.37274617644367604E-001
   0.62788712352485054        0.43646470925627262E-001   0.13341233511194800        0.36792852879266050E-001
   0.13663372008948418        0.38767187258397454E-002   0.99462965781428547E-001   0.35876624997242978E-001
   0.13452213981408762        0.53644629430508510E-001   0.76239743862124221        0.33498874892478769E-001
   0.71435115163525020        0.54051303506623495E-001   0.52358922760723314        0.36887230810807685E-001
   0.14234867392878042        0.52500066064284860E-001   0.22115758582729975        0.35964058147713307E-001
   0.49774026126684395        0.41743905382852662E-002   0.87170212256118662        0.33872338499115508E-001
   0.48488297504187472        0.53851646168714087E-001   0.69439370645827814        0.37509296589806472E-001
   0.78142551860794818        0.39022650227386159E-002   0.30623869856775077        0.36893710363531389E-001
   0.22503928675816018        0.33941824322159652E-002   0.62726386558145297        0.34422204743023370E-001
   0.73361281523921928        0.39593742273240492E-002   0.73542375934710746        0.37485873845074034E-001
   0.29304260759048267        0.33411746815022259E-002   0.81672840462496965        0.36391762087852289E-001
   0.17939386204301772        0.24429208057165012E-002   0.25370621667122611        0.34166994183582634E-001
   0.89702687538103798        0.53635321491720803E-001   0.26660540539763907E-001   0.38786657189188396E-001
   0.59810922091276153        0.40598222576637300E-002   0.10430044235967483E-001   0.35788257904173539E-001
   0.25857872069268079        0.52752971102445451E-001   0.51729874077752458        0.33485003922410779E-001
   0.92472913558982273        0.36151826586089614E-002   0.68146961814775336E-001   0.31767863157749369E-001
   0.12538454059291321        0.53774877866391083E-001   0.82956970155823839        0.31830139492239201E-001
   0.53891076555871009        0.16869089768861861E-002   0.15276319229429802        0.31940990297614963E-001
   0.18196721366439000        0.53158859132427766E-001   0.85887247012866508        0.31835731455524374E-001
   0.44049253099677110        0.40092727501668925E-002   0.67552495653388589        0.31841554177059937E-001
   0.21508852996837183        0.18133600294818518E-002   0.51853820783795646        0.31890708495331224E-001
   0.61451490871349945        0.54092094259291415E-001   0.39535671130290262        0.31772252290269712E-001
   0.76060824200545285        0.52291746640510672E-001   0.77983693244695629        0.31813003095088617E-001
   0.40666088750733874E-001   0.43282645796036221E-002   0.97229528735148174        0.31881462049162847E-001
   0.80033509403106540        0.26742036398801823E-002   0.75556425637706659        0.31870129680230036E-001
   0.43033184837682625        0.30896644996301829E-002   0.36095339192976184        0.31835094892323376E-001
   0.34361909339898139        0.36575741864432036E-002   0.26730844196309872        0.31844739242088395E-001
   0.33347037693054346E-001   0.28455186346000058E-002   0.57548999407728918        0.31801768858429162E-001
   0.24526891703930445        0.53130131163024445E-001   0.33798639686733917        0.31790391819106895E-001
   0.57556148287833842        0.45897069901449433E-002   0.50133369207304612        0.31970018292471369E-001
   0.10697072526084687        0.53616122271395242E-001   0.89101349089692272        0.31847020104657647E-001
   0.82478821838537297        0.38966108853740163E-002   0.98405421416807637E-001   0.31881023997216255E-001
   0.50196552752880419        0.59108448104371006E-001   0.12076962989163301        0.31862427431835719E-001
   0.27242182545793953        0.54013322463090353E-001   0.61241453230049547        0.31864999154071552E-001
   0.20082461604138610        0.54416847628464472E-001   0.79754213065472579        0.31823532273909223E-001
   0.93973707957347941        0.34343253234959434E-002   0.32006456877254374        0.31944803227337421E-001
   0.11980833950510977        0.37265587640308872E-002   0.72270111604286447        0.31878306176441697E-001
   0.25798798469411466        0.52429704598860837E-002   0.47097732092321515        0.31808953415414572E-001
   0.16570209873872005        0.53503286458413069E-001   0.92063564646434792        0.31840143193439537E-001
   0.34295827366428200        0.39422744827274838E-002   0.90395358699521489        0.31783984808274914E-001
   0.84681708332339722        0.41494223433756741E-002   0.37112086323985917E-001   0.31829811980882423E-001
   0.37283500182517626        0.44144736703914493E-002   0.78098190424903458        0.31842111711707213E-001
   0.10253858293061599        0.53937551899776282E-001   0.64294414840099401        0.31818761150714574E-001
   0.36245078268999148        0.98027490058468433E-001   0.84363744438058652        0.31862761596114057E-001
   0.79717586603193202        0.39032100857956083E-002   0.15625246175297669        0.31877002327139269E-001
   0.12220089666517121        0.31335220216300603E-002   0.28661648622837749        0.31801852955010090E-001
   0.35051019991470789        0.55081137910414663E-001   0.51101426071250000        0.31825236751831104E-001
   0.57575791097391782        0.44164542670696652E-002   0.40610918768870297        0.31871325869650198E-001
   0.50486846811241737        0.40538103655487238E-002   0.29530509081198152E-001   0.31859730168631480E-001
   0.34011588511112095        0.39146727870704506E-002   0.13509625055129384        0.31790075309636574E-001
   0.83812035430823750        0.54339475760438793E-001   0.14776586033305530        0.31928087142548141E-001
   0.87659596962962694        0.40695577692139986E-002   0.57547982407095899        0.31895737726911476E-001
   0.45306304511268541        0.42465661496869913E-002   0.80129989686263992        0.31851317704227805E-001
   0.86474359989915128        0.39979993736330805E-002   0.51279974366225656        0.31873538670089234E-001
   0.39783397058561676        0.40155215848566442E-002   0.10548662464230386        0.31835745820450956E-001
   0.67533355973767986E-001   0.53721596578158892E-001   0.79136253328370176        0.31872206940654610E-001
   0.50973330964004937        0.53612795224017767E-001   0.18387485245203669        0.31924854571924920E-001
   0.57116220345885671        0.49624238076342083E-002   0.27838847798761091        0.31904484576375847E-001
   0.48843280566235547        0.54167943095100049E-001   0.99315334338708194        0.31832029509449973E-001
   0.77126117640591707        0.54149850234215660E-001   0.98466323683910706        0.31856957173358971E-001
   0.48056013152906235        0.54073496600230003E-001   0.60835312117429215E-001   0.31920810388714700E-001
   0.99407182914040815        0.53728536167461330E-001   0.98487220112714002        0.31880843107473050E-001
   0.90070744172759148E-001   0.38844920610591111E-002   0.60470878322567689        0.31788680085894833E-001
   0.83431244187217890        0.53628840617002516E-001   0.99373493754971465        0.31811041390708478E-001
   0.54868805613117033        0.53893007802003207E-001   0.76869160701179129        0.31804830447947227E-001
   0.94578410433012938        0.44549269236793393E-002   0.78571953913782266        0.31855326368070008E-001
   0.39408636576486766        0.53487260066954923E-001   0.46366361035664488        0.31857036927977693E-001
   0.45102106249175357E-001   0.53915448583384679E-001   0.61482491729821920        0.31930693733614950E-001
   0.74687252800123660        0.38898129615650293E-002   0.20332398301981183        0.31850778276734375E-001
   0.81944620197446183        0.54035105719040001E-001   0.42739863706402997        0.31739983984249577E-001
   0.91530789017671266        0.54001931014267472E-001   0.58448198190963474        0.31856733140146219E-001
   0.57042246838984167        0.53940788863040080E-001   0.97340028273651769        0.31853434726506563E-001
   0.19477241938245321        0.32688002836484356E-002   0.96371066729438448        0.31839897987212845E-001
   0.12788271210629585E-001   0.51155516905338864E-001   0.53792362883376210        0.31929048467819868E-001
   0.39470125460885314        0.36811436272875448E-002   0.30800556201216123        0.31896985795440411E-001
   0.72720027322844782        0.38486514716335376E-002   0.26387635748438854        0.31790235678823602E-001
   0.39042423666607601        0.54073245968912755E-001   0.56166391732724952        0.31818763097874035E-001
   0.71062640288913115        0.52334182389902187E-001   0.18337776656036114        0.31853120713025956E-001
   0.29303979417846704        0.39730174909413767E-002   0.88765928834422247E-001   0.31850582131229203E-001
   0.47737108484869556        0.56433588635372990E-001   0.46623507984538720        0.31831135586751387E-001
   0.11128908154474010E-001   0.40626570531838739E-002   0.63556674704232941        0.31843433376008957E-001
   0.61826925704497748        0.43752155790453091E-002   0.45365138183501452        0.31892638057483040E-001
   0.77422291589284731        0.54031905277415505E-001   0.55773474415329594        0.31875235062802772E-001
   0.17602036389338982        0.36151838140788110E-002   0.75452847618119889        0.31925803992389118E-001
   0.43811550021641049        0.53206993964575733E-001   0.41545039480409113        0.31907656298503839E-001
   0.34621453262775242        0.52706971417779851E-001   0.42166076617683518        0.31825350513737298E-001
   0.22621746373181051        0.97438122490903306E-001   0.84008266543942001        0.31852072256583798E-001
   0.65009584131909437        0.35964255987984322E-002   0.79041979711503318        0.31828326591581781E-001
   0.80655411642183383        0.38771414248575478E-002   0.96510410181490258        0.31834346069357630E-001
   0.71927677537684553        0.53022467642699245E-001   0.91552835420971435        0.31844760333766445E-001
   0.63423322506132274        0.56552836365163081E-002   0.25581974983823930        0.31882384041444230E-001
   0.10358788280153157E-001   0.37508813279567180E-002   0.37987141407483965E-001   0.31829551432807718E-001
   0.53255065799049295        0.41990030548247964E-002   0.55376119407427460        0.31890866260273543E-001
   0.46397472616028174        0.38955233269763884E-002   0.73805346870015776        0.31883480107687573E-001
   0.48656870768317434        0.41754130096165647E-002   0.50944336720893391        0.31891952508390789E-001
   0.13072955404184755        0.58423330343376691E-001   0.58595249901501911        0.31821520286502911E-001
   0.13298111801138893        0.35335467500693485E-002   0.94344930621269119        0.31901318667680610E-001
   0.44127187957200514        0.43946639940108832E-002   0.55452555952664384        0.31911674415954903E-001
   0.37454474273761591E-001   0.37538850648501675E-002   0.73954896933767433        0.31847446553635257E-001
   0.74857548431559484        0.53901048356193630E-001   0.84361379850018359        0.31925593406482572E-001
   0.77921823999729367        0.53693347434614472E-001   0.71880884249946320        0.31793356531772225E-001
   0.57279210938712011        0.51536310354512838E-001   0.17388950405400619        0.31855091819954093E-001
   0.30479952452686626        0.99493012629498889E-001   0.51379527501772582        0.31866594286653428E-001
   0.48578914274929236        0.40631741166203125E-002   0.60057375539889291        0.31871132242832924E-001
   0.20642547036244635        0.53167053356340914E-001   0.47787434956620095        0.31813728488839454E-001
   0.86932174034494727E-001   0.31087272627794236E-002   0.33977174023075568        0.31930160173182315E-001
   0.32471105610232914        0.44862795769585418E-002   0.72972459177192839        0.31786994703804652E-001
   0.42584867495475970        0.53895113176369608E-001   0.74832576403642104        0.31822555376529206E-001
   0.13752463168375809        0.38884308111859483E-002   0.66129806323839790        0.31861285111632637E-001
   0.32676802741157557        0.54209299053130537E-001   0.68998516768677332        0.31849875057580357E-001
   0.43312704817421865        0.53786465007893559E-001   0.51408599903118701        0.31910596591315468E-001
   0.55474617246929347        0.53251372931742685E-002   0.21485317292809025        0.31790813638406586E-001
   0.66131939974364962        0.54061991047839209E-001   0.35184615309862027        0.31794790896133358E-001
   0.46077424902134162        0.39898902149098584E-002   0.95409984591076816E-001   0.31881241443399939E-001
   0.35266929237871697        0.54004383999512830E-001   0.17250672649935661        0.31773966805772200E-001
   0.62647818349143114        0.54067181616277139E-001   0.48096852661936015E-001   0.31795520269599822E-001
   0.51547277604352004        0.39724244268849887E-002   0.65707695745594119        0.31800959241335650E-001
   0.48792986777428843        0.54939785740809634E-001   0.35319908963944202        0.31826434936704985E-001
   0.97080501634683003        0.53725555673853710E-001   0.21374419316294890        0.31869315082143981E-001
   0.93628337737529899        0.52824432832314097E-001   0.11159657668490662        0.31902298886800691E-001
   0.18711069656917040        0.29856652514236109E-002   0.33401972001624575        0.31799151679794642E-001
   0.34773310855458306        0.85320301147546410E-002   0.46763482099302517        0.31798127012996905E-001
   0.76997154774191678        0.41460485739621333E-002   0.67634125759000008        0.31827161311606955E-001
   0.74494081679018567E-001   0.35362106289101858E-002   0.91515457350986495        0.31878995967988773E-001
   0.62626935579212673        0.54325329395300020E-001   0.49275273152198923        0.31856650117734857E-001
   0.98238756881469658        0.21505163257069695E-002   0.50777380694416951        0.31813322692849540E-001
   0.47223785183288086        0.54383997224324881E-001   0.83671366505126377        0.31854812075476954E-001
   0.67536709491249791        0.54521383341418844E-001   0.44750070477565268        0.31918939132329974E-001
   0.78014213733382554        0.53801455692421202E-001   0.12027526882843916        0.31934574009670182E-001
   0.17556284146718343        0.42377494583125171E-002   0.58276328668817956        0.31794212030502096E-001
   0.68428174850703005        0.17130294027864453E-002   0.21623917194703696        0.31905138211451745E-001
   0.48506007751961500        0.54095434570656686E-001   0.77190487349609815        0.31869741066836224E-001
   0.35873290820092540        0.53976020648863587E-001   0.10038852938186338        0.31810644237698318E-001
   0.59216808202125848        0.97564429464861505E-002   0.80861427247543860E-001   0.31857799955881713E-001
   0.40045223723184520        0.53567077541321687E-001   0.67930486540219115        0.31848455066767235E-001
   0.30238102485996055        0.54767108268365255E-001   0.46810585044411446        0.31938552155691274E-001
   0.94063311355714538E-001   0.52931330977474114E-001   0.39996865879318683        0.31858737013864311E-001
   0.96951836425929239        0.34751668010796453E-002   0.25477407172965177        0.31824549676938735E-001
   0.91425696270449186        0.40182650030550068E-002   0.91129957700008180        0.31888174417548938E-001
   0.16625654069096646        0.47730384812627487E-002   0.81786848130656542        0.31798106996768022E-001
   0.78563237725921165        0.53836758648641680E-001   0.19441063032755468        0.31841103710259729E-001
   0.86092464183038375        0.53506254742793059E-001   0.93244525872819817        0.31878448422743504E-001
   0.60054873282408083        0.35626515967905402E-002   0.73161900880499353        0.31825008393645070E-001
   0.34503292948042402        0.31705771808960915E-002   0.37075118090706993        0.31895227556032676E-001
   0.17818629878135422        0.53744168183985135E-001   0.79985026737020626E-001   0.31853893673418697E-001
   0.83195236647097581        0.37184831538013699E-002   0.90490206559385522        0.31814208132171728E-001
   0.19366188244416507        0.52865517217797746E-001   0.29506021881691324        0.31828073407306881E-001
   0.91669886476404860        0.53574235775032356E-001   0.42480049397960934        0.31827406444395488E-001
   0.47521782600947254        0.40439723246947180E-002   0.15755730240277777        0.31870531698057453E-001
   0.68702595080226780        0.54166190960168073E-001   0.59680812060707933        0.31944621926400706E-001
   0.97789916468864246        0.32561834245259584E-002   0.93937407729740041        0.31876818484277016E-001
   0.32962797373208175        0.39599995951712661E-002   0.20497365234374901        0.31923581565562319E-001
   0.61189641989142329        0.39151711227081521E-002   0.66892418535135711        0.31862475300033416E-001
   0.26814210802115584        0.38308553247907336E-002   0.22339715258737422        0.31849850405554450E-001
   0.55446212194575711E-001   0.53080923550442111E-001   0.45594593375106113        0.31830579055007600E-001
   0.29188286737684360        0.53628267250141484E-001   0.19149702670625235        0.31848236595517922E-001
   0.30122293129673888        0.53910957235723145E-001   0.12807134939798862        0.31920454859846861E-001
   0.52748693837252736        0.85913674517279735E-002   0.89508640289648708E-001   0.31878809572502623E-001
   0.10697070457875826        0.37274690308901578E-002   0.79442918168715693        0.31870998906856074E-001
   0.21193722895409978        0.53728570166014337E-001   0.22345347496201800E-002   0.31904439150344181E-001
   0.22664151731981744        0.53366275204951297E-001   0.94003590343464205        0.31861204510594487E-001
   0.16019867481906043E-001   0.31656326450522619E-002   0.45358398527228949        0.31812194963762468E-001
   0.52137668684564753        0.54119808476535095E-001   0.61790377440769295        0.31814562759975393E-001
   0.64867289098774461        0.51519586639302783E-001   0.19850280938473985        0.31819155779810905E-001
   0.76201944882215578        0.39557150433153498E-002   0.84691109597210740E-001   0.31870621039598354E-001
   0.81327601789011827        0.39742805683142908E-002   0.55118701482365795        0.31839869807006690E-001
   0.38520801196177075E-001   0.53688066444501172E-001   0.84925274142143714        0.31808372344918172E-001
   0.39654068877261089        0.38788229729788530E-002   0.72170962010725037        0.31879885418900904E-001
   0.24434717516706764        0.28696769159180170E-002   0.37851454206684809        0.31904797667971135E-001
   0.30884682091349519        0.54060041786634566E-001   0.55934189852310001        0.31947684799931320E-001
   0.69474675566598931        0.15257716114873633E-002   0.87515944801624546        0.31813151783382829E-001
   0.63032111803840318        0.53998868302622752E-001   0.70396785788266791        0.31827600517806115E-001
   0.91195704245478881        0.41198624285351980E-002   0.22441018237112564        0.31908327328115153E-001
   0.71608124519365979        0.38470703032306361E-002   0.44452845894369136        0.31852598319334166E-001
   0.95913088622908338        0.38257313313447127E-002   0.16750736200860689        0.31917908139179420E-001
   0.46053731577055868        0.53736095857062738E-001   0.26407282105658630        0.31849496910677413E-001
   0.76139281099426059        0.48449513439370005E-002   0.51424089518365235        0.31790788549077707E-001
   0.33838378262680296        0.53090180714960501E-001   0.80541218896672651        0.31827994961120341E-001
   0.36164567272285159        0.29556572280879886E-002   0.66843473522326258        0.31810737513066630E-001
   0.82709545879249280        0.53873020325775935E-001   0.29356678065279629        0.31860152834508465E-001
   0.43285190082897046        0.53289231631754377E-001   0.32141186498260566        0.31778741970340876E-001
   0.43775865761374577        0.63576746600797294E-002   0.46835041498612368        0.31817302403599791E-001
   0.42803730761287034        0.54272581973490976E-001   0.97234170298782396        0.31831075863551127E-001
   0.31438588180487594E-001   0.53648882308032608E-001   0.91187526069848757E-001   0.31900177391008866E-001
   0.99433102702647735        0.29875812778254488E-002   0.35549323163813434        0.31830464971370549E-001
   0.61778593918286195        0.53623879630147378E-001   0.76739109635602210        0.31907855881409361E-001
   0.85852588421275611        0.54121836061982578E-001   0.73031576227155370        0.31800589312164701E-001
   0.92719123639497258        0.54191778048900664E-001   0.26163717668563008        0.31896561985131924E-001
   0.90541504970815845        0.29448938570543009E-002   0.37620426391077971        0.31854483065202541E-001
   0.63696934762465319E-002   0.53755288001384620E-001   0.76388360656637910        0.31849838518505723E-001
   0.14544268410057851        0.37912716772315644E-002   0.87956939176418814        0.31852203422504458E-001
   0.39219464504279439        0.38023261124044364E-002   0.51307115673396897        0.31849278441013047E-001
   0.60112092113626925        0.53774928471554823E-001   0.83682068364149365        0.31834152374168284E-001
   0.86552504051293444        0.42808086465623311E-002   0.42905495737670674        0.31866440496267558E-001
   0.26528865303153296E-001   0.53773548415119526E-001   0.24975312018853177        0.31906437554450127E-001
   0.10846008109072053        0.48980486268802630E-001   0.49357282656537044        0.31819293490718589E-001
   0.24251784614885941        0.46314968116976989E-001   0.87832598310541210        0.31920893696860388E-001
   0.82528576341442006        0.54007674003477717E-001   0.51354317695935792        0.31801150675492891E-001
   0.21686282825487516        0.55618279741365531E-001   0.58128008786544139        0.31802267790219246E-001
   0.25913632509764600        0.41042740297804444E-002   0.71613389562213969        0.31867492656036153E-001
   0.27422615017875207        0.53517293159323853E-001   0.98781061987953145        0.31896592553622448E-001
   0.44614892237174297        0.53683060406261841E-001   0.20199945221096222        0.31834084233851249E-001
   0.92312039019357015E-001   0.53927121705718596E-001   0.11109237937876730        0.31839677284783770E-001
   0.79742342702673263        0.53809264810064900E-001   0.92653884706924594        0.31883523778720793E-001
   0.12043652466256957        0.72373285719972954E-002   0.54626382787210370        0.31840418193918668E-001
   0.72279706439630009        0.39092138256459890E-002   0.36514426225370022        0.31810839873907315E-001
   0.84876581909832127        0.37449254394745220E-002   0.34519421494966707        0.31852878448240647E-001
   0.30545115600541234        0.37808022017765067E-002   0.32062211953949948        0.31879002640187858E-001
   0.45875807219268977        0.42442167121471844E-002   0.94725949567326950        0.31897204244050160E-001
   0.15112798702258368        0.54297407441846302E-001   0.98283948256646192        0.31902991349923811E-001
   0.72301054221439631        0.54161734924440201E-001   0.40485139771766926        0.31838091921483291E-001
   0.51669860615035645        0.42211991457073014E-002   0.79646138263576571        0.31815944912820443E-001
   0.53600185460587368        0.54127108643647684E-001   0.83117512193755838        0.31896490222311384E-001
   0.15301518711558623        0.49702925005398975E-001   0.43751128779279741        0.31852565265745071E-001
   0.65275532720653662        0.93930254575884525E-001   0.93018425826806611E-001   0.31826123096440034E-001
   0.61115838349993312        0.12656346241021101E-002   0.18503452510617693        0.31881843325016743E-001
   0.66439232749203647        0.33061469704572795E-002   0.72717873046968418        0.31941508274471529E-001
   0.85384810634160857        0.41717971496072820E-002   0.63504711891270282        0.31852548454772242E-001
   0.21757271229011674        0.58527785418116353E-001   0.73576962738856866        0.31823838879401933E-001
   0.83266847827915158        0.40443304813949045E-002   0.70044216783015856        0.31864884341303225E-001
   0.42309476819049274        0.37320675855752002E-002   0.25081047827157271        0.31864651783979771E-001
   0.11524491392830137        0.36622790046357632E-002   0.17246999569852989        0.31871995010229505E-001
   0.63091429078686345        0.55206550394183790E-001   0.29583297765473610        0.31840115063597942E-001
   0.15196634626155547        0.53932700024584647E-001   0.69907077847584165        0.31878176199478803E-001
   0.34863015973779676        0.39431107408634319E-002   0.56017023872974059        0.31831399155654493E-001
   0.91891704024182708        0.42212867339330171E-002   0.62482951431448641        0.31925462040529332E-001
   0.93129504753238013        0.44825203110636560E-002   0.84772220241534479        0.31762106859688784E-001
   0.73501940952193667        0.93852768572144141E-001   0.14159846911377974        0.31762891034847807E-001
   0.70784536559471178        0.54213177747518826E-001   0.97878794319285756        0.31820177755078206E-001
   0.50352656613793824E-002   0.53152375797741638E-001   0.40338120528752369        0.31797093736343887E-001
   0.20710996835584947        0.37441112508499910E-002   0.10681105602337115        0.31820357791686037E-001
   0.74159307836659000E-001   0.49573058604252915E-001   0.55812726596478734        0.31824253238884756E-001
   0.74176181195706292        0.41741233113571754E-002   0.95811554445747649        0.31955257766546862E-001
   0.78195229849629969E-001   0.36737799789791042E-002   0.85135790764695762        0.31866434643802483E-001
   0.76642527786221504        0.53927897908037863E-001   0.26114932484482634        0.31754818030650833E-001
   0.63239839416177601        0.39144360812637590E-002   0.86192315000933395        0.31870562165754998E-001
   0.73584231886920939E-001   0.39944323322289510E-002   0.24449992884929098        0.31869785828711458E-001
   0.36237935068776944        0.54432919484745594E-001   0.74291643301078103        0.31845618540408689E-001
   0.21401819845305012        0.53796264564027196E-001   0.14569985261249438        0.31848180874190390E-001
   0.20579023305486566        0.98813898331568173E-001   0.90051092556160495        0.31793081143092636E-001
   0.56494578360038228        0.60738422432580985E-001   0.11119781168570207        0.31783948988650550E-001
   0.86668881474379411        0.53004973261239388E-001   0.38473512699762269        0.31867456562808830E-001
   0.67150363725731199        0.93389871373843136E-001   0.15403899707545954        0.31909342625025476E-001
   0.77906083801331161        0.40951770420142473E-002   0.23364409858285463E-001   0.31778500062156469E-001
   0.81294672799776702        0.54516158442705610E-001   0.86219278082821560        0.31894576147899374E-001
   0.86434335096414361        0.53749386534954403E-001   0.89499141843108254E-001   0.31928836084949827E-001
   0.68556148215701351        0.55493198096021282E-001   0.26235708422976883        0.31803316456381875E-001
   0.52641554766365051        0.47207597024211852E-002   0.36559178027401817        0.31896187717097409E-001
   0.86510336889488992        0.37922827600970969E-002   0.28242392910296432        0.31836659341202771E-001
   0.85437251889705557        0.43948125131410684E-002   0.18455231395732216        0.31863332874903214E-001
   0.47631582087985197        0.31576332652243364E-002   0.40504100300409313        0.31828286388591240E-001
   0.86421479177647231        0.40748882108236515E-002   0.76931011253784798        0.31823698442234455E-001
   0.87328315214041963        0.54470271349353686E-001   0.47168634753514271        0.31798386085919193E-001
   0.52649020430313098        0.54632563460068354E-001   0.40544036013966811        0.31865262364675365E-001
