 3 HS poly
 400 2
 161 239
    1.0000000000000000         0.0000000000000000         0.0000000000000000         0.0000000000000000        0.10000000000000001         0.0000000000000000         0.0000000000000000         0.0000000000000000         1.0000000000000000     
 T T T
   0.75283537043182092        0.68273153428424063E-001   0.41170463173897259        0.36758675807991498E-001
   0.56154947791579235        0.18953770422980871E-001   0.97362769752780742        0.35057946515710946E-001
   0.76719273096370832        0.68343850886801297E-001   0.21498507813959264        0.33625876984564644E-001
   0.12630051728460115        0.18934235934258255E-001   0.57620146430362484        0.35762336356122797E-001
   0.72413577742075641        0.18573890479637849E-001   0.56822206360901162        0.37543565498678953E-001
   0.10109726806212174        0.68433906587654941E-001   0.40121971313154053        0.37093531540195970E-001
   0.20770305093420821        0.20797781611127438E-001   0.83832731164776353        0.36297354108460904E-001
   0.48925411702427607        0.18723309358103332E-001   0.17250981099136167        0.33693418022537669E-001
   0.10420209990975196        0.68750970647431894E-001   0.48178498004879819E-001   0.36828864284780230E-001
   0.15419301720707609        0.20867010272611543E-001   0.78738626371002796        0.37432184174454548E-001
   0.47122833260325087        0.68780284742260930E-001   0.12548689665353757        0.37170648655431258E-001
   0.61019664234331306        0.61089748128818039E-001   0.25807739385851702        0.35683855416509605E-001
   0.13024210182980078        0.18925108926345996E-001   0.28922218375275743        0.35079764425221219E-001
   0.55309720774800353        0.18984797307190708E-001   0.55515400356935396        0.33321142761138442E-001
   0.95440359976089228        0.69193517573044552E-001   0.46481637938353271        0.37718401365644520E-001
   0.68704798456762117        0.18851495028743628E-001   0.88838615150523759        0.35886146407636925E-001
   0.83861294065080816        0.68639492307933245E-001   0.85196447508781303        0.35444155910265146E-001
   0.15147725725470659        0.18991722756305607E-001   0.38049932676964709        0.34101785038703800E-001
   0.90299685299288990        0.19153974901440780E-001   0.43475940829552634        0.37945223563986066E-001
   0.34919108606875732        0.68579462376449518E-001   0.56030940951102642E-001   0.38160731035205668E-001
   0.75303194029717313        0.18680556457742269E-001   0.97621532770809261E-001   0.35133287685809332E-001
   0.59579133593936029        0.18605388978893921E-001   0.86576418438104286        0.38451655410578454E-001
   0.49955518962363854E-002   0.17957989575410865E-001   0.37115445458099089        0.34641503762175584E-001
   0.76344738812827509E-001   0.18665678835248778E-001   0.24312871787793694        0.35771572023581180E-001
   0.76280045498018834        0.18269655128512533E-001   0.36139003916593260        0.34828266742674779E-001
   0.21872761976665106        0.18455823927052955E-001   0.90958961774661007        0.35238102413326228E-001
   0.73367897118520842        0.68605350307987353E-001   0.51663151757783210        0.34850811636966898E-001
   0.27742187395436529        0.18332511422555136E-001   0.95205813869496314        0.37196431308797268E-001
   0.53463147922525223        0.68762794571910535E-001   0.15975207126749791        0.34865963014500435E-001
   0.57267993110547355        0.68763706643831038E-001   0.92723360435434207E-001   0.37603244414352886E-001
   0.80772605297584488        0.18584959636561132E-001   0.49863368588554169E-001   0.37428535042606063E-001
   0.10256392721131437E-001   0.68503926375842933E-001   0.15522780456424529        0.35081970930557815E-001
   0.16572023041387943        0.68267277386937442E-001   0.17365415058017594        0.34780417118829988E-001
   0.37967821700983734        0.68666227030707072E-001   0.14118807525989657        0.38732558609701033E-001
   0.66958388623161247        0.68597057832814903E-001   0.77353869855354296        0.36692085663957985E-001
   0.81252895538518877        0.68096320121886364E-001   0.27185786985749327        0.39093642094805779E-001
   0.56643361178475737E-001   0.18865552391154700E-001   0.65042541195206593        0.36730893492575058E-001
   0.82238989911547378        0.18235534587358177E-001   0.32584589148148202        0.34555292366413227E-001
   0.83494677386558780        0.18342910572698969E-001   0.48012840675467838        0.34717391693254961E-001
   0.10396327359422028        0.27795889137173343E-001   0.84092661142754266        0.36278534980578966E-001
   0.79538873325270695E-001   0.68660728998407514E-001   0.19322750160183308        0.34934756670072703E-001
   0.97504975174119191        0.18533302904577650E-001   0.26137339011486843        0.36524200851689365E-001
   0.69740108896218811        0.18187852396157507E-001   0.39938110030087054        0.38757663188951547E-001
   0.86606603173556873        0.68029825792504703E-001   0.63173551232427716        0.36610821700659268E-001
   0.55728355431623622        0.18735099515805452E-001   0.22151574453914846        0.36829759897889440E-001
   0.29447440148649102E-001   0.18897629849003537E-001   0.71577494810141273        0.34020145885208339E-001
   0.33771859826070327        0.18677476014113511E-001   0.99849444851320912        0.38854332807445352E-001
   0.91543994729122680        0.18694074135722463E-001   0.60420731322979859        0.38407037268481367E-001
   0.35748742981089446E-001   0.18360534232509006E-001   0.30503039445365643        0.38242400889872678E-001
   0.59599255100131893E-001   0.18688684339164267E-001   0.14792218471076335        0.35368020605097125E-001
   0.21212408491965234        0.69111132469617503E-001   0.72434498519077994        0.36116853204017745E-001
   0.57946555364774832        0.18685857900115076E-001   0.41079975804018815E-001   0.34529718564164744E-001
   0.34218200698256190        0.68995241910245239E-001   0.58413412218764926        0.37991378816220632E-001
   0.51024999315033981        0.68686548142688847E-001   0.44720342089743709        0.39047897147522423E-001
   0.26013764140667861        0.19111154366478374E-001   0.70346605844743504        0.36122406328659845E-001
   0.10415851359007955        0.68917480405035383E-001   0.48304710302862952        0.36831570823704175E-001
   0.29595504396661892        0.18604840002919003E-001   0.59310482145596678E-001   0.34899212220416018E-001
   0.29046817875456502E-001   0.69197102539165903E-001   0.47969642634416909        0.38339501687805609E-001
   0.26731097761984890        0.18596202531881642E-001   0.12200493585579303        0.34010328641794443E-001
   0.70831834986158326        0.68950773607660318E-001   0.83802941168630607        0.38017566628120031E-001
   0.42347296792551187        0.68772429554023337E-001   0.92669750422260455        0.33727745545549394E-001
   0.98018007371230242        0.18552243874214305E-001   0.92570096334787444        0.35209909673900253E-001
   0.47239567240998426        0.18757726387607181E-001   0.91795109882941295        0.36719087537389623E-001
   0.44585723958703033        0.68639058609394607E-001   0.86130803002520939        0.35333834314909045E-001
   0.66003719724887255        0.68708412205641820E-001   0.93459739578873280        0.35178581230393552E-001
   0.25974337580415136        0.68830087287090100E-001   0.38269157674593884        0.36212165623735942E-001
   0.35919257375727098        0.68804530147535584E-001   0.49171656025021793        0.35326120856861827E-001
   0.31235876359020981        0.68709818731145039E-001   0.32617087014247820        0.35323723821902742E-001
   0.41039800056031089        0.18570747487662846E-001   0.18425426306533635        0.33979939210134674E-001
   0.61761522527268042        0.18486790989947887E-001   0.75824801004348241        0.36871668707902344E-001
   0.17340874271575987        0.68819824028720902E-001   0.43488946688641705        0.36801048568103165E-001
   0.63895021494974280        0.68194419661911088E-001   0.39655049004092530        0.38103573856207495E-001
   0.17206639557552049E-001   0.18795258786790822E-001   0.20371858332193291        0.34565112256750387E-001
   0.25896326109871158E-001   0.68349432163595680E-001   0.25202414034683324        0.34928671171806681E-001
   0.71301008016512635        0.68658566754120465E-001   0.16916778913158759        0.37321937569356277E-001
   0.87238849552020237        0.68318950219217731E-001   0.31881513205131157        0.36277563561559784E-001
   0.22774733057339003        0.18795929351156412E-001   0.27122311295918999        0.35537159108430326E-001
   0.71714287442386471        0.68762958058334156E-001   0.26296616269527967        0.35683209411799706E-001
   0.52248709993749490E-001   0.18652402727706012E-001   0.50947708618438725E-001   0.35250795884820149E-001
   0.97066727567017919        0.68617446791470180E-001   0.87731765129313977        0.34919961740667853E-001
   0.91401019516563087        0.18558995583918433E-001   0.90285260851655269        0.34533876903263629E-001
   0.55396369575581283        0.68805295101516895E-001   0.50761626705819451        0.35468535013827400E-001
   0.10208115014911506        0.68901992750237964E-001   0.62223726909901089        0.36327909066641954E-001
   0.87606123095581678        0.18647814542688945E-001   0.81696645378109500        0.36151138245275223E-001
   0.87380264822555551E-001   0.68759594317025816E-001   0.69241110281068086        0.35260073492841021E-001
   0.54586157877418211E-001   0.68681822151036936E-001   0.99566678204180054E-001   0.34353202998566201E-001
   0.85537953793975852        0.68696585189089596E-001   0.76847320297611643        0.36450020856903714E-001
   0.82373028581147956        0.18172002073182418E-001   0.59708459336400976        0.37174693619777079E-001
   0.22726439530286879        0.68360470554522684E-001   0.97518313893421371        0.37281366112163081E-001
   0.27089261396451120        0.69834964375952185E-001   0.18010523475549692        0.35791817462266930E-001
   0.25013072527590346        0.68817954285936747E-001   0.57218985720617832        0.37569689150919176E-001
   0.31342309343632707        0.18894698308957514E-001   0.62806955702145306        0.34296149902250224E-001
   0.27775976171419942        0.69601044678924320E-001   0.75314705361973400        0.35338896231560467E-001
   0.63043609173207449        0.17906362571112396E-001   0.66405254728036567        0.34488376225986224E-001
   0.50413440877190729        0.68673928482963040E-001   0.79284373785288109        0.36325700119264309E-001
   0.32930297319204621        0.18660077249253618E-001   0.17559222329568741        0.40124161058334926E-001
   0.24761497698646825        0.18955548889762634E-001   0.51968557017634831        0.34798388064260458E-001
   0.46280398653423299        0.18880745658766712E-001   0.62694027832942326E-001   0.35658226453689289E-001
   0.45569544100520326        0.18684142473063086E-001   0.43857532924850084        0.35419037613088095E-001
   0.68184988653124712        0.18374410298302613E-001   0.71792268503618883        0.38909164240155746E-001
   0.29083397942737821        0.19689463003938298E-001   0.80153630853478053        0.33528344108118516E-001
   0.15834363462076881        0.18904225536802405E-001   0.40292707338906969E-001   0.37022400371491022E-001
   0.77655197944687104        0.68101726157456063E-001   0.57359249109088295        0.34661207139523066E-001
   0.36906177487826680        0.18709095394893564E-001   0.24318659960488884        0.37971878518963977E-001
   0.88471796440515071        0.68254249285322796E-001   0.49060052951357686        0.36525422476773803E-001
   0.73910688879504594        0.18310156155128262E-001   0.78675720145227135        0.38418547102794354E-001
   0.45720299424973088        0.18763222322317578E-001   0.76364848355891735        0.38120862791277722E-001
   0.30997732424815805        0.68719321359251781E-001   0.68017757410513735        0.37809024197062786E-001
   0.18755532126175981        0.68502056028382510E-001   0.62097982041274036        0.36327562722717137E-001
   0.40547938590427085        0.68737105986204861E-001   0.43822539836114360        0.35390764014751767E-001
   0.55570158367415168        0.18706629008174155E-001   0.79581068522510834        0.35506536331250435E-001
   0.65639906821205252        0.18616500642844105E-001   0.82360992285329249        0.35237571681478050E-001
   0.98927645388353713        0.68418420312948994E-001   0.80725332931904281        0.37215617542760177E-001
   0.95172425277818473        0.18847093261239893E-001   0.76318793628386783        0.37339951521395687E-001
   0.64200712816096184        0.68661097391371523E-001   0.13828039128406960        0.40020787274873695E-001
   0.49337626041832633        0.18712497871511229E-001   0.84358553728144436        0.35669963840446503E-001
   0.64167994804640793        0.68257130237745448E-001   0.61209951476371216        0.37246103265180144E-001
   0.78154271595650060        0.18510924769584564E-001   0.52441337320862780        0.34597482296766187E-001
   0.96338060161508854        0.68095854104833223E-001   0.39360849599102998        0.34030464526425781E-001
   0.64454388091821602        0.18635986581286481E-001   0.45307106628109478        0.36483665864220124E-001
   0.81802637418630120        0.18545428539149363E-001   0.21195469413975254        0.37427111685007904E-001
   0.59890923304451082        0.61160876548562039E-001   0.33166548808532742        0.38414099866103293E-001
   0.39546133512364384        0.18852042819587345E-001   0.59217919526827312        0.34918000431805207E-001
   0.62948927160767265        0.68729796193193290E-001   0.42570886954817269E-001   0.36111196075931808E-001
   0.70522641160987287        0.18765339953118795E-001   0.95895416068062977        0.36407763037953511E-001
   0.94494917634747355        0.18564030546337464E-001   0.83543192556675161        0.35120830468857431E-001
   0.52180542250344208        0.18831427482951621E-001   0.11031933291335042        0.35456799094354695E-001
   0.16875766007514639        0.18227074634703876E-001   0.22687615245654991        0.38200242427815216E-001
   0.44092817210101998E-001   0.18731985663394110E-001   0.79838057942347829        0.37298094151751497E-001
   0.84332918486048647        0.68227035738820149E-001   0.43167065874988075        0.35328760125940967E-001
   0.99267110010573889        0.18473883910907839E-001   0.12492789977251551E-001   0.35287063119907904E-001
   0.10861949457685320        0.72349041530643310E-001   0.89468371452549544        0.33546361788857726E-001
   0.42506754861077183E-001   0.18570765699551833E-001   0.96033187398335196        0.36057525902360138E-001
   0.78782679604504924        0.68386507460385187E-001   0.47366361200617479        0.34243429597669212E-001
   0.13529196272815450        0.68893452972001348E-001   0.33686073990289550        0.34069604918390797E-001
   0.17014992211055335        0.68321663472971750E-001   0.92817091465099200        0.36499748929980494E-001
   0.26457501533141774E-002   0.18535848392222536E-001   0.10338622572566762        0.36923789533266207E-001
   0.32643447384794760        0.18746303774502038E-001   0.73242706784573752        0.36184605409725526E-001
   0.99891057447149312        0.68729868542867320E-001   0.67213680466578363        0.33257959667963591E-001
   0.39792583745765819        0.68678993582748246E-001   0.99542937997462633        0.39459747646138951E-001
   0.21960644070001584        0.20149391714855618E-001   0.17305088220218498        0.35852562965080673E-001
   0.41024909999908366        0.18839535722511947E-001   0.49411923258415585        0.36134854213997293E-001
   0.93676190320862229        0.18456682887074430E-001   0.68516998584453079E-001   0.37355448909840515E-001
   0.49528795631118938        0.68816272604886861E-001   0.63752875193076219        0.35385270186720205E-001
   0.95626644450109144        0.18237670880382778E-001   0.16283587066344396        0.38429570477279809E-001
   0.68345104668362977        0.18725475456504218E-001   0.49084733358922397E-001   0.37713833468730529E-001
   0.82779682034746560        0.18518658382143439E-001   0.90120242118188854        0.35462520196254677E-001
   0.50106697400557598        0.18774100183949191E-001   0.50419909342148972        0.37144462573268949E-001
   0.58423773132371182        0.18738948323583502E-001   0.14668207105807743        0.36751546675989941E-001
   0.55239585367419508        0.68038045281323192E-001   0.38726218699122716        0.34165332420741726E-001
   0.73730227242824264        0.18246943142570311E-001   0.46432274421815289        0.37331099436335738E-001
   0.15517582070742642        0.18907395616827107E-001   0.50750111114404550        0.38653490778463563E-001
   0.96863282283049634        0.67972260620574085E-001   0.21254225111810393        0.32818160370340903E-001
   0.31462319961918062        0.18690977213776338E-001   0.37962073158896514        0.37864592202237229E-001
   0.91191867874880261        0.18605005517753934E-001   0.22383779036374427        0.36877062959449890E-001
   0.61475693615759518E-001   0.16956739066181278E-001   0.43595864056711225        0.33404943152159750E-001
   0.55258235713972127E-001   0.18842198633780994E-001   0.57883689745035583        0.34850036917076672E-001
   0.50852544830471147        0.66036762984732558E-001   0.95767165865006376        0.34225606348389261E-001
   0.40628850492592283        0.18750108932899787E-001   0.38645860527446568        0.36387071646643399E-001
   0.31656140846032937        0.68702970737291522E-001   0.43421220259680393        0.36160779439573298E-001
   0.46519134747671098        0.18586600527166024E-001   0.23938667290211388        0.37180595742372799E-001
   0.83037533164791466        0.68451778852973419E-001   0.93008069954402903E-001   0.32012324585099776E-001
   0.53854062051091167        0.78578285214628174E-001   0.69297840525338927        0.31856634339708971E-001
   0.63893957604171836        0.18730655181534495E-001   0.56228257369651879        0.31916343459915460E-001
   0.86464089496797170        0.68582182967430530E-001   0.22363308214011515        0.31892796759114724E-001
   0.78227796166188224        0.68022237056439755E-001   0.88874049593947613        0.31834970727752099E-001
   0.99530212259477080        0.19296204555996711E-001   0.43858037401528799        0.31840244353306298E-001
   0.61515143868624766        0.18608755434468684E-001   0.93344130030370520        0.31915606206360740E-001
   0.89326347528427252        0.68605343331887142E-001   0.98650319359224170        0.31945600600155992E-001
   0.53280862924301592E-001   0.68405779735148622E-001   0.35107394501241024        0.31854515443821389E-001
   0.76079646785225552        0.18411405465682575E-001   0.71394316175875328        0.31909837771392321E-001
   0.50814948528918480        0.68673264893118938E-001   0.88689265315949428        0.31984169691598507E-001
   0.29779407998033364        0.18939751001868756E-001   0.56374459390553788        0.31848792544829231E-001
   0.88964289294229879E-001   0.68951531388678863E-001   0.55006768522535332        0.31877687761704403E-001
   0.62551621967795201        0.18668889149038869E-001   0.89040352333889738E-001   0.31938508297356845E-001
   0.49818396118532426        0.18343327518101662E-001   0.59197562609241006        0.31886255034379890E-001
   0.71358922196780517        0.18512161179098079E-001   0.21727677291819195        0.31869578039124338E-001
   0.89743826125844273        0.18630919248477318E-001   0.67215413669152491        0.31875861200233217E-001
   0.92784588222289244E-001   0.18723622806467204E-001   0.73877435418934800        0.31936459271709801E-001
   0.53643970764405391        0.61043822500980886E-001   0.27946775511843797        0.31926174770507958E-001
   0.96010950937356943        0.19264148160157212E-001   0.69315626644433292        0.31900679517843908E-001
   0.78721259425392276        0.67640736022434061E-001   0.76203422838333879        0.31961449720679477E-001
   0.44360675217459422        0.69273164556766076E-001   0.59262247010616143        0.32002782978962495E-001
   0.32558578035575386        0.18636549754070076E-001   0.90220443223763147        0.31938304285994167E-001
   0.63635659147710610        0.19970110224406319E-001   0.19169301671638234        0.31874956111161840E-001
   0.80788744034506133        0.68128228603720697E-001   0.37050748422646607        0.31916552631200967E-001
   0.75774171019520997        0.68201082843207153E-001   0.31724755366074925        0.31978949916130664E-001
   0.88831918466101134        0.18688445708159942E-001   0.73529937723887429        0.31898130850744187E-001
   0.32164364862375572        0.68333908564116960E-001   0.22725890359501977        0.31911698153589289E-001
   0.81472258885096183        0.68732150718607693E-001   0.94457182298556763        0.31832812023607937E-001
   0.60683466158499488        0.69098960984669555E-001   0.97644498612199160        0.31954281954011961E-001
   0.24056341134659964        0.18580260735579175E-001   0.21601259314361698E-001   0.31938546325179604E-001
   0.45824955423647744E-002   0.68528143029254515E-001   0.55929316137580891E-001   0.31948394329641167E-001
   0.89231986170412458        0.68369635820598296E-001   0.11490287493015348        0.31941706549667513E-001
   0.41998580631978188        0.12341999611736709E-001   0.29474610287426972        0.31923555406876969E-001
   0.54026884246210349        0.18682397876663061E-001   0.64244820262347113        0.31934900497054136E-001
   0.83279599916959035        0.17024135602165074E-001   0.66958146901423765        0.31869489418432768E-001
   0.20499298724528719        0.68939585322928404E-001   0.50437145813189377        0.31969471459929177E-001
   0.25612097180028859        0.68375307745832767E-001   0.82816357310245203        0.31838987821683817E-001
   0.71454881896861522        0.18355162766302665E-001   0.31147847961788155        0.31887274095323589E-001
   0.12122701904049936        0.18307254358953206E-001   0.17505290051903041        0.31933940988840392E-001
   0.90836716427574049        0.68557515709168182E-001   0.17670055269568150        0.31895577922096303E-001
   0.36526381818809511        0.68255416170153876E-001   0.89545181544613306        0.31942372258750844E-001
   0.15375924887691023        0.68867132106569195E-001   0.68033391006010646        0.31963169700774154E-001
   0.35556275024280148        0.18735527150526163E-001   0.53665393525509630        0.31913827368536554E-001
   0.21082773172817237        0.18554282315883009E-001   0.46402610332624528        0.31839337081403712E-001
   0.31042927152827032        0.18994499084482384E-001   0.48584206555129344        0.31914565413562329E-001
   0.33274145688131662        0.69041189678354584E-001   0.79199591014591153        0.31911801819287794E-001
   0.32693258490743182        0.68906635318976325E-001   0.94749462351049740        0.31953707870096847E-001
   0.42117030773814013        0.18652923998546917E-001   0.82372329179765469        0.31877755187749074E-001
   0.88853641941193356E-001   0.68725618945536998E-001   0.95744824902108616        0.31962956742955531E-001
   0.55276962534725727        0.68698059998434743E-001   0.84099621388575085        0.31918558494928348E-001
   0.21438712020958029E-001   0.68648273898694823E-001   0.54970568134903508        0.31960062409078650E-001
   0.11163253508653802        0.68734523316174606E-001   0.13425724417106724        0.31940376409079159E-001
   0.50120912986029731        0.11071751847740709E-001   0.29792935742521393        0.31933160449253387E-001
   0.54909758625243288        0.68989281219170639E-001   0.59700503553388473        0.31908585756767069E-001
   0.64523384243403514        0.68604054535552669E-001   0.86816682622792374        0.31858263854261840E-001
   0.86904826261275381        0.68363212915386176E-001   0.70024343673852918        0.31863956444078051E-001
   0.75817557381094547        0.18415260369054068E-001   0.63897551297220057        0.31871065140977713E-001
   0.16636949820920710        0.19097311339867751E-001   0.71843899773787756        0.31899696134155449E-001
   0.21276820947307906        0.70549783537387181E-001   0.12636634552528769        0.31956841308388655E-001
   0.60127881796949911        0.17256574524561943E-001   0.50999348201581751        0.31869523070427140E-001
   0.64364901592273405        0.19107388939192088E-001   0.99136576924717179        0.31844590666151862E-001
   0.99093119337880919        0.18654960191887223E-001   0.63051018280591642        0.31905967286277245E-001
   0.15652725164324610        0.18339663329718908E-001   0.88342904465178096        0.31932240455855875E-001
   0.13383206122609775        0.68993037832637924E-001   0.74110377517223580        0.31827429481472033E-001
   0.18711652900260223        0.16099483857917155E-001   0.32502879015836189        0.31882487723821670E-001
   0.79893620542963073        0.18766343575800433E-001   0.98090067045045426        0.31890828547146401E-001
   0.37158623402813684        0.68805331788901289E-001   0.29231054036818716        0.31904024244652086E-001
   0.92315368948900878        0.18314958887825732E-001   0.51754268246507340        0.31881639365849423E-001
   0.42007209110969540        0.68662338531321226E-001   0.78760701174314787E-001   0.31886410661931791E-001
   0.54237111142613897E-001   0.68883838647139414E-001   0.75116707551356054        0.31989975429570792E-001
   0.20169231528240278        0.18637421659943566E-001   0.57602946690048562        0.31910091903002612E-001
   0.61150516942138211        0.68933463867581077E-001   0.81399979735800565        0.31870956488673365E-001
   0.49671077351899864E-001   0.68751452426123613E-001   0.84738861879944205        0.31877195499902776E-001
   0.46087042905966502        0.67615887828809604E-001   0.39246646138391184        0.31878170429453782E-001
   0.17915236996379372        0.18468294738668577E-001   0.97445947730081572        0.31975785155541989E-001
   0.44839683557582521        0.19119762717596703E-001   0.63332794765659650        0.31967257216504841E-001
   0.64365940314911857E-001   0.22421367916777249E-001   0.89613213858494944        0.31834250100862813E-001
   0.76084960676068258        0.18646572611848818E-001   0.17218491170606268        0.31933207348258982E-001
   0.12404195202614750        0.18770574061718878E-001   0.93861387679574937        0.31971043386760226E-001
   0.21416106993793863        0.20456834330296166E-001   0.82826305459684793E-001   0.31897573646910718E-001
   0.50807810294229183        0.68821338499559889E-001   0.67145037531176455E-001   0.31800627469113267E-001
   0.36514542323601057        0.18789991627667334E-001   0.33146616927221256        0.31855751093492167E-001
   0.83082935277795733        0.68541807167218846E-001   0.64246763484924344E-002   0.32001140751709789E-001
   0.40783262866984027        0.68939940975678335E-001   0.76569759013769045        0.31936067079407243E-001
   0.23449242758955441        0.19448020128376917E-001   0.76646581452435925        0.31853731294424634E-001
   0.86917128620881257        0.18589433709785424E-001   0.17926132609487305E-001   0.31771449575633604E-001
   0.86356644772964652        0.18817172415897372E-001   0.54042769339249463        0.31935395588884308E-001
   0.58404777058781132        0.65028994202834353E-001   0.65032380563522396        0.31926406530950614E-001
   0.50483733072178216        0.18790698135555763E-001   0.93658612525579794E-002   0.31895127261767284E-001
   0.27789739912925598        0.19110434305336314E-001   0.22611089105704171        0.31851346571011484E-001
   0.98515295305678208        0.19165058914612232E-001   0.50235349951245678        0.31894413085308125E-001
   0.93417539266338956        0.68477641365256012E-001   0.65645954395956252        0.31900794435434775E-001
   0.22941531816124058        0.68801114297888197E-001   0.31652375407347794        0.31890955436391283E-001
   0.59947575505139084        0.68680557562294492E-001   0.55729106743010293        0.31870476059320176E-001
   0.65582895186101786        0.21234131143889098E-001   0.34194550235323024        0.31859400114373236E-001
   0.92986405334663458        0.68678295529995978E-001   0.72034539830926825        0.31881421252286109E-001
   0.26366617144543558        0.68466861345693894E-001   0.90621418245683005        0.31903857696367811E-001
   0.40048426755392941        0.71112760606138303E-001   0.54526701874991579        0.31991281217855327E-001
   0.20596190032869680        0.68760156899194028E-001   0.41845231653605389E-001   0.31921509264287100E-001
   0.10311001226438110        0.18840971496770310E-001   0.95384883766809439E-001   0.31855796999983532E-001
   0.52284144367733854        0.22012747997689531E-001   0.73703495413775133        0.31900852346739304E-001
   0.82557427309490394        0.68756350264679952E-001   0.52833631202599085        0.31943862166706992E-001
   0.36249523823198737        0.68730418666774082E-001   0.37096061429117227        0.31835374746279295E-001
   0.14296017653347207        0.68491947337257594E-001   0.99141485578898603        0.31870804680146463E-001
   0.37230434934893775        0.72339058609456289E-001   0.71264116420923507        0.31933006033866299E-001
   0.50307521102441932        0.65583349597554311E-001   0.34268639116328675        0.31863505763848075E-001
   0.16716014077823438        0.68900460064405644E-001   0.55587975359699304        0.31882561288719649E-001
   0.56865421549135153        0.70051080867864546E-001   0.75102315255354679        0.31850601250678352E-001
   0.34343727295316112        0.18620703009847535E-001   0.84044824935082252        0.31896092425147314E-001
   0.28625158375830623        0.68151063649777854E-001   0.15174510438539060E-001   0.31833908853740017E-001
   0.77703871025009186        0.68577808025088532E-001   0.13561353528162221        0.32002974864692356E-001
   0.62798947438845110        0.67772033569281603E-001   0.70937010069786133        0.31883687733896174E-001
   0.59109493947804559        0.18193676867883739E-001   0.40725341856604552        0.31923392599828557E-001
   0.24752273187390700        0.19147427938023921E-001   0.62068229594684743        0.31862578461320616E-001
   0.99190724784876372        0.68811517544559136E-001   0.73697119867190097        0.31930724418713349E-001
   0.17888819019660152        0.70178313169785997E-001   0.27735606001859908        0.31958939184846068E-001
   0.79776918662552898        0.68424964072732769E-001   0.63737814490997757        0.31895223824360899E-001
   0.69227270720326861        0.18670466790180910E-001   0.12598289003977584        0.31901740885394957E-001
   0.85122169569642159        0.17988163719004153E-001   0.38620901636123062        0.31927662640118454E-001
   0.89118842081718563        0.68135944474699769E-001   0.38443066846363649        0.31877580498478802E-001
   0.31032588572649294        0.68589638800148831E-001   0.86260495103740487        0.31948250896258884E-001
   0.54421557356266126        0.68880246912782994E-001   0.14709940799286085E-001   0.31879286215824434E-001
   0.70273367929975905        0.68083733964083626E-001   0.34964059257372554        0.31842067877417772E-001
   0.99511981101971431E-001   0.19793828355922659E-001   0.99894572541683924        0.31980945281762437E-001
   0.77694009504610129        0.70912641801942372E-001   0.82494714739954755        0.31865912023159824E-001
   0.87158921405149359        0.68485317856785216E-001   0.91426977678470955        0.31941770426816458E-001
   0.16153903198461578        0.68861732221890834E-001   0.88182933485904280E-001   0.31948198961496248E-001
   0.76338132744330078        0.18312795272658337E-001   0.25878362783658165        0.31859770786551680E-001
   0.67456655192765225E-001   0.18960345427111322E-001   0.51286845737969622        0.31927647876276999E-001
   0.87714010504416828        0.18649985268163288E-001   0.15204573068262714        0.31927176349339802E-001
   0.10028864140430679        0.77752152336789698E-001   0.79462017390705553        0.31930320298622215E-001
   0.27300712860013454        0.68686102207525121E-001   0.26877431443944799        0.31853148449881595E-001
   0.68691693520849406        0.18394171626780666E-001   0.62809016075943214        0.31877720425197341E-001
   0.84041660633236009E-001   0.68323606547254348E-001   0.29516026537723472        0.31905269653506152E-001
   0.27410721821226006E-001   0.68911987061662849E-001   0.61343803816542875        0.31945605028120404E-001
   0.55849443590051651        0.18657418356218855E-001   0.46226823420988472        0.31967505042970974E-001
   0.27032492475723319        0.18736188133942174E-001   0.43529675232609677        0.31910128052869094E-001
   0.41894367454062753        0.68384138195193178E-001   0.34111128859456791        0.31818170221198615E-001
   0.26724991982422974        0.18804984996629838E-001   0.32839185555897987        0.31910531898895457E-001
   0.46152466641391882        0.61039466581498218E-001   0.29413403614431988        0.31856217314136702E-001
   0.21673558159367162        0.18890561310908081E-001   0.40064236388868912        0.31792359109066019E-001
   0.25693875310994230        0.68618177081841633E-001   0.80320780885401455E-001   0.31869881315573778E-001
   0.20310295504018630        0.19094290385480970E-001   0.66632516436338463        0.31826911368251880E-001
   0.75973282513890850        0.68481567609887065E-001   0.51597721479250604E-001   0.31816594281880481E-001
   0.79867067131856029        0.18290523668995595E-001   0.42388484798997000        0.32009847525738433E-001
   0.36114280286958717        0.18736106796277956E-001   0.44666127212111201        0.31914686274705943E-001
   0.46392142754912369        0.15651741005859778E-001   0.34964693748978276        0.31871733005556242E-001
   0.90573316575185370        0.68624261798060041E-001   0.85977148101934697        0.31902110403832964E-001
   0.59334835719223322        0.17716277752528726E-001   0.60701082860228961        0.31877120866032609E-001
   0.64145453008331932        0.68510862266370876E-001   0.50020195499086051        0.31902854147094234E-001
   0.44902438745919299        0.19195739933373254E-001   0.55043152429323916        0.31957297683516475E-001
   0.72813941043653541        0.68594435393453460E-001   0.73775508270068546        0.31877384205996596E-001
   0.57706319516252247        0.28543669722847727E-001   0.70265541718004598        0.31955116154407597E-001
   0.93293753252680434        0.18261382185069817E-001   0.98019106388275168        0.31876867850763345E-001
   0.48211589893297346        0.68792483877904279E-001   0.72124471674852086        0.31933996937939059E-001
   0.68317702895139865        0.68700407994172971E-001   0.54141216576276431E-003   0.31954260756737934E-001
   0.14424726173814853        0.18899945714606761E-001   0.64176494998507716        0.31859832005998651E-001
   0.47448920603564759E-001   0.68605123451106323E-001   0.62336037800131165E-002   0.31957011789892742E-001
   0.92866185914542665        0.68586555520858197E-001   0.26810945844591305        0.31927711983295311E-001
   0.48967524442709609        0.18748433687232419E-001   0.68221579948839817        0.31834689876582556E-001
   0.50218519084495827        0.68410757269049341E-001   0.55226159902713756        0.31864295811157933E-001
   0.12265939931349723        0.68161038533577648E-001   0.24439030155574776        0.31881976715560284E-001
   0.94822739432873726        0.68590223092349703E-001   0.19892481472898911E-001   0.31904500638250156E-001
   0.80995529313147219        0.20571761681929850E-001   0.80064264020713005        0.31856453117063414E-001
   0.75063639678770910        0.18770628855657740E-001   0.86315096818149373        0.31951126511417530E-001
   0.89215012996429199        0.68486233609559674E-001   0.50490282314504906E-001   0.31975517187262027E-001
   0.99651327756725272        0.68545643336592313E-001   0.96754003320933546        0.31966585322555439E-001
   0.44719134306992858        0.18681682657787687E-001   0.98180738662865263        0.31909970347660591E-001
   0.45229107086685066        0.68620839363662658E-001   0.19349156067974177        0.31851196585809559E-001
   0.93758312240610586        0.68504635700189734E-001   0.94037982752140048        0.31972095079439398E-001
   0.66505498493007487        0.19991150198976577E-001   0.25939364551720406        0.31898943478058203E-001
   0.95633831525027901        0.68547521851321500E-001   0.11311773303934061        0.31836391299419960E-001
   0.50987718257556747        0.68819045615497593E-001   0.22177895600629480        0.31916939616624534E-001
   0.76545581122678485        0.17113905345870178E-001   0.92654597101716252        0.31833886400907604E-001
   0.24304710382457115        0.69049492200927529E-001   0.66055446835036102        0.31823096613046560E-001
   0.70903177618823476        0.68733947690315253E-001   0.90098529313437273E-001   0.31824199109789196E-001
   0.68310099506303246        0.68487276378882869E-001   0.66769437253260933        0.31880748548908509E-001
   0.57562316768283550        0.11111743195202776E-001   0.28784510653769685        0.31982673103479992E-001
   0.72454867077385576        0.68560517874733148E-001   0.91630241835949588        0.31863788342248421E-001
   0.30035729050233473        0.68957885270279393E-001   0.52412292206488242        0.31810625030436440E-001
   0.42417278374090417        0.18781714336064820E-001   0.11835696870221593        0.31833416548634821E-001
   0.39728558514400225        0.18634294088568978E-001   0.46349367690731752E-001   0.31848754277385288E-001
   0.38239780609314072        0.68635992075019248E-001   0.83283569177840844        0.31918537521199199E-001
   0.37181852843568575        0.19180117515509968E-001   0.78328721502969378        0.31924770404545319E-001
   0.50845999045158241        0.18258162005674997E-001   0.39622195747375272        0.31993898401454009E-001
   0.19299323964641865        0.68989636946391250E-001   0.36889112082818898        0.31894108967912213E-001
   0.31065008813354306        0.68580039998358697E-001   0.12522279180682039        0.31862884179031388E-001
   0.36160844055951630        0.21976713938212922E-001   0.67338592648255902        0.31901013580461657E-001
   0.89962773581330657        0.68699461075836674E-001   0.55735853324778428        0.31863272903019366E-001
   0.80529221950583696        0.68648106577206797E-001   0.70072014687076145        0.31875241920391095E-001
   0.86952707602178780        0.18557237660926026E-001   0.95413657248741435        0.31912084668657768E-001
   0.16813508095283838        0.19321798658043215E-001   0.12840964076471009        0.31915033874776663E-001
   0.74465253019830469        0.18548062582955559E-001   0.14880353284579867E-001   0.31964922266184005E-001
   0.93028739510088457E-001   0.18369870708650662E-001   0.34974027899594573        0.31939939170879082E-001
   0.95940627848510418        0.68005974149962581E-001   0.53443661346403781        0.31872721332605124E-001
   0.68228900499640333        0.19768218142290492E-001   0.51119755021180846        0.31936475602594910E-001
   0.54517615087119164        0.17325388007602745E-001   0.34381829365086186        0.31859681379867152E-001
   0.27571907471042330E-001   0.67707125519099395E-001   0.40947906780503129        0.31899669088389281E-001
   0.91786505912723959        0.68856789003715030E-001   0.79699883841288244        0.31858909263310947E-001
   0.96479787217533508        0.68707868102785397E-001   0.60040179275469541        0.31942150052414527E-001
   0.83879648808934748        0.68845323225083369E-001   0.16482401088055298        0.31916680355366003E-001
   0.97916348134100351        0.72549725441742027E-001   0.31504030432591901        0.31945189318078361E-001
   0.31059149021773297        0.18695408201100040E-001   0.28132154538723136        0.31816428679287807E-001
   0.26113768628331746        0.68739255641071390E-001   0.47393623008654662        0.31874717907929291E-001
   0.11365758186638703E-001   0.18660298042483505E-001   0.85944597403102174        0.31899662578086602E-001
   0.46591559727353732        0.68746620660597321E-001   0.17019749001846527E-001   0.31865415326562153E-001
   0.54079846589000280        0.18648324048209163E-001   0.90982601096962323        0.31963597262245000E-001
   0.27892090846646310E-001   0.72478555535339620E-001   0.91186003190423559        0.31934084946827271E-001
   0.38454005172066030        0.72131922140875798E-001   0.64040752280444113        0.31847153666281505E-001
   0.20223144864700568        0.70781403429176534E-001   0.79211303384709986        0.31852615386174933E-001
   0.58060473278686309        0.68650492602715316E-001   0.91353776440141532        0.31895858721110261E-001
   0.12681457958914999        0.18883757785159903E-001   0.44172876977914177        0.31824037075238842E-001
   0.43878242805567147        0.69566198703313362E-001   0.67404053333976022        0.31846861387383671E-001
   0.86295858516874169        0.18192197992413426E-001   0.27230116655358022        0.31836945538284110E-001
   0.41799176845387087        0.68518342768009041E-001   0.24800678514169272        0.31958594896052302E-001
   0.72535109855293511        0.68580081568765452E-001   0.61642669418868345        0.31891910287271515E-001
   0.45368369455577007        0.68844341864487485E-001   0.50979715617869292        0.31893491615537659E-001
   0.21945543768076101        0.69036086231216084E-001   0.22483635702342236        0.31872703364549955E-001
   0.91745492615303037        0.18490024010735170E-001   0.30635064104816950        0.31903261504348558E-001
   0.75560280545543868        0.66657097733989534E-001   0.97200990591457392        0.31841527719401588E-001
   0.34490547141002020        0.18600411615611295E-001   0.10508002870395923        0.31987230729913947E-001
   0.82042298575509731        0.18651418427690494E-001   0.73737014405142998        0.31926075219829132E-001
   0.15912150336019970        0.69395272787621878E-001   0.84129294457358872        0.31901961134641450E-001
   0.59747412424199098        0.68735126100490804E-001   0.45320644379609004        0.31991101546492269E-001
   0.98534156465529654        0.18606496079793824E-001   0.56629653431866622        0.31868492436650499E-001
   0.59483869413612367        0.68707008465225580E-001   0.19254814389385796        0.31874076489400410E-001
   0.92782804477606107        0.18094306991048758E-001   0.36935450138291331        0.31845093780824528E-001
   0.40773901329408485        0.19196300909087683E-001   0.88612237424150608        0.31845650510599788E-001
   0.27049083525376155        0.18672831272002838E-001   0.86612894444177257        0.31992148887626984E-001
   0.41599456980704830        0.19580472003068592E-001   0.70680574237038263        0.31927791936370624E-001
   0.74628713961819837        0.68480491914033007E-001   0.67664907909314975        0.31796411501036598E-001
   0.86903891299840497        0.18424623541509373E-001   0.82779935592332723E-001   0.31823821721068832E-001
   0.69159782170188633        0.68424440581712070E-001   0.44935648745351142        0.31898845574894918E-001
   0.67774835132654854        0.68880984025715963E-001   0.55308258762935336        0.31903122822408377E-001
   0.66150344872475142        0.71777123162977699E-001   0.30117598402374496        0.31873896711344128E-001
   0.81683902022744181        0.18629626713842422E-001   0.13096789860837585        0.31922398179893785E-001
   0.66502905883137109        0.69960540363122936E-001   0.21932506443743674        0.31962299751773941E-001
   0.38488830131887092        0.18422869165332593E-001   0.94568339359157327        0.31923845386871159E-001
