 3 HS poly
 400 2
 161 239
    1.0000000000000000         0.0000000000000000         0.0000000000000000         0.0000000000000000        0.10000000000000001         0.0000000000000000         0.0000000000000000         0.0000000000000000         1.0000000000000000     
 T T T
   0.26644388846179495        0.32923666020092730E-001   0.45386179678972782        0.34841463140462152E-001
   0.73255035767836640        0.33307843021358717E-001   0.34231248202410670E-001   0.36159116364826022E-001
   0.11097395853559472        0.83217549654507506E-001   0.30329124268574892        0.35641882900085568E-001
   0.94651987855424369        0.33216019545887730E-001   0.59929462989188376        0.36395055930738399E-001
   0.51285808338154870        0.82852374549628474E-001   0.93261941906588275        0.36293965971825701E-001
   0.43533833364562952        0.31079569861965806E-001   0.62025069239913033        0.36692543760629893E-001
   0.74169457026384411        0.82824364869067857E-001   0.77613603646435514        0.37863425795536185E-001
   0.73760662536205557E-001   0.30922554661297376E-001   0.65516778731050914E-002   0.37129031245396529E-001
   0.91373822611464894        0.33131705711066210E-001   0.41959498129332640        0.36429696586718997E-001
   0.23568220004567694        0.88993322175555084E-001   0.16420628528895993E-001   0.33596109226711350E-001
   0.29669100148165745        0.32923866281378555E-001   0.29726729441840283        0.37832162440408601E-001
   0.91916769183594627        0.83154211319194496E-001   0.55011211050529008        0.38573280419016330E-001
   0.57794589450910017        0.83071872590211968E-001   0.96286657930411712        0.35417360506185797E-001
   0.89411967859390962        0.83200219902519509E-001   0.62515016019684977        0.40495443247006727E-001
   0.81225845418801279        0.83144225188787016E-001   0.94720032658968545        0.35892694714938424E-001
   0.95421177247686462        0.83280776840848794E-001   0.33793299685874645        0.35923186982078976E-001
   0.79490368204439821        0.33570539457467165E-001   0.26571427715576623        0.35962826704770946E-001
   0.22089676529703364E-001   0.80300217616243785E-001   0.97469244760970308        0.37928397902364595E-001
   0.91000881854984617        0.83328367957172009E-001   0.23938100685709829        0.37317384466419766E-001
   0.25377783912787305        0.83077713033095635E-001   0.20688802681780771        0.32625741409187989E-001
   0.61844260335430856        0.83652232900063170E-001   0.17331636700459110        0.34979143071426598E-001
   0.45666571269889544        0.33831449719150662E-001   0.74225333973798435E-001   0.34265520274127492E-001
   0.57326119509081574        0.80570855066120439E-001   0.50138170066651488        0.34078557527294016E-001
   0.74729772535145378        0.33738465885011643E-001   0.31972312125049124        0.35790844254301513E-001
   0.26282172838592810        0.83175644994553072E-001   0.95292311544325370        0.35341426506163773E-001
   0.84464969807958679        0.82522361117558798E-001   0.88281732023001469        0.36175469631398331E-001
   0.49001930211857825        0.80883330901423023E-001   0.60818185911730183        0.38241564905575710E-001
   0.10684659833077489        0.82979945765118246E-001   0.37805494026113440        0.39232623398025628E-001
   0.71595075780510242        0.83539504901349385E-001   0.13055242925142302        0.36237952904784980E-001
   0.81580036694977853        0.82919762044841666E-001   0.71511483619427507        0.38737026947839155E-001
   0.45210290979218054        0.82846462031956156E-001   0.89398282876611701        0.35602633868094584E-001
   0.97647380309841747        0.83777214591973029E-001   0.10470141017415356        0.38045140503149694E-001
   0.53179997188884909        0.32620900925697943E-001   0.97879353519478807        0.34049341406628249E-001
   0.33232284634392695        0.82973837097801512E-001   0.83214214658757779        0.34776175286381182E-001
   0.32890748005043879        0.82752795928654754E-001   0.98609737549208698        0.38549345713667298E-001
   0.30156122156413029        0.32624986143842585E-001   0.78655404680566554        0.33678777366834389E-001
   0.71601765653490468        0.33712945435111656E-001   0.38204376969414394        0.33712086508208221E-001
   0.15488291478568042        0.33279519075796148E-001   0.28472291679864692        0.33396084699231485E-001
   0.51643015420708049        0.30799484542411111E-001   0.65796401719007380        0.37033717456537253E-001
   0.98836821244260220        0.82876810603053144E-001   0.63742301659643030        0.35003423634985285E-001
   0.45287787281177833        0.82852763338352869E-001   0.73929532408855247        0.33454059666306067E-001
   0.64801672393007193        0.83506345013133407E-001   0.10333961850878803        0.35791075572595525E-001
   0.66438460542607869        0.28602297985931516E-001   0.65117059577911551        0.34786398135507143E-001
   0.44570155621402330        0.32705514854120703E-001   0.35115084667302443        0.35030508771651404E-001
   0.23778589238416695        0.81620913498964595E-001   0.75010931407058512        0.36612429782567422E-001
   0.77211474498690547        0.82863358918031593E-001   0.84676268483465189        0.38458161224134819E-001
   0.38664105832251278        0.81135679060539923E-001   0.51798411526481425        0.36960784606785792E-001
   0.61960065232168537        0.78687951536722575E-001   0.67039927600753668        0.34885541267997394E-001
   0.56333360203179061        0.92608513619952676E-001   0.30766530583663693        0.36402395202850865E-001
   0.50924691594486338        0.32727004995993729E-001   0.38686353945513324        0.35633198113025150E-001
   0.92865049172614955        0.32826115214560858E-001   0.80939705082432056        0.38681739001669983E-001
   0.16961863176432279        0.83023557132993531E-001   0.77887142386759989        0.37351161342300258E-001
   0.80050747351424778        0.33340560269061778E-001   0.60863807827114223E-001   0.36060537170974731E-001
   0.10505027288373515        0.32898931756192483E-001   0.54933009053253834        0.39377334164621407E-001
   0.41708728470389624E-001   0.32982344234990336E-001   0.47492253129544226        0.36651861304943113E-001
   0.37327267722436641        0.83572547219922536E-001   0.13192271520819915        0.36987181812293740E-001
   0.58567125329848047        0.83642454774462680E-001   0.23793300359849645        0.37366926961818064E-001
   0.54661388176840103E-001   0.82789489413289341E-001   0.57714216987306721        0.36636529726813798E-001
   0.30670982253332429        0.33572006028439509E-001   0.92241551005764677        0.36929813240130054E-001
   0.74715867302488470E-001   0.82618943835027228E-001   0.62410877547811001E-001   0.35872509025200262E-001
   0.38324227633025715        0.81070038384040727E-001   0.60938782960535698        0.36293493863397343E-001
   0.97342193189410176        0.82948142874671546E-001   0.84480866480976824        0.37034835085174397E-001
   0.96014906684638524        0.33386807563512789E-001   0.21873790071395133        0.36291621256920252E-001
   0.86110910168660826        0.33734605988098909E-001   0.10230350997482612        0.37293213768396463E-001
   0.19032376001422910        0.83194433232700898E-001   0.25408268067904632        0.34600494671997238E-001
   0.18606261649719757        0.83201131669625422E-001   0.71630720409554316E-001   0.38544996745878822E-001
   0.91513551886117528        0.83034170565079668E-001   0.92582390228450462        0.37283074083627903E-001
   0.88699616617654964        0.83332640046678341E-001   0.30986365603430915        0.36453951723137826E-001
   0.66389944208206408        0.81918484670287561E-001   0.77280727770407054        0.35435849374829527E-001
   0.73962957635484616        0.83387093966590498E-001   0.91490622123123566        0.36931829844607612E-001
   0.83560284775132798        0.83555282301606179E-001   0.23020838429011042        0.37622177581572422E-001
   0.94169167459509318        0.82879921754803007E-001   0.75735416328910887        0.34485024128436223E-001
   0.89365410250843869        0.33505594799991330E-001   0.18532663722862827        0.37809045764297118E-001
   0.19206908596868491        0.32639356397241560E-001   0.55924750862025385        0.33538985962072401E-001
   0.43929102468934672        0.81193295137230781E-001   0.46832039176941759        0.35317150567878861E-001
   0.19741180600328515        0.82163774856996177E-001   0.62036117688539583        0.35897804728976537E-001
   0.95428246599213185        0.33023068438584928E-001   0.89268318541109004        0.34288751472733608E-001
   0.79270565050214931E-001   0.33203180463279316E-001   0.11512336224189040        0.36499523556090256E-001
   0.67600950262525594        0.33802872033313773E-001   0.30327179464974841        0.35881086348442670E-001
   0.69855422319885130        0.82828683580944085E-001   0.56298050684961187        0.36730935588091526E-001
   0.87005377132413497        0.83139420412905535E-001   0.44825933179604127        0.35817503536996732E-001
   0.34421859892516476E-001   0.82887636101262194E-001   0.76402126042546226        0.35957139202448474E-001
   0.24388593461474342        0.82983962831065169E-001   0.41182833627619592        0.34172510560135851E-001
   0.24332405508752245        0.32188565270924077E-001   0.64376401252871496        0.35857567162124244E-001
   0.42337868950579521        0.82924729215382242E-001   0.96248343082626586        0.38528106752861668E-001
   0.29316942051018990        0.81477983034313556E-001   0.61215250989493875        0.34699852733599476E-001
   0.53983687924447799        0.33590827405081590E-001   0.82121112267389482E-001   0.36740534785890309E-001
   0.70822369443163347        0.33660501005232206E-001   0.23784313990658598        0.37038309667137226E-001
   0.70208742465158491        0.32414880585617499E-001   0.73795156904062154        0.35922419100194052E-001
   0.79310800286701821        0.32546718979428443E-001   0.89779812663410608        0.35660396197795208E-001
   0.98842616045487519        0.32899372346023081E-001   0.73977065581051615        0.36131738365020150E-001
   0.24735606518910286        0.40165692536144805E-001   0.65400613748993502E-001   0.36378250267805952E-001
   0.16634370317844488        0.30780517604762553E-001   0.88738670662166452        0.36584473151021785E-001
   0.26253705580552628        0.82887873290024727E-001   0.81875214533704610        0.36274999378976241E-001
   0.90909100542690047        0.83119444944061482E-001   0.66605947220713432E-001   0.39313128351995012E-001
   0.45121448136483944E-001   0.81926617453102688E-001   0.83454214105630731        0.35295049917996216E-001
   0.82135809955286343        0.83874922124809639E-001   0.37000887231225560        0.33159508933613094E-001
   0.62031239362221058        0.29081895903837675E-001   0.49096016414217253        0.34231319842155737E-001
   0.83964017127739266E-001   0.32826097350167116E-001   0.62348227018507840        0.37513344691407040E-001
   0.48242242108128491        0.83004710255963648E-001   0.83024222520565150        0.34971869247213593E-001
   0.89096892309062703        0.32414006453405704E-001   0.87027289474297564        0.32803937615276238E-001
   0.41801989692263364        0.83790173246512931E-001   0.39132371657183217E-001   0.37938944903064237E-001
   0.55304781712602946        0.32817994473526201E-001   0.75040316088477765        0.36303491175868265E-001
   0.24157912322419059        0.82631418912611013E-001   0.56249227018439907        0.36878714736803875E-001
   0.66699017977852471        0.33652552430862785E-001   0.15362454718644938        0.37366865242291672E-001
   0.86227290866288642        0.33143276555865075E-001   0.67805011120010061        0.38685813832083325E-001
   0.72115706110957523        0.32818540854037230E-001   0.60674891107267259        0.33391490755296807E-001
   0.43722554584968643        0.82962280836137325E-001   0.24648234352679935        0.35551778662533166E-001
   0.17750212035951649        0.32821309123530915E-001   0.49181053642324613        0.35429601915836766E-001
   0.49852074549056069        0.33485277733564071E-001   0.15251247914442029        0.36948687776815654E-001
   0.75755314644615879        0.82943209328678047E-001   0.63792065037502432        0.35448902567753043E-001
   0.55366994884022913        0.83473582327835028E-001   0.13762668233071595        0.38948308885035268E-001
   0.42665107200866947        0.33427491162304951E-001   0.13836326942971625        0.36216814656497315E-001
   0.71560383571597985        0.83101374207417256E-001   0.49421906039775704        0.34085224370650508E-001
   0.57591637804847884        0.82714535652947022E-001   0.79730020324917206        0.35876303388317515E-001
   0.21345436952599184        0.33216130900823100E-001   0.95592343934646518        0.34858162934079326E-001
   0.45948125531099465        0.82715467029212592E-001   0.39981622470320172        0.36068950079005666E-001
   0.82032817386921794E-001   0.82462448325376636E-001   0.44623438039302410        0.33259226547101964E-001
   0.95281356195428113        0.83292350039299592E-001   0.37491689839760337E-002   0.37231171548423661E-001
   0.28691584127569419        0.82994563757820466E-001   0.50267241669641571        0.36362242900844943E-001
   0.12315828723527086        0.33037043130398840E-001   0.75923400700974919        0.33657660998441037E-001
   0.14365155597693918        0.33107413862882948E-001   0.15260950831990558        0.37908352992685759E-001
   0.50427335898239323        0.89677385940721013E-001   0.49573850984435253        0.35713814638127735E-001
   0.36206295179471248        0.82897760666000742E-001   0.91804235451302596        0.37135314462490430E-001
   0.32704391871267102        0.33111597629993730E-001   0.10335426831639337        0.36100288744086134E-001
   0.88876454931419313        0.33151587940217983E-001   0.49995532322919395        0.38474795558163209E-001
   0.46648127617261653        0.32894569633726223E-001   0.78396544331952034        0.34900656755044321E-001
   0.54676130089123121        0.82566126493298184E-001   0.86581633627239751        0.38534561891790664E-001
   0.69050145090162129        0.33074572029518634E-001   0.94984077394521504        0.37296063997483773E-001
   0.80778885085719476        0.33167971966907191E-001   0.54039482183774201        0.33038207051004520E-001
   0.28563509110408519        0.33011432799814368E-001   0.38489966484479871        0.36266420480254240E-001
   0.13046667989796276        0.33094867279576855E-001   0.61414581387375641E-001   0.36221784693014743E-001
   0.30916410336111916        0.81477960319707263E-001   0.73710263874498516        0.35928544561122058E-001
   0.97566243178998335        0.33195308230484992E-001   0.45256073545657877        0.32884179696935807E-001
   0.43693314592055482        0.32996384919082258E-001   0.84689992636776479        0.34622894794796785E-001
   0.47468010435362457        0.32768886178914082E-001   0.28413804972445178        0.37251551262013689E-001
   0.40175357225720304        0.32854786189282476E-001   0.20739425608328532        0.36986684384106211E-001
   0.10312763020926745        0.30519842628451511E-001   0.91999544725227023        0.34385647069515586E-001
   0.49105065468658594E-001   0.32976471627895423E-001   0.39876913019624610        0.39858728556044033E-001
   0.19669293697227216        0.80792718172665812E-001   0.84604998016503263        0.35023665902618767E-001
   0.93626845037331408        0.33276512919277711E-001   0.28795031588770403        0.36892484223693386E-001
   0.49572086240854135        0.82728565560536427E-001   0.33535424210503950        0.37318150918035142E-001
   0.79853777568775497        0.84431725621721201E-001   0.43608227867834826        0.36712105465000498E-001
   0.79999329945358877        0.32444804155471338E-001   0.60653508961905744        0.33478742941067348E-001
   0.43054095778632190        0.30992724166110742E-001   0.69235354181739495        0.35490769408492606E-001
   0.95214814801478576        0.32973456050694482E-001   0.67519287966655650        0.37301501413602348E-001
   0.63680051398208404        0.33773308770907777E-001   0.22066608613232400        0.36069021534432255E-001
   0.93568463750366648        0.83213161313453826E-001   0.47424423522459841        0.34672470234499181E-001
   0.17996931346125564        0.79445412442971292E-001   0.38683660170102591        0.34474717709366193E-001
   0.51771512895471239        0.83058617786648692E-001   0.20554776607852202        0.37833743669942792E-001
   0.11555922566643534        0.33026036218033933E-001   0.68981923950325830        0.35870041310666241E-001
   0.78077714177180157        0.83331693013898062E-001   0.12283969190955223E-001   0.36361782473014977E-001
   0.77033224717778070        0.83294935266977205E-001   0.56842570331041697        0.35178842672033306E-001
   0.32977053965963971        0.82925634731856906E-001   0.34734863768738405        0.40193151635335218E-001
   0.64996208977752302E-002   0.33193253416027239E-001   0.31087042122484843        0.36770809765097563E-001
   0.40414143158551220E-001   0.33259475861436426E-001   0.18060362092281931        0.34041931272816170E-001
   0.83620562742622762        0.33842533748942853E-001   0.32465227106782424        0.35806213597775881E-001
   0.86191236748695288        0.33065184802495790E-001   0.93262768023905973        0.35984398485071921E-001
   0.76272594116480164        0.33309023369644294E-001   0.96298578175866534        0.36113236947139776E-001
   0.60083424434526334        0.30508942586547679E-001   0.62412877417634061        0.34246436799437716E-001
   0.76112901175382708        0.83617942017538263E-001   0.22476548911292285        0.36877761934183136E-001
   0.64849475102043819        0.78570978935438990E-001   0.60994617338929225        0.31854134137362884E-001
   0.40316267669635625        0.32908536583523960E-001   0.27658814439008056        0.31830503965649855E-001
   0.75853162635999194        0.31014742137766799E-001   0.46733963177336918        0.31773697020889835E-001
   0.68124372526742707E-001   0.32922035397169640E-001   0.79495497109401170        0.31757641561926481E-001
   0.60225994003240269        0.33376883335238076E-001   0.12467156825881864        0.31742952439272581E-001
   0.75544088959540201        0.83977674776783931E-001   0.36470006582415010        0.31747166088752311E-001
   0.61562410641666798        0.92037080786488590E-001   0.37977536080323127        0.31792722152038017E-001
   0.19331189529979576        0.31883713769592696E-001   0.73356672692119707        0.31898004440426987E-001
   0.78121543839833163        0.79909801790489399E-001   0.50229758972977034        0.31877892393316447E-001
   0.66188116470848091        0.32279228961748993E-001   0.81819505024780415        0.31763915566783187E-001
   0.87547394755648633        0.82924665214751975E-001   0.76181294570385105        0.31848268353642586E-001
   0.13577651493106843        0.82918636701235768E-001   0.50895487423044461        0.31838273451034099E-001
   0.36694795719628755E-001   0.83893050541272288E-001   0.34769950023244856        0.31762542473802106E-001
   0.63653078061121082E-001   0.81881448901971299E-001   0.22302521324221439        0.31804845001202862E-001
   0.10054322874525283        0.31759315395867883E-001   0.20757393704118138        0.31863093160514881E-001
   0.87612359840018361        0.33141304304445111E-001   0.57599211798671657        0.31734262417193189E-001
   0.99602938507563010        0.83092002610871463E-001   0.91001021889385036        0.31851359880871163E-001
   0.30448343399055006        0.83666166774633580E-001   0.16675185624390260        0.31794229131497979E-001
   0.52691025400406200        0.32831366423585966E-001   0.81557803631314119        0.31814210505972287E-001
   0.28109579007903379        0.83026043677693936E-001   0.10747029972162864        0.31835628432260447E-001
   0.38058312014145318        0.33017484138107574E-001   0.33605399486551224        0.31769019669975515E-001
   0.68881243339636564E-001   0.82300307433322950E-001   0.67026773994686506        0.31852658345124615E-001
   0.38123917711768644E-001   0.83252435894039703E-001   0.13774092810055308        0.31836187669760728E-001
   0.27792931969003210        0.81616042519911600E-001   0.67692456425302905        0.31735773349948634E-001
   0.10660584583271486        0.83296641276735042E-001   0.80752680762927054        0.31811882262775711E-001
   0.45179213262958101        0.33756626532345145E-001   0.40787977762351407E-002   0.31790144532104284E-001
   0.65254122074920384        0.42011197112657356E-001   0.36623735865055379        0.31795170381446990E-001
   0.98026450003374510        0.33798073221348611E-001   0.15346463044220757        0.31842486949860561E-001
   0.70539414091176300        0.33321989911608459E-001   0.88236999481947531        0.31778765978992589E-001
   0.49763018670500614        0.32683108019167989E-001   0.87757085905686805        0.31892848366636514E-001
   0.35765063477107883        0.32765552252582285E-001   0.26331688331949984E-001   0.31758609672142654E-001
   0.59240560403046350        0.42195633709665399E-001   0.34530698276286687        0.31828908842001749E-001
   0.39700736962706246        0.83904808793039312E-001   0.37334270912655887        0.31782991221989000E-001
   0.16285583532657655        0.33161400892409203E-001   0.22008593123818959        0.31680444895791443E-001
   0.21669803931415554        0.33501729417999636E-001   0.79639551174310075        0.31808694946185635E-001
   0.36364885595913188        0.83416945808193421E-001   0.28381560296798025        0.31759161873495527E-001
   0.57424988444122871        0.32753286621697603E-001   0.40749393579822307        0.31793168060635875E-001
   0.78465279010958988        0.32776740790190849E-001   0.79887828063061628        0.31792433766477661E-001
   0.35363978642225197        0.83088024210424619E-001   0.65878436699817952E-001   0.31736869362215592E-001
   0.40900647383788136        0.32897324299912260E-001   0.90832257031619268        0.31813487818372052E-001
   0.78497987365700805        0.34085458669479034E-001   0.39081206145816483        0.31758589675550980E-001
   0.95750817854102022        0.31694146564516815E-001   0.51478826007644107        0.31751803062387889E-001
   0.17926115159040951        0.83199882955122095E-001   0.98372844352766231        0.31768911312663142E-001
   0.56034728166672298        0.80589289420868723E-001   0.63970710714713808        0.31783662903200595E-001
   0.44565158366858892        0.80983118565246870E-001   0.55339387364027515        0.31829804820827555E-001
   0.37424316281168746        0.31287816184099621E-001   0.65532220809907682        0.31813573532605437E-001
   0.96688494078631879E-002   0.83908886826977711E-001   0.43229667131292115E-001   0.31815496414902569E-001
   0.39421597786935803        0.82938740660518817E-001   0.85693830122603620        0.31843031695152221E-001
   0.21963579770281955        0.33083133048261250E-001   0.18457749951674762        0.31796476870686471E-001
   0.58972839768875795        0.32552576369184599E-001   0.84116802212150799        0.31824154359487752E-001
   0.54201991430471241        0.25673607804665034E-001   0.59431614881106454        0.31747948241052683E-001
   0.23941698273703910        0.33116077126884712E-001   0.24510886436716217        0.31816652876935518E-001
   0.44333740740650274        0.31250569382519022E-001   0.51337204014588400        0.31831277400900970E-001
   0.20297335471301267        0.33688918008402659E-001   0.42964081744404603        0.31757417040532997E-001
   0.90436654517905690        0.32906343589752779E-001   0.73485850978307510        0.31750185861860750E-001
   0.31053405441870491        0.31116004123222629E-001   0.65318755405849593        0.31848476154422621E-001
   0.69279596337505001        0.83041839050034927E-001   0.84475917898315145        0.31796432254984339E-001
   0.83599570087763619        0.82757076898485077E-001   0.58218023482190073        0.31775646464340702E-001
   0.17961949364568655        0.27342291496998301E-001   0.66793834413123043        0.31788427161110959E-001
   0.47012537720911668        0.32994756152363580E-001   0.21518656356390981        0.31804937838363641E-001
   0.29346903623265969        0.32895434622066087E-001   0.85308380160066577        0.31784593282050300E-001
   0.75655372559848666        0.83648615134200854E-001   0.75977923838085062E-001   0.31782959962182056E-001
   0.22045436352890813        0.82188475698610750E-001   0.47547506109770482        0.31837825606006814E-001
   0.34607130993707491        0.33070654977720784E-001   0.24810377269335443        0.31803814268202314E-001
   0.74575055187024542        0.82904509978843285E-001   0.70656237956736911        0.31710533754907913E-001
   0.84235597761195014        0.83200292503697731E-001   0.41679532037759683E-001   0.31793690517417171E-001
   0.53436244377354414        0.74626376420972293E-001   0.55429818503183725        0.31767730945877162E-001
   0.92889387205456819        0.33761777877840897E-001   0.11582234066085782        0.31815357093463816E-001
   0.46769308211730520        0.83483895134428956E-001   0.11663865722681235        0.31849047052879199E-001
   0.82386076381958373        0.33541339422545398E-001   0.99284904676909247        0.31750421857708808E-001
   0.69523917951129488        0.83770411442054216E-001   0.34458479678797632        0.31724961764467492E-001
   0.51092614060619335        0.82813536321693304E-001   0.76969403802958591        0.31857124320424708E-001
   0.16055945525844956        0.82749390549582635E-001   0.45015150039033830        0.31756783828570535E-001
   0.63476093081147988        0.78683563219938413E-001   0.53209068857476571        0.31796031353909675E-001
   0.39177943352501654        0.81406589079412353E-001   0.71651831931582832        0.31767889474163778E-001
   0.12188261431772297        0.81729304474637360E-001   0.87015826989472345        0.31790461146104093E-001
   0.33320387427392828        0.33073645170383852E-001   0.45446774006960367        0.31819833408181918E-001
   0.91587413676584695        0.33276922115509422E-001   0.97368947976428111        0.31754235738873926E-001
   0.20409878114337654        0.33202570014717783E-001   0.11769845793568122        0.31778332005245810E-001
   0.18779565476855983        0.33139814122861308E-001   0.22112674757197172E-001   0.31765337294657886E-001
   0.47312374139479302        0.80819284050943074E-001   0.67705566096826397        0.31793748490757730E-001
   0.58620273433128534        0.83513000447361554E-001   0.74834257755417841E-001   0.31750599847384250E-001
   0.12401742171002067        0.83087854175950271E-001   0.15789782655834212E-001   0.31717418655755572E-001
   0.11047527067527914        0.32734857241840047E-001   0.47807847430054279        0.31875112992799000E-001
   0.36520643558992621        0.75777552987466912E-001   0.77471679995006959        0.31773104972190672E-001
   0.64126401291526114        0.28577942779384680E-001   0.57087754384010270        0.31709133785792265E-001
   0.73459309739364020        0.32574863184518382E-001   0.17411564469797750        0.31791638266748849E-001
   0.90957773146016141        0.33337872525560988E-001   0.35135305575350761        0.31830244204479913E-001
   0.11741566390429338E-001   0.82836589810427047E-001   0.70009215717871098        0.31767774813505956E-001
   0.14398763744647380        0.32889249749519914E-001   0.82221255145601679        0.31809659357349120E-001
   0.37921925806075152        0.80794451612458809E-001   0.43449809710230552        0.31783805130327455E-001
   0.84644430091911549        0.32146809738147035E-001   0.40770531852382252        0.31795688655859106E-001
   0.67151752463264824        0.83373664713445178E-001   0.90520562650071790        0.31840424729313942E-001
   0.45043653749730789        0.83165993169763822E-001   0.18032121827352454        0.31818012290057256E-001
   0.64138378572038002        0.32996529014167837E-001   0.87857459109064295        0.31758903398335439E-001
   0.27059520034030204        0.33025216421502412E-001   0.14540872981937275        0.31748240428155654E-001
   0.25718117793856116        0.82709809716050464E-001   0.34697634226773383        0.31937853699855273E-001
   0.73083272531806021        0.75473654401583129E-001   0.43042946712392466        0.31808530368795565E-001
   0.53870485738184382        0.32921027719177452E-001   0.25165555623009483        0.31794095080843666E-001
   0.20918376225812982        0.83166360387295371E-001   0.91168172102269807        0.31816454354932203E-001
   0.16575168074966326E-001   0.27689895135156052E-001   0.53837406502233753        0.31730419685903066E-001
   0.58052832807626342        0.30598460791054057E-001   0.54379657729351760        0.31860290539679391E-001
   0.83584451402717830        0.32913604180863219E-001   0.76088440544009917        0.31942188082596100E-001
   0.79232501568423608        0.83745968329952139E-001   0.31168638222843353        0.31816664225224653E-001
   0.35314586456258235        0.33036465802807162E-001   0.39371699366464041        0.31757168698334656E-001
   0.79146286564231139        0.33032277843893627E-001   0.67152588135581159        0.31764825965879318E-001
   0.65604890910842184        0.78907829638376198E-001   0.46614301703575461        0.31838577211556598E-001
   0.40598960656279287        0.31017718915245407E-001   0.75504624690193234        0.31757543957982304E-001
   0.63143921505810285        0.85063005397933669E-001   0.31823079283459432        0.31826593858910714E-001
   0.67993594315149386        0.83664203295548023E-001   0.19978894837751568        0.31780774369969469E-001
   0.83858132710986999        0.69489202006874792E-001   0.16218835718449715        0.31782021397072910E-001
   0.76042535514381560        0.33456482528540325E-001   0.11578024811426768        0.31837883628609967E-001
   0.56931681489838903        0.35349272242628890E-001   0.19083697495371993        0.31777862731752593E-001
   0.39452958691947110        0.31173093194382512E-001   0.47134115152079803        0.31789509031042489E-001
   0.21486687819008365        0.77349608797174604E-001   0.68571616492639864        0.31843061434511308E-001
   0.61744484226172924        0.31625953653619893E-001   0.77269379229079038        0.31837496982690415E-001
   0.42379779931599115        0.83212526060631842E-001   0.79822920769762074        0.31774852058669097E-001
   0.14224988554028021E-001   0.82989507214563496E-001   0.43705452590645688        0.31812026850427708E-001
   0.83523025441709564        0.32615110364142413E-001   0.83747373232857447        0.31772987609302472E-001
   0.52217797241190411        0.82952311252188340E-001   0.43100177415564001        0.31741289461728259E-001
   0.15008827063832228        0.32108807958198586E-001   0.34987862804929559        0.31848740736673889E-001
   0.42022085134193116        0.83239275913488800E-001   0.31329777551636195        0.31883318302410313E-001
   0.95836012696715489        0.83152687931224281E-001   0.40663523909738830        0.31762677382339267E-001
   0.77097476896272565        0.32944684400331610E-001   0.73670495515988488        0.31745318697807008E-001
   0.46663148809145427        0.32837580505882653E-001   0.93696858702809116        0.31782762524763995E-001
   0.27210993076649370        0.82928118363578329E-001   0.88638312189994006        0.31815604051846802E-001
   0.71891464590580123        0.83601107676774089E-001   0.28394611545537490        0.31736329330685931E-001
   0.77797596219121190        0.88588732154133334E-001   0.15823556114914411        0.31844737222787911E-001
   0.60225616698473883        0.80771916772024666E-001   0.73504660370514230        0.31745943290816273E-001
   0.98243877492454834        0.84560165143949484E-001   0.26766588426837146        0.31711519914076551E-001
   0.65977682992479225        0.83788779363398458E-001   0.26028140916685877        0.31718905859785748E-001
   0.88181821999225707        0.82838895644761379E-001   0.82592093088503205        0.31765872744401735E-001
   0.15208536456725916        0.32789096074979894E-001   0.61084332270598696        0.31718251476170085E-001
   0.87872970051975008        0.32923233944641854E-001   0.25594916318595447E-001   0.31806035825106396E-001
   0.50194890523356950E-002   0.35748182785862337E-001   0.80575306558905169        0.31787326287006319E-001
   0.41453985481316813        0.32881988832559564E-001   0.41038664895370436        0.31791316684557050E-001
   0.34159921230062840        0.81209930158161525E-001   0.67749317722626734        0.31759019359154074E-001
   0.97701111948756314        0.30427682271210361E-001   0.95541083989824493        0.31858448147657890E-001
   0.17962302556015564        0.83260573834175053E-001   0.32019693087722129        0.31714338250181787E-001
   0.49802927522817686        0.83649509640171940E-001   0.60564015168306305E-001   0.31861300036444468E-001
   0.69353047922958622        0.28893473471295901E-001   0.45236393917527945        0.31727127041992771E-001
   0.63768823318066792        0.28428851895619833E-001   0.71221885813150998        0.31835887365162643E-001
   0.32949550703020675        0.81243082079103052E-001   0.55635495855810824        0.31804299945250379E-001
   0.95873644161296900        0.33068458452450933E-001   0.53958794844530561E-001   0.31795119542880987E-001
   0.62935189904647870        0.82330588133742111E-001   0.84033739086882819        0.31803862760777735E-001
   0.13983003007377129        0.32905379816842779E-001   0.41646935967947185        0.31839900570465533E-001
   0.64451831951816099E-001   0.80210045309816791E-001   0.89921575176059521        0.31849688263175302E-001
   0.79983338597263165        0.33613111911932690E-001   0.19772921725994977        0.31837699888264362E-001
   0.61061716641782193        0.35723720276954016E-001   0.28364111295501832        0.31793391891826610E-001
   0.64514471704633070        0.83032392623999571E-001   0.96488497968058262        0.31775578333814364E-001
   0.15107909816052462        0.82712850776938573E-001   0.57101201722287365        0.31788706384275042E-001
   0.90701188329887078E-001   0.80622641336391243E-001   0.96165474949791241        0.31782933880790593E-001
   0.12606133647359358        0.81822107214241421E-001   0.23761715824608978        0.31728094180832500E-001
   0.98662302350240993        0.81140374765882164E-001   0.56996875138833136        0.31747915968238366E-001
   0.35441750063137795        0.82848495916789666E-001   0.20902355935751885        0.31683419263340180E-001
   0.31753927243025548        0.83019543016898248E-001   0.41830827325699199        0.31797067555428112E-001
   0.81295037090800681        0.83373327699563793E-001   0.10533430980629480        0.31785160497281188E-001
   0.82203881382884603        0.34423889852148191E-001   0.47685708421589607        0.31888003922184716E-001
   0.88519426366606335        0.83340628366347924E-001   0.38229001841253035        0.31803641085092996E-001
   0.74287290369636350        0.34928850732573458E-001   0.53099135224709315        0.31799097302541990E-001
   0.27824732448185403E-001   0.32852459053408604E-001   0.66419792181253945        0.31830066451574240E-001
   0.39095067494957458        0.32954524633229190E-001   0.80522767372711759E-001   0.31718436644182467E-001
   0.99826028670374489        0.79770216300685884E-001   0.50034278858721914        0.31848269352561624E-001
   0.14785704407942546E-001   0.32836527218531225E-001   0.60172179065128772        0.31837233974704386E-001
   0.49304432565613232        0.24229827608776885E-001   0.55261057852020445        0.31751213472691837E-001
   0.25001464469335383        0.83063709013943790E-001   0.28332098381389115        0.31841380957629069E-001
   0.84308722247131951        0.83083121043709574E-001   0.51879945484903467        0.31742896476057679E-001
   0.37407147022713610E-001   0.30268805662365911E-001   0.92835134221356719        0.31824745644018812E-001
   0.34405720880086760        0.33627091566471291E-001   0.16921700106114118        0.31835060783117063E-001
   0.82460274388231891        0.83249929692368996E-001   0.64510733204665993        0.31795999714163393E-001
   0.29499572488038922        0.33114518464770391E-001   0.20987728290493246        0.31883474689527402E-001
   0.26849178385504907        0.31602676463382162E-001   0.71495963476681124        0.31767342445416819E-001
   0.13066699533376663        0.82836483407170827E-001   0.64519952252105328        0.31774642223227734E-001
   0.15600996686961749        0.82979201625427795E-001   0.71089366911459373        0.31749761223554593E-001
   0.92994462548612863E-001   0.83038324283398926E-001   0.72954405017269952        0.31821483869681574E-001
   0.27613909784464219        0.38944528416030147E-001   0.20206258539706714E-002   0.31749555767392780E-001
   0.84709025255513951E-001   0.31476196154870816E-001   0.85625596682947536        0.31740040565138121E-001
   0.13862986642271585        0.33255704156102905E-001   0.97827300384360483        0.31725441101659785E-001
   0.72536818718810492        0.32762015387560434E-001   0.82199131632373024        0.31816246741895378E-001
   0.82400518483408480        0.82692428876478388E-001   0.79936470782797631        0.31768071926880595E-001
   0.39508822357357054        0.31119855362765677E-001   0.56457244599123857        0.31821957060771136E-001
   0.68002346370051014        0.32949154607537764E-001   0.51961405027346530        0.31832528571229667E-001
   0.24048360551308118        0.32617675505225763E-001   0.51536361274190845        0.31782596998606812E-001
   0.66492882697479683        0.33677649928880858E-001   0.14487425545115057E-001   0.31835945952690764E-001
   0.21951453447700831        0.29472284855490406E-001   0.36837575919003629        0.31804838467327540E-001
   0.86957067064029114        0.33432817334446058E-001   0.26572232812476393        0.31876713088437585E-001
   0.87187115214914568        0.81263651649636157E-001   0.98303354563020107        0.31924165217470331E-001
   0.35462832709653042        0.32986377127057369E-001   0.87100419596609358        0.31816635359135467E-001
   0.54935312277762471        0.78101518043251605E-001   0.23399508594858887E-001   0.31707957213380308E-001
   0.29400974521859480        0.94279638762538920E-001   0.46115518533568309E-001   0.31783648176998740E-001
   0.12540880457246029        0.83132890098808448E-001   0.10748485639532213        0.31849396809567651E-001
   0.81688045787384436E-001   0.33212913396151789E-001   0.26846268255233946        0.31846226831128817E-001
   0.37367487958255086        0.32713925266882125E-001   0.96467644141339370        0.31856222458096030E-001
   0.71595053250715079        0.83033141946181083E-001   0.99056461494881298        0.31908166043132923E-001
   0.35212292699692932        0.31613145865305864E-001   0.71951919566478206        0.31844676074757439E-001
   0.74845453511047169E-001   0.33895630707026371E-001   0.33184276478062935        0.31773333748102039E-001
   0.59761368848229335        0.83156343313126962E-001   0.44012875229450565        0.31772187459840943E-001
   0.19761522745544623E-001   0.33887011595871243E-001   0.81418001999529768E-001   0.31861132184941306E-001
   0.14583409244343373        0.80822368251075194E-001   0.92963664602990337        0.31793239992113614E-001
   0.34101406086098252E-002   0.83418725732573792E-001   0.20247358490083861        0.31721404335167375E-001
   0.54066060841496059E-001   0.32906618783057409E-001   0.72233704290433920        0.31745008770807971E-001
   0.21692070553055040        0.33099671193519552E-001   0.30483322138793706        0.31789724751619342E-001
   0.33897588684595004        0.31063480695265534E-001   0.59603237213572002        0.31795681956830003E-001
   0.94623741333226152        0.83455038936464318E-001   0.17446650811052283        0.31855729781536307E-001
   0.23095687670246973        0.83165631002443341E-001   0.14660947835316301        0.31769868526939894E-001
   0.18010177043087844        0.83096676965142266E-001   0.18479590600171911        0.31822339855532233E-001
   0.37986084344202720        0.26847226697831329E-001   0.81287879916186789        0.31813909021189343E-001
   0.68876311010170355        0.83228257652470772E-001   0.48497394754823765E-001   0.31730140402300253E-001
   0.63518836703358328        0.33221692151375153E-001   0.42673859245958284        0.31715011478058143E-001
   0.95135363712378213E-001   0.81583618126021357E-001   0.16731653511962971        0.31872096980110835E-001
   0.90911004372670945        0.82910248018825045E-001   0.69590707717686684        0.31798590851198835E-001
   0.69140977225419642        0.33743946302065529E-001   0.88566074843749884E-001   0.31820994084240516E-001
   0.23357988884586431        0.32635836627205220E-001   0.87494864946460815        0.31785121926488212E-001
   0.89499131459110193        0.83864235317362187E-001   0.13638639129052962        0.31870143661650897E-001
   0.62391418223144346        0.33516170294299708E-001   0.64942749435992708E-001   0.31632809111660137E-001
   0.61586757014635485        0.33076469985307645E-001   0.93873436116945574        0.31730341720696033E-001
   0.55287150094433757        0.82773366490959357E-001   0.37444431057042116        0.31817846424261352E-001
   0.53358318371358260        0.81934940050280555E-001   0.70565487401238847        0.31680061376784203E-001
   0.68344741266251730        0.79748786312813194E-001   0.69296331470856265        0.31844604747595415E-001
   0.71920140422661261E-001   0.82958791705455129E-001   0.51082996715159257        0.31820296504434471E-001
   0.23081776404542925E-001   0.27351243692121909E-001   0.24420517308475276        0.31778701672486996E-001
   0.57879739749938841        0.28636247338859860E-001   0.68744862161135267        0.31817977965302599E-001
   0.59135762095451594        0.80684935045942985E-001   0.58182451764531384        0.31757942410628577E-001
   0.28858803955368956        0.32479356145317238E-001   0.55715977377207904        0.31840791374023944E-001
   0.98152083764709375        0.33182635393476982E-001   0.37486211551729715        0.31818792973658014E-001
   0.49116046302204353        0.32763146883324205E-001   0.72198381782716137        0.31783295204148930E-001
   0.45571192306266738E-001   0.83329368535484546E-001   0.28451839805796270        0.31758097338828693E-001
   0.49070050119393127        0.83751096660898708E-001   0.99711097909651114        0.31868284724932493E-001
   0.59202046379049544        0.33716330736103910E-001   0.66182685011305087E-002   0.31736907511790757E-001
   0.55673128080866563        0.33042413147328628E-001   0.91515182244109483        0.31773492929656651E-001
   0.30408697378131166        0.83015946437491620E-001   0.24905087390332414        0.31771026513719595E-001
   0.47975513173533779        0.31437423543968675E-001   0.44779128843532445        0.31798249362058877E-001
   0.33896298091888111        0.31261862836378988E-001   0.51790789247835767        0.31905345508600740E-001
   0.15824062710417978E-001   0.31856346788968350E-001   0.86852217188096192        0.31795139974858021E-001
   0.54489105260600845        0.33381929145465693E-001   0.46413900661367469        0.31779808900062601E-001
   0.60807919196706817        0.83068814235572219E-001   0.90034060786189762        0.31777796212423513E-001
   0.62676557601128169        0.83549071344903553E-001   0.25851371652567005E-001   0.31819542562992222E-001
   0.72763477181671510        0.32937450877175707E-001   0.67168611513858312        0.31846506807447245E-001
   0.67409796414772671        0.88063737843659534E-001   0.40455096197078350        0.31806259930977791E-001
