 3 HS poly
 400 2
 161 239
    1.0000000000000000         0.0000000000000000         0.0000000000000000         0.0000000000000000        0.10000000000000001         0.0000000000000000         0.0000000000000000         0.0000000000000000         1.0000000000000000     
 T T T
   0.22251820883869847        0.89149795602251863E-001   0.53486866493053475        0.34240621512287205E-001
   0.94464327658436720        0.39187959615128158E-001   0.56148573096592946        0.39013325166884612E-001
   0.83748954049098912        0.38921594536755436E-001   0.42651101421051751        0.35411774827085331E-001
   0.63234438996120867        0.40396538192020728E-001   0.54902758798419904        0.35354210688699567E-001
   0.14247998104493489        0.38809622043230990E-001   0.45752167398390597        0.36297127994091599E-001
   0.37788575875763725        0.39063466296841765E-001   0.30043602903793232        0.35877690549714382E-001
   0.91344701355435010        0.89240081674800006E-001   0.53181172123769514E-001   0.34564759082850165E-001
   0.85176199926135776        0.89081264555712275E-001   0.47795212871550369        0.37595750768110656E-001
   0.65538970320829026        0.39391342945177474E-001   0.94320605998983231        0.36969262470908461E-001
   0.51743187693979875        0.89244801127090614E-001   0.83045289254990040        0.38818955257898143E-001
   0.61279734465073310        0.39118489653235847E-001   0.15161498547889019        0.36231334046557061E-001
   0.72340260686075231        0.39028296736651986E-001   0.58010588553212505E-001   0.36298142810838756E-001
   0.88676499199364034        0.89102308361386884E-001   0.15015004550527711        0.35627257586884550E-001
   0.42934132406836889        0.89021166748318128E-001   0.30098549159834642        0.35841257375743986E-001
   0.42287480677515482        0.39138306141765944E-001   0.11250229846760464E-001   0.35773003329596362E-001
   0.34070843135162582        0.39178220618961340E-001   0.97846093912589882        0.36822561507300615E-001
   0.53035860743441943        0.39002189227029291E-001   0.44633712874015702        0.35508431315096817E-001
   0.14444281954245106        0.88791724423172014E-001   0.40491170047855513        0.36268736374384013E-001
   0.27089307590099376        0.39166267766595458E-001   0.91960195787279719        0.35966473232249309E-001
   0.14222214377230688        0.39451359722602358E-001   0.81582832925774695        0.34566835910782592E-001
   0.10096758760316810        0.89241149247564294E-001   0.62280483619997984        0.36379782898528626E-001
   0.32738716404350721        0.89034088221165958E-001   0.52257407701317726        0.36235511552198944E-001
   0.85261332525870592        0.89473244494568713E-001   0.87499819739356513E-001   0.35035731460051081E-001
   0.82905083542148983        0.89692660765537335E-001   0.70566972791164462        0.37757384683804615E-001
   0.22905603094460752        0.88955016785156507E-001   0.15074286416091107        0.34503479250309159E-001
   0.30846830651978790        0.88744640221001966E-001   0.68235557336214547        0.36117191482889152E-001
   0.43958814073785740        0.89228552363279132E-001   0.82443802123541776        0.36399490815212210E-001
   0.33126617969572597        0.39418933712695906E-001   0.72951109259596403        0.35506339047407826E-001
   0.41800037124858613        0.39386029528097971E-001   0.71443775172494750        0.36877668376203807E-001
   0.10122526184999620        0.88719683123917759E-001   0.48761112145877095        0.34675730253683763E-001
   0.55902783450863536        0.89169294821735037E-001   0.35088796137963785        0.34870086987544568E-001
   0.81658901091577607        0.38918490203116142E-001   0.23480790392798370        0.35478246500897696E-001
   0.95253449298722026        0.89247188071572822E-001   0.11527353646020001        0.38783778945417041E-001
   0.38457421879042536        0.39421226900099665E-001   0.59931717119148187        0.35064353673366015E-001
   0.63365595184107659        0.89260791542962070E-001   0.99173828187388913        0.35927766141196076E-001
   0.27429882816290790        0.89104622340856476E-001   0.58284753020553948        0.36306102286032794E-001
   0.85911253625988671        0.89721073292018574E-001   0.92386673507123629        0.33520604990528488E-001
   0.99900800522383404        0.39896098212793774E-001   0.82420351959598903        0.34049812497782023E-001
   0.15567773537129653        0.89206322766361451E-001   0.31298920704066963        0.36739927899394592E-001
   0.35680603329557353        0.89517651069259380E-001   0.77573830472039418        0.36697622554844669E-001
   0.60751249448330630E-001   0.39394523640396875E-001   0.75906858176593983        0.35963153125801055E-001
   0.40674027920109018        0.39696795076567419E-001   0.78568754293158116        0.34519819287723942E-001
   0.93993173335281532        0.89152680850705393E-001   0.34901659578347249        0.33125486998713392E-001
   0.35780833788336480        0.39226345811867888E-001   0.90265802467989120        0.34991478215522294E-001
   0.83210451958084841        0.38945807737318719E-001   0.13943158596002103        0.39086167879351104E-001
   0.17297524427906888        0.89227322932727088E-001   0.92301983065627802        0.36319725507511037E-001
   0.39158287107651918        0.88847874801588025E-001   0.14410882323841881        0.36607528337874035E-001
   0.93117371810392180        0.89129553303342116E-001   0.20544226534048421        0.35194945197062462E-001
   0.72481191578951520        0.89170350395713360E-001   0.99573709443084213        0.38916891500783729E-001
   0.52814594902308387        0.39075291595490849E-001   0.24835730522142904        0.32970553692170841E-001
   0.16836500173066341E-002   0.89412344816471548E-001   0.93497265893945214        0.36393173347413557E-001
   0.62056660864033009        0.37730212585720346E-001   0.43913724057204739        0.34534038885995863E-001
   0.48292529036699122        0.39029311386024397E-001   0.30214984664163896        0.37186428192992289E-001
   0.32673689224845287        0.89133129072654069E-001   0.29880749345196178        0.35467533159377451E-001
   0.32522981251705857        0.39029911291010889E-001   0.24415636286520151        0.38469921020619621E-001
   0.59869482432051879        0.89717037673766722E-001   0.73595587588118216        0.36499232304864938E-001
   0.95060866383649734        0.39055606874338830E-001   0.39705794082554707        0.36936321157677886E-001
   0.75448011460798570        0.39405039211304005E-001   0.87627895408637047        0.38825380941451285E-001
   0.67510472596388493        0.37844581714167269E-001   0.39849183466622212        0.33418665827605491E-001
   0.17988967919326485        0.89413034055021282E-001   0.85008866243049186        0.36757829833695896E-001
   0.14898476595627050        0.39657109581333227E-001   0.61011036807651520        0.33585382449595212E-001
   0.27627517226624876        0.38637780623136352E-001   0.17427596770195519        0.37617658116655753E-001
   0.30293238388405808        0.89413404784831202E-001   0.41040460531088319        0.34873383786842661E-001
   0.76363964017427244        0.38869284271382386E-001   0.28425413200911526        0.36943452680757605E-001
   0.43934591154251101        0.88974911419834074E-001   0.59982671790409881        0.36819191844609071E-001
   0.12457333629641684        0.89208121666908696E-001   0.24809081818766882        0.35180477777935162E-001
   0.63926772278353883        0.89558823864813911E-001   0.83247598396179034        0.34980221678797829E-001
   0.96117785201907713        0.89176357941545187E-001   0.44971589483718721        0.36355153673534903E-001
   0.87920819177701914        0.89554356359348164E-001   0.99093658005021834        0.36394244952467014E-001
   0.19637060956353883        0.38848312333015847E-001   0.68745789938450730        0.38116140315226060E-001
   0.45807354885781602E-001   0.89284993701422705E-001   0.99960762719058383        0.35644162414769781E-001
   0.55925760717724249        0.38991739795962072E-001   0.10109177521467000        0.36988019412507178E-001
   0.33876679456518272        0.39136453819871762E-001   0.13447751618915074        0.35599177291216748E-001
   0.71214668319331342        0.38955718205654029E-001   0.15024389204627980        0.36280980305496612E-001
   0.79437156038221879        0.89461430389550844E-001   0.60339007977335402        0.37343331491599824E-001
   0.70069194690996228        0.89600841757717153E-001   0.63499673571993309        0.35969198308906138E-001
   0.97010357543521930        0.38711383555536862E-001   0.69237753139309843        0.35168418724757906E-001
   0.79296290771118982        0.89721852771213376E-001   0.96518076833886002        0.35724379886803111E-001
   0.32447560225233357        0.39167749843418601E-001   0.35438257043487503        0.39287815601988546E-001
   0.32957330035921918E-001   0.89176812202212560E-001   0.46543117467214207        0.37079779447902091E-001
   0.66886672438560169        0.89066180390729791E-001   0.56389981341164234E-001   0.37634824828625707E-001
   0.35943613846972880E-001   0.38817155979743521E-001   0.18479610048521491        0.36239389588304555E-001
   0.37645210002149398        0.38911162188734111E-001   0.40809714822535165        0.35397302706902979E-001
   0.71467984315075828        0.89627058045942690E-001   0.72185334759423814        0.34665938827946607E-001
   0.42678353292047244        0.89178410243922729E-001   0.40894901094883024        0.35088753614935332E-001
   0.43595673278850654E-002   0.39335770122832805E-001   0.12266700183106861        0.33446099576705676E-001
   0.62034066626462858        0.39747919860582417E-001   0.77955810411183069        0.33229130716702568E-001
   0.97695447862011708        0.40045672056260535E-001   0.22305228187817855        0.34050699422165931E-001
   0.46013013011793547        0.89394214379161188E-001   0.68263314869804803        0.35766620344323860E-001
   0.78374747476916773        0.39481274700846475E-001   0.55008232169360738        0.36359819735674433E-001
   0.81332149858428626        0.38662841800234431E-001   0.33888130581949605        0.36870706025859901E-001
   0.12693644905135062        0.39168617165464048E-001   0.94763501526603733        0.35885247334280557E-001
   0.58077713143435461        0.38904047666300588E-001   0.49841864311910700        0.36866265133316832E-001
   0.20885374479340513        0.89313722266062934E-001   0.36660064695622102        0.38663004704470150E-001
   0.61559059962636065        0.38701971699961868E-001   0.55648359248289217E-001   0.35164124075439791E-001
   0.76379150687456487        0.89926455998012578E-001   0.67046952789310910        0.36368377970273758E-001
   0.24106031538777437        0.88773078686863127E-001   0.65007371338859854        0.38608881779954751E-001
   0.70899809658409196        0.89486159687255651E-001   0.91778864052328757        0.40350109266112558E-001
   0.21293424672139102        0.39311810166496243E-001   0.48261750483842597        0.38418974654918607E-001
   0.72358299696474782        0.38627675243562191E-001   0.34689331406500806        0.37380165509780280E-001
   0.66671784900899422        0.39587757196025669E-001   0.72519641589543715        0.34663636502525019E-001
   0.93381236334659790        0.39925495464640103E-001   0.84872788332579030        0.35583807854610641E-001
   0.38415029964828135        0.38887018637204333E-001   0.19733425453192713        0.36671858912839646E-001
   0.96304858432274210        0.39294594170517561E-001   0.60125465977336638E-001   0.36055243268816518E-001
   0.92353894903793088        0.89263326065924631E-001   0.51171048480468506        0.34458644528187046E-001
   0.70883378670077199E-001   0.38996481812902113E-001   0.97269606070806869E-001   0.37733679254327857E-001
   0.86844613454832342        0.88954382490597061E-001   0.24107184585948982        0.36803180022897099E-001
   0.12296933387581573        0.89129596319683438E-001   0.11973703552457758        0.36858936960778362E-001
   0.27037147173731613        0.89052038471860162E-001   0.23005219281733943        0.37068827316993951E-001
   0.13768033830159285        0.39205307692467634E-001   0.72232001666378914E-001   0.33558396203285906E-001
   0.53468749013760974E-001   0.39045645947869786E-001   0.35477686912943751        0.36138034884312893E-001
   0.90651803404601994        0.39212943968995662E-001   0.46060612088492908        0.38459381839996379E-001
   0.27349861870126041        0.39180689554088238E-001   0.52856485719438528        0.37386955380209613E-001
   0.23962311128179828        0.38855729951242507E-001   0.10209964893059248        0.35939248370449088E-001
   0.52318426618963187        0.39680712661367704E-001   0.37586545685397661E-001   0.36050790927722780E-001
   0.37985274224901966        0.89069604631738464E-001   0.24940231666963583        0.35496971190065632E-001
   0.78098984422259210E-001   0.39349420570817695E-001   0.89402011061096121        0.36323375172079168E-001
   0.73697627195456794        0.89523721213353058E-001   0.56240851311266027        0.33157304120789238E-001
   0.55249935095322145        0.39404846308671748E-001   0.78810419674307997        0.35011997023167249E-001
   0.87490196892862782        0.38631144141656915E-001   0.52813238359354298        0.35697497829736330E-001
   0.25568793628994629        0.88980164017966656E-001   0.52577031428803211E-001   0.35866938738248158E-001
   0.95450183256571131        0.89854920781337264E-001   0.80018984572250185        0.36954247896400873E-001
   0.42959435564436516        0.89179911652515320E-001   0.89949716036892291        0.36787983144608787E-001
   0.57645546357892075        0.89003846297377884E-001   0.55546060127779762        0.38894837804291538E-001
   0.58061873881289727        0.39251158778311986E-001   0.99249735822914009        0.36945794604672712E-001
   0.61005811845262781        0.39630602187914594E-001   0.69272297410114847        0.30401841504252115E-001
   0.20326896743140083        0.39492963038735958E-001   0.75952926949421617        0.34174478492847507E-001
   0.26693624497381091        0.39033894348631075E-001   0.99418282644662437        0.38572184893543852E-001
   0.64943647663548232        0.39527217472852622E-001   0.63935019147733507        0.35687949050148347E-001
   0.57877602287615171        0.39171254594615859E-001   0.30025021957477110        0.38976532077019545E-001
   0.67261184582245270        0.39615898216914039E-001   0.87175996174871428        0.36472156895660572E-001
   0.98749357138827809        0.39154810322762114E-001   0.49768715224726329        0.37730848592374730E-001
   0.88176053372213015        0.39017798542253207E-001   0.36841680729757947        0.37619060398288787E-001
   0.97808528397299754E-001   0.89517798290290121E-001   0.79449566061622101        0.35548740138547412E-001
   0.52867549092985788        0.89193248625990568E-001   0.98621603866400775        0.35381522969092742E-001
   0.36387966697318208        0.39185353057621358E-001   0.50222340090723336E-001   0.34841613907423803E-001
   0.73123782103673679E-001   0.39149910548324889E-001   0.24741187670989750        0.36495759616283416E-001
   0.47936993635902686        0.39337049848586679E-001   0.78609082583636070        0.38035415157688511E-001
   0.88508141804358997        0.41257651947098704E-001   0.69288051773920045        0.37336490561654778E-001
   0.71357006020582980        0.89424856160704419E-001   0.83744088385838222        0.36539393343730159E-001
   0.24984737023727266        0.89372233107392618E-001   0.87144447606018327        0.36347947854651272E-001
   0.43008666429266457        0.39119589193169671E-001   0.35577443232226114        0.37922076537394635E-001
   0.17429884689022501        0.39128500765810932E-001   0.13156028746730364        0.35658627928340847E-001
   0.37993201919690478        0.39148732455594235E-001   0.50632428264247420        0.38002625343324957E-001
   0.33076036631355499        0.89133349741162757E-001   0.18704591603741541        0.37017820643327128E-001
   0.52897644268788446        0.88486587833503341E-001   0.61645123320225725        0.37921295491350045E-001
   0.76324618714845072        0.89032425011103464E-001   0.15531032315461438        0.35217306584233457E-001
   0.37832549410977806        0.89120063465232213E-001   0.34977384777742226        0.34282556176498093E-001
   0.43513147195210922        0.89268024614642782E-001   0.50600462564857152        0.36058804947842533E-001
   0.22543609101307135        0.39421802148882967E-001   0.82728324552543786        0.34609747124354558E-001
   0.52831688249617559        0.88947953441359473E-001   0.49688486526048725        0.35567936238512503E-001
   0.69449179029375063        0.39628709687343042E-001   0.58393412883472395        0.35711563200289891E-001
   0.72274547417250401        0.88506356078840567E-001   0.40558422320678017        0.35410927116133042E-001
   0.47842482356715510        0.86655333734552059E-001   0.24893754051224926        0.33890605740163358E-001
   0.81803264026196465        0.39686801758428515E-001   0.65221196194236941        0.36259721130279449E-001
   0.77193128568198277        0.38673148481201014E-001   0.40144064772369381        0.34662449340469727E-001
   0.73774469802585130        0.39651201540529007E-001   0.76640635575379046        0.36094492231601591E-001
   0.88935447129831946        0.89118313002814156E-001   0.58113141607448693        0.38028147564812417E-001
   0.17244196186839898E-001   0.89384518616143396E-001   0.72671124397759190        0.37560142279216689E-001
   0.18763576751070318        0.89101382940571405E-001   0.79919513222478616E-001   0.37412407259568160E-001
   0.11988784133377442        0.38959236508304684E-001   0.67676790963109679        0.39081421171424650E-001
   0.76707325381384195E-001   0.36433776344052982E-001   0.43954804934599384        0.31927385738513142E-001
   0.19131325974517566        0.89246986369601433E-001   0.23618159673031550        0.31879770974513909E-001
   0.78100506256447833        0.39951074599067410E-001   0.71394861245077867        0.31891214034423299E-001
   0.20306328664784979E-001   0.89078965572492980E-001   0.23318868280217023        0.31927835514905238E-001
   0.33066680376485086        0.29913855283238863E-001   0.45759640669427304        0.31887200728714087E-001
   0.44518485202204477        0.90031643304211179E-001   0.96958934945937625        0.31925596015823572E-001
   0.53449232277132530        0.39350323019047284E-001   0.87773904580586060        0.31821230530215225E-001
   0.64672617834544799        0.89632862122173695E-001   0.68517400256315042        0.31795510642507747E-001
   0.88176226160724069        0.88878662497052938E-001   0.31980647163613307        0.31932945094644886E-001
   0.47398161934216776        0.39265652278053335E-001   0.85584739652228825        0.31847242929154931E-001
   0.86193615835285897        0.89665367455471934E-001   0.84972819145865830        0.31882821118920962E-001
   0.56642599358037038        0.88978486776117693E-001   0.14822022704669191        0.31930015858847326E-001
   0.54264668843301544        0.89090699519382102E-001   0.20952372228158253        0.31957294960014954E-001
   0.48711252927617171        0.89160222585478469E-001   0.55034733527295987        0.31883249240447796E-001
   0.57273950947770869        0.39124668403351888E-001   0.39302695653234082        0.31880798585862652E-001
   0.48103528920780397        0.39756951189581807E-001   0.49785173109625819        0.31830292009986681E-001
   0.26975923167163207        0.39030490558325609E-001   0.44084765204686505        0.31885927543347993E-001
   0.78149594395771693        0.89820380068709529E-001   0.82917969790933588        0.31871075372686228E-001
   0.49284683819418484        0.41259723723983906E-001   0.12186130440559914        0.31959834375949750E-001
   0.61376750784094369        0.87995875641897661E-001   0.10169440898323584        0.31908215238703068E-001
   0.31428599317399114        0.89233760138300144E-001   0.18132774464341084E-001   0.32013283768417410E-001
   0.83262090198412098        0.39445356567412701E-001   0.98854922062509010        0.31885709508675315E-001
   0.40743453012136449        0.39252413150813868E-001   0.85796155959870013        0.31792474118232578E-001
   0.82093223388813863        0.89364555566583695E-001   0.26824480020830294E-001   0.31897495583414204E-001
   0.98010361275208724        0.39448997507200378E-001   0.33469099051320017        0.31993586234554783E-001
   0.57651473087916238        0.88361437999466053E-001   0.44875654227525336        0.31948908178041531E-001
   0.67503652019966831        0.88134783730413335E-001   0.35447673503777788        0.31944131711620985E-001
   0.53364936506095817        0.39148004564707281E-001   0.17086288241210976        0.31831078047778204E-001
   0.29945748494459107        0.89179028681521930E-001   0.95577267501557084        0.31850134199491398E-001
   0.43902267706910747        0.37041514589519084E-001   0.15595365663300062        0.31849131038533394E-001
   0.59246252156100454        0.38844343324646514E-001   0.60306205246823519        0.31817734791624461E-001
   0.81702027487725881        0.39715435070620017E-001   0.92653181913261629        0.31857455174886445E-001
   0.95264064238031565        0.89055108325787308E-001   0.61130775370588208        0.31918059631892419E-001
   0.35205779081385258        0.39594980016633474E-001   0.66410114896924799        0.31858916981986729E-001
   0.71693919712164567        0.39599088053929775E-001   0.67784395595500868        0.31834035377734736E-001
   0.20630063795384171        0.39382981201142267E-001   0.31662073735474794        0.31868950361717545E-001
   0.89154158859522700E-001   0.90217050988414260E-001   0.71991352592427882        0.31867403661536911E-001
   0.77323138778438216        0.89672843136774566E-001   0.69334003719791495E-001   0.31913278847237055E-001
   0.27799089222687628        0.39430859414890544E-001   0.78580671242264677        0.31957953376441035E-001
   0.72133322318046222        0.39008061240528885E-001   0.52190591757501192        0.31837100678110047E-001
   0.41322477856192746        0.39355294730746983E-001   0.94404084415753964        0.31920605100059500E-001
   0.20848208538494822        0.39293975137962407E-001   0.89283453875991847        0.31900947627653463E-001
   0.95077530866566229        0.40241773255649933E-001   0.91421128009683716        0.31952272406063409E-001
   0.26500737846777842E-001   0.89144708359872815E-001   0.60029833801140886        0.31947432514681219E-001
   0.97636882709283224        0.90234083757881459E-001   0.86591893955177290        0.31960313543251018E-001
   0.23166616365380646        0.88764115186795778E-001   0.72160129238536563        0.31899752618484663E-001
   0.66309370113599186        0.39054446829316407E-001   0.19755680239313628        0.31866431756270526E-001
   0.27801532161768050        0.38991388713232676E-001   0.29630318967984226        0.31872775822317255E-001
   0.99257472559258764        0.89154305416977317E-001   0.54590050798149414        0.31885836482773100E-001
   0.66614471116117485E-001   0.89844152602039096E-001   0.54453107537840384        0.31905762932204235E-001
   0.65114431516223273E-001   0.39322545856311342E-001   0.82699604087917611        0.31887346673422773E-001
   0.19541121813670936        0.39305612956126536E-001   0.41450966591295263        0.31864957331824775E-001
   0.79988120968035969        0.39810188821231690E-001   0.79411317424103101        0.31895318821149266E-001
   0.84069954306054040        0.39133230668162655E-001   0.58771605105821911        0.31897221840004424E-001
   0.89555796824051570        0.39812694585929176E-001   0.94710814347958905        0.31853540400097587E-001
   0.82322127974670001        0.88980942924157536E-001   0.18929161449797233        0.31914750963095942E-001
   0.61637663397386611        0.87692044039450689E-001   0.39401059527292365        0.31925169772622983E-001
   0.70970132319001333        0.39939138776894915E-001   0.24117061508348617        0.31930399543353666E-001
   0.16088818439955788E-001   0.39163176210645016E-001   0.41862885150006190        0.31954744698579660E-001
   0.44171662255827665E-001   0.39253109354006700E-001   0.95424228398426680        0.31813968633329359E-001
   0.62836025159935349        0.89116008096004132E-001   0.30887130774464411        0.31887145010207757E-001
   0.34243223285351138        0.89173714436274754E-001   0.88924614126119558E-001   0.31820481137224917E-001
   0.63503008394857552        0.89459943825227956E-001   0.90006217813131029        0.31866034324066456E-001
   0.92080265456528920        0.38963084785424040E-001   0.31090480921015090        0.31881365379074891E-001
   0.40806135520512127        0.38744091109513490E-001   0.10022741053402115        0.31844885471721700E-001
   0.98248505076810544        0.39456280512505298E-001   0.76028279234010032        0.31879450372389664E-001
   0.47330424251788566        0.41011766134841539E-001   0.41053482798787883        0.31860679419952249E-001
   0.96881883556321907E-001   0.89288191141538020E-001   0.55927839156606200E-001   0.31775808042649553E-001
   0.77017147091042104        0.88652224461131537E-001   0.35768416464640312        0.31787158713853764E-001
   0.15433593067385820        0.88964245116305990E-001   0.71448618604839187        0.31780008998784227E-001
   0.49049529087502253        0.39260005519438923E-001   0.71699554794009557        0.31905859507909730E-001
   0.28992930736983141        0.89417051097630401E-001   0.74790876965991337        0.31881094806496230E-001
   0.79226099773179737        0.87799544854871861E-001   0.44168064226447623        0.31902396102497066E-001
   0.20723460819823863        0.39269355532773199E-001   0.19080672166123264        0.31909775774852683E-001
   0.14547570572964974        0.39359766356365324E-001   0.88237353898900384        0.31877940066614943E-001
   0.91700698721391705        0.89847347507916620E-001   0.89099693070242370        0.31883016590323103E-001
   0.22996271638356028        0.89366442747859293E-001   0.43398974488551384        0.31883068427593753E-001
   0.11126900274531103        0.89652926153615364E-001   0.86088801320390995        0.31898086212590750E-001
   0.49100270650322519        0.87237473405436056E-001   0.16655535889727810        0.31968821296497862E-001
   0.46168711737907597        0.45520063621054700E-001   0.66295308092665803E-001   0.31881138613358964E-001
   0.47727427487391488        0.93113003301857414E-001   0.45280256431083993        0.31893821178236546E-001
   0.43302767818172677        0.39285035949507358E-001   0.55228336678012191        0.31859395861682620E-001
   0.29091400566705294        0.87257780585151518E-001   0.12655605637684916        0.31874228779596364E-001
   0.85896141938390458        0.38934991579785916E-001   0.28725510158325762        0.31882689976768165E-001
   0.23598528047117820        0.89166806019971415E-001   0.94951994277217433        0.31921876180923785E-001
   0.78306134126488569        0.89732037253275054E-001   0.75801665919931283        0.31844807873371725E-001
   0.58233572708631975        0.39024658322836712E-001   0.21261574240898079        0.31903136892517711E-001
   0.51288478485656130        0.90719427289980281E-001   0.83827398713283582E-001   0.31928030286002128E-001
   0.66092892963909955        0.89626186429900376E-001   0.76899606254973274        0.31937967850522844E-001
   0.35118542946541542        0.39427787958912122E-001   0.82256834593289019        0.31904117192335484E-001
   0.66422559769665157        0.87757642312268055E-001   0.43907668993733417        0.31817185068578037E-001
   0.44064118246083495        0.89374774585890965E-001   0.75603566119101284        0.31957818718755714E-001
   0.60045477004546426E-001   0.39301083022604183E-001   0.50458936343859428        0.31848662794500923E-001
   0.33255176973601092        0.88265633257386206E-001   0.61849461126156380        0.31927872018790326E-001
   0.83003096008427013        0.89326039374078361E-001   0.54399961238397010        0.31895495691729031E-001
   0.23725467482408713        0.89172840776504114E-001   0.29115944439450725        0.31928533754162651E-001
   0.59725748044926785        0.88157224741709200E-001   0.64418917397576114        0.31901254842714832E-001
   0.23814442450272122        0.89483652352363330E-001   0.78517067580365230        0.31882380858082614E-001
   0.80357212858381444        0.39130245580767262E-001   0.48467496206578958        0.31898838399773234E-001
   0.37737425060527607        0.89176967322290690E-001   0.80844688734663262E-002   0.31868922729119301E-001
   0.81342676228186139        0.39415633833272394E-001   0.65875048417113780E-001   0.31850038672184451E-001
   0.16591903090456253        0.39199629391398573E-001   0.26697963773185956        0.31952348080758024E-001
   0.62318959942635166        0.89106322705248611E-001   0.19671325408375193        0.31853904300833444E-001
   0.99616421526996668        0.89016885709675544E-001   0.38433061127786855        0.31740234751887544E-001
   0.81400876137182165        0.90491439798633513E-001   0.28820760943384705        0.31900598463645270E-001
   0.43167064440499092        0.39485058177673032E-001   0.64686951245041646        0.31860536077634991E-001
   0.13526206559708942        0.89043441450416219E-001   0.56359289148843961        0.31861568560379895E-001
   0.11909881357858014        0.89218812263271607E-001   0.99296446376678216        0.31956017757839329E-001
   0.71810105498365195        0.88844798016878307E-001   0.29814251819075616        0.31922081602130579E-001
   0.37354918043470703        0.89310333859182744E-001   0.94437438586974665        0.31855736470743246E-001
   0.88574337602047948        0.89644655163194198E-001   0.74614313935814547        0.31828404953693559E-001
   0.95684176527331477        0.90451422200599638E-001   0.26867627145850281        0.31869142730585248E-001
   0.26797100766144244        0.38877772259993303E-001   0.70498561367722390        0.31801180161154255E-001
   0.51697510513353184        0.89099280694153959E-001   0.40305025814164797        0.31882987127407988E-001
   0.96748286449098997        0.89248258953553261E-001   0.14262631536292605E-001   0.31800246863669904E-001
   0.51094031395805928        0.89329014739790796E-001   0.90944365769666291        0.31866613445105829E-001
   0.55879192116191412        0.37978847729259441E-001   0.65717498492105197        0.31859165651262310E-001
   0.48567360789842390        0.39036066235795426E-001   0.59009719328915700        0.31800870195000538E-001
   0.19837555580189481        0.39176858569482408E-001   0.96195587154947448        0.31836606957920975E-001
   0.52930790214446022        0.89128237077487960E-001   0.29061279964797010        0.31891031214494256E-001
   0.42775606471386468        0.37593007738208589E-001   0.45541999413136680        0.31809503714723943E-001
   0.87160363559355114        0.39494552475323547E-001   0.39227558873900815E-001   0.31894971501744002E-001
   0.55422353919526390        0.39926004704451970E-001   0.72104113340894238        0.31887657043073073E-001
   0.51891407901450282        0.92134600979526984E-001   0.75238023921739172        0.31871009425681641E-001
   0.50621793810440789E-001   0.39387750565229827E-001   0.69203843350225547        0.31827639721745710E-001
   0.43261706113969994        0.88067187357985785E-001   0.20079158233188027        0.31876484717569174E-001
   0.63724577836276031        0.90157545442524578E-001   0.59415814563163938        0.31869946485736683E-001
   0.58190635666203727        0.89296776585318358E-001   0.94486411570193396        0.31928324010575437E-001
   0.22812710304916922        0.39140209515831172E-001   0.25216960329724469        0.31948948366703901E-001
   0.15824217835146451        0.38836266325850348E-001   0.36036054306189824        0.31900074870047049E-001
   0.19475253447384908        0.89481745481159017E-001   0.20046907629223862E-002   0.31897226920599465E-001
   0.25726678389458213        0.39346781288377722E-001   0.37821840236892285        0.31867126495441545E-001
   0.29705288470509833        0.39189097924646303E-001   0.85683562372875843        0.31863966290795236E-001
   0.76743753236455370        0.39103372727906982E-001   0.11012466135842434        0.31890178853545607E-001
   0.49515882176366277        0.39317618152251259E-001   0.65317772824613562        0.31883327602183507E-001
   0.67624204335924387        0.90443234112132842E-001   0.53876393283671342        0.31930773997868180E-001
   0.18412000858791137E-001   0.89445671122359127E-001   0.32415935170701249        0.31858541538869876E-001
   0.27378602808782565        0.89198761924290548E-001   0.48050938001225518        0.31895119760066024E-001
   0.47215803546106117        0.95384758885272092E-001   0.27592120207635906E-001   0.31898935960030572E-001
   0.45307621674231230        0.90807871612203023E-001   0.11307534013690713        0.31809775411200718E-001
   0.62839326491169345        0.88200365615223153E-001   0.49261939439812769        0.31887041747121640E-001
   0.67147325329566898        0.90151177130403770E-001   0.25401431601635505        0.31932952951414205E-001
   0.47859227029511781        0.89074590914481500E-001   0.35011429336293309        0.31918327355597069E-001
   0.93115101702551162        0.39207622806291295E-001   0.16052503348318106        0.31930445995291268E-001
   0.14078002817914631E-001   0.88470415758073892E-001   0.80165549956965662E-001   0.31809254030643143E-001
   0.74925645758817228        0.39453954354604977E-001   0.95110209557908010        0.31895826443715511E-001
   0.91699256485966232E-001   0.39240146866654863E-001   0.57642379627345108        0.31888266304803410E-001
   0.30476693050479210E-001   0.89847287835318035E-001   0.79486815959111312        0.31784526985167490E-001
   0.51627780443407389        0.39187344766463794E-001   0.36323471382711547        0.31955228031916555E-001
   0.36791369314150685        0.89128137650346689E-001   0.85928312093083392        0.31853296604949767E-001
   0.74629993224984953E-001   0.89194545017181742E-001   0.29409163158696561        0.31876567339212590E-001
   0.87276700633620985        0.39665587418399317E-001   0.81132913058066525        0.31771903772378304E-001
   0.12809698300707051        0.37529158588194333E-001   0.74893876754375432        0.31903981577566728E-001
   0.52775978020941872        0.38865749389005277E-001   0.54229414694510314        0.31864599623825013E-001
   0.47236617230496536        0.39143544397882604E-001   0.91955233062307440        0.31874059077038865E-001
   0.82236647430667187        0.39592842350273105E-001   0.85407480156440585        0.31961721090327459E-001
   0.63172297434621505        0.40244733279036347E-001   0.25301073447386468        0.31844737861192116E-001
   0.74240654540864015        0.39081776022358711E-001   0.46143823544195850        0.31922170179792417E-001
   0.42378696464103881E-001   0.89007109371316381E-001   0.86107014739857179        0.31911682478909964E-001
   0.16662304076196818        0.89335357238848737E-001   0.49963278263494770        0.31791505051042133E-001
   0.80314988100445639        0.89753025388121674E-001   0.88932384484836080        0.31897311569439819E-001
   0.30135737843945859        0.40184156662197205E-001   0.73927340571215860E-001   0.31872286220542112E-001
   0.87760279742196001        0.39674022077745591E-001   0.88598409342061912        0.31820795432061642E-001
   0.94786235229197036        0.88535161994023490E-001   0.73151086997156756        0.31926479908627590E-001
   0.91297820307338440        0.37474477087116265E-001   0.62817128966815339        0.31953545596593899E-001
   0.98372452790779163        0.39285359015961391E-001   0.97827040370448037        0.31807226461847991E-001
   0.68079196251010343        0.39572700540840340E-001   0.80385768638803246        0.31890724161963271E-001
   0.12131275624115201E-001   0.36514415800026873E-001   0.27913515581452703        0.31898216156657201E-001
   0.77149596157077538        0.88893465215664866E-001   0.23763562912426020        0.31848445787404096E-001
   0.90016168456571843        0.37970944969000914E-001   0.99844473774496040E-001   0.31965436419890608E-001
   0.29123916581974563        0.38442617671875234E-001   0.63876239298845827        0.31883612003966638E-001
   0.10862990883209947        0.39191988046037907E-001   0.31431960440588824        0.31841434611432309E-001
   0.29671999841807056E-001   0.39216059369243439E-001   0.56054805591680812        0.31789766636850784E-001
   0.52838001067125717        0.88446800180251084E-001   0.68736753294310304        0.31875668990785887E-001
   0.84663136220364132        0.39631059577901626E-001   0.75080671532175547        0.31806570338358403E-001
   0.18431734351071158        0.39133707322543169E-001   0.55498037410987067        0.31774717914615648E-001
   0.37991762973216558        0.88905851308117748E-001   0.45707323505528186        0.31824453161840731E-001
   0.70735724388223631        0.88179134996748662E-001   0.19794643787505165        0.31868736948216778E-001
   0.56929946440912460        0.89131192956725849E-001   0.51099408514680970E-001   0.31861467339235373E-001
   0.77293906943079926        0.39313414987702952E-001   0.11136002501837687E-001   0.31844855385478404E-001
   0.27521293542019082        0.89087625962460545E-001   0.34252799222345898        0.31825054832184584E-001
   0.53456021231110296        0.39130008592781068E-001   0.94139882739607761        0.31821574960884287E-001
   0.59065785478932553        0.89150598913725926E-001   0.25153350742478003        0.31819237552557757E-001
   0.59593576751130661        0.39316463616888092E-001   0.90772309137421781        0.31880062295926784E-001
   0.66183246011060548        0.39001554785145755E-001   0.10427897291691596        0.31864973616949011E-001
   0.99076966552274015        0.88753146640936698E-001   0.17476743352642940        0.31826779750669561E-001
   0.54735509086900586E-001   0.39221549008040979E-001   0.62842958632561452        0.31907154241310819E-001
   0.75064669855996369        0.39532755770423159E-001   0.62305600083809631        0.31875916094246684E-001
   0.90488061214359605        0.89168922290968455E-001   0.41099141889548607        0.31867265231840566E-001
   0.48391208182528550        0.39168387851991879E-001   0.98220698216751745        0.31808112102000519E-001
   0.66888279039357779        0.39135121468385395E-001   0.48549139976940930        0.31842884181705916E-001
   0.80959960496440900E-001   0.88941159731451003E-001   0.19694907778154258        0.31835495730974904E-001
   0.12832744883437910        0.39308323384095734E-001   0.52425164178369643        0.31846285277373571E-001
   0.31429941369416858        0.89332082293967996E-001   0.89367221940126385        0.31813373930469728E-001
   0.76955539294936481        0.89280165827409871E-001   0.50553841592400162        0.31943311333283562E-001
   0.83463590255621167        0.88932164741132705E-001   0.38148435250212126        0.31920775370382161E-001
   0.87517631958237460E-001   0.39223592411049522E-001   0.17509451496653686E-001   0.31839212363512295E-001
   0.62553423655164386        0.37677074400161055E-001   0.35468379346575413        0.31894735414528259E-001
   0.86744246840449279        0.91986423974881201E-001   0.64754280695351218        0.31888879735801345E-001
   0.92485891307703560        0.39175674891201329E-001   0.37521114109461480E-002   0.31778304371717706E-001
   0.38966588653725276        0.89335179884592483E-001   0.64734517618591358        0.31916883905900729E-001
   0.57439463573931571        0.89527824054585980E-001   0.87369643546996867        0.31873191184702630E-001
   0.83933970033704419        0.89771227807592044E-001   0.79010673206341198        0.31841773406351748E-001
   0.10000084100665124        0.89099539225454369E-001   0.35314741157349050        0.31863000568034226E-001
   0.44220916784922369E-001   0.89159313462339781E-001   0.13844914532997601        0.31939091924499362E-001
   0.38759783915518209        0.89262848781059265E-001   0.55464269371626984        0.31838896580038231E-001
   0.43041735577828028        0.37319160140993138E-001   0.24946848239864966        0.31924044863726013E-001
   0.15541167377782816        0.39215990466456761E-001   0.91773713770943299E-002   0.31912716077984155E-001
   0.99584221318426314E-001   0.39116998844108831E-001   0.16063620831556949        0.31825647033857651E-001
   0.28554857665656137E-001   0.39256826157527999E-001   0.41795847858206829E-001   0.31924733825925616E-001
   0.75875615651688699        0.38873667486594501E-001   0.20003057869902449        0.31890464451242231E-001
   0.86029904676809214E-003   0.88522222923958782E-001   0.65903316942271528        0.31880489146410403E-001
   0.81425821309729876E-001   0.89278943013017198E-001   0.94072598141187103        0.31884308036596254E-001
   0.71942600916572552        0.88991925014428319E-001   0.10428054754900910        0.31885269784524529E-001
   0.67627172090390075        0.39089396211651653E-001   0.87473449109782119E-002   0.31787529076756707E-001
   0.21201605141660826        0.39091244899506203E-001   0.38607058718064052E-001   0.31870067935302393E-001
   0.16791441234461890        0.89221298009633798E-001   0.17662973778365615        0.31885400755384125E-001
   0.19198407264242737        0.89218119736946627E-001   0.59404969471125357        0.31952099671489459E-001
   0.37119993470548523        0.89406241291793864E-001   0.70842700646159873        0.31811377940676379E-001
   0.23136361214329546        0.39133715896732930E-001   0.60075604554440831        0.31952055562222650E-001
   0.16341891106248249        0.88904445386641939E-001   0.65114465492056739        0.31873260268320915E-001
   0.30234148936049487        0.89293843163104805E-001   0.81742770579868340        0.31855483729820819E-001
   0.57612083283401630E-001   0.89053755432949827E-001   0.40097640981348703        0.31912317520974079E-001
   0.66835381300482599        0.38649109144625070E-001   0.30507992034079806        0.31786369568868746E-001
   0.14294095810346266        0.39245433799618527E-001   0.20734152267972175        0.31844414747093625E-001
   0.32060998202552676        0.39164399251097590E-001   0.57950079898799256        0.31881187277042866E-001
   0.59525213913818020        0.39641427519174710E-001   0.83974899897062072        0.31937700982089666E-001
   0.91530518229089619        0.39081911553847534E-001   0.24734240791044929        0.31899698306571057E-001
   0.16406475783063815        0.89479888251991255E-001   0.77772560062184992        0.31906170659669907E-001
   0.47898536099777117        0.36854207881849406E-001   0.20563813325570879        0.31888450360354439E-001
   0.93553842948299237        0.90319987687841483E-001   0.95223569700592436        0.31888405244303357E-001
   0.98472239806188227E-002   0.39368366351082151E-001   0.88919144655156579        0.31822806853700820E-001
   0.66441881265141267        0.88711195102817275E-001   0.14483390304987462        0.31883229685633931E-001
   0.70947741391081620        0.89180123713016854E-001   0.48386819195747072        0.31855524185163110E-001
   0.99154254941807241        0.38890347113805103E-001   0.61987302852008486        0.31849160646815866E-001
   0.92795807622546267        0.90898289396646403E-001   0.67044847096939597        0.31950536236826609E-001
   0.41593838263037786        0.89614643907099140E-001   0.59864556644322629E-001   0.31851444976940403E-001
   0.87707262040123291        0.38978832904071212E-001   0.19471915654595706        0.31833338602534081E-001
   0.91905219713755770        0.39685821098351642E-001   0.76757223137311636        0.31918557498454174E-001
