 3 HS poly
 400 2
 161 239
    1.0000000000000000         0.0000000000000000         0.0000000000000000         0.0000000000000000        0.10000000000000001         0.0000000000000000         0.0000000000000000         0.0000000000000000         1.0000000000000000     
 T T T
   0.93110541831599769        0.30841454044045449E-001   0.22671959461957608        0.35919050977578221E-001
   0.77224839346934304E-001   0.31489328719631345E-001   0.57203168450662167        0.36432434317768346E-001
   0.95902356486295359        0.31685916265289847E-001   0.82566844486133362        0.33930825356010309E-001
   0.82382929468640009        0.30932690769682476E-001   0.45503489458871216        0.39027442713785353E-001
   0.52944719913799065        0.81390856275178405E-001   0.98059662593245200        0.34126363828177873E-001
   0.80350030119076668E-001   0.82101394357358651E-001   0.51706055476134527        0.33652766655757761E-001
   0.22319237330403319        0.31629220689657213E-001   0.40326781863703914        0.37948069968307706E-001
   0.84288962369258746        0.81234931440769473E-001   0.40398177865697971        0.34604660241711514E-001
   0.21906175720359830        0.81398323614498419E-001   0.13392700574651620        0.38106760912276424E-001
   0.37800847981784080        0.81247079645231396E-001   0.27052539505127815        0.34245163374211615E-001
   0.99685576371924967        0.81686989708795413E-001   0.85817571242250879        0.36420802123504167E-001
   0.77862810040215974E-001   0.81596401631429186E-001   0.68716914347358260        0.35587909445424559E-001
   0.21079366919111112        0.30470309802345587E-001   0.26793828260857017        0.34899641193018693E-001
   0.48719552665152205        0.31659849059878939E-001   0.95735510871218521        0.34130158443423431E-001
   0.24866645744412422        0.81418720991122129E-001   0.21650584253323543        0.36508249744441730E-001
   0.74781363195177664        0.31703248858689199E-001   0.81493860152537412        0.35389356121960584E-001
   0.40670268170089030        0.31679506970427491E-001   0.85063996634964167        0.35991641889717790E-001
   0.98751891694472582        0.81657327804936453E-001   0.78717747299764573        0.35157427670758530E-001
   0.30079033077041140        0.31547863266097195E-001   0.31882687022760514        0.37196134457289101E-001
   0.41461880142786733        0.81519413284380546E-001   0.33265385473332881        0.37386050829148323E-001
   0.87108587351597999        0.29449499354654064E-001   0.35130173228191314        0.36355238984017268E-001
   0.75676558223107349        0.31422467473479501E-001   0.88718740264029783        0.35657150593238499E-001
   0.91195689300973259        0.30985084875469283E-001   0.56095242002592116        0.35182089948629737E-001
   0.50485626910367298        0.81685978501364970E-001   0.54245552831719002        0.35169997953713381E-001
   0.31764995629117954        0.81354254233696674E-001   0.35696574348121242E-001   0.35445567882684798E-001
   0.72501222260511899        0.81179555444187812E-001   0.15433767924718639        0.35458732558346487E-001
   0.62005106292811296        0.31261397877707861E-001   0.90975861430554661        0.36593147881280992E-001
   0.77773606853670330        0.30804876624945632E-001   0.75352640299159723E-001   0.34165153264446337E-001
   0.66527868944271729        0.81677774692468674E-001   0.66456704334926453        0.34647035441839474E-001
   0.44053854351528487        0.81497580073917816E-001   0.22559555055788974        0.35053699562667955E-001
   0.20018792560200699        0.31567468832986841E-001   0.88531849059990708        0.36248037539947840E-001
   0.57701368533118058        0.81186678950187330E-001   0.11641657393652365        0.36168027833566513E-001
   0.54014998080798948        0.31378466228203332E-001   0.80311257619071885        0.37552799460804302E-001
   0.10470015816462368        0.31608615203035741E-001   0.73023629532897238        0.35533772716655726E-001
   0.59511896601340875        0.31120631383415781E-001   0.43000851556543657        0.35965299414515865E-001
   0.98042539594670974        0.80897470421145173E-001   0.21132105418786798        0.35940820884541952E-001
   0.96127579974607646        0.80778216267485770E-001   0.57308349864285024        0.35929779601409896E-001
   0.42161652794535803        0.81551045577946513E-001   0.57014552760272641        0.36677257787950689E-001
   0.12888589694705585        0.32082760466223145E-001   0.51393628361111809        0.36072313496155424E-001
   0.56110825381600171        0.80873416674657805E-001   0.75267820929959395        0.34206504277873709E-001
   0.63598223071989657        0.81153177141957258E-001   0.45946490337496432        0.34890842337180795E-001
   0.53209872925283253        0.31097514794682143E-001   0.30244728262988180        0.35188463387534299E-001
   0.71219321108735911        0.81301200780864016E-001   0.50651432332114388        0.35465124907677767E-001
   0.23775471500632364        0.82146212868724797E-001   0.45764505364004326        0.36694031929364761E-001
   0.39919093793758309        0.31161564029649327E-001   0.19482718997832216        0.35317681476130444E-001
   0.83549858242160790        0.80964796125155392E-001   0.64099309151103456        0.34476696646158711E-001
   0.35996858238824980        0.81657404834028946E-001   0.82753316901708518        0.36152716296372213E-001
   0.16768657816849958        0.81548756963253047E-001   0.84200761893553522        0.37380529678963340E-001
   0.50312595434994067        0.82347914101123798E-001   0.91072236571592002        0.34621512768122677E-001
   0.44717776110817453        0.31581991632242505E-001   0.76743182153277500        0.36547429386685586E-001
   0.16976742449846545E-001   0.31638981015820598E-001   0.74648315741269600        0.35690537859853690E-001
   0.80037538347428838        0.30835575944161281E-001   0.38071843275411260        0.34503375821023710E-001
   0.60856976316311806        0.31230865280748307E-001   0.77324044335523923        0.36594166876475813E-001
   0.29242215534859872        0.28562658517831060E-001   0.75094275765762697        0.36945752776036421E-001
   0.49860409222335217        0.81505777988982051E-001   0.61570125964245326        0.38243859761340371E-001
   0.66133874605944942        0.81802312446597900E-001   0.59454990054973111        0.35432306312898246E-001
   0.51093342637393324        0.80699075065075454E-001   0.35220393293740831        0.38177612172444517E-001
   0.44520197207702145E-001   0.80982039701147382E-001   0.24530785266372815        0.36606508768902001E-001
   0.59914957377061984        0.81180373015565827E-001   0.96518146555105855        0.36762089768154649E-001
   0.91307533564069354        0.81628997787270549E-001   0.81247679653667404        0.35168929283144038E-001
   0.82405020732149581        0.30963933623072634E-001   0.69222284309967608        0.37951615772594781E-001
   0.95170176705250353        0.81423635755167090E-001   0.94164880333881251        0.35950308413784805E-001
   0.32913060286010493        0.80969434860104078E-001   0.93191345905893397        0.32114246710598100E-001
   0.55366377777361164        0.80690109415918809E-001   0.25328313517169704        0.37878663332132231E-001
   0.77791035159776534        0.32543233116109453E-001   0.63117639971937933        0.38423310501373716E-001
   0.70029684180623963        0.31467341561199146E-001   0.95582201567585778        0.35647742190817087E-001
   0.13395165601492211E-001   0.81482649686234851E-001   0.14364222966919199        0.39338128960632872E-001
   0.51518248342200990        0.31696504086304943E-001   0.73419667369315667        0.35555297621977060E-001
   0.85857587096022503        0.31451180436868467E-001   0.97016156301516343        0.35053845826346852E-001
   0.77506517397608410        0.80995709289841900E-001   0.42584235742877891        0.36542063811025212E-001
   0.40172356563537648        0.81243770410934613E-001   0.74657625737997702        0.33843999199771789E-001
   0.56269089981585807E-001   0.30994949959186557E-001   0.99930181991127826E-001   0.39207671565857596E-001
   0.87161994800565168        0.30948361964320367E-001   0.17603119265046188        0.37906092923991795E-001
   0.78562988673539202        0.80908999684366739E-001   0.49962112924986757        0.37970037618382434E-001
   0.55416569369648716        0.31336023752980960E-001   0.93891964013066764        0.35314603338743665E-001
   0.72770792567331188        0.31008043482666382E-001   0.40314485967088448        0.35930284252321538E-001
   0.38078861786839208        0.31547201411325880E-001   0.94120948205987609        0.38839303016195953E-001
   0.81764726369523721        0.80852496850499944E-001   0.19527163258738175        0.38050902146470410E-001
   0.44215726024080126        0.80967152519676650E-001   0.40333267864795552        0.37897127406121674E-001
   0.80760554995471592E-001   0.81363660456916911E-001   0.45132030904874915E-001   0.38669258916006810E-001
   0.19036247800797626        0.81637353820477085E-001   0.77250385571592672        0.35717583354971688E-001
   0.42950470987389200        0.31253721802719382E-001   0.27786611474502371        0.37851947736705686E-001
   0.11948936082798704E-001   0.80688581405749013E-001   0.31082491504953147        0.36550429027246527E-001
   0.79205048182366296E-002   0.81284525985648851E-001   0.67083628748088472E-001   0.37387860809940991E-001
   0.34189670623956098        0.31212446967913844E-001   0.23728982365726045        0.35775482098889658E-001
   0.17410605985898672        0.81338581545198560E-001   0.72072987123761464E-001   0.38304405359089314E-001
   0.68636924798651167        0.31098592237635787E-001   0.55022511466796120        0.35174483594713618E-001
   0.25575303425163037E-001   0.31601934193347253E-001   0.67306089860087936        0.38115812909846357E-001
   0.55040537027501102        0.31173650658953625E-001   0.16610280815486644        0.39142739502545501E-001
   0.53010178009000797        0.31187491270146018E-001   0.92585845050314058E-001   0.36381265717132474E-001
   0.76890126201603692        0.80949944092408355E-001   0.70036018727069671        0.36921349149891786E-001
   0.64272541798442911E-001   0.81597124068664498E-001   0.83368490190967448        0.35181660760538649E-001
   0.50048484946738872E-001   0.81761191624502655E-001   0.61862551191309378        0.35865385025330834E-001
   0.68268567465606922        0.31210937079880954E-001   0.12077434901355323        0.36526844679049042E-001
   0.67506053322069348        0.80770751345535088E-001   0.37390374330673865        0.38276075355388475E-001
   0.56370644879399867        0.30431242811412820E-001   0.36576024853570799        0.35542710318094854E-001
   0.79248001188892847        0.81412961498285419E-001   0.84627500955824775        0.38154399091775607E-001
   0.97219348203574318        0.30531561721466701E-001   0.52044003940538908        0.37316231835331497E-001
   0.73077434433594091        0.81025729863444793E-001   0.57601447074887580        0.36382557107474060E-001
   0.77821186175132084        0.81631551422903556E-001   0.77310865075457058        0.36315874889051331E-001
   0.48506140164789779        0.31536591117001120E-001   0.66912230769485737        0.36140367953542814E-001
   0.50728675689295932        0.31261686013134095E-001   0.24193837638980309E-001   0.35655568952887504E-001
   0.89086147122011305        0.81402293605421436E-001   0.84341359039952820E-002   0.35631318827430487E-001
   0.96330773204502751        0.31272988295085909E-001   0.36100500304676673E-001   0.36383322569646478E-001
   0.98141414857775344        0.81584795463236839E-001   0.64173977261740089        0.35562513209907880E-001
   0.10034493507909258        0.31465384383495297E-001   0.99480003201266398        0.34764282399605037E-001
   0.31736641172773683        0.81234794616704437E-001   0.19134623483848728        0.36403228263599430E-001
   0.72973153237366306        0.31241714136043069E-001   0.21515680620360109E-001   0.36321179355442747E-001
   0.11362220462071995        0.31693590826767357E-001   0.86213853755714187        0.38832460722216550E-001
   0.27866669414176654        0.81336555393963172E-001   0.63036452957526901        0.38634677298442346E-001
   0.18692759996974725        0.32109199385516367E-001   0.55785649893947986        0.35991332729504638E-001
   0.30697944035270713        0.31636458428817564E-001   0.82315038215646386        0.36765755900529044E-001
   0.82904129418779982        0.31393674783642932E-001   0.90312516820585464        0.38010918526961923E-001
   0.24275168798745114        0.81196495167332516E-001   0.92174741439363250        0.38047470252701769E-001
   0.72248801964966969        0.81179030736502400E-001   0.78721431624935015E-001   0.39948379496915452E-001
   0.34231604629693946        0.81598748868219759E-001   0.35156170903538181        0.35528529444411490E-001
   0.93019871703446810        0.81005019361484465E-001   0.74125910610165635        0.37902829232812491E-001
   0.36765354822240526        0.79148405942605846E-001   0.68457721361121326        0.34799806418653857E-001
   0.10011990767985186        0.80885788318157070E-001   0.31150770620902379        0.38750071624500712E-001
   0.46597894353245095        0.81555176764459947E-001   0.71790551777282618        0.36246515024213055E-001
   0.42453215145846018E-001   0.31522839176937753E-001   0.87715959361908491        0.33662570202593160E-001
   0.11152390372220530        0.80907720999000329E-001   0.11412119304653841        0.36414691128731594E-001
   0.48446659174082862        0.81259270627829810E-001   0.28230230459742495        0.36530879566717585E-001
   0.70967067511754134        0.31753588434213539E-001   0.68355533717707884        0.34626221554635510E-001
   0.59119032793560178        0.81635846498984158E-001   0.61061386810579721        0.35068010920138296E-001
   0.15216453589986392        0.81563579537394917E-001   0.71215176831726357        0.35687428160124775E-001
   0.57813951301568556        0.31177800610073355E-001   0.13720179861234449E-001   0.35934947804072200E-001
   0.95581559001410921        0.30984321806412175E-001   0.31948170467593712        0.34733984953052598E-001
   0.54529578848643845        0.31488447779740379E-001   0.57982636902160645        0.38975558451742207E-001
   0.12998859772374205        0.82167254051932120E-001   0.56557366735965175        0.35737083788813732E-001
   0.79082552562115238        0.81652158585910711E-001   0.12504261564534919        0.36580675578263021E-001
   0.22495620713631917        0.31564666971156653E-001   0.80890375862957531        0.35054926787899413E-001
   0.18474645379541968        0.32127662510583570E-001   0.46724548312430253        0.36677686942091642E-001
   0.88014820668102045        0.80921151901441252E-001   0.46352739198961518        0.35623433359254116E-001
   0.35886807207269944        0.81339066714610497E-001   0.92008370545831247E-001   0.33442001113414131E-001
   0.99300444590912063        0.81305038569384119E-001   0.99742491906288133        0.33401583088366632E-001
   0.20649397595941571        0.31396904908630341E-001   0.18642991722238039        0.35442993974489974E-001
   0.18615129321069565        0.82233334659550475E-001   0.60772825869973035        0.34481760343469038E-001
   0.78729049885121438        0.30782266309156831E-001   0.23530251765509019        0.32627711776524758E-001
   0.48472700660316531        0.81234723590459731E-001   0.68942695017788116E-001   0.35114668904295661E-001
   0.89452188384910436        0.31425803945961221E-001   0.60360557382841303E-001   0.36524151882562868E-001
   0.15532546144357204        0.80956685085434590E-001   0.17161413084437990        0.35854228525872285E-001
   0.86013365477476433        0.81004376135886555E-001   0.55425286655618944        0.37114887123595702E-001
   0.65439970358192445        0.81195050223459117E-001   0.16616303335193963        0.36130982691960779E-001
   0.66403100055540587        0.33080443567404194E-001   0.51126465249281883E-001   0.35589941239823265E-001
   0.60714969191194557        0.30696697236345168E-001   0.49964591513113488        0.34686075490474373E-001
   0.88118190499370586        0.31306367669705425E-001   0.64769603114773533        0.33230959611105747E-001
   0.41853105276088187        0.31711394526903788E-001   0.70214074803379312        0.34335915103191790E-001
   0.68485914678475190        0.81265961244795792E-001   0.22800636035448066        0.32772086008030339E-001
   0.43213957577198320        0.81464179002933720E-001   0.65209667721925446        0.37434757625216190E-001
   0.71413859986253070        0.80754458002312526E-001   0.29118287935420323        0.36851396795023611E-001
   0.50797717615935645        0.81255599041786322E-001   0.19810122851857989        0.33727574239899624E-001
   0.61848834892292537        0.32028569551077787E-001   0.56849744277644598        0.35089658418591012E-001
   0.75501673035115813        0.80878942833835302E-001   0.35399173263624756        0.38033019052713328E-001
   0.47469942649631852        0.31328869786038147E-001   0.83282750951984963        0.34281272966885344E-001
   0.95202476757324528        0.30942484403287670E-001   0.40675040241803062        0.36702848820973334E-001
   0.26426442951161289        0.81582220726495944E-001   0.36231623400449409        0.38440518867571952E-001
   0.83754692813219933        0.81559595897088333E-001   0.64655978414859566E-001   0.39306908316069637E-001
   0.66282088835102615        0.30387297598004948E-001   0.27524697736349463        0.36007595539848364E-001
   0.99437622964294536        0.30982646127353256E-001   0.26060215759809968        0.35570466884774173E-001
   0.21547639235743676        0.81945326167534610E-001   0.67411851272587975        0.38092883409806544E-001
   0.69982782103702490        0.81035713362658163E-001   0.43958442540616000        0.31886504133198032E-001
   0.46659661767113964        0.26937445750858276E-001   0.45785434688198290        0.31861292654892730E-001
   0.17528925474597087        0.82083573615595429E-001   0.51337846100718065        0.31904337688996524E-001
   0.15798496134836010        0.32333643295164569E-001   0.34222905071089055        0.31841730098082374E-001
   0.19034071867283353        0.81747834838463068E-001   0.96831269998137848        0.31877960558450352E-001
   0.52950038625685536        0.26933306289169647E-001   0.44709537039464015        0.31904874846379723E-001
   0.77837532743031623        0.31103396176374549E-001   0.96260052752988368        0.31802187459700294E-001
   0.22290901267425622        0.31443977528406268E-001   0.64868047349346952E-001   0.31856796867259930E-001
   0.39140276211062630        0.31144705201396911E-001   0.11994699228653599        0.31850125953124517E-001
   0.31280127272739833        0.32478929247379211E-001   0.38688576855419365        0.31789014703904418E-001
   0.69496848019042345        0.31146898964759681E-001   0.18809987120820593        0.31819988547065636E-001
   0.64242143896852799        0.82967857945618534E-001   0.93474758217048162E-001   0.31845252886108531E-001
   0.36497075914909283        0.81716230987367078E-001   0.53149739479325087        0.31862782853262619E-001
   0.41182138482299829        0.81172157617425300E-001   0.34235752194748600E-001   0.31982273776952036E-001
   0.42604066674641927        0.30201645971716696E-001   0.99540702698966410        0.31750842868190556E-001
   0.59500505374649471        0.30429907549346377E-001   0.27934242182046487        0.31825771178086847E-001
   0.14182671055168780        0.81410348256879206E-001   0.97508227231205558E-002   0.31835915621244826E-001
   0.54145378372749264        0.36043828681091974E-001   0.50911512832897321        0.31895483064955966E-001
   0.87103441215455968        0.30892812786921908E-001   0.50789503920152734        0.31805302891296607E-001
   0.87501285356378244E-001   0.85772440506993675E-001   0.42055073202036664        0.31814266387650676E-001
   0.15334207871794350        0.31583789660663483E-001   0.95216945781664841        0.31843000358565930E-001
   0.23350514725869315        0.81606021760126379E-001   0.56113742664579858        0.31854684123040829E-001
   0.54537163947306566        0.31298464290311044E-001   0.87234353960261046        0.31834261416749506E-001
   0.72197669619948313        0.81602126234981198E-001   0.85194919227870747        0.31842582677573290E-001
   0.26301977253999315        0.31897616612337663E-001   0.68879145790088114        0.31829926516657225E-001
   0.74126864020684591        0.81067412468515926E-001   0.97627841307943952        0.31854082005606563E-001
   0.15205604228204883        0.31592834847646037E-001   0.79682622183839280        0.31765041991695463E-001
   0.31179746835073208        0.81383013850118868E-001   0.27200873940138742        0.31923907216886455E-001
   0.97135678168673867        0.31658952466531366E-001   0.89720211455495602        0.31919793736139970E-001
   0.50188228876609531        0.76954959126174227E-001   0.47565444882899882        0.31831356480601876E-001
   0.63744436038998029E-001   0.33855455174254596E-001   0.93919609956722283        0.31771513624288129E-001
   0.19394534769621949        0.81991032130856234E-001   0.35974643524322347        0.31901333690656647E-001
   0.33392011180269632        0.31398824670417227E-001   0.14759185159861260        0.31825707283473670E-001
   0.40318226440610039        0.32512807757935858E-001   0.51267399150531423        0.31743647780057019E-001
   0.68603090331284133        0.28878719122524651E-001   0.88931897972512053        0.31832220321673224E-001
   0.39120934905343835        0.81085323752129734E-001   0.47329110535584612        0.31901763207997771E-001
   0.92213307538432421        0.80812184583695518E-001   0.51657178465462339        0.31875088836882851E-001
   0.84878523374514869        0.81396770916290828E-001   0.79269987376102491        0.31809694539026954E-001
   0.77535614302545464        0.81340868099490385E-001   0.30104230309543300E-001   0.31832608803644163E-001
   0.85134275044270469        0.30924952248829185E-001   0.24290147629269501        0.31853384854015433E-001
   0.85576334371678242        0.80898411317454968E-001   0.72938605027718229        0.31878624102737466E-001
   0.88450029028735289        0.30977453255905132E-001   0.41838740820505760        0.31800116287391232E-001
   0.57460658960485544        0.81306219842460864E-001   0.89882083213774244        0.31816835563564808E-001
   0.72128407540623607        0.81456416768664719E-001   0.91560745973130209        0.31804142172229349E-001
   0.57593359088377413E-001   0.81630740794357753E-001   0.76686584051565865        0.31847658288040662E-001
   0.89137979081674201        0.31011768110058777E-001   0.71198302190642249        0.31826473984120980E-001
   0.64716260249913393        0.80616290302003027E-001   0.52726688462194549        0.31883236162716905E-001
   0.81496693467880599        0.30886069215983216E-001   0.53867569693591544        0.31910722932094043E-001
   0.23061478524192500        0.31046166689153522E-001   0.61483781729396669        0.31846264984059396E-001
   0.91855628436122194        0.28899444301476049E-001   0.12436563288266482        0.31833664842873831E-001
   0.10212587683969477E-001   0.30723117139519647E-001   0.35797324343235210        0.31871912012957346E-001
   0.60556771217496597        0.80549999041099565E-001   0.38406781673641949        0.31873623684734169E-001
   0.64160857378694469        0.31665697147999848E-001   0.70155107977200271        0.31844197727453470E-001
   0.12121691867260051        0.81600153653887730E-001   0.77235675909774348        0.31852884999265793E-001
   0.36649162203566360        0.81553853476923538E-001   0.98917079562598909        0.31874353797060925E-001
   0.14637944242207104        0.30493316895270486E-001   0.21699276997881364        0.31880317971667849E-001
   0.76036393941212355        0.30852444772124451E-001   0.30043734275050893        0.31773814602073992E-001
   0.86006064933503934        0.81454277173812123E-001   0.86477962435413736        0.31885315395114168E-001
   0.91822696789694980        0.81439534122149992E-001   0.67093985370737952        0.31856629926691506E-001
   0.58020684291472258        0.80725452795628649E-001   0.83250452215774207        0.31809095847991548E-001
   0.83681961065315880        0.31572349390736831E-001   0.11547733336334828        0.31890692715456331E-001
   0.75342255224211604E-001   0.81067032574852038E-001   0.17894415096565597        0.31878459811664830E-001
   0.13244738649601367        0.82130327343958198E-001   0.64733324642940471        0.31879168096936299E-001
   0.39635607042044801E-001   0.32052800376081082E-001   0.50525567236018809        0.31826495876553659E-001
   0.44337823435048573        0.31260281801891436E-001   0.90789970351820592        0.31898603580274056E-001
   0.61675040570478357        0.31180799584044062E-001   0.13966005970646594        0.31792324529128516E-001
   0.64113973907696120        0.81262504475463251E-001   0.80723030302601417        0.31851478335059490E-001
   0.46008579539242384        0.31583443625019005E-001   0.54275483559654281        0.31818511703028407E-001
   0.37131393582416367        0.78470518128424468E-001   0.41243116672332664        0.31891892582779552E-001
   0.38141914357578621        0.31659689607061121E-001   0.78661787556314466        0.31902501382047359E-001
   0.57871785217540772        0.29503289540885574E-001   0.71163113035376990        0.31764342455510616E-001
   0.66248525952682835        0.30847312688518876E-001   0.42153598914107782        0.31822816673992727E-001
   0.13132234710276436        0.82501267936898298E-001   0.46701409431593105        0.31757719357826626E-001
   0.88686264975335838        0.31280166038049673E-001   0.77585239920367166        0.31835425016952690E-001
   0.36845241892117775        0.27690828833556554E-001   0.40376658669857846E-001   0.31876597841973713E-001
   0.97952450419456538        0.31340718829337616E-001   0.10575135585488753        0.31832528201459348E-001
   0.54143553751748799E-001   0.82119599443572486E-001   0.36529138982007997        0.31806111663422600E-001
   0.74451629514252171        0.33118737276974911E-001   0.46924585053488793        0.31817693839953844E-001
   0.26808164421612957        0.31343628947274313E-001   0.87965389436982977        0.31826288743758716E-001
   0.99715332497764553        0.31155671963023358E-001   0.95553136639997360        0.31837794410299797E-001
   0.13440620536934966        0.30881344478588570E-001   0.41729868285835359        0.31797947043172438E-001
   0.93872474871012759E-001   0.32307052543927149E-001   0.36356634656507114        0.31796351033117898E-001
   0.64086204170614547        0.30811036622394629E-001   0.98785064870709460        0.31819454274117066E-001
   0.23660253596905240        0.40613042629058835E-001   0.51229624835685283        0.31824847413304103E-001
   0.40208763562793889E-001   0.81912657401495573E-001   0.46528587385024778        0.31826901067396655E-001
   0.46625162941288489        0.31350643113782099E-001   0.18886843616127583        0.31930823116710423E-001
   0.35731515592731283        0.29143380551411871E-001   0.72750573659419304        0.31899202999874351E-001
   0.53078077969030413        0.83676809977251160E-001   0.68525781295669241        0.31880136872772323E-001
   0.16189088454138542        0.81567982288413013E-001   0.91124252076969414        0.31829885400032933E-001
   0.27264413595535963        0.31599039442457427E-001   0.56687851634005881        0.31892045655589958E-001
   0.44086093506805868        0.31231788961400244E-001   0.61474635751409497E-001   0.31797253062302126E-001
   0.83974538828184508        0.30921260927103723E-001   0.59749384112732840        0.31849285000390380E-001
   0.34294117700520627        0.27004454989883721E-001   0.44308946111076025        0.31931425992080605E-001
   0.96129973758096798        0.80957436991346429E-001   0.45275896669785265        0.31861604376613617E-001
   0.62262284597899442        0.82603975427282483E-001   0.30573342304207832E-001   0.31853345743995655E-001
   0.16858205118102265        0.30132941753227862E-001   0.12336858189442734        0.31852590855962835E-001
   0.85873942235609457        0.80879263480427885E-001   0.28181395329529779        0.31873765939668598E-001
   0.23870541891982424E-001   0.31718965720267271E-001   0.81420454377369367        0.31808359654266691E-001
   0.68103808087735684        0.30895851747996250E-001   0.82554326182512328        0.31784050286537066E-001
   0.44008730326043022        0.81238427738414609E-001   0.15857423984090768        0.31838824533357415E-001
   0.50600771204455341        0.31255177521694648E-001   0.24060668812004721        0.31921071109213758E-001
   0.30185541167012636        0.81377958598328817E-001   0.12443889199063719        0.31894792236162657E-001
   0.46695531392811723        0.80843535822791218E-001   0.18518597071390118E-002   0.31786753080065094E-001
   0.31827568403894951        0.31376393612085857E-001   0.80835803224538760E-001   0.31881909792332262E-001
   0.27622857466691686        0.31379588629986570E-001   0.25425034841872957        0.31891102041672760E-001
   0.96668005944765323        0.80959186510351402E-001   0.36210855167071532        0.31831040125793894E-001
   0.49531443386406421        0.80855807453579343E-001   0.78404268025805024        0.31776823522978795E-001
   0.26203004774897948        0.81312045298338728E-001   0.73940308556439877E-001   0.31849817531489640E-001
   0.27321476181439591        0.31310149414284012E-001   0.17675778265700645        0.31821098655247550E-001
   0.68246622318330818        0.80711041696845565E-001   0.63673159691586502E-002   0.31851471571233560E-001
   0.78830637727229980E-001   0.81517770360018948E-001   0.89926069517693819        0.31906126152350035E-001
   0.63347100935768164        0.31414901588365310E-001   0.21104483438599536        0.31872721771543308E-001
   0.77136146599659194        0.30389274226114694E-001   0.16910934868420641        0.31829076452328915E-001
   0.79841274951623487        0.81638212539552196E-001   0.58490421291890959        0.31786041871501497E-001
   0.27694685889155662        0.91303627454581940E-001   0.51557319183023986        0.31841840560635194E-001
   0.11453491746052007        0.81262872286941637E-001   0.24194987952005523        0.31839985443060756E-001
   0.88543896436351455        0.80894540875030771E-001   0.22275387547671269        0.31867828700179193E-001
   0.18215571123979454        0.80482612606968429E-001   0.23411577337219264        0.31890570488983222E-001
   0.81342359936285757        0.31329289953946793E-001   0.19570263664831691E-001   0.31864566153794634E-001
   0.86132054573837769E-001   0.35657622240777363E-001   0.46072319508032999        0.31848921557064827E-001
   0.46259000903939607        0.31574978006351305E-001   0.33921890920786618        0.31828387600092031E-001
   0.89840400071389892        0.31457585413655668E-001   0.85480303086433218        0.31832693267966755E-001
   0.78442849564094386        0.81202736946107093E-001   0.92349475139738502        0.31773253102696297E-001
   0.70882952227830187        0.30806123486935712E-001   0.33804938906827264        0.31824593049864736E-001
   0.30673228331055991        0.81332734894349695E-001   0.87104582581623302        0.31897103890158755E-001
   0.57400925570439076        0.80909801009546201E-001   0.32037280489615849        0.31856288347934233E-001
   0.87132881073255352E-002   0.85614150473958636E-001   0.40995633480939053        0.31868414089574471E-001
   0.48771267804053713E-001   0.35668412687283761E-001   0.40873684776697833        0.31903890695889246E-001
   0.45002100027648989        0.31555124639619951E-001   0.60745956367735554        0.31853542714270232E-001
   0.64916154917049473        0.80484931912981464E-001   0.87045828622232513        0.31806378635766651E-001
   0.44973649421053052        0.81194091343154251E-001   0.86863535488557353        0.31919723562025160E-001
   0.75103377585449038        0.80924667468239342E-001   0.21641659023884188        0.31830364972827895E-001
   0.66033922785041976        0.81391768423697025E-001   0.93404743968384529        0.31856412535434239E-001
   0.33807879710302541        0.78555109368319304E-001   0.76290471789543612        0.31799975913314744E-001
   0.36241631062510515        0.81360548044157044E-001   0.60794013422934756        0.31909826937461624E-001
   0.19607158398736189E-001   0.81119678639692785E-001   0.92297703957276378        0.31870521902890109E-001
   0.23649313998397148        0.81535956750356742E-001   0.85206514633245811        0.31869322978092141E-001
   0.31252350974848203        0.81584314959049428E-001   0.56786841351503003        0.31934812439627931E-001
   0.90981208624153287        0.31340964208163340E-001   0.91757541769685558        0.31861244716195974E-001
   0.28807877662148201        0.31237114299877040E-001   0.94032410099838215        0.31903740095757666E-001
   0.12472833873349135        0.31226418933634589E-001   0.68913156706901402E-001   0.31840120542261492E-001
   0.90801651606607436        0.81004011195058623E-001   0.38682417350501330        0.31812740675762563E-001
   0.70029095436437006        0.31778278305234574E-001   0.61717404626968086        0.31846878622510087E-001
   0.38434314974684436        0.30865886579603069E-001   0.64169613977628981        0.31876307538686505E-001
   0.26802994079079445        0.81702944585237205E-001   0.79665952961523501        0.31851135793819665E-001
   0.72355336928429415        0.30811436815936136E-001   0.24497721735843581        0.31809999510559468E-001
   0.24737465505177936        0.78570247892600920E-001   0.73632930547875830        0.31868288523826803E-001
   0.88048842771973487E-001   0.31652859641314694E-001   0.79564911351536982        0.31907865435002319E-001
   0.67262094355648749        0.31251178547822660E-001   0.48451352722518648        0.31864872762797092E-001
   0.64296215325175721        0.81388176551150784E-001   0.74132828491251745        0.31842823720729996E-001
   0.79183381684492571        0.80886734138927385E-001   0.27614980869171596        0.31885887121922640E-001
   0.26598888156918944E-001   0.88758702130171452E-001   0.55423082949382541        0.31857958869989350E-001
   0.88742886168997240E-001   0.31806410469413564E-001   0.64307345803706517        0.31804801991991961E-001
   0.70307959942033027        0.80443586381746063E-001   0.79106872133486661        0.31869513131961083E-001
   0.13998766176664759        0.31413119712687225E-001   0.28049281059673431        0.31883330632118796E-001
   0.95016459224439720        0.80854695694667800E-001   0.27218917110684659        0.31817353767663141E-001
   0.13200689749215505        0.82179771692494824E-001   0.37484870019318423        0.31828112996947620E-001
   0.92562355798675489        0.31444624484079635E-001   0.97925034404545774        0.31802836993925068E-001
   0.82373527325334905        0.80780514442527276E-001   0.34024535187532029        0.31921492626090515E-001
   0.82397423441408413        0.30815667893756789E-001   0.30065622049690066        0.31813028624219059E-001
   0.33025206781492457E-002   0.33014151874300728E-001   0.59766932125604610        0.31857450135322894E-001
   0.54790313113312272        0.77241067805022018E-001   0.41160332579572972        0.31847574317079803E-001
   0.82609494856259666E-001   0.30942075848196818E-001   0.21802504428195876        0.31857401758841587E-001
   0.54576581314062282E-001   0.30741577463850159E-001   0.29118365865542672        0.31759496221730389E-001
   0.82357919038973382        0.31570501792890802E-001   0.76209081046141081        0.31857829505361250E-001
   0.55628347241499704E-001   0.84003946997521478E-001   0.97905224906242339        0.31858045662966288E-001
   0.36976141825484587        0.31499824860525140E-001   0.31394752781034735        0.31878768137458678E-001
   0.42533719974252854        0.81579088529044233E-001   0.80866652822062679        0.31824143007026795E-001
   0.22385274959390580        0.80917770761674113E-001   0.22582091693956346E-001   0.31824743795987327E-001
   0.17610274349527730        0.82129828789216153E-001   0.42110350141818992        0.31873354407212784E-001
   0.43130996122277054        0.82253495577869915E-001   0.94763093202632620        0.31799184001541719E-001
   0.17668005991932081        0.81344594253888361E-001   0.29781396091534068        0.31835349701796793E-001
   0.92324314352522241        0.78944253278085214E-001   0.17021901062409797        0.31811507355434032E-001
   0.87165239436405639        0.81332002419346267E-001   0.92754515568531237        0.31812589428570091E-001
   0.59234992411466547        0.81008075711209604E-001   0.19455227777667997        0.31834391033728711E-001
   0.99178721620394650        0.81643115076625500E-001   0.70852438126031536        0.31842187782754251E-001
   0.55002595934999043        0.81026638084550309E-001   0.50134326644707516E-001   0.31817883478878296E-001
   0.32453664044854807        0.32675509161796103E-001   0.52609960180828241        0.31919032584446082E-001
   0.44603488124583734        0.81605796803502384E-001   0.50589307611530365        0.31808802351022090E-001
   0.50592117990162822        0.81078729224492954E-001   0.13248165945013365        0.31862110264621324E-001
   0.49057954509734086        0.30722590735687255E-001   0.39675046530842090        0.31795706374457222E-001
   0.93122144632194659        0.81303155481925418E-001   0.87703650026877056        0.31825374205828809E-001
   0.32741071933384297E-001   0.34958817861313420E-001   0.20673268697697811E-001   0.31867284722543673E-001
   0.22416819937101057        0.31617818823583436E-001   0.33334485933462044        0.31857280594750424E-001
   0.61931019234893758        0.30723507421143242E-001   0.84110366838466766        0.31817456361121717E-001
   0.94093014060964997        0.31572904410371139E-001   0.62151769893714148        0.31859036879229842E-001
   0.83922273196599362        0.31396825411248712E-001   0.83101170293425530        0.31895633429835354E-001
   0.32261982027067476        0.31332520208310344E-001   0.60708680620221023        0.31843810355444473E-001
   0.19399250730740365E-002   0.31697698245980933E-001   0.45381872874844131        0.31811465151036673E-001
   0.92514613634651066        0.30802601668059176E-001   0.46983209325615771        0.31765207117478968E-001
   0.37464370745093789        0.31571075033330946E-001   0.56998714779112447        0.31809586789846710E-001
   0.51635614753878312        0.81338548700090996E-001   0.84519019645132454        0.31938841349330671E-001
   0.32567747684973108        0.29114591937025272E-001   0.67073725179264365        0.31811787529215887E-001
   0.67938595178536199        0.30777819047603395E-001   0.75883643062485295        0.31864124947422835E-001
   0.30381393867076734        0.78561286101581737E-001   0.70477439235655925        0.31872742731054192E-001
   0.96527213302328940        0.30849163933570185E-001   0.16798517292376630        0.31881667547450691E-001
   0.55747205644726505        0.31332329054424547E-001   0.65012898546728892        0.31879451954379821E-001
   0.95584183055099925        0.31004078868051524E-001   0.68994871839249772        0.31807916019231892E-001
   0.11081242165509923        0.30905378801737823E-001   0.16076498879152387        0.31917237700171137E-001
   0.60015403739626039        0.78740543466895616E-001   0.67756341691785260        0.31825393961341715E-001
   0.34540136687515655        0.31220358037210717E-001   0.88002364138104150        0.31811231105049818E-001
   0.20418838416316012        0.29010743519929660E-001   0.72481791159564535        0.31831316214084360E-001
   0.18254815250914483        0.31913413084729003E-001   0.14286579168801427E-001   0.31809186309406837E-001
   0.28409776206499598        0.31800331536176417E-001   0.46698846448795983        0.31737654232718543E-001
   0.74302972395229216        0.31253584400883806E-001   0.74220610169038592        0.31909539874994147E-001
   0.29837966262311383        0.82682527144190734E-001   0.42373994065801496        0.31790939452396534E-001
   0.42396086511086867        0.81237204198805091E-001   0.96992438640796805E-001   0.31809460833930860E-001
   0.46232685994715700        0.33232665379229476E-001   0.12154388068364934        0.31845853085143698E-001
   0.62686949371593959        0.31877099823526475E-001   0.63901045481646379        0.31839717490126603E-001
   0.72914909718040766        0.81692023546735992E-001   0.64423819015320638        0.31843373835340916E-001
   0.91174600431768582        0.81061118030887169E-001   0.32319345008799288        0.31853069879459836E-001
   0.62346386321592528        0.80314849250631537E-001   0.25096624578614368        0.31819933330736044E-001
   0.32664795798170004        0.31497902082527944E-001   0.99122599593055394        0.31949283151472940E-001
   0.63783318722176041        0.80564259029852758E-001   0.31404575661806500        0.31873187425012245E-001
   0.26372457216259193        0.31344227710652477E-001   0.11378096527427990        0.31836531397375682E-001
   0.81466307934575577        0.81448222921845059E-001   0.97965676331866580        0.31899017563369027E-001
   0.89818407936527556        0.31047723922973371E-001   0.28606044607068515        0.31812547616275610E-001
   0.70537476512477726        0.81699559285665399E-001   0.72725493926732820        0.31876760631477138E-001
   0.93990744179471131        0.82349684951861180E-001   0.84788394373580545E-001   0.31873172125975430E-001
   0.14259983866063367        0.32148467899006272E-001   0.60921254321201712        0.31765431347209501E-001
   0.27481888741567817        0.84339311514756377E-001   0.98374249962328741        0.31801589500183081E-001
   0.60186296275073525        0.31131100215581017E-001   0.77347538738680582E-001   0.31860099727315773E-001
   0.56905610985725030        0.82789655800168754E-001   0.47245932810673957        0.31888348242419595E-001
   0.75141626833617448        0.30927006350056074E-001   0.53425815255894227        0.31792231412649197E-001
   0.23097843363265338        0.31376209156279505E-001   0.97150908290315330        0.31807627013162122E-001
   0.38461088562346130        0.81603202566262023E-001   0.89117294901386856        0.31801178157456159E-001
   0.87544796567240935        0.81256686273637149E-001   0.12627359532116020        0.31903310325924139E-001
   0.63014753511503097        0.30563787854663151E-001   0.35300992912408641        0.31883196723929461E-001
   0.40643413950816265        0.31006584760466707E-001   0.43653484873649140        0.31874598504185475E-001
   0.38772639059861258        0.29099786764489616E-001   0.37530992851758205        0.31792318741890965E-001
   0.37604772914498868        0.81137969997695028E-001   0.15642030550134745        0.31788015200203579E-001
   0.25061737490250557        0.80440046861841669E-001   0.29266031593090469        0.31777946418519228E-001
   0.16642518840896095        0.31574079620186178E-001   0.66894017693968288        0.31839274962552074E-001
   0.23311987961278778E-001   0.30733950477495386E-001   0.19448396495814732        0.31905339923300392E-001
   0.32782283879294127        0.76931299029926126E-001   0.47996001679654438        0.31844165254001675E-001
   0.57727477316209930        0.81493701612799577E-001   0.53910868882567486        0.31811053469882160E-001
   0.27094940341018886        0.34353594397220126E-001   0.23064859641590083E-001   0.31881229553954483E-001
   0.90310397413809851        0.81270137602165504E-001   0.60820266735151496        0.31810027721918759E-001
   0.11357598283792347        0.81577944516404488E-001   0.95268509870541529        0.31821026972893816E-001
