 3 HS poly
 400 2
 161 239
    1.0000000000000000         0.0000000000000000         0.0000000000000000         0.0000000000000000        0.10000000000000001         0.0000000000000000         0.0000000000000000         0.0000000000000000         1.0000000000000000     
 T T T
   0.16697426261747075        0.95169456484529236E-001   0.19931819858842723        0.37179953125924509E-001
   0.97050995301897447        0.94834436035578160E-001   0.57742773416577164        0.36446602667493597E-001
   0.20649488236519198        0.94607855899817350E-001   0.10911914344249253        0.35504908305356610E-001
   0.18335563850160008        0.95110067879976043E-001   0.89105494506596217        0.36441138819137679E-001
   0.69473933722860620E-001   0.44764361331126573E-001   0.41052526421870889        0.33407272306174136E-001
   0.84567043769677963        0.94320065243898410E-001   0.75851113844876883        0.36139517882145054E-001
   0.93858453229954819        0.44984671149122614E-001   0.68883161049643371        0.34718607946799186E-001
   0.30283789424623625        0.94674217370514818E-001   0.28551564892676801        0.33737423377243392E-001
   0.74797077236497544        0.94077435964085201E-001   0.77794767454461866        0.32544869362780504E-001
   0.17991727628607618        0.45088686978907888E-001   0.83871084966032927        0.35786901456804764E-001
   0.52609474118655719        0.96137461164172239E-001   0.46083081330344430E-001   0.35983729236112615E-001
   0.70663704642949343        0.94171372381375240E-001   0.49856330801778853        0.38625202347163247E-001
   0.83664717872409577        0.44296973131065703E-001   0.70843714871747021        0.34910246743571266E-001
   0.68016784321139823        0.94520483324815094E-001   0.66606972871894221        0.34990601471078658E-001
   0.20927120003731059        0.44778463959342013E-001   0.38690451688548133        0.36974442519369412E-001
   0.39406250263531895E-001   0.95121325953129332E-001   0.62851030763041293        0.36035121513697761E-001
   0.37558922533225542        0.94897962863641730E-001   0.56383855587741372        0.36553976983124049E-001
   0.53274912235703109        0.94734949060299334E-001   0.24298694672430232        0.36833988114031026E-001
   0.41363750051092474        0.45033287512102366E-001   0.75405358765804642        0.36900399953418747E-001
   0.56243958797892839E-002   0.46211988422220615E-001   0.44602526334007997        0.35386203367337749E-001
   0.82327529602179150        0.44597769455825623E-001   0.38350223911250436        0.35110907122116515E-001
   0.33006022805286989        0.45171568033705797E-001   0.88791268036892224        0.38608926371068553E-001
   0.69410303068041523E-001   0.95066886857839247E-001   0.27863363839669683E-001   0.35178671533574013E-001
   0.49663142431045920        0.44828343893645671E-001   0.86062483604585061        0.34354374408199807E-001
   0.60581799688376303        0.44715938276584169E-001   0.48874380042664929E-001   0.33241543777706793E-001
   0.83131114753446489        0.94423743953436889E-001   0.90656613869220271        0.36770302544372982E-001
   0.36165855239960487        0.94985836011954233E-001   0.76545416401534794        0.36070775086892798E-001
   0.16306706164943977        0.44877437013735699E-001   0.44084225227067753        0.33972453959872979E-001
   0.47193941237729581        0.44807773169530989E-001   0.50619902518101700        0.37756720203459382E-001
   0.33636898602987980        0.45132945653073110E-001   0.98268308971699225        0.32864588540031846E-001
   0.96110503429396288        0.94881332872119958E-001   0.41706165017209501        0.36057234846207854E-001
   0.30793720596500990        0.45015092196483544E-001   0.66900953632329418        0.36550182330758588E-001
   0.45645680715923681        0.94657888626620501E-001   0.45211999298156630        0.36599543844265274E-001
   0.33597233410069965        0.94135184003467320E-001   0.35288536886968941        0.37469697595668837E-001
   0.80871959484507994        0.94790868300234615E-001   0.23196052549028401        0.36503135348394403E-001
   0.44482360564679740        0.44916916646953228E-001   0.31049943109910494        0.34746231618231573E-001
   0.98307505669867429E-001   0.44897268240049720E-001   0.12049186814106637        0.36981946120208942E-001
   0.11795534391036866        0.95038432998102246E-001   0.74693137136396370        0.37355347139825891E-001
   0.52688252816824588        0.44880980611995608E-001   0.65317840880895028        0.38549406073150307E-001
   0.69088292130612572        0.44729899372562824E-001   0.84930022619223569E-001   0.33376029945386181E-001
   0.62675834715556167        0.44472412995478883E-001   0.67648692368174701        0.38876085862620265E-001
   0.33370344223522103        0.95148574555348253E-001   0.39311861625305977E-001   0.35824163267855633E-001
   0.16701272712437831        0.45168766795893461E-001   0.60723008740652062        0.37176615583824776E-001
   0.89120116766334878        0.94776128282206967E-001   0.44567236137487332        0.36468798189893653E-001
   0.79505922394399264        0.44617751295321161E-001   0.77189260149293382        0.35899182998062482E-001
   0.64239697249077243        0.44582324833414656E-001   0.31119626289299862        0.36178071809995188E-001
   0.28889286966555650        0.95115089844805933E-001   0.98320817409415817        0.35958975718917430E-001
   0.64320445616454014        0.43930015434182998E-001   0.23982566293087332        0.35166975382922204E-001
   0.79825325429312977        0.89184674006956371E-001   0.15966224215952041        0.34110412349853951E-001
   0.95600944685239120        0.44941577996893599E-001   0.14936399697893818        0.35668803652340528E-001
   0.92989557907013265        0.94762412200679741E-001   0.35077053121466895        0.37153374777116589E-001
   0.66739971397531994        0.95061903097941783E-001   0.78628602334457676        0.40178821005357246E-001
   0.26897405170155553        0.95036185401725037E-001   0.72322008663363788E-001   0.36832820842483550E-001
   0.19072026222790964        0.44846674032360367E-001   0.31372497083866219        0.35423078756611888E-001
   0.21828700675166762        0.45073457489672154E-001   0.21736761428795337        0.36552053913141369E-001
   0.11727977818518989        0.94794380743174117E-001   0.42118033432068991        0.36528797727596964E-001
   0.21895708140083436        0.45171516743051303E-001   0.59363638514569446E-001   0.34931628996840491E-001
   0.99635266694438984        0.95088772311610059E-001   0.46100908592362724E-001   0.39520178081469709E-001
   0.12679927444580055        0.94984233074239754E-001   0.93499307633460815        0.35103834962115381E-001
   0.63687658733974239        0.94632484089696600E-001   0.36299697627054511        0.35979474969250559E-001
   0.98436390990093292        0.44866807348402649E-001   0.63098293102158443        0.38095493117754856E-001
   0.46134592493236336E-001   0.44657917284505397E-001   0.21036118957929673        0.34187643386421912E-001
   0.56462996623931794        0.45018572744726038E-001   0.71715887267283351        0.35373773769045588E-001
   0.70156997557311285        0.44379425500572049E-001   0.44615345821270186        0.33796647174258510E-001
   0.65372862728884318        0.44904260992135611E-001   0.90197508744928045        0.37668187699040359E-001
   0.85639505571232222        0.44306622927075115E-001   0.80897503048898989        0.35630382078499528E-001
   0.32989506575294608        0.94296970418707063E-001   0.19869974143764552        0.35659142062494362E-001
   0.27056086506105546E-001   0.94630881505428532E-001   0.38948833604000727        0.35322077013046835E-001
   0.24702533965561049        0.45088308558048767E-001   0.72170636007555244        0.36618707936279311E-001
   0.70864614843216045        0.44159932447739671E-001   0.55657700599589033        0.37933367323508833E-001
   0.82255397631148008        0.95043771660100695E-001   0.32390686160373117        0.39353153112485384E-001
   0.22280246156505557        0.45734256956193181E-001   0.56018446572527247        0.35780812030054829E-001
   0.25434316599829138        0.94636045169545144E-001   0.41241102479968911        0.34778391907658135E-001
   0.71620254784543236        0.94711640500401761E-001   0.46264255321032330E-001   0.34644367861457089E-001
   0.67049469630281133        0.44872571861948471E-001   0.13570156268265757E-001   0.40413835321988271E-001
   0.38714172259478002        0.95249802068854472E-001   0.98671439030970642        0.35834359812389041E-001
   0.63474232252280383        0.44622747662167339E-001   0.41838270440507386        0.38561514555828263E-001
   0.15458812200632516        0.95107150180850322E-001   0.66073233453654179        0.37037344267273536E-001
   0.64305769265932100        0.94874079999219360E-001   0.95876448715650475        0.38639382079700142E-001
   0.39220620293900627        0.44896047485344398E-001   0.35849115096607731        0.36422876705016503E-001
   0.57627335478339814E-001   0.94936707791360569E-001   0.95628757587560631        0.37270205843979859E-001
   0.56284432993327083        0.94717069509582461E-001   0.34979089998023566        0.39178493214833805E-001
   0.15206519923889147        0.44947165199321869E-001   0.25206179978191806        0.36855764015323880E-001
   0.10620020130792908        0.44993960061835238E-001   0.64416988194914182        0.33919941198375367E-001
   0.91021899495336445        0.44756341214600065E-001   0.25091858251651755        0.35097765320644903E-001
   0.84922738640801920        0.94797005332732012E-001   0.56884478076545640E-001   0.36966726454159896E-001
   0.50000483566987197        0.94799222908345804E-001   0.90682061882698151        0.33772169015862025E-001
   0.50742560622323829        0.94719325283205411E-001   0.40052343402297180        0.35926487073909143E-001
   0.72577760223985557E-001   0.94951269036388702E-001   0.16918300023535204        0.35562470527414416E-001
   0.27470212139313374E-001   0.44948805543281692E-001   0.99957094121191115        0.35401685263266536E-001
   0.90806155396800459        0.94662574709317021E-001   0.79611511693374348        0.36648318887753883E-001
   0.89378737169538125        0.44657160399370635E-001   0.74865566593368138        0.33701111008579678E-001
   0.30165355915183134        0.94976755989036904E-001   0.72309272343038811        0.37339674579537470E-001
   0.29805152006985797        0.44609808762100051E-001   0.39215784201518222        0.34595117160880082E-001
   0.11713078059539100        0.44984358796864764E-001   0.18870939359382100        0.33768857192171799E-001
   0.98086778527447349        0.44939450731562879E-001   0.37194252466142513        0.33976057368573225E-001
   0.84080700298995514        0.94766842973369195E-001   0.97923348646439368        0.36462786937575251E-001
   0.25191231266794550        0.95058500089856057E-001   0.66567200677527327        0.38586542502402711E-001
   0.86665026598905237        0.95548025142137616E-001   0.15393759471810251        0.34747390332497262E-001
   0.95578201759925241        0.45016031947955275E-001   0.66180335576313974E-002   0.35944593428606307E-001
   0.40384095527786351        0.45071716905855770E-001   0.84494441215875371        0.35226163231681019E-001
   0.46105432411865194        0.44552094284802307E-001   0.69511188733499329        0.38390659600874857E-001
   0.72269115269744999        0.44245787422179807E-001   0.63200335624992043        0.38622055219886917E-001
   0.90370334064922275        0.94724100211916129E-001   0.55135662247611916        0.35150763062564726E-001
   0.82804924539538960        0.94225544409125006E-001   0.66107288560859034        0.34401237921690739E-001
   0.95794296924807143        0.44785804147225411E-001   0.30438544724067429        0.36539225866639040E-001
   0.76995275274389996        0.44801004845680267E-001   0.20204542893682653        0.33398296792431476E-001
   0.60570264592115575        0.94560240098461215E-001   0.27450318771889004        0.35646686134687043E-001
   0.40559305215613112        0.44624878608483680E-001   0.47130219638488319        0.37205109967974943E-001
   0.14377004160941270        0.95379069248318862E-001   0.48944882189520916        0.36664114064696281E-001
   0.50634375550465438        0.94898211877001454E-001   0.81019717889536635        0.37244637787497016E-001
   0.56084170924863896        0.44737918452733061E-001   0.12853630854635650        0.38618665558782440E-001
   0.39625787642323967E-001   0.44998591558037981E-001   0.68443977602305206        0.38725228414854103E-001
   0.43583863420172311E-002   0.94930880230733206E-001   0.32371816044631169        0.34254037261574610E-001
   0.91501386111840188        0.94744257960564626E-001   0.89072673087330334        0.38740512043123759E-001
   0.88815017515053896        0.94637231918458450E-001   0.69919677071796327        0.36746314335917185E-001
   0.58735867603162295        0.94652828998707916E-001   0.56875674425039846        0.37452349904422519E-001
   0.12224149534097745        0.45564207465256017E-001   0.53971674598004671        0.36217882439939113E-001
   0.44537318966807976        0.94832803260937598E-001   0.36206034728395553        0.36554681717985975E-001
   0.44595516819651654        0.94777191782992501E-001   0.25248745005048207        0.34986528478188499E-001
   0.44202271964096435        0.95378245643319134E-001   0.11718554793722934        0.36030798994899998E-001
   0.24948694748960071        0.94892470923435515E-001   0.77403727403180833        0.35485278366325819E-001
   0.33454466449984294        0.44435530938335105E-001   0.15119371922632580        0.33179147275182223E-001
   0.91537023226909509        0.94962255688604627E-001   0.96832344837338313        0.38843664366108914E-001
   0.72194174607140560        0.44511360304710687E-001   0.87758389183575169        0.34503844753105452E-001
   0.23804873618696060        0.95159491855299580E-001   0.93533239867624407        0.33871667351114777E-001
   0.58553478493789368        0.94698188057869739E-001   0.58885291014789797E-002   0.35720716071399580E-001
   0.17268230655459169        0.95745895076140133E-001   0.55440852323391610        0.34429443886597522E-001
   0.41085093666870631        0.95002572525228604E-001   0.17807125589313502        0.32358803525624244E-001
   0.87038526713229494E-001   0.44915951546743681E-001   0.84607754055696827        0.35229350436627518E-001
   0.92886639743781063        0.94763944509697925E-001   0.63784437708424557        0.36845014215160746E-001
   0.19305976032136268E-001   0.45004738498755435E-001   0.81711711633547290        0.38370588552403398E-001
   0.90836722126298752        0.44923014634516110E-001   0.39716799214128118        0.33820988278770676E-001
   0.11387951899494599        0.95022567526415122E-001   0.59469523752321540        0.36733846302101539E-001
   0.63855272794251972        0.94551943899875146E-001   0.47168307082870919        0.34564243915198835E-001
   0.38601069321336373        0.45379191427574531E-001   0.93621431724429538        0.34989334410677614E-001
   0.69809050432816866        0.44782327004112450E-001   0.15315753011615629        0.35161430246994779E-001
   0.50528989885690589        0.44926411375162456E-001   0.75674649000252980        0.35934219352873734E-001
   0.34914237102295392        0.44610858814157495E-001   0.30095574319734081        0.35342092596471086E-001
   0.61078585512653172        0.45041307742310910E-001   0.77246680947916690        0.36540644131528514E-001
   0.68138208890152951        0.93612687793329583E-001   0.26368262056370706        0.31852717828939503E-001
   0.79516073300836876        0.44980929491979196E-001   0.86353952827022851        0.37945148183295696E-001
   0.87864366006934069        0.44832722806730667E-001   0.33362251700021583        0.36262280066198291E-001
   0.23907354994695468        0.94899921663558776E-001   0.33895777233862767        0.38348850565048234E-001
   0.49755481494520620        0.94693355223526718E-001   0.30897786186772669        0.37779719153179583E-001
   0.28934861863019268        0.94713835813049652E-001   0.14121203129368967        0.34684502890426461E-001
   0.54018865135740013        0.44744841715882597E-001   0.98692297473015622        0.34236066463230012E-001
   0.55562807854800433        0.44718078125234123E-001   0.29253489156716450        0.37168143616625959E-001
   0.10372866014683966E-001   0.94826376585613520E-001   0.50371217997020645        0.37304810610654521E-001
   0.54394068612791679        0.44805589483472234E-001   0.53392630846429057        0.37020341842191405E-001
   0.92062690784724832        0.95021331806360632E-001   0.10751114288206115        0.36447890338526044E-001
   0.84253179197558137        0.44820043443139654E-001   0.27145512777265912        0.35603504310972721E-001
   0.49689301953469733        0.46359773670067522E-001   0.89596012700586244E-001   0.36247295590125073E-001
   0.27189943986988252        0.45012527114048344E-001   0.83915824825060159        0.36147035945674241E-001
   0.50232304152126074E-001   0.44893165682079850E-001   0.34334943962870251        0.36307326304605009E-001
   0.27950887677014046E-001   0.45015393634646184E-001   0.14197216412664951        0.36536736124787743E-001
   0.19117552123507195        0.95068762860401834E-001   0.72708792714195525        0.38437384600522005E-001
   0.97619837793297559        0.44844183723082034E-001   0.21811045758371406        0.35490416422221102E-001
   0.83716093788842905        0.45708611634898616E-001   0.11146536497246308        0.34510455298404401E-001
   0.51533457438543306        0.94886138083574767E-001   0.70663188880051930        0.35503539787921534E-001
   0.32097955145881990        0.95085318634937507E-001   0.61498102588785597        0.38119834685066890E-001
   0.17195941028024145        0.43540879105443096E-001   0.94450029802641167        0.31761111995924934E-001
   0.78471028184403768        0.44246236595468641E-001   0.66594596442236864        0.31908748475512137E-001
   0.93767951027232366        0.95456729075291402E-001   0.19269880155394553        0.31909667832880705E-001
   0.78576043701244735        0.44123081311405160E-001   0.43920885501036389        0.31884924676413511E-001
   0.22688894514424301        0.45115865846796964E-001   0.97661665781525719        0.31860206821050285E-001
   0.64469723161823478        0.45026179941877409E-001   0.83300669950639494        0.31888916425219273E-001
   0.51615481589173806        0.94778246906853242E-001   0.48576521196769729        0.31855117279033035E-001
   0.39866165142907978        0.95739410334332226E-001   0.31156150061375104        0.31828479331229703E-001
   0.71595380180378854        0.44144634207093837E-001   0.80914901221290136        0.31873185319583323E-001
   0.92061011232928402        0.44672882562325586E-001   0.84116780758755194        0.31797247934180629E-001
   0.40198953247386027        0.44729272479215147E-001   0.25937148122573223        0.31892785405756456E-001
   0.40232528161611647        0.95161061283679377E-001   0.89448182468228188        0.31888298958211873E-001
   0.36033746869357491        0.44688227580672063E-001   0.41903073960364612        0.31896542462060397E-001
   0.89826810652039735        0.45453403407582943E-001   0.18485962594712341        0.31924875994809983E-001
   0.31658218358376999        0.45394946355583589E-001   0.88384774956572293E-001   0.31791852455358240E-001
   0.28063735591513511        0.45166335981690293E-001   0.93809312661741739        0.31815646437821213E-001
   0.75634871978540330        0.44154859993292744E-001   0.49596784112632947        0.31879311630634677E-001
   0.40315902065439091        0.95034480732843249E-001   0.63183722606065140        0.31787445110894333E-001
   0.79447196968253142        0.94112940139740975E-001   0.48460754053028943        0.31813426329880073E-001
   0.51913513348196560        0.44655559709456914E-001   0.19724796240597930        0.31881095172774758E-001
   0.62017718399178046        0.46561205341206301E-001   0.51732854433972975        0.31964581582073402E-001
   0.89554128185251047        0.44940233972333390E-001   0.68121689443102970E-001   0.31884176074565278E-001
   0.44255531280763849        0.44976108350006178E-001   0.62732799827310981        0.31830535637445902E-001
   0.99826352250307460        0.94989152976060240E-001   0.77227766118780550        0.31957544303142647E-001
   0.97610965804491290        0.45016215855825388E-001   0.87254303376676334        0.31874566974900383E-001
   0.34066055611800489        0.95419085725338956E-001   0.93690235644645947        0.31854224676618116E-001
   0.28044959786400092        0.44576800598666526E-001   0.18755880144760276        0.31857221563798117E-001
   0.34962907355168443        0.94449800300521511E-001   0.11226046535052707        0.31865429514603909E-001
   0.26625931227962990        0.47273858301260227E-001   0.61423769463640987        0.31839786528680518E-001
   0.77486935824219538        0.46606040290518000E-001   0.26861637000580235        0.31846421864716118E-001
   0.17160093636702831        0.94697035929733109E-001   0.35821834193348334        0.31798924635666005E-001
   0.57698646912415263        0.44746027177024729E-001   0.22656870178983968        0.31899327604753454E-001
   0.93690236561426177        0.44883509647464556E-001   0.45640640855808595        0.31910877469643315E-001
   0.42295637602299797E-001   0.96436571684937689E-001   0.88182182668778941        0.31967002218474018E-001
   0.78113322099104110        0.94710447880048496E-001   0.31851565911505793E-001   0.31804282025698023E-001
   0.35607596184115287        0.44403299565480947E-001   0.52072588337359127        0.31850383632275721E-001
   0.37872474552414709        0.45198330540278941E-001   0.31653721012220547E-001   0.31855336202387702E-001
   0.78613878404329629        0.95078481990990893E-001   0.72550034202717084        0.31891224889907782E-001
   0.31440697570376569        0.44800663501244460E-001   0.24305056247816040        0.31881073218283179E-001
   0.15705109557246820E-001   0.45017884319271853E-001   0.93311919381546649        0.31870115721880032E-001
   0.67582257981845606        0.95188744644631937E-001   0.85784826726741614        0.31859196587540432E-001
   0.14375995583771831        0.94893171746438298E-001   0.13414856004100964        0.31905825103750333E-001
   0.44032312756376685        0.44868824791445300E-001   0.20834475434135832        0.31768409053086387E-001
   0.95353917777650099        0.44813368940913936E-001   0.53377518786232914        0.31871801844561502E-001
   0.16228553760881811        0.45691608032148202E-001   0.94896477454628148E-001   0.31849117446915987E-001
   0.95433548978849914        0.94786104581582500E-001   0.25777400659798461        0.31899034078349403E-001
   0.87683537991809501        0.94750500974334309E-001   0.22097575783017345        0.31893911068965011E-001
   0.73508695350385711        0.94758045121093801E-001   0.17834160351704303        0.31893252302244560E-001
   0.45326834505320363        0.94800864559957815E-001   0.85590708589081588        0.31799851712420606E-001
   0.58522756963175870        0.94729982438497354E-001   0.42325351214171275        0.31892618139128123E-001
   0.83479801403910481        0.44239315885182109E-001   0.19182480408541769        0.31869515683094082E-001
   0.82140730329359746        0.94717102647235374E-001   0.56328952415753619        0.31853295612679265E-001
   0.89575256016775162        0.43025229546303390E-001   0.50521979476805379        0.31957134633422341E-001
   0.10358814605339405        0.94647603204050620E-001   0.22952564124001990        0.31853465043450803E-001
   0.76265293025887870        0.97692786828423472E-001   0.90559026903941109        0.31803068507977809E-001
   0.14510979589175568        0.45060722631862782E-001   0.70749711332765575        0.31844663628837061E-001
   0.74114699770247694        0.99201853794954109E-001   0.24179445386025700        0.31808137811582947E-001
   0.24339580729719126        0.45026899612190065E-001   0.45584743096460628        0.31935915686991424E-001
   0.81630655506993288        0.44009632797596898E-001   0.51786936050452437        0.31923846574156166E-001
   0.43925313138125033        0.44731513503797671E-001   0.40834954985171146        0.31763678002638872E-001
   0.12917560654478075        0.44961810508967498E-001   0.79369633285063534        0.31960311447787930E-001
   0.86087832837113021        0.44712166127579771E-001   0.56379499353261264        0.31788577617640423E-001
   0.64620452352029967        0.94790776869477442E-001   0.60063853788178363E-001   0.31908957241532414E-001
   0.24867984085336384        0.31427381885951969E-001   0.27720930989626996        0.31913956633427082E-001
   0.28691246519984587        0.44873739598662539E-001   0.32657350902213866        0.31893480098886838E-001
   0.47214676254920762        0.46097319422628617E-001   0.15307299035644814        0.31854176159932926E-001
   0.62974719867434326        0.44687194592529081E-001   0.10939053129451334        0.31833110319631541E-001
   0.77473076752166847        0.38251555266148027E-001   0.57955180994936162        0.31915529197512019E-001
   0.74098739203348007        0.44161964134860586E-001   0.39365066963597328        0.31847127181992195E-001
   0.81042649201674521        0.94661806832538262E-001   0.81681882925004079        0.31911882833539511E-001
   0.89541454921686109E-001   0.95041165085249582E-001   0.68371887836676848        0.31896611649434019E-001
   0.68466575524370443        0.94403508927213914E-001   0.59929652158800539        0.31858478320756348E-001
   0.49234828723042362        0.44675469160520037E-001   0.35722174824714331        0.31858634964110656E-001
   0.62141820313810481        0.94672341716593930E-001   0.72643249940998578        0.31826701980151001E-001
   0.79191114024066345        0.99806475082238152E-001   0.94810558750606261E-001   0.31832389373865413E-001
   0.31585280041937996        0.95061723353802696E-001   0.52806381767485966        0.31894008007633083E-001
   0.58771063183165839        0.44861733611676266E-001   0.61717570832347801        0.31876588029826861E-001
   0.10378026672204106        0.44834983740460896E-001   0.97365630820673821        0.31835068064402963E-001
   0.28010012910330867        0.94991057669964657E-001   0.88469541357620196        0.31867746526436251E-001
   0.77355260631218337        0.45288342797955482E-001   0.33853043822828072        0.31897198820604218E-001
   0.66791434423301865        0.94740905198516925E-001   0.12010741717071302        0.31897437067177702E-001
   0.44008274567012569E-001   0.45013997512700493E-001   0.64831548699592331E-001   0.31888379880759071E-001
   0.22366241274010098E-001   0.44941638032420808E-001   0.28086532333155345        0.31851073256973936E-001
   0.41144872322970139        0.95106007112604821E-001   0.70658384348332659        0.31869313756145518E-001
   0.88486997237097020        0.94828596999564918E-001   0.28768206223184278        0.31883991274158981E-001
   0.42431552573994896        0.94832738090265364E-001   0.51572247158485407        0.31896412375707499E-001
   0.44273215882760014        0.44774136330217200E-001   0.89979290356072006        0.31915906288032841E-001
   0.77818048144061713        0.94300606711555893E-001   0.37975166760380480        0.31868971318791149E-001
   0.95852783675080766E-001   0.95312618656029816E-001   0.35579985545199816        0.31866595753273594E-001
   0.39983776904844165        0.94663996595390001E-001   0.41362348104719360        0.31816720531868237E-001
   0.85521614294548554        0.93603718114990117E-001   0.50394117501921154        0.31880565225922988E-001
   0.71390906534219356        0.43181182561000203E-001   0.28870809988854923        0.31851748344599112E-001
   0.60082952907218812        0.90234211928363020E-001   0.90235473066495198        0.31853089924351007E-001
   0.66887326746620276E-001   0.45152147575848310E-001   0.59137509903193364        0.31868933646694055E-001
   0.49689616700557954        0.94809019014154797E-001   0.98482711434688019        0.31865868775719633E-001
   0.66836131201189664        0.45164594972820035E-001   0.73411776448998312        0.31929025241019461E-001
   0.60840323775050065        0.94733461794104745E-001   0.14309424698132808        0.31875797857870675E-001
   0.19915456731911524        0.94557878512251226E-001   0.26113797655941012        0.31871445325949654E-001
   0.35475781138815904        0.95236216565473722E-001   0.67652462627721610        0.31887373460863705E-001
   0.26752835455228124        0.95810478484358863E-001   0.56973511510733443        0.31903228502047208E-001
   0.41124776111199201E-003   0.94814658508518501E-001   0.17997806036038019        0.31868086476795940E-001
   0.98246907648924486        0.95010673751428826E-001   0.91152548463899064        0.31836094695428280E-001
   0.44493405765195765        0.95233246489979717E-001   0.94466204426388001        0.31947468676959759E-001
   0.55417473625425862        0.44809438151222458E-001   0.81095712548158549        0.31855634134073385E-001
   0.87913233693528303        0.44484343730867085E-001   0.65245046887439795        0.31922489976900871E-001
   0.42277815082097298        0.45319272718517815E-001   0.55703982691569165        0.31859381483109420E-001
   0.92488445379859718        0.44754165430726460E-001   0.59075025850469054        0.31857671244161938E-001
   0.74593349108070828        0.42545055675654975E-001   0.67940431382405193E-002   0.31941460932758792E-001
   0.94150042779900867        0.94877464542048054E-001   0.49587473701647494        0.31947596874379321E-001
   0.22560740062726614        0.95085784931871031E-001   0.83715872760635313        0.31957476441091363E-001
   0.16911375546657062        0.94905696610325441E-001   0.79384273966441121        0.31858765743930338E-001
   0.58939851974076485        0.40253879363755483E-001   0.86438943375946009        0.31805465154569619E-001
   0.80668387966841881        0.44455613567847253E-001   0.94693200146714629        0.31916759224101074E-001
   0.17178223054757483        0.44854315428744705E-001   0.85928205923664815E-002   0.31765786893147581E-001
   0.70823306745175429        0.94667706570123994E-001   0.72684570752649358        0.31895546280300890E-001
   0.44860255546990624        0.95495704883562002E-001   0.58726545831689803        0.31849475607936079E-001
   0.71670836337775698E-001   0.45016479350855482E-001   0.76598034238862178        0.31869278827366100E-001
   0.32187228399997647        0.94659533913307337E-001   0.42903019902798256        0.31882808059008158E-001
   0.58302567577484432        0.94717266355655180E-001   0.83953268114476690E-001   0.31901408738099775E-001
   0.75400745013222092        0.95283282489448271E-001   0.30415479479572605        0.31830844074919040E-001
   0.74559144289073731        0.94673620487191329E-001   0.43981804375848566        0.31782259649501765E-001
   0.16151139532172405E-001   0.94981671675389068E-001   0.24185775628366801        0.31823421183507110E-001
   0.22919347854817607        0.95128811827850379E-001   0.16140399971737478E-001   0.31880329244327328E-001
   0.10258657868920072        0.45468737194427407E-001   0.46686823749872597        0.31821194338704659E-001
   0.74700362968012035        0.44836105796333667E-001   0.71772165765291451        0.31885083036257388E-001
   0.67437505442017009        0.99673354494343502E-001   0.19728083497894058        0.31870323803355173E-001
   0.57818548671849122E-001   0.44971555744081522E-001   0.51219811961395034        0.31881516493297755E-001
   0.37692944135973333        0.44888434256996124E-001   0.20064101940588930        0.31922886386684772E-001
   0.49121448328440465        0.44825067842759407E-001   0.58608537544902906        0.31923509436145817E-001
   0.98853014815616735        0.95035517171048745E-001   0.68253036153601310        0.31846679052513767E-001
   0.81893398747770130        0.44746709301929588E-001   0.20467766712200304E-001   0.31871699512737273E-001
   0.67512130953345531E-001   0.94970163533849919E-001   0.80567269134096409        0.31883719027141183E-001
   0.44450195390118941        0.94601195752522238E-001   0.23170020792184599E-001   0.31865525929685709E-001
   0.57122704118828160        0.44685027360182074E-001   0.46074290229417425        0.31940609046310818E-001
   0.55194041552085703E-001   0.94497602340230247E-001   0.45061652705305472        0.31916357696136578E-001
   0.96843847707794273        0.92795539006798641E-001   0.82983201401717244        0.31797832592905050E-001
   0.50762355600818432        0.96274362646431189E-001   0.13492423059829597        0.31897915116847773E-001
   0.95513542009917396        0.44651662490101385E-001   0.78761621501553991        0.31849274671344172E-001
   0.43458060855124803        0.45188018210696651E-001   0.62223744759847391E-001   0.31818394421825928E-001
   0.20348729054728165        0.94990283049752822E-001   0.45568245310422617        0.31907953497787439E-001
   0.76163504523703107        0.88236375476731840E-001   0.54221710373403564        0.31820243352215158E-001
   0.36981493726929282        0.45127610088116513E-001   0.61048128139120961        0.31846327991835677E-001
   0.19083010463422931        0.44685794532424751E-001   0.15379340376593190        0.31870533983489470E-001
   0.35889487032205258        0.94626050348044999E-001   0.48097945624700383        0.31878592174995606E-001
   0.62647859908037873        0.94751276618165819E-001   0.62601423787997390        0.31886999850667473E-001
   0.88142559184302527        0.44966767122285624E-001   0.54517496475776544E-002   0.31870170310464380E-001
   0.11451815928180203        0.44931303556336302E-001   0.32039135794329043        0.31876055329950984E-001
   0.57835517113404789        0.94650319797330684E-001   0.49994698444589164        0.31909671743402583E-001
   0.94710476851732284        0.45074394808551188E-001   0.92942472969087364        0.31896051488856499E-001
   0.49817072402310453        0.94796132286696005E-001   0.54691270422517568        0.31816956453758941E-001
   0.86719529764554937        0.95261089345340430E-001   0.60768957579032390        0.31788783949340052E-001
   0.29535448450455964        0.44956190985960348E-001   0.77074957903254582        0.31949546731504005E-001
   0.13677622710378526        0.45113785476259050E-001   0.89107409006837757        0.31841074065603832E-001
   0.69098301778692861        0.94491000926233637E-001   0.40473041651441405        0.31840235053916158E-001
   0.13831025891917342        0.44787882591249606E-001   0.37951714264378966        0.31850948706618643E-001
   0.48447548522630562        0.44778891103760154E-001   0.22571075793165703E-001   0.31883702089846262E-001
   0.35370012806342777        0.44999649877701955E-001   0.72001293787972664        0.31896456108248594E-001
   0.59719384872640342E-001   0.95163912665308908E-001   0.55231507624985710        0.31884173653227925E-001
   0.65963591248285783E-001   0.94742607196696305E-001   0.29935412446080040        0.31932059136694807E-001
   0.27334863315649516        0.44932660853912371E-001   0.51507447944259832        0.31883928591935319E-001
   0.98825676367193538        0.94943311065529334E-001   0.11722711235552127        0.31862912235042645E-001
   0.11607834446676492        0.95066228311750475E-001   0.76377937435722368E-001   0.31898284012320505E-001
   0.76688625472808400E-001   0.44842826791347240E-001   0.91239738661219483        0.31843683527017878E-001
   0.70005323189766699        0.94540396647552816E-001   0.91694245929188845        0.31817474980507854E-001
   0.39535582925746654        0.95166968431421584E-001   0.67752657087004411E-001   0.31947652819898101E-001
   0.71043816527061598        0.94954950165815663E-001   0.97980744169918932        0.31880677178672295E-001
   0.39421555371269329        0.45236388729910586E-001   0.67062999953688607        0.31852571930978187E-001
   0.35890583955658595        0.95084503344669682E-001   0.84724390869040700        0.31905207349809166E-001
   0.59420131362194961        0.45115272703762643E-001   0.94707858682539703        0.31926005444311095E-001
   0.65207874233921792        0.97236271873255814E-001   0.54367192979186485        0.31888304259078189E-001
   0.70720183566384587        0.49765754937164799E-001   0.21988489407066522        0.31887109507611290E-001
   0.46046381944500181        0.94935837293190772E-001   0.74736999209769972        0.31854735242248432E-001
   0.52738486936145534        0.94877390676490050E-001   0.60358893072462827        0.31865426543250877E-001
   0.21474187205362041        0.95200509506777511E-001   0.60572592933782121        0.31896625119276781E-001
   0.84714655849041953        0.44921083160393442E-001   0.46163130295270877        0.31906554250581594E-001
   0.86783484501965313        0.94642838762660816E-001   0.38122794490586498        0.31855532413159152E-001
   0.84337283199413846E-001   0.44706716661129423E-001   0.26422612204726953        0.31824861689987743E-001
   0.77315579964747494        0.94573005081141109E-001   0.96836476267747651        0.31872127396138206E-001
   0.22781326747057082        0.95752296600124021E-001   0.51473815489106045        0.31829827329582040E-001
   0.34697222685317136        0.44965633240136096E-001   0.80917681485350057        0.31933346934217788E-001
   0.30717433006656736        0.94989348103002996E-001   0.80927345821839980        0.31931789765938939E-001
   0.95858516720828835        0.44970569491631689E-001   0.80427067635245139E-001   0.31835210706424616E-001
   0.94835082027630546        0.94590735263722150E-001   0.73230113252006890        0.31859520806973941E-001
   0.55410962701072630        0.94687631542037326E-001   0.94591883354851058        0.31826046537493866E-001
   0.13227975480401105        0.95117608506637114E-001   0.19358936049405503E-002   0.31872380998957124E-001
   0.27852974192517177        0.94926301288280321E-001   0.47585875999179650        0.31844077962981270E-001
   0.18995249931732897        0.45810509532697968E-001   0.50105769553407586        0.31838390806320803E-001
   0.64534001519524298        0.45504509012279926E-001   0.58653162607051801        0.31939404233510535E-001
   0.77641245626936872        0.88396804907879323E-001   0.61982873292487572        0.31877297271183463E-001
   0.60213263328097644        0.95692246855730287E-001   0.81959238649803690        0.31808282917461177E-001
   0.98973885100252057        0.94957561060752857E-001   0.97498054582843119        0.31876968620503071E-001
   0.73797216113646191        0.45198245691778660E-001   0.94277366376979166        0.31950080879057340E-001
   0.68370557517748354        0.44878829778425111E-001   0.36545280851929635        0.31835383986545888E-001
   0.13203639189681510        0.94922113753448500E-001   0.84585537270066513        0.31908101949005577E-001
   0.43317328803059102        0.45058325949454962E-001   0.98450435127909064        0.31822776810464269E-001
   0.57629053815110987        0.93360393757076762E-001   0.66726871251094710        0.31905207925544354E-001
   0.54300904951325946        0.44628469777881027E-001   0.90794182589357575        0.31819260437603046E-001
   0.53996465751120312E-001   0.95033817058262374E-001   0.10315623866479437        0.31879968030612105E-001
   0.20409506811615488        0.44904223615331855E-001   0.77516314081252546        0.31933574797064761E-001
   0.82454957344221114        0.94493099418841264E-001   0.42832861938091399        0.31938812457272564E-001
   0.48942321671879757        0.44709861398106204E-001   0.26111095965169762        0.31744501128579058E-001
   0.28833243209649601        0.44973879039264988E-001   0.29200965729539556E-001   0.31858761627802275E-001
   0.47851600871714917        0.95429959183572333E-001   0.19359884268708241        0.31886154730175441E-001
   0.55329379269282297        0.44752580944253176E-001   0.39945278815888369        0.31888595547271699E-001
   0.41911519265669928        0.94815712041535646E-001   0.80175205550364981        0.31829367630156161E-001
   0.82598341448597379        0.44052606840938577E-001   0.61714585079916384        0.31884841848752780E-001
   0.39444865025148795        0.44054318374597917E-001   0.11419995117601141        0.31813889660674402E-001
   0.25125658675084062        0.44387661523845101E-001   0.11824326967823702        0.31950870716520363E-001
   0.55491414562586239        0.94753636814619624E-001   0.17794790633265731        0.31869305365278842E-001
   0.92253806192957721        0.94862950881334396E-001   0.38927781730726717E-001   0.31929737697279331E-001
   0.36245211961830437        0.94701542275331715E-001   0.25782900883121079        0.31837325429238506E-001
   0.54981774515935566        0.90192793067037924E-001   0.86382125735284054        0.31890024920417918E-001
   0.47665753016619455        0.94955264048236260E-001   0.64739927802044184        0.31906550821491991E-001
   0.63414892137859402        0.44872823534629312E-001   0.17340873577751165        0.31850814023941403E-001
   0.69408568979372942        0.95159261314165661E-001   0.32627652534749141        0.31949641863636809E-001
   0.12766989010551516E-001   0.44894716941653937E-001   0.55760695078869427        0.31896023860411307E-001
   0.75635169452846363        0.46610253746365501E-001   0.69871911697915928E-001   0.31836483632984476E-001
   0.31766214197002218        0.44831912926064435E-001   0.46869640651402966        0.31941615410723247E-001
   0.61169472003000980        0.94554226147368414E-001   0.20723411350184565        0.31792130667151655E-001
   0.50855646766846807        0.44807819337150584E-001   0.44664274236840779        0.31965741958028593E-001
   0.49106929882177047E-001   0.95015548345752474E-001   0.73343515551287786        0.31862823693531786E-001
   0.74885410430306498        0.94443520443894147E-001   0.84268892559684605        0.31941733355658086E-001
   0.98849632352855754        0.45038964447004642E-001   0.73325944633873208        0.31836007857801586E-001
   0.87165093232614843        0.45228124020353797E-001   0.94194405814095039        0.31838270283948152E-001
   0.17447166985522250        0.96234008185187389E-001   0.49734681822445809E-001   0.31860632577949070E-001
   0.48572472707454012        0.44797678249040088E-001   0.94690939865690626        0.31857057236597520E-001
   0.26823949297421945        0.94190648016080902E-001   0.22777208030532897        0.31815504158246792E-001
   0.45868225403227364        0.44905432502781346E-001   0.80614568384340624        0.31941138760121668E-001
   0.11328871454278110        0.45159626521526906E-001   0.36678236409590857E-001   0.31843870677940776E-001
   0.23053349026985470        0.95029186771439622E-001   0.17228394887860510        0.31822675411937840E-001
   0.74627298215932547        0.94199353310749731E-001   0.67573575995393831        0.31809576457832306E-001
   0.76257340948962538        0.39065037981110488E-001   0.13544295982379617        0.31812405886334535E-001
   0.73105346606814003        0.89122810170035802E-001   0.11127254104969396        0.31936560333712012E-001
   0.23020011629580814        0.45186776777562589E-001   0.89331545694003645        0.31828908998619329E-001
   0.86692431685682425        0.44418655478377103E-001   0.87571647613441694        0.31913883981789376E-001
   0.20218008215825981        0.44777413888646048E-001   0.67005318476028020        0.31784084633755073E-001
   0.14791655814879109        0.94951778458785552E-001   0.29908993883952678        0.31847699435497791E-001
   0.30982860850792221        0.45101477956010681E-001   0.56733099582540691        0.31826213266234998E-001
   0.56111493952866742        0.96470761729941346E-001   0.76464125786321369        0.31883709700991698E-001
