 3 HS poly
 400 2
 161 239
    1.0000000000000000         0.0000000000000000         0.0000000000000000         0.0000000000000000        0.10000000000000001         0.0000000000000000         0.0000000000000000         0.0000000000000000         1.0000000000000000     
 T T T
   0.87132673034450836        0.16489310443039532E-001   0.96054928953086061        0.37602172287775307E-001
   0.34568836791496721        0.66707374614430479E-001   0.61197221850146544        0.35379900492046673E-001
   0.46748547087662601        0.68366904847185148E-001   0.77672493431341905        0.33347437955023422E-001
   0.14063910277211769        0.66651339665828688E-001   0.46223285676416198        0.36473352187117926E-001
   0.95451632483093263        0.16390301867033788E-001   0.53495455960684257        0.38314596129047841E-001
   0.98171577669541088        0.16091569082423179E-001   0.80079135499881560        0.35884296135715830E-001
   0.95005874263401728E-002   0.66472918612387522E-001   0.48635077557001866        0.35229403431104360E-001
   0.42820289389989169        0.16486980403534812E-001   0.82091053616729071        0.34488477508266807E-001
   0.96226603281449075        0.16371266181170945E-001   0.95477529257967320        0.38954502803846616E-001
   0.56383528356347778        0.11903654795301926E-001   0.94011723039602513        0.33973348419364786E-001
   0.23997488154157573        0.14895080200315422E-001   0.57099211487562052        0.34660697567956041E-001
   0.13670223939783185        0.16501870212444699E-001   0.76536303289219143        0.36643973025384205E-001
   0.59532109540308249E-001   0.66285517002702368E-001   0.64007928640417266        0.39408549093804562E-001
   0.17441852755218812        0.16440794916976264E-001   0.43136626869123139E-001   0.34250492481668816E-001
   0.19825083037417843        0.16478688244883865E-001   0.10671540342200549        0.33592045314680540E-001
   0.21446209877937955        0.66528829342425544E-001   0.15420448284121225E-001   0.35364043585367468E-001
   0.14946387647415219        0.65748189787381214E-001   0.39146238748633366        0.34459180963258548E-001
   0.78496321745886732        0.16568932674493341E-001   0.49560127924588843        0.36530545193839199E-001
   0.48044799978113883        0.17228885222824866E-001   0.44345239980811496E-001   0.33710548661967384E-001
   0.45536563848710904E-002   0.66351447965950106E-001   0.55722709471832943        0.35792014610090295E-001
   0.33304645295435065        0.16584714388983915E-001   0.96804022811750290        0.37613228752850565E-001
   0.23541266655305940        0.66446812814532991E-001   0.41059694546404762        0.34481319917231558E-001
   0.53271824787201649        0.66111130103777768E-001   0.29126549663660917        0.35528747193401433E-001
   0.13330920200405572        0.66393377050178837E-001   0.67181456844304643        0.37583663146073608E-001
   0.35282402298302451        0.65699437454763560E-001   0.54344463500715667        0.33475984424050143E-001
   0.46144529234104081        0.16567820414042689E-001   0.11001964569404096        0.34567531828145183E-001
   0.83816262866678837        0.16651129835085439E-001   0.13578415793058135        0.35981487212821232E-001
   0.91064566197964714        0.16439507006733422E-001   0.42902208348968146        0.37756759357211504E-001
   0.64702445197648839        0.66291464702145128E-001   0.86972049747558045        0.33663806372229932E-001
   0.34327920469714190        0.16301606138011772E-001   0.43427836726559971        0.35833869971775428E-001
   0.27422679257358140        0.66516558164801620E-001   0.95023616125615662        0.36121647604336227E-001
   0.43283193492129862        0.66743416178840970E-001   0.20826981736198105        0.36591417012461248E-001
   0.33594653731402041        0.66584938953435618E-001   0.88427785993756691        0.37199592648577876E-001
   0.94287266245411816        0.17920235264589260E-001   0.86683411201542504        0.37237637946842407E-001
   0.54127608510518166        0.16651327925254224E-001   0.64751495087730748        0.36793124388293824E-001
   0.59159791593126954        0.16060621415447101E-001   0.30499640308779302        0.35461452426066867E-001
   0.96292503232564874        0.66564876915770996E-001   0.15001497543950529        0.34849521723522937E-001
   0.30562963453248615        0.66552003163037901E-001   0.16043626884763601E-001   0.36777297313438193E-001
   0.63454716465332961        0.66647849449438398E-001   0.90330837483458368E-001   0.37146854532029226E-001
   0.41223852148668766        0.16564838164484789E-001   0.38069254397049966E-001   0.34588566309559948E-001
   0.78571165116703401        0.66597968004150243E-001   0.13484798447747184        0.36418036259024164E-001
   0.78214272879700675        0.66159725516837603E-001   0.33061478148499614E-001   0.34682631644265750E-001
   0.31284976924077834        0.16129090881439944E-001   0.51639515157746319        0.35660432810044287E-001
   0.38512232012609354        0.16615394275545422E-001   0.30448325549687455        0.35436403437879439E-001
   0.55346764352550437        0.16085783527940083E-001   0.24431948500604572        0.36095387973330458E-001
   0.69532937854234667        0.66205744644087863E-001   0.81918518396100726        0.35777807663497162E-001
   0.13627168475358329E-002   0.16513377324205516E-001   0.30837623628679367        0.36775563390625002E-001
   0.82362184323214890E-001   0.16280107740098259E-001   0.69303411243842739        0.36768912441970780E-001
   0.39163578568264812        0.18107876140057672E-001   0.67675992073513147        0.35970139575281862E-001
   0.43899764679264534E-001   0.16612237188949962E-001   0.73859474695653626E-001   0.35868291834585127E-001
   0.66197990679432950        0.16359994716998734E-001   0.91216548356649640        0.33462731722181067E-001
   0.58918788536035449        0.66069931346012745E-001   0.67973542026565070        0.39109476362339538E-001
   0.45542015366424438        0.66430542821163632E-001   0.58669154988304073        0.34780993997566775E-001
   0.36178439037656307        0.66545373931255411E-001   0.20095174660649778        0.34474233643537855E-001
   0.27659243972106551        0.66808665160680306E-001   0.67293484052083052        0.37523926853421166E-001
   0.56935609188052605        0.66343209921570848E-001   0.52321892801281766        0.33737354540321320E-001
   0.86940559186322250E-001   0.66383831708863320E-001   0.24184348006259643        0.34192996495359951E-001
   0.68290562545642808        0.66615259499658908E-001   0.34829867497024360E-001   0.36342029702470760E-001
   0.82533207617828575        0.66635755789803783E-001   0.38598387946870583        0.38232535490650553E-001
   0.79048244345327456        0.15872127241750817E-001   0.61192137751778708        0.34911248620548119E-001
   0.24504359650919630        0.66655152456460212E-001   0.81867968859792650        0.34591327716578607E-001
   0.68073408760117915        0.16674916661668863E-001   0.49586589864409381        0.35173727265042691E-001
   0.62933858546714849        0.66583772884764039E-001   0.48523730382883262        0.37247800560570025E-001
   0.89211172511349701        0.66546339512348826E-001   0.13493948858143451        0.37464333114107608E-001
   0.96636099410958354        0.66467606802538368E-001   0.41876656932965572        0.37229631964221216E-001
   0.81693203335461495        0.66215392973350592E-001   0.97046542403691938        0.36751896954982793E-001
   0.19994044917889434E-001   0.16423782770630824E-001   0.67537918462924271E-002   0.35042342432603291E-001
   0.86793849515414223        0.66738086405373806E-001   0.32163174308593306        0.38709578133080881E-001
   0.37763759114836370        0.66575541066721353E-001   0.60176988590754366E-003   0.36820308285840674E-001
   0.89552423184921470        0.16455573066902280E-001   0.58660758866218721        0.36452811056738338E-001
   0.83891819693520930        0.66651662745145640E-001   0.83026241806801945E-001   0.36654136522766133E-001
   0.53481565057247726        0.16992078109778843E-001   0.17487926969461398        0.35765315467562689E-001
   0.26624135897804974        0.66179121020832773E-001   0.34371425470044198        0.35261994702845183E-001
   0.74034208835124937        0.16558864007291337E-001   0.32413340159802634        0.37639872803351730E-001
   0.84227068703579711        0.65710270785195382E-001   0.60220259754015548        0.37160931801029307E-001
   0.17542296695177226        0.66473489701602481E-001   0.80277071481159878        0.36807911274815655E-001
   0.17629755317815246        0.16600448742120345E-001   0.63760504285888187        0.35092046546365295E-001
   0.73193809041766578        0.66665122200485455E-001   0.50026306536051324        0.36422005394204052E-001
   0.77766543514048192        0.66658066255836895E-001   0.44309708923071117        0.36158360857768995E-001
   0.98921875943314308        0.66895327160665360E-001   0.25631259720625527        0.35852164161739593E-001
   0.50526323109029558        0.66153376786189586E-001   0.22117310222697514        0.36977037685175823E-001
   0.22785073220076595E-001   0.66479845775692645E-001   0.35827878549089587        0.36880592934743973E-001
   0.48369608273946424        0.16386931362888209E-001   0.27102235510109535        0.35720336104742720E-001
   0.90891582968469897        0.61727641092394273E-001   0.64003767995442440        0.34715314672459793E-001
   0.52193641032225213        0.66078751054277171E-001   0.39944009363484551        0.35132315201050979E-001
   0.62401029789969642        0.16575576914676531E-001   0.53708647657708708        0.34859790396776093E-001
   0.95770347559427538        0.66575748403072246E-001   0.33143288095839135        0.33443714598958556E-001
   0.92336182917555665        0.66439686828822384E-001   0.48539958244516007        0.38608628363537921E-001
   0.63146440172583862        0.66248345778790838E-001   0.78408974791109776        0.37023791376018751E-001
   0.73316610352799616        0.65415042441129237E-001   0.18307660194438583        0.34559449344248157E-001
   0.14313209234342439        0.66767959685382447E-001   0.53550057696694819        0.35579958536863084E-001
   0.97298014331053603E-001   0.66780471528974081E-001   0.80862093043404626        0.39963287048274787E-001
   0.83316804128056265        0.15761222628015437E-001   0.54968098636564056        0.35836997820057233E-001
   0.91338800606958248        0.66248999401602338E-001   0.92092713725338304        0.38629921814970297E-001
   0.68118201589395397E-001   0.66605411405671569E-001   0.26585816585749714E-001   0.36962832143420964E-001
   0.38186954071588741        0.16606549440365666E-001   0.49731300872573936        0.35921698417011746E-001
   0.10019993047932110        0.16622661230249015E-001   0.97994140547443542        0.38494368826097400E-001
   0.56894338829988775E-001   0.16518138308526557E-001   0.45827303469412078        0.39097083089780826E-001
   0.52570849871427794        0.16188941621744356E-001   0.50384975797138543        0.35263819775690874E-001
   0.58287008717317590        0.61615933938029513E-001   0.83995167401124748        0.37136387704016234E-001
   0.16527399970680706        0.16423428396722541E-001   0.90966448898755170        0.35931379467342976E-001
   0.33918079515511533E-001   0.66324553794980076E-001   0.70992792977871066        0.34839397223554107E-001
   0.41230622599788097        0.65853568144502370E-001   0.34816032333026586        0.35616546577077600E-001
   0.73874791404547657        0.65950854107947057E-001   0.59436171889953460        0.38277999387011652E-001
   0.73070418547374971        0.16257600752633484E-001   0.12993705229845232        0.37751872340890766E-001
   0.31076778259203036        0.16415574744271678E-001   0.37019050679309390        0.35898311928298815E-001
   0.73571782375167649        0.15439878649870127E-001   0.23092107477319193        0.33949366092035811E-001
   0.71712780718359381        0.65538507499948814E-001   0.74838744254472833        0.34916070613931836E-001
   0.76498832112645032        0.15663129953251798E-001   0.74080218421871635        0.34474176538685009E-001
   0.82345677126914274        0.65862617213859428E-001   0.74283030446743203        0.36284282210441290E-001
   0.33834348667818359        0.66598695089369428E-001   0.80974624202934375        0.36919317961471361E-001
   0.18636260360065310        0.16538248552691683E-001   0.43032745242620579        0.38216769414783955E-001
   0.88245931635190455        0.16558112246953173E-001   0.26252516554934546        0.33965503188805868E-001
   0.13576593869180409        0.16436208479414370E-001   0.24074605103831295        0.35649947161974893E-001
   0.57224544836359754E-001   0.66488195271441661E-001   0.87410036455520257        0.35027442759945418E-001
   0.60415320141770390        0.66301974541052286E-001   0.58381749680854067        0.36131923285262282E-001
   0.25886002840725997        0.16523137822026988E-001   0.42729308132174224E-001   0.36632346749528658E-001
   0.68687876696637851        0.66556959998848614E-001   0.43865911132190294        0.36692790997458327E-001
   0.45077342189631908        0.66038615352979724E-001   0.40916273066780801        0.36474025779442032E-001
   0.80018561644989017        0.16604355506197790E-001   0.28072339794691115        0.36189510987807302E-001
   0.28699269837109138E-001   0.16388911826704964E-001   0.91777745573142488        0.37051170076174686E-001
   0.78680138098163099        0.16656916883428127E-001   0.82716974536515761E-001   0.35502553885960020E-001
   0.57115639139055163        0.66925901681638297E-001   0.13267628135317486        0.38848830801902455E-001
   0.57995633936640778        0.66081409155308163E-001   0.35641540488499340        0.37070583940254448E-001
   0.65488747345274156        0.15862120919539258E-001   0.26722244792395905        0.38099058715831316E-001
   0.31319778780223761        0.16657187268428901E-001   0.29749878779224043        0.36765382035944011E-001
   0.95287823256829815E-001   0.66329646201087916E-001   0.33902186433637854        0.35086482950144299E-001
   0.63058747403806281        0.16565031737108431E-001   0.33061858128494340E-001   0.35875695193908846E-001
   0.93002549853045968        0.66592889254421583E-001   0.68334291134004743E-001   0.35998286175159676E-001
   0.52016828107008961        0.67327879980084257E-001   0.21847429026472298E-001   0.33916674967564155E-001
   0.47487659934442539        0.66224955620503109E-001   0.48122224079304238        0.39496299141552220E-001
   0.48470491641443009        0.62120337411438444E-001   0.86841907096156301        0.39516669907593664E-001
   0.23650089772898167        0.16851664100632317E-001   0.70964872640811594        0.36301354534816428E-001
   0.76240670469257010        0.16310695565141860E-001   0.67362345198869278        0.32621877531858627E-001
   0.43751112197678399        0.18427197206351231E-001   0.73726952094997533        0.36977126427910616E-001
   0.16961819894300303        0.66797110558748679E-001   0.14159996705135253        0.32333286879730555E-001
   0.67841683885946680        0.15689500648475196E-001   0.18958995551153149        0.36208483427308272E-001
   0.37582277795754515E-001   0.17026146389569643E-001   0.24677374076967826        0.34175474375378101E-001
   0.65907520818541432        0.65968226705215599E-001   0.63684662769893507        0.40175290402148789E-001
   0.46172684255544483        0.16356740061314851E-001   0.53651251191063754        0.36077041684980958E-001
   0.73848364989147652        0.66616281651351014E-001   0.37593985594036544        0.34306435809163538E-001
   0.87559301859569616        0.66408795642594443E-001   0.17625995532409629E-001   0.38314634064952079E-001
   0.21895016780250537        0.16360313290352920E-001   0.36336316435528260        0.36120757182766035E-001
   0.29233508720996204        0.16655914948033181E-001   0.84039830808763683        0.37551858294765476E-001
   0.43184877014501943        0.68010184689751479E-001   0.28007047747463454        0.35188169586426489E-001
   0.76043956161424087        0.65976687434251266E-001   0.85869244892980223        0.40270105579833126E-001
   0.12704326769417865        0.66586416748805347E-001   0.87724544810848593        0.34750856624480915E-001
   0.89719554403640933        0.66057699479837362E-001   0.21576596742679324        0.33772469406241401E-001
   0.42029099070801251        0.16657058375579039E-001   0.96671657033397340        0.37061273943773197E-001
   0.18008226800568000        0.16836772537940026E-001   0.50296476049227679        0.34531717706864203E-001
   0.20258684167649496        0.66558727610055046E-001   0.94513281029495677        0.35648292405500909E-001
   0.52422573101822001        0.16070807140620588E-001   0.34535145664647038        0.38545886560265787E-001
   0.26533026416306288        0.66859337719312448E-001   0.75190539568353509        0.35142021564897347E-001
   0.73344365992221550        0.16595696361429834E-001   0.37061466247336271E-001   0.34719403708456401E-001
   0.40851562139682185        0.66488505436159917E-001   0.86758333507824625        0.36379305111708810E-001
   0.27836807001630402E-001   0.66055738850547260E-001   0.77976115154368397        0.35235489828579138E-001
   0.39731089195769925        0.23138983650751774E-001   0.58187378608586970        0.37734681754050745E-001
   0.98954227086057944        0.16555312204431273E-001   0.19232303293118785        0.35785340451266211E-001
   0.39861339871016488        0.16548766307182581E-001   0.17063734403551337        0.34592707535505154E-001
   0.96389092053104486        0.72851582191382921E-001   0.68766041724555627        0.38847594373478185E-001
   0.83257804270319202        0.66140492996165853E-001   0.89905903024179734        0.33312433117718428E-001
   0.54402946948624542        0.66387660150630953E-001   0.46273784825111025        0.31736114900964431E-001
   0.58733690118117687        0.16671267250161204E-001   0.85123950259164485E-001   0.31796331795994455E-001
   0.68317343691801424        0.66270656763870769E-001   0.13941138521423713        0.31769094760541967E-001
   0.99712766692244237        0.16213350351273931E-001   0.73457289526607261        0.31821631584154561E-001
   0.49673660501223260        0.67142723022857079E-001   0.83456903633378349E-001   0.31715736232045676E-001
   0.69755195247212276        0.65862131694827061E-001   0.30023003986974667        0.31853063687905282E-001
   0.24648457106946545        0.16449665637500908E-001   0.50360160932892883        0.31867883102875423E-001
   0.50391029203025062        0.18236183944030600E-001   0.75568638507149899        0.31837365637043022E-001
   0.48482287497358417        0.18507163485871638E-001   0.68663669164159458        0.31775032219364431E-001
   0.78647561475059169        0.66128986511834159E-001   0.54293069417744033        0.31799988232480279E-001
   0.36107874849491373        0.66245705054602172E-001   0.39213600243007957        0.31863395683633271E-001
   0.82270205810873298        0.15875994813872901E-001   0.69647701798166961        0.31855471873473311E-001
   0.21244514071013221        0.66481890714890149E-001   0.47296054257242937        0.31817777554479766E-001
   0.90793631926577290        0.16404968423807054E-001   0.68936024986887545        0.31747287065537290E-001
   0.52938936201045539        0.61781276598746576E-001   0.79633234236860440        0.31788732197822051E-001
   0.26592573263602975        0.10251659594287907E-001   0.11043417445626380        0.31689049486265802E-001
   0.20747122512946270        0.66398613757827435E-001   0.27397498254188629        0.31727012824417318E-001
   0.11822404495331864E-001   0.66241928330123365E-001   0.96285958567746943        0.31804503467818553E-001
   0.72508382041544495        0.16115169579575907E-001   0.54671458207293600        0.31695668268215273E-001
   0.49393131337908136        0.16097488140895452E-001   0.43401001535325623        0.31737933080650094E-001
   0.93904945686079822        0.66095933098897525E-001   0.81663990122511299        0.31724981274498840E-001
   0.51965635368011787        0.58782117442678854E-001   0.95639644190106587        0.31844858633865068E-001
   0.51153962088536564        0.68140676583547388E-001   0.71646988495688424        0.31794914587775440E-001
   0.54868682386570278        0.61675182601081679E-001   0.89989240369661561        0.31719589645962457E-001
   0.55294023309969820        0.16330950821971890E-001   0.71503645679762362        0.31728842493874067E-001
   0.49962065333040767        0.16726013854224991E-001   0.59290082670326305        0.31802050492566319E-001
   0.14249437209692267        0.65466567980678611E-001   0.83875197687594358E-002   0.31735058754437120E-001
   0.26859337411081180        0.16921368350139920E-001   0.17343857841416943        0.31723269182527360E-001
   0.97399745717749631        0.16603334984882340E-001   0.55280750465904083E-001   0.31817427160046513E-001
   0.61074915048849754        0.16299545283302339E-001   0.74144180190958620        0.31819383846938207E-001
   0.27597919521040370        0.66387939863548490E-001   0.47662594389718915        0.31751808120763940E-001
   0.69861749511401727        0.16640817704874376E-001   0.39279831754737898        0.31777294910829236E-001
   0.86449933528455858        0.66443448787404782E-001   0.44416080910388328        0.31804996181761247E-001
   0.30521714037644904        0.15455838213423945E-001   0.58356580792973334        0.31741279279660820E-001
   0.36656065264585658        0.16503875142913717E-001   0.84770995363647283        0.31822088478899613E-001
   0.39405751479936407        0.17762745511379918E-001   0.23778631900982614        0.31778128015228724E-001
   0.26695075852055022        0.66647151282762815E-001   0.88143693887888264        0.31753444860594428E-001
   0.65047105778297398        0.16228480836589437E-001   0.82749317705707470        0.31798552419819465E-001
   0.92315132539306355        0.66569673712801716E-001   0.27604081914201778        0.31786003522580271E-001
   0.49334703919046485        0.67068395207246972E-001   0.64533360657904826        0.31766144693025904E-001
   0.27129017404581812        0.66706641081324847E-001   0.27621518788844329        0.31821268645253475E-001
   0.60362819816646085        0.65812432025901119E-001   0.25936682502221714        0.31841207837949977E-001
   0.20581723707312291        0.16528562559060486E-001   0.83873628803453681        0.31834858633878867E-001
   0.82473887455524986        0.16075624525287432E-001   0.43967996333025949        0.31820258285966470E-001
   0.91596149059469201        0.15973078220741867E-001   0.78448906702294485        0.31781701655360498E-001
   0.33148738895737773        0.66669820924383977E-001   0.74135878042298553        0.31788190464937020E-001
   0.87633188256841943        0.66139414649503445E-001   0.78599662442199036        0.31850600592712580E-001
   0.70963154267482551E-001   0.66804910513287283E-001   0.56978554028782169        0.31758633058632878E-001
   0.56162137622432351        0.17263001410757078E-001   0.11448555447405247E-001   0.31741392820325551E-001
   0.70342987522447920        0.66193263427629406E-001   0.90324243143463756        0.31852589362806542E-001
   0.17354347336659870        0.17284976388844464E-001   0.57003309563677473        0.31719536373981061E-001
   0.80017243065960786        0.16188064820268480E-001   0.92536318299096454        0.31765798649277692E-001
   0.81231153103487930        0.15740852190504792E-001   0.86223654176981368        0.31683773177760603E-001
   0.44076066100963485        0.16363329393409627E-001   0.90094569804764824        0.31727832693113363E-001
   0.14159640674330917        0.16456993896327359E-001   0.83566681698391898        0.31730928302958213E-001
   0.24331905032956422        0.17027790183439855E-001   0.63771010029841624        0.31753248943377416E-001
   0.29836926375699147        0.67265017094384802E-001   0.14660042055140032        0.31738666438720663E-001
   0.30155502155637220        0.66419984394662721E-001   0.41503764663208043        0.31775474600393865E-001
   0.10263866117002164        0.66516933144688914E-001   0.16373573503257136        0.31825857073166305E-001
   0.34585938207281880        0.16491431549547585E-001   0.40324563188955075E-001   0.31783535773981901E-001
   0.20297416113539138        0.16408436318607701E-001   0.23499805518624520        0.31784885114005616E-001
   0.34737808842300238        0.66608757708192898E-001   0.32978882684006233        0.31824600564853804E-001
   0.26697018391074596E-001   0.15580588387945880E-001   0.59879463031171543        0.31708012381950680E-001
   0.58855293412374732        0.67268100074115114E-001   0.98269938443553895        0.31832535975235339E-001
   0.56601801787805850        0.16026852183956355E-001   0.40499607251371572        0.31716798747860812E-001
   0.86974738591662082        0.15778474546931532E-001   0.74062448623496879        0.31809792955116503E-001
   0.27401972375055372        0.66139939977615289E-001   0.54017553634699667        0.31792007010979055E-001
   0.57207139939751483        0.66157869625753693E-001   0.74939659139500947        0.31737365658103055E-001
   0.29454245760430459        0.60189862222208151E-001   0.83518615771436266E-001   0.31824914189668548E-001
   0.16704672313156452        0.66195198296482502E-001   0.20742054770369309        0.31848419289335635E-001
   0.98232884520078945        0.66572289661986403E-001   0.90652243029989055        0.31762474321515841E-001
   0.43276969337424187        0.16260059658607801E-001   0.45255649666110959        0.31855944937247388E-001
   0.40116559851272171        0.16408673801638542E-001   0.39649864091322773        0.31870186956753241E-001
   0.68119721413156697        0.16619240515447237E-001   0.81047858691585678E-001   0.31758338734278989E-001
   0.96947291249805922        0.16481750173243489E-001   0.46634830897398710        0.31841776942370184E-001
   0.77273892147215986E-001   0.66292823561099209E-001   0.41203209006095276        0.31741878799094798E-001
   0.20495182263606346        0.11317080930053392E-001   0.17160587835229010        0.31771277338883082E-001
   0.69257032049626299        0.65918944226933354E-001   0.23570403090902006        0.31810480349037253E-001
   0.74588332265500337E-001   0.16586142229415197E-001   0.13560549862177082        0.31760580903195119E-001
   0.83626551260233342E-001   0.66631448757172224E-001   0.96725943567599462E-001   0.31739825968535786E-001
   0.87351610885566866        0.16117608214664510E-001   0.89122199374981714        0.31760501567972235E-001
   0.58351966108752995        0.16202274067511558E-001   0.46923168945762789        0.31799721955592032E-001
   0.99587480106925155E-001   0.66292052918141789E-001   0.73665844986398576        0.31748178903606421E-001
   0.91765940710005989        0.16670492079269177E-001   0.31869138570845290        0.31771502680825479E-001
   0.18323775202789494        0.66277308689876469E-001   0.33425981315580239        0.31791860978564838E-001
   0.62360858471840031        0.16821603236812158E-001   0.13734778771706693        0.31751849963819689E-001
   0.56961648209946814        0.11631889791438997E-001   0.79389567044186149        0.31827053113780576E-001
   0.40895433703286144        0.68155639166897694E-001   0.63447361283833503        0.31724730874515134E-001
   0.72258361032590712        0.16261313725285335E-001   0.93785179982819533        0.31760173457294733E-001
   0.99857800407274833        0.16573943586836483E-001   0.12421335205139315        0.31739256875345401E-001
   0.22026150933219490        0.21026429248118549E-001   0.77632943789332776        0.31742618816598810E-001
   0.69921536713988253        0.15563406103806764E-001   0.70783875651745032        0.31740433993896928E-001
   0.83310349650340754        0.67540679484709792E-001   0.49948431456465076        0.31804908479549351E-001
   0.83989485997622138        0.66462404525397645E-001   0.25686644453252161        0.31854921850489458E-001
   0.13637044761223441        0.66342184431842741E-001   0.28619788183935546        0.31746623373882059E-001
   0.23215476963880188        0.66206468984830111E-001   0.20799865629425077        0.31806208499102442E-001
   0.52782349641118420        0.17076858386489435E-001   0.10758766706514418        0.31784177182285253E-001
   0.47715154725484027        0.66029839295999704E-001   0.32966763056406184        0.31800246651234862E-001
   0.27121578014294029        0.65489624393032089E-001   0.60379836227234085        0.31797585936299201E-001
   0.73155723249608373        0.66146883590307334E-001   0.98703502270168153        0.31802011884929121E-001
   0.20696728461757655        0.66091116152792936E-001   0.60473780061121585        0.31752576371869651E-001
   0.45617039677434223        0.16001384229160198E-001   0.36299472172802660        0.31728432490169149E-001
   0.13957218579599875        0.15579426334080639E-001   0.34890562091496075        0.31794570463710287E-001
   0.95082689284362099        0.11710208535906281E-001   0.62647743732746197        0.31822554183966879E-001
   0.78918417463773827        0.66699996242207904E-001   0.32570353238706740        0.31814477591294452E-001
   0.44553977518097759        0.68540792884036736E-001   0.68720410860397818        0.31720966385260521E-001
   0.43357593002845868        0.66541822581843213E-001   0.76303105357765771E-001   0.31828742250596911E-001
   0.66318778533401557        0.66513063089499599E-001   0.95481560269342547        0.31818887745279557E-001
   0.94529056770091380        0.16789153148395304E-001   0.24331763529873984        0.31723343798111550E-001
   0.67555497074309440E-001   0.16308235787887738E-001   0.37385010894073767        0.31840875319634226E-001
   0.73206852282677992        0.16631072801917612E-001   0.45210574853786584        0.31892648357379060E-001
   0.45822711429326451        0.66519048458616323E-001   0.93653288337731055        0.31782388150428199E-001
   0.96444342675449923        0.65568733772207108E-001   0.75795353984038094        0.31756338938297796E-001
   0.20457739399431915        0.66635600658924807E-001   0.67363482022962617        0.31815541158888905E-001
   0.61275097065765294        0.16410623434633020E-001   0.21113819228586031        0.31800057751316946E-001
   0.77142191993776010        0.16267589726930626E-001   0.98217227887113701        0.31810319932980495E-001
   0.88334289891773210        0.16533103156439671E-001   0.67434458072207465E-001   0.31832876727930726E-001
   0.77164218187059141        0.66344355890012530E-001   0.78716210939400422        0.31890066213257885E-001
   0.74587017226247568E-001   0.66998128749430216E-001   0.50599870208087927        0.31732357176473380E-001
   0.17465024189693387        0.16267862531758569E-001   0.29586228828833133        0.31797765533372130E-001
   0.63561003628372403        0.65948086347590903E-001   0.31560294686300749        0.31754739955992872E-001
   0.86098704329625386        0.65684939903360731E-001   0.68599801813152517        0.31794572643923380E-001
   0.46062739814130158E-001   0.66510253157260321E-001   0.29367835010172549        0.31775282947165147E-001
   0.53832715347593996        0.66639659093444159E-001   0.60043326801276220        0.31740454105395756E-001
   0.67588335632385421        0.16328238336911032E-001   0.76701268334198724        0.31792530544959827E-001
   0.97238805161167827E-001   0.16623412577270309E-001   0.90966098599349243        0.31830966573755178E-001
   0.92471884340757138        0.16527146978988241E-001   0.14838967620199988E-001   0.31747446878891063E-001
   0.46719678586398167        0.16920618478844830E-001   0.17634034415026498        0.31760192576945720E-001
   0.48760506907528750        0.87763259870714816E-002   0.97929031780608755        0.31757433367134380E-001
   0.14290882550015535        0.65632580467808829E-001   0.60308022068929124        0.31753500372160848E-001
   0.80182765105981202        0.66507314526405445E-001   0.65934797573625537        0.31728822673819435E-001
   0.95238142125626035        0.16558196596381820E-001   0.37310079463161044        0.31823850653775708E-001
   0.75443718091821599        0.66093916721607179E-001   0.27167031851992424        0.31757603969587815E-001
   0.11376475175220201        0.16884375607582124E-001   0.50061607335985647        0.31758945038565085E-001
   0.81178667773753221        0.15822086250463278E-001   0.78780630690810383        0.31821509708707639E-001
   0.34154535618946616E-001   0.66565741438931889E-001   0.20183666038210504        0.31850730172155284E-001
   0.16845381560519179        0.16315297278929549E-001   0.70476762660706460        0.31760778360825637E-001
   0.30795697130351407        0.16631965784174651E-001   0.77285826723388762        0.31764447867695590E-001
   0.14226102189090756        0.66426881700339974E-001   0.72061004281655794E-001   0.31839142832801100E-001
   0.44888961718701570        0.18443695236493252E-001   0.63348735906444809        0.31697804663566302E-001
   0.36389325630994374        0.64431127937643648E-001   0.13473274737512608        0.31761789624822186E-001
   0.38579892202414401        0.66131821033639987E-001   0.93226619644324904        0.31836543960659471E-001
   0.62314273723376179        0.16414656413297687E-001   0.37672619342073477        0.31778269361617963E-001
   0.60860029901341595        0.61550227615106048E-001   0.92255167538069571        0.31774273134071052E-001
   0.77821857650292325        0.16666488896013548E-001   0.18074411374452107        0.31799432388188421E-001
   0.65684155952490708        0.66081299001836485E-001   0.71989689116254729        0.31697724121807713E-001
   0.72081175753546678        0.65690219942365097E-001   0.67478805948555154        0.31842175074310260E-001
   0.33205094201224772        0.17215043361493817E-001   0.16681557772327510        0.31786407229806579E-001
   0.23113367642147878        0.66474658002992723E-001   0.80416862093083810E-001   0.31731033188784598E-001
   0.29563067381126074        0.16536509001367408E-001   0.90961056082916614        0.31729835645023942E-001
   0.90600817788855967E-001   0.16544052651780231E-001   0.29252945158134419        0.31738560201483981E-001
   0.11471429935063787E-001   0.16462630784803114E-001   0.40389309692907638        0.31726559745510301E-001
   0.23243638725599061        0.16457140276325926E-001   0.90095940279824294        0.31791567200868127E-001
   0.10932539042528132        0.16163342209655221E-001   0.62980119510079680        0.31791818039524411E-001
   0.94192548927612030        0.66475607854452071E-001   0.58253684392637517        0.31751664766605549E-001
   0.39489324128469022        0.15572692793390181E-001   0.10403175750609833        0.31863407021556073E-001
   0.60144672118093745        0.11600806659137090E-001   0.88380004493615671        0.31847071302279852E-001
   0.87285777710463130        0.17219132417890748E-001   0.49024566993983154        0.31787842203130912E-001
   0.33940363227091097        0.66307150951203833E-001   0.47957329408776395        0.31737245012552331E-001
   0.57362814821836994        0.66097127099787920E-001   0.20320438879741842        0.31689866728378646E-001
   0.39375451801819172        0.66285690433666555E-001   0.44675843775257545        0.31750790817897320E-001
   0.49429289957162081        0.12213334860151685E-001   0.81831459161971354        0.31761562628060215E-001
   0.40272351166930165        0.66522755688964763E-001   0.78557894272072215        0.31773894063181138E-001
   0.11006728765523886        0.16757222251252778E-001   0.56621250244067989        0.31760553157371356E-001
   0.77721888016549223        0.16717318154384413E-001   0.39676757739921237        0.31788529590845965E-001
   0.62428318815589523        0.17198438287239978E-001   0.96563544045756899        0.31839729275267903E-001
   0.11666736161283424        0.15730344355504477E-001   0.42013181645884612        0.31809137846559775E-001
   0.17048661717263511        0.16488481874466332E-001   0.97723909450760127        0.31759684289576574E-001
   0.63140006574032281        0.66429411543414585E-001   0.17640368089299421        0.31822572386554678E-001
   0.39224193337392549        0.68094802870493923E-001   0.72256759889117428        0.31811425690468353E-001
   0.92031700679749584        0.15023059727498997E-001   0.17817067532226233        0.31815041039519633E-001
   0.63943871980750666        0.15933503690719102E-001   0.68472930913453156        0.31736185280514230E-001
   0.87215624342818454        0.16738356719064221E-001   0.37112706826276254        0.31745518290135624E-001
   0.73996687467275857        0.16314308809804723E-001   0.81047477332578766        0.31693502091623700E-001
   0.96449677915052801        0.65681101610157791E-001   0.59005117731128383E-002   0.31771906291840790E-001
   0.68060105453644770E-001   0.16019201199300920E-001   0.76045916717479856        0.31732680718166928E-001
   0.86428123684673452        0.16020679029461832E-001   0.82361793498431890        0.31702911412723536E-001
   0.88116859634580535        0.66582458789011589E-001   0.54186690997342768        0.31806737374315837E-001
   0.58154743436699341        0.66731395858467907E-001   0.46076625684341829E-001   0.31788263067315151E-001
   0.71090695066777876        0.15957584365759413E-001   0.63485256844261739        0.31819522644369790E-001
   0.34983924196438609        0.67255478799200727E-001   0.26615673397798445        0.31803659718994390E-001
   0.99654044666502162        0.65941964587745885E-001   0.84432950106738403        0.31840345887574180E-001
   0.50730664196856057        0.66246881966878737E-001   0.54487679377214349        0.31849260076932423E-001
   0.68404596185561106        0.16613655578921010E-001   0.98848400881249066        0.31822457239709667E-001
   0.82665741971479323        0.16521687991592600E-001   0.25028077020601190E-001   0.31842939014878079E-001
   0.10815927775971552        0.16612591963772610E-001   0.51586544024608542E-001   0.31741231591926211E-001
   0.13515150082846722        0.66357268644241171E-001   0.94436165159991015        0.31779428832187956E-001
   0.44527662413050131E-001   0.16182937296760694E-001   0.53376779555008880        0.31710934602890956E-001
   0.13281809212674159        0.16364268479333793E-001   0.11028887012422763        0.31713596168857869E-001
   0.23614120272620426        0.16544451835875357E-001   0.97609633351431768        0.31822693588610548E-001
   0.36991883622805471        0.66514212647587140E-001   0.71430999354731781E-001   0.31799624451477826E-001
   0.76112435186748295        0.66362053459273027E-001   0.93069831614845533        0.31691944009990605E-001
   0.33036532660949069        0.10603095477178208E-001   0.10291135904601190        0.31840436261234936E-001
   0.26955982477985818        0.16368877073037628E-001   0.43788953035031092        0.31782279360205945E-001
   0.33000528997152512        0.16543727837159114E-001   0.23081366654572708        0.31850343866797921E-001
   0.99052407061156122        0.61777882879466277E-001   0.62316215713200040        0.31760982446141922E-001
   0.82782986515291326E-001   0.16567976763374095E-001   0.19865746980538260        0.31810359736175575E-001
   0.41619627113519608        0.66371289359385161E-001   0.52783326677567011        0.31773477201077684E-001
   0.30859688595240442        0.16710286923271540E-001   0.70913948164452434        0.31834348702052623E-001
   0.23389730702705400        0.61687189891586093E-001   0.14374247070612550        0.31811159921756461E-001
   0.91102282242475008        0.66850496294545800E-001   0.37746663559864158        0.31767744017497199E-001
   0.84080558748718148        0.66641808228966301E-001   0.18144462872787501        0.31714913192460455E-001
   0.63974133445003611        0.16680852923939178E-001   0.43815576337970880        0.31714498139131068E-001
   0.82899760782901144        0.16487969390900255E-001   0.21900333988100681        0.31759708811335441E-001
   0.67921245730244084        0.64977567365941485E-001   0.54347358373500942        0.31716304672310382E-001
   0.78920565494230277        0.66723613852538416E-001   0.21846549228989032        0.31728828573784638E-001
   0.82480835907545857        0.65850977885864900E-001   0.82501340851834504        0.31788320065045915E-001
   0.49661727679935291        0.67901803098671540E-001   0.14821905937429652        0.31849278785049263E-001
   0.88824635247481143        0.66136577403563587E-001   0.85480142572680506        0.31808620415874865E-001
   0.26659147238262482        0.16635387053756570E-001   0.23696592384612067        0.31812389239755094E-001
   0.55973689818485983        0.16323734954256350E-001   0.56456702811128534        0.31786501698440460E-001
   0.14122335583307752        0.16419467349629992E-001   0.17337733102382960        0.31822806329199038E-001
   0.70554487693161305        0.16421714229709297E-001   0.86371233146375226        0.31693690851332973E-001
   0.60763214209822825        0.16179392827274538E-001   0.62976660359046244        0.31749905279675153E-001
   0.19911512091407202        0.67358089058650469E-001   0.73819043059165013        0.31743449753110511E-001
   0.45280751647057069E-001   0.20110895832548062E-001   0.82607576180167386        0.31759427142029860E-001
   0.67258204629352003        0.15238702626381226E-001   0.58373745366118734        0.31801095808579122E-001
   0.19857949457246196        0.66389811467626389E-001   0.87768928695178605        0.31807245410776203E-001
   0.50247845494012944        0.12219705510010630E-001   0.91635672369952048        0.31806496837784672E-001
   0.66319046176928209        0.66085312732240942E-001   0.37420012755489090        0.31749755349762397E-001
   0.44968839517510689        0.66013108112182639E-001   0.75372739235386446E-002   0.31777879742753645E-001
   0.73298276928408534        0.66744505244057492E-001   0.81039457532295564E-001   0.31740633195778384E-001
   0.34566595204417133        0.68323964543498567E-001   0.67924343549435728        0.31790178178433395E-001
   0.12756279585180153E-001   0.18343225733917324E-001   0.66424906847466614        0.31717887447153273E-001
   0.23868666523117324        0.16682792933818191E-001   0.29834632022939317        0.31818281739630881E-001
   0.93551707168953024        0.16807724549461923E-001   0.11412254414473241        0.31722865705682238E-001
   0.86142508771203286        0.15571794147248151E-001   0.64582584397371101        0.31731948608309753E-001
   0.90749873493369160        0.65828384094713338E-001   0.72954414822683700        0.31732828142599735E-001
   0.99964067060452233        0.66574159389724039E-001   0.85067076203362263E-001   0.31747057587870643E-001
   0.37015097949852183        0.18620529874178827E-001   0.75885908874023222        0.31798338367831684E-001
   0.35304135865992389E-001   0.66625860118679422E-001   0.13815394559009583        0.31802337128575067E-001
   0.21057278262642556        0.64837024536547952E-001   0.53719710544978860        0.31730378792704836E-001
   0.54070198080696730        0.11668080729696155E-001   0.86169102468042102        0.31700564188733953E-001
   0.67154101088540108        0.15618467626733280E-001   0.33511570176822075        0.31805181879405342E-001
   0.60210515958177946        0.65777652444851883E-001   0.42171127545862114        0.31847158029191934E-001
   0.42963668666349403        0.66561032963905531E-001   0.13991827266572784        0.31749276558321292E-001
   0.71381738871305514E-001   0.66585681637155059E-001   0.93962621230720855        0.31789902200952430E-001
   0.29607233386247156        0.66482122712358663E-001   0.21034037359418098        0.31795103297458244E-001
   0.31661220426747733        0.16709009976031860E-001   0.64604961313114884        0.31749648791048669E-001
