 3 HS poly
 400 2
 161 239
    1.0000000000000000         0.0000000000000000         0.0000000000000000         0.0000000000000000        0.10000000000000001         0.0000000000000000         0.0000000000000000         0.0000000000000000         1.0000000000000000     
 T T T
   0.85530085430057323        0.79916478328064984E-002   0.49370752142264762        0.35478989048488188E-001
   0.89910837833065615        0.85859989976345297E-002   0.62064504179195401        0.35332612875933991E-001
   0.11971772045815292        0.89610633206416729E-002   0.20181898730714182        0.34762807173371317E-001
   0.50371670149420300        0.77877675803733823E-002   0.41188640868205134        0.36127603951509615E-001
   0.14962637432640644        0.83282755806799481E-002   0.57355194185400560        0.33764639265637088E-001
   0.22151019360591351        0.57767308847061875E-001   0.76584325700857747        0.35534086607536888E-001
   0.79311787948061396        0.78401937718419572E-002   0.36151453161211511        0.35894617498425561E-001
   0.54767935947051682        0.82614690111621845E-002   0.94059846268393044        0.35127043308904787E-001
   0.94241297006157820        0.58092157619964668E-001   0.40103993130132792        0.35982251358022271E-001
   0.35803708074392926        0.79613108188709633E-002   0.35933224142465975        0.36642434583325355E-001
   0.66988160990250134        0.58352443492381001E-001   0.69442020889506550        0.35775888732321411E-001
   0.27576584542396954        0.81987407176125817E-002   0.86410361819563253        0.36380978313082998E-001
   0.24691989126960742        0.57963820650274861E-001   0.57515002498845158        0.35062268290413333E-001
   0.65576186524863844        0.58084887296254800E-001   0.47721495051297280        0.37262664401967571E-001
   0.98097952269239641        0.81185200886156814E-002   0.43779570500066689        0.33573693899117373E-001
   0.74011458994998003        0.58262254364029015E-001   0.66927664644239371        0.38743785855054065E-001
   0.73500854230491985        0.58213256940618630E-001   0.19002553868297994        0.32692310826575408E-001
   0.57121905572688914        0.58192383043584220E-001   0.79127865955911147        0.35409652900301652E-001
   0.31179541104568682E-001   0.81830148690396672E-002   0.41269974227678856E-001   0.36393010836418153E-001
   0.41170655261823735        0.58100441155657752E-002   0.93602928053215420E-001   0.34559052445199370E-001
   0.26768713533585703        0.77390958529368770E-002   0.79105901934834211        0.37014020294759059E-001
   0.48024803050890330        0.58587171206261925E-001   0.16024219710877939E-001   0.34250844679753666E-001
   0.61313274341086421        0.58338557476919052E-001   0.25628191191031768        0.34605114394234610E-001
   0.85543873488599154        0.58032545557909793E-001   0.22554089518614037        0.35740660274040194E-001
   0.35862295054012344        0.58077282976159078E-001   0.48633653559636214        0.38482996022106336E-001
   0.23635684197632317        0.77276015323884707E-002   0.30686426814028134        0.32933023715117589E-001
   0.12045050422118761        0.58364573115351176E-001   0.74492440393944759        0.33406690989308221E-001
   0.26528617477860716        0.58166691155769418E-001   0.99382787624686342        0.35591123299765492E-001
   0.27186517185600136E-001   0.57862382209356571E-001   0.84941405052519969        0.34117570582748911E-001
   0.74855015085587906        0.57904456420247913E-001   0.33591983699232358        0.35577905278146811E-001
   0.38232545200399187        0.58345078635430016E-001   0.90394555881515148        0.38023021734174815E-001
   0.72633410783680019E-001   0.83155348501772041E-002   0.74788112484418279        0.35561117477918965E-001
   0.37648506715232327        0.82700742789231160E-002   0.95875427728882701        0.36181959644187203E-001
   0.85633840531998895        0.58306755144392965E-001   0.83897647685432286        0.35102244464755510E-001
   0.63878361761658242        0.58079270195358183E-001   0.17067850487941261        0.35214590303289078E-001
   0.39869739962541639        0.58085763550473513E-001   0.56263606518971898        0.40264115220620636E-001
   0.16196145017979366        0.79400903446664173E-002   0.27967380364957029        0.35862414499030770E-001
   0.83188605772389068        0.58518729112040084E-001   0.54044553736583278        0.36206173754875948E-001
   0.65105563639971475        0.82872404971201710E-002   0.11682477935126556        0.36106354136605984E-001
   0.87264055461053924        0.58350841923778610E-001   0.38876469326723112        0.34781254452057424E-001
   0.68796534601876713        0.82740556350923145E-002   0.64295677050325328        0.38116574921647078E-001
   0.99877253074134131        0.78401007158284460E-002   0.95313059434091285        0.36904213881008625E-001
   0.53923447840711258        0.81516992775556296E-002   0.72895847616918263        0.35799896529228929E-001
   0.44200050482015718        0.57932453068924687E-001   0.80639933266924613        0.32806795540534756E-001
   0.94310841011276791        0.58331635210348204E-001   0.85947614739301559        0.34228667176011467E-001
   0.48127857871725116        0.80163941289953661E-002   0.48007389978160303        0.35547737892333869E-001
   0.19034214748374792        0.57681618252199696E-001   0.32562371981078719        0.37425115523630210E-001
   0.72073683870619271E-001   0.58852330420110781E-001   0.21379795206631841        0.34573087492946297E-001
   0.30251200469768974        0.51873650860720821E-001   0.22260112498856852        0.37219352977688636E-001
   0.40404570694690867        0.51598056620178728E-002   0.23172406917265312        0.34398700858279861E-001
   0.89697874852698478        0.77200307999802003E-002   0.20284201453770753        0.32825477277127216E-001
   0.92332986214529178        0.88934963284354931E-002   0.68962965517778341        0.37752655919327430E-001
   0.34804248963910989        0.81970406025160397E-002   0.86144617645167765        0.35869942965953354E-001
   0.94580154236859293        0.58357712843088320E-001   0.96823708669025133        0.37052563381992198E-001
   0.94869474062541526        0.81863927862017693E-002   0.80266899715045095E-001   0.36789403955907768E-001
   0.82495308428417957        0.58202155727590667E-001   0.12026373690907570        0.38505884991919724E-001
   0.52181688811561644        0.57972265042558674E-001   0.67849198026405866        0.37177561886354502E-001
   0.49764266767863202        0.58255691373787902E-001   0.92668169118861909        0.36956170788778941E-001
   0.43456259602112673        0.58234893884183549E-001   0.73716762947999770        0.36593922906048681E-001
   0.34375095884983317E-001   0.82470333677565968E-002   0.60877235098340121        0.35741080328513267E-001
   0.63533978367213439        0.77411647303432408E-002   0.35870202652635297        0.35485824802644228E-001
   0.94944744302599859        0.82772508885995948E-002   0.81301409614788867        0.33880140738890611E-001
   0.92943095432699618        0.80046945637798871E-002   0.29424749779669229        0.36894620531689730E-001
   0.35086574605766868        0.87500042859645199E-002   0.60947146312429867        0.36501810618426354E-001
   0.16995614316968929        0.58876103281195927E-001   0.18956389069847221        0.36471147488880799E-001
   0.42334656022542366        0.81090092989830279E-002   0.61490119034905655        0.36079498230779668E-001
   0.51807222096555006        0.10770878612063793E-001   0.18860233624064396        0.37679706569102106E-001
   0.14199930539121067        0.58297538159675068E-001   0.91970017515697400        0.34823080459938205E-001
   0.62160695548543610        0.58282986911364000E-001   0.62927648016041338        0.38096578141344380E-001
   0.14025626500004026        0.76664143004057401E-002   0.34945896852556185        0.37112296366646279E-001
   0.81520341711676447        0.85604734823804644E-002   0.58795353888533741        0.34689017771005373E-001
   0.30301503577890027        0.80536535346503926E-002   0.48456145067093892        0.36288163497261876E-001
   0.93560675441260155        0.88285211196652610E-002   0.91373511049857092        0.37170334240401372E-001
   0.82802659898584274        0.57887979739202816E-001   0.30247274591708273        0.37895213317008770E-001
   0.56390524905976824        0.57973703982447555E-001   0.54354603752653441        0.38401690667071463E-001
   0.10506457005799087        0.87943007488967464E-002   0.36303502014877823E-001   0.37615831579760693E-001
   0.76683352414873074        0.82717601874711267E-002   0.15499504104155537        0.35989747794019152E-001
   0.47491764213096760        0.51663281412069181E-002   0.25193724063090084        0.39159517405860475E-001
   0.37692717605883014        0.57875304403987353E-001   0.41183338133819847        0.38211089166862264E-001
   0.10123797338341294        0.82519826731462641E-002   0.63640407955388267        0.36577532137744596E-001
   0.70033400335345042        0.58470807456048150E-001   0.99467845880782391        0.37757881061983488E-001
   0.73033720949319991        0.79320144985625136E-002   0.23645879978545306        0.35292050343304224E-001
   0.23257089268318967        0.58320959473749025E-001   0.64871649583042168        0.39875359145350717E-001
   0.28411345325850923        0.57848078716126440E-001   0.29439770380765212        0.37127706278406655E-001
   0.62461414504941015        0.58380431439103243E-001   0.85484253502344010        0.36154392616934303E-001
   0.12063462430955820E-001   0.80312823105487298E-002   0.51662390475023667        0.33784137799680168E-001
   0.61468560757397761        0.84504464136733928E-002   0.90880948713282617        0.38022998657875791E-001
   0.17939147064549107        0.79629366730272037E-002   0.43574114625708871        0.37195568953159633E-001
   0.19945231644184469        0.58308599777153670E-001   0.95907437945436469        0.34303618251399923E-001
   0.75366571910797389E-001   0.57628455475976739E-001   0.69133899638012319        0.36611754959493724E-001
   0.80968751003153372E-001   0.80478828075156873E-002   0.54923724789118011        0.39046986890183120E-001
   0.85110388818770433        0.58387173395970104E-001   0.32863422955998699E-002   0.35439275225661190E-001
   0.54740546421305769        0.93931443391981218E-002   0.10080055506982130        0.34772020620278829E-001
   0.44804157073944761        0.58056036152371329E-001   0.66376791932901358        0.38021392771692822E-001
   0.83646352115482270        0.85540866367762158E-002   0.65595933882930890        0.36466453016956508E-001
   0.39088633085902746        0.62030966757618353E-002   0.29765424423745973        0.32591353040345078E-001
   0.16322245242854530        0.79222311044316908E-002   0.50734489058830712        0.33671294797471794E-001
   0.68566330957524391        0.58042824753509907E-001   0.37060716632960783        0.36203918365721094E-001
   0.76242364214982483        0.80453124468138036E-002   0.44739269527812192        0.36480249646621790E-001
   0.12948202526013569        0.58842727758972938E-001   0.85395710439382835E-001   0.36451756118441009E-001
   0.24761522004046244        0.58235358832235053E-001   0.90807134107094689        0.35843105137993415E-001
   0.83873942911937249        0.82218869720766460E-002   0.17060652651077021        0.33732517123673901E-001
   0.15412850094228861        0.88745843300892212E-002   0.13580044920275613        0.38629525356193690E-001
   0.18163476615200799        0.82705872329336752E-002   0.66966685431271666        0.34323391655866377E-001
   0.32273210784697881        0.58536845917493224E-001   0.37685521102343141E-001   0.36125599857791381E-001
   0.85311835859156482        0.78709453621179249E-002   0.64037158517764647E-001   0.36589111819658446E-001
   0.96234654540549780        0.80413988388453508E-002   0.22795509918198500        0.37048128701917253E-001
   0.28285784028617079E-001   0.58008504093475112E-001   0.55990565305732154        0.34235419504647591E-001
   0.39697223066788995        0.79779069584470456E-002   0.69381104456550258        0.39135756907925492E-001
   0.57534666230911469        0.83593881075076735E-002   0.84142277787573760        0.35267065602644920E-001
   0.11069712727813671        0.82816090437766252E-002   0.41487413465273176        0.34575220446206985E-001
   0.85567867226446159        0.85032591154461101E-002   0.94590502834352341        0.35486303374230914E-001
   0.56645030222705806        0.83448588756710584E-002   0.64437313309161370        0.37727443874055924E-001
   0.10754139039884367E-002   0.80371397198093029E-002   0.29995775359655119        0.34677881369692215E-001
   0.93021086776194772        0.82489122893445090E-002   0.48595465129570770        0.36349006861169389E-001
   0.69574353990526971        0.57848190563884051E-001   0.53800269910965848        0.35464267948673293E-001
   0.73924077728248638        0.81539574047201999E-002   0.86043596788559651        0.38061309954959537E-001
   0.77477516147751069        0.78726956560811016E-002   0.29203855277401741        0.35865959514707148E-001
   0.45659278710780521        0.80624766095012956E-002   0.54884909930591086        0.37410068039227327E-001
   0.18728450636039985E-001   0.81909448246844391E-002   0.79719169773191467        0.37159990483998963E-001
   0.96376214839418983        0.58010837117518532E-001   0.52912688687584286        0.36832214601363586E-001
   0.26404499950540700        0.79610966271768339E-002   0.40486174598137326        0.35369566884633753E-001
   0.59905375357495094        0.57559903964718967E-001   0.11178229267847550        0.35685431102477946E-001
   0.83290677736246888        0.80803913815446268E-002   0.42334379789335452        0.37556080194835251E-001
   0.31762512452837066        0.78242377653628594E-002   0.95977322020130706E-001   0.37117169119393431E-001
   0.17832785366084525        0.85425998376512362E-002   0.65445493285789594E-001   0.35748049651549083E-001
   0.73432309680980845        0.82944705136541799E-002   0.78660762034477627        0.35397125040128694E-001
   0.61424575526569769        0.81111836531366360E-002   0.51505541940572164        0.37680860016208274E-001
   0.80731156599716844E-001   0.82318284902284152E-002   0.11930666932866860        0.36599342260527530E-001
   0.89664987412022823        0.58000689735920700E-001   0.96092399984622101E-001   0.36908279847798736E-001
   0.49343912778271043        0.80433504337698771E-002   0.63286106885645588        0.36151698113719204E-001
   0.67100602738076354        0.80693288621536182E-002   0.42324863001725554        0.37837708572323665E-001
   0.68920808866470940        0.82315829565536673E-002   0.17811023355511296        0.36070606558198152E-001
   0.66568718898742707        0.84332609779802972E-002   0.26891127464288395        0.37020965048155170E-001
   0.79291472231112536        0.58045071494951507E-001   0.87117757791840988        0.35993232719136743E-001
   0.34869428962279220        0.81441878192830153E-002   0.53857175969969340        0.34390582086103204E-001
   0.78271516953815645        0.71540200990545220E-002   0.51903446826365840        0.36111172238508418E-001
   0.30878413867437637        0.58704935666303741E-001   0.64202131253836670        0.36461191004147284E-001
   0.44036365021487028        0.82635896314647867E-002   0.91708049077063059        0.39628262552246177E-001
   0.74276742188561207        0.84245419407575402E-002   0.36611214854886227E-001   0.36156692852862396E-001
   0.61785349732222583        0.58047130919707757E-001   0.40831897300244757        0.36568590559948204E-001
   0.33954774569830043        0.78645220502377763E-002   0.79099823502546507        0.34820141290610319E-001
   0.80891582386877225        0.58039477812546730E-001   0.47192240413508407        0.36037352203774936E-001
   0.68162786116345797E-001   0.79206823240835760E-002   0.32823081010278371        0.37999957546699867E-001
   0.58865879745889560        0.86825771000937878E-002   0.99995454580229748        0.36993993364405536E-001
   0.88361779217201541        0.58438864952323623E-001   0.90410789678264614        0.35168414749247819E-001
   0.69105649342551967        0.58288179097155668E-001   0.82062455950863711        0.38563026644006244E-001
   0.44013299956386187        0.57961084552624678E-001   0.45018349873090679        0.35699858206232504E-001
   0.24426469566504263E-001   0.76026709311804580E-002   0.69640726390023788        0.34917982978911438E-001
   0.15687475836392775        0.58771760672948481E-001   0.16429946372827787E-001   0.37050891081083816E-001
   0.59032443696306547        0.58305202377877619E-001   0.70981883792220846        0.38047053277375856E-001
   0.19292551122947632        0.82859353061343673E-002   0.90361273754082017        0.38262705073016934E-001
   0.41191169157886331        0.80859086421876062E-002   0.49198375498056779        0.34776157420852244E-001
   0.43143386491507407        0.78772082098260976E-002   0.39782400389310701        0.37051718610008194E-001
   0.53447753648253882        0.78810795942338419E-002   0.29881761498701348        0.36598741868326699E-001
   0.41240048675878804        0.55478792275784242E-001   0.34381269888698335        0.37166156187435878E-001
   0.98513243054113919        0.80086145152683218E-002   0.36855868428797156        0.35738469274850887E-001
   0.56200716536929174        0.58141042348290733E-001   0.89144840458427610        0.36349097485749687E-001
   0.56250053024420776        0.57686816619923531E-001   0.49694899215923925E-001   0.35855143727240267E-001
   0.90229276729675434        0.82531133376810197E-002   0.34037760613379360E-003   0.36075271538126098E-001
   0.50136652383971425        0.58692601222167629E-001   0.85065115890053736E-001   0.34459077490566578E-001
   0.89592404214651133        0.58196184955849863E-001   0.51737510525277031        0.31854428991905930E-001
   0.53918909975361484        0.57970235265078635E-001   0.98616224385155171        0.31801559411771187E-001
   0.86457192798186044        0.80275383299985691E-002   0.27012449384322756        0.31857201623013129E-001
   0.31343628940067342        0.58194967810701860E-001   0.89147057389709750        0.31910451534483797E-001
   0.18954977631501658E-001   0.57580714501295607E-001   0.65248042566417075        0.31752463675318122E-001
   0.30559716564408701        0.57795586212498230E-001   0.76295563195340632        0.31694761586096812E-001
   0.27228722711506881        0.85957270147039681E-002   0.61287248996619181        0.31851157407724852E-001
   0.74508634303392018        0.83075913287615384E-002   0.96829132709814314        0.31814923501173993E-001
   0.60083570568320688        0.83208082718265481E-002   0.75742590044620806        0.31746411630570855E-001
   0.26080456180353451        0.57911530732443588E-001   0.50773597452799091        0.31705956173069157E-001
   0.38225178339487936        0.58107912314205368E-001   0.47447582081383416E-002   0.31860447208250112E-001
   0.28352835003776000        0.80219678351642516E-002   0.54978870115252454        0.31733728717536706E-001
   0.26482032397509270        0.58481439783170830E-001   0.71426946255467860        0.31803665608375165E-001
   0.83987131243358537        0.82918883390110543E-002   0.88041844082538889        0.31869694532780060E-001
   0.76988964611653143        0.58421590144444771E-001   0.99919731301326142        0.31894199509685188E-001
   0.96674024173994544        0.11726708068341592E-001   0.58014875153819956        0.31766605104670005E-001
   0.91784067699441696        0.80316660208896284E-002   0.36204687717256873        0.31741088888631364E-001
   0.37364324229033796        0.58631805993799330E-001   0.82234419072515885        0.31805769855647259E-001
   0.21951170420743954        0.57984556774555641E-001   0.41014706786670008        0.31777453183859904E-001
   0.71301019471740723        0.58328658503480374E-001   0.27859720058246673        0.31738019945752212E-001
   0.11686766817588652        0.57699131465593259E-001   0.30776707748094995        0.31808373627352164E-001
   0.66203559464068473E-001   0.58337967556746889E-001   0.79264968764693322        0.31827114796982338E-001
   0.79722588782186532        0.83299349279140726E-002   0.76166386648761686        0.31804609765730268E-001
   0.52658881125317447        0.54509451461986581E-001   0.24566416578706421        0.31837306236358449E-001
   0.78726374984299641        0.81696041293700377E-002   0.88197472843309324E-001   0.31802848667755068E-001
   0.22104007997143577        0.82886460420104734E-002   0.53829399647233545        0.31786449180032331E-001
   0.73176710768753184        0.78740280104879126E-002   0.56543046770899241        0.31927993067128228E-001
   0.10892476449666495        0.58490879629986253E-001   0.15765341594482712        0.31796487911621880E-001
   0.26094842062743373        0.19232582201037553E-002   0.24598622092848255        0.31771196919972607E-001
   0.43528698059547433        0.57075886946463712E-002   0.17288764540701718        0.31747788159220032E-001
   0.77107628046174170        0.57921494123251122E-001   0.57102566911321007        0.31846204343153640E-001
   0.46818454580091540        0.82604460204620551E-002   0.76953185898690246        0.31762438908433110E-001
   0.94218024599377129E-001   0.58190823747345792E-001   0.37049818972224885        0.31831351860720392E-001
   0.88260686222486195        0.58604671561205524E-001   0.66259372637710312        0.31851656052444478E-001
   0.48245580964236334        0.54886113285135096E-001   0.30205998917122578        0.31824044375346618E-001
   0.99478812113166248        0.58283414121464018E-001   0.70519163843835567E-001   0.31822905898745701E-001
   0.69460979097250031        0.58294758729568845E-001   0.13233341224346545        0.31879782601081194E-001
   0.41405546973402224        0.17498203947344550E-001   0.84969720143282335        0.31811169271163384E-001
   0.56144065216682082        0.77929106371966445E-002   0.36773276357013462        0.31817350130292819E-001
   0.69434756395661568        0.84251523003704507E-002   0.92967046701986733        0.31894978448076816E-001
   0.12240045916862979        0.57970429120963007E-001   0.52049577857298845        0.31876081552489242E-001
   0.45999197108924705        0.49590193416054473E-002   0.33474575792792005        0.31776160554979171E-001
   0.41893571104908628E-001   0.85080417614785114E-002   0.89871485236360582        0.31844832630495284E-001
   0.85718683831559472        0.58684073794624730E-001   0.60378540965307137        0.31917961723280340E-001
   0.42480437083952322        0.56005331352903476E-001   0.27432952988431220        0.31809880582423379E-001
   0.20270170321681594        0.82431802347837247E-002   0.24347314512787369E-002   0.31806534754529880E-001
   0.46734340672272456        0.84838472180086954E-002   0.57314737007544879E-001   0.31766473151062784E-001
   0.67992818560264456        0.58440359541298920E-001   0.22369469418507115        0.31863938307533306E-001
   0.97893147687078186        0.84495523490887656E-002   0.64741563582234385        0.31792178913900612E-001
   0.19371282566728468        0.73942046588011444E-002   0.82341249227457147        0.31775144785751747E-001
   0.27662137785818958        0.85798216807085586E-002   0.67647030776073969        0.31890020632837343E-001
   0.89398948496867359        0.58064413073122316E-001   0.32564209729831223        0.31853145877310175E-001
   0.52373993632560567        0.75088929648873017E-002   0.25266372621463543E-001   0.31795129617170452E-001
   0.51667791569364951        0.81967171961111179E-002   0.88106816905345287        0.31812062093110202E-001
   0.27128360260722401        0.58367955244093821E-001   0.82080391651779896E-001   0.31816277692571053E-001
   0.97329420533929090        0.81281242875333431E-002   0.73925069380621800        0.31788458716438685E-001
   0.49685840205839310        0.58127046318256825E-001   0.52264569520084170        0.31803576555535784E-001
   0.90230782692030453        0.78959696220626627E-002   0.42370953847315695        0.31812004503696610E-001
   0.81057388380650797        0.58383224227116608E-001   0.94952175051156340        0.31838139611854624E-001
   0.61932758292156789E-001   0.56301903067364878E-001   0.50036759168392819        0.31861802930376618E-001
   0.71560783680352247        0.58390134421017349E-001   0.60244638738171508        0.31834365644742908E-001
   0.20130242881969246        0.90708926158311939E-002   0.22417321075433866        0.31761314719449568E-001
   0.91574684209164170        0.58349251610576129E-001   0.57829505029767170        0.31860984894850605E-001
   0.74346248644236124        0.57610847879430382E-001   0.49039001249383224        0.31717050580702864E-001
   0.54084312791444855        0.60377209357757394E-001   0.14568033939042080        0.31726281962283172E-001
   0.47353182742709515        0.57861660857341290E-001   0.37617340535557064        0.31758615898213660E-001
   0.40477553516643938        0.82495078676435660E-002   0.77724503397040512        0.31768471781635652E-001
   0.40179275679791439E-002   0.58504265628569641E-001   0.19258861656304344        0.31806675917864694E-001
   0.22559545432564912        0.83400288557884342E-002   0.72022668079932162        0.31758830185958625E-001
   0.99184418578794394E-002   0.58190510971089321E-001   0.40685088803337277        0.31740450750809501E-001
   0.22001816890204465        0.59304404724872611E-001   0.44243314163948076E-001   0.31903802120776113E-001
   0.63356355948052767        0.58401231571235501E-001   0.16312907684765832E-001   0.31758023329207297E-001
   0.33038880617975763        0.59311021509207609E-002   0.27244078562825719        0.31864407991488375E-001
   0.10250454480159482        0.58157197503435315E-001   0.97325075059121191        0.31655772549950924E-001
   0.96849829891829475        0.10998157390416666E-001   0.14682727834570104E-001   0.31719163421802289E-001
   0.10595980230798567E-001   0.57894758896888270E-001   0.99915439372803128        0.31827749256312314E-001
   0.42983673913024510E-001   0.83139533073400603E-002   0.45867970527691720        0.31842002399900621E-001
   0.71892787282815107        0.58067852030165783E-001   0.43070377223885808        0.31800243555791731E-001
   0.58798201662130722        0.75539568089766891E-002   0.15810166634102829        0.31795233608493151E-001
   0.87848722449230343        0.57949722683117669E-001   0.45514845413986676        0.31750126658411607E-001
   0.75470276559558447        0.58139043456600849E-001   0.11066758447346431        0.31773780528628441E-001
   0.18241606145804848        0.58198696074484704E-001   0.54630178872035262        0.31771268989489045E-001
   0.36700829266290959E-001   0.82371122744701614E-002   0.24058565427495368        0.31759721959509137E-001
   0.36526204353363090        0.55160819853377889E-001   0.25130596652052617        0.31812792803499926E-001
   0.91929297533712151        0.58076692813866772E-001   0.24789592284999840        0.31852808789817139E-001
   0.47248012989249449        0.10510745771327532E-001   0.12081420718106846        0.31863960586048012E-001
   0.79953435589746447        0.58267960545191955E-001   0.18749831952483006        0.31847404448782715E-001
   0.59955539820209380        0.82649201402725352E-002   0.58307390756228072        0.31866430841824528E-001
   0.99116581769303691        0.57848526899045065E-001   0.90647018726491058        0.31899598357251188E-001
   0.44529151961636149E-001   0.84029374964520610E-002   0.17744692714088711        0.31857529241944710E-001
   0.80530691859319781        0.79192148135180246E-002   0.82665333197130886        0.31824349478911079E-001
   0.85775773597243299        0.80261627736375445E-002   0.34123672604684513        0.31794316771741528E-001
   0.81198019647222758E-001   0.58156522562430063E-001   0.89226230121388228        0.31799035413024500E-001
   0.76780262491091644        0.58553448035630611E-001   0.73482744197980154        0.31920258320735966E-001
   0.78771600516579821        0.83016537193568423E-002   0.91709207069529830        0.31862443606569237E-001
   0.69395703183449176E-001   0.58293920892667828E-001   0.42929000515357418        0.31818833898795203E-001
   0.60506619866900657        0.75634068642274239E-002   0.66795094025660945E-001   0.31830247412031165E-001
   0.43455135413330803        0.58048092816376462E-001   0.96799520684758134        0.31788637531463625E-001
   0.36755520155707216        0.93510014248776821E-001   0.14196240800295826        0.31804989976127546E-001
   0.69985830774169111        0.58403428290770866E-001   0.89051701382450310        0.31814562444839441E-001
   0.30891334717211272        0.56833936086307248E-001   0.82655294041800298        0.31831970589778658E-001
   0.19844125037474003        0.58673189867848891E-001   0.11245984844567003        0.31782423378451628E-001
   0.59518839562424659E-001   0.58072991534572960E-001   0.27988107118993300        0.31875056908484897E-001
   0.31368132889225792        0.57769883545391046E-001   0.37656003088620094        0.31846206813290701E-001
   0.81018771086169550        0.80289718540301393E-002   0.22964748818534794        0.31760894593800576E-001
   0.15250679934951128        0.57962329265212532E-001   0.39639990893956439        0.31732608075605490E-001
   0.80535632616837682        0.58300140900989589E-001   0.52700797847760092E-001   0.31811928856926526E-001
   0.25319588151015043        0.57717404325449140E-001   0.35607045722738984        0.31840895162305330E-001
   0.61720927660812643E-001   0.58249022723894310E-001   0.76454621623536570E-001   0.31848541621025808E-001
   0.13449611460204144        0.58565805350246969E-001   0.45788411496696219        0.31850707566203736E-001
   0.89008713454258748        0.58524283255281390E-001   0.72595368862533038        0.31878188232847798E-001
   0.97303095138267526        0.57244992464021482E-001   0.69699796412115211        0.31837602552030747E-001
   0.70210650434479649        0.79766391272996385E-002   0.48940661743280961        0.31786450211018759E-001
   0.38061547281174968        0.58806916938602571E-001   0.64530695852388331        0.31696283048940593E-001
   0.52240691140454443        0.78524545934474423E-002   0.57061141081078037        0.31830850806606949E-001
   0.37752305136238735E-001   0.58223014184824146E-001   0.13825244862551211        0.31878234036567088E-001
   0.34533540886671532        0.20446726888738221E-002   0.20110302184585033        0.31857296398776255E-001
   0.94097565305775455        0.58466671037416706E-001   0.63701637294969338        0.31812024115538198E-001
   0.48617339400650866        0.84598937358405027E-002   0.97293225700082142        0.31829776688948860E-001
   0.64904385306703061        0.58436399179424905E-001   0.31324095586977874        0.31838921518485511E-001
   0.29167060051996885        0.78328469208240204E-002   0.34211189329369923        0.31875498943327203E-001
   0.53326396917437069        0.58067169429226642E-001   0.60873359764390766        0.31786013381099099E-001
   0.30253840293149736        0.82194589557845633E-002   0.92956332741063130        0.31762921977777525E-001
   0.75879402436041332        0.82584766662810501E-002   0.62323674197906176        0.31727387255277642E-001
   0.12101880016183482        0.53433119180272166E-002   0.79717014940677122        0.31778806478918648E-001
   0.97888558915280699        0.81185197107244197E-002   0.16107530903098605        0.31843771022126183E-001
   0.91259256230945462        0.85435466196199152E-002   0.75850318616891510        0.31835584236786771E-001
   0.28571929675960761        0.17188979367593398E-002   0.17777096535229542        0.31844024503828804E-001
   0.17308714074173762        0.58363261886044862E-001   0.85844022685920318        0.31844161223147427E-001
   0.65535903597452561        0.58542653051173912E-001   0.93779686823583142        0.31842218062510072E-001
   0.63797322556214042        0.58493821234906332E-001   0.77113370933470282        0.31750387412246256E-001
   0.52349734721908225        0.58060224249872006E-001   0.46378548676096332        0.31818903211162493E-001
   0.78690816205067027        0.58029066920168210E-001   0.40758582165686497        0.31898556841384929E-001
   0.63677714565806887        0.84485997202699645E-002   0.81038808671028428        0.31778614711090343E-001
   0.73001825252310071        0.76053473955030489E-002   0.38615365548530900        0.31833325055829177E-001
   0.89850771064350921        0.84712041874584407E-002   0.85461355774426873        0.31846737337636676E-001
   0.20965481107954712        0.84176875828931783E-002   0.60098698592730349        0.31765305039745423E-001
   0.32066593047358766        0.58889123199822792E-001   0.57373678522021732        0.31789717672479810E-001
   0.42566492414982832        0.68023788643664478E-002   0.91494212773544498E-002   0.31858690798274525E-001
   0.31742311761104541        0.77929599387505117E-002   0.72561855859750146        0.31813783692685414E-001
   0.57765590888311591        0.81529917509695748E-002   0.43406088735702042        0.31871820293715415E-001
   0.50669594191767409        0.58236045253480029E-001   0.76096541956975228        0.31829152127019700E-001
   0.83652355048482552        0.58323920146665376E-001   0.76373134140390531        0.31812621250011164E-001
   0.91594960657975522        0.67069980599659840E-002   0.14079367975884613        0.31887822013764035E-001
   0.47548305129972795        0.73813980470169432E-002   0.70593467755640427        0.31788971928287509E-001
   0.38511070002314446E-003   0.58063641802023905E-001   0.25613056744767881        0.31785389933429137E-001
   0.26597021027737602E-001   0.57778748675078456E-001   0.74112797429063526        0.31792427720981425E-001
   0.88102135646957613        0.58126184600833408E-001   0.16295139826094340        0.31745959701807804E-001
   0.70369515874773214        0.81217372644135245E-002   0.32790437394912586        0.31801713455798644E-001
   0.54941944187982916        0.57754140088312922E-001   0.40555357994811347        0.31878559659032371E-001
   0.36866822682613737        0.83916556328083522E-002   0.42025748894187094E-001   0.31740008641543763E-001
   0.79834772566893630        0.58453714661153525E-001   0.62879268680886957        0.31870428773968493E-001
   0.66876442105563605        0.80425441173323526E-002   0.57558656365008698        0.31872432310632796E-001
   0.11218033124921628        0.55717496833872560E-001   0.83668957396649901        0.31867141043551137E-001
   0.63217387520834589        0.58080863328610982E-001   0.56012675551775915        0.31842921070874823E-001
   0.23956350090738918        0.57745968270091375E-001   0.83282999959333281        0.31773704466835591E-001
   0.16862587199388868        0.74790814025950912E-002   0.75186356654714848        0.31819852999391100E-001
   0.23537118312018177        0.79453382841128458E-002   0.47622681133129735        0.31861950294362118E-001
   0.72751842854509946E-001   0.56121633437361358E-002   0.84138353360851814        0.31695128518850042E-001
   0.17977178264380711        0.58288286586221531E-001   0.71305826324060562        0.31720133812176074E-001
   0.65427947690539234        0.87768494592813349E-002   0.97914982911155968        0.31744632250028645E-001
   0.96153121836161681        0.58155606767013750E-001   0.12556604399580412        0.31825685383463184E-001
   0.23681920457341640        0.83095839905196114E-002   0.10148563568916839        0.31877531215012758E-001
   0.47477097267118423        0.79470661172958909E-002   0.83282146027173876        0.31864941494408973E-001
   0.36696465509312154        0.56627233704248305E-001   0.89215679404803711E-001   0.31811981294562489E-001
   0.45946723961449765        0.58050221945624328E-001   0.86942651129692750        0.31855360922707528E-001
   0.20719089515139830E-001   0.57961744160932929E-001   0.34006472354315737        0.31856053288746383E-001
   0.32900955793851844        0.78830132181227086E-002   0.42167242559064760        0.31725090559405172E-001
   0.14939053225564197        0.10595804696979891E-001   0.96664872443322014        0.31829421176480931E-001
   0.51677662689735804        0.59294475004704250E-001   0.83702986033652160        0.31781315747895028E-001
   0.34649264960508386        0.57776425554846217E-001   0.69896041567615996        0.31834864379111281E-001
   0.33019642284660078        0.58373593800267756E-001   0.95783017851535246        0.31838764760761223E-001
   0.45589896710454193E-001   0.57708263261274019E-001   0.94504820739394579        0.31845052030265081E-001
   0.26560241249937094        0.76067146852078216E-002   0.42034293343589761E-001   0.31794868046213468E-001
   0.93180447205392147        0.58205138116707716E-001   0.36255677917526964E-001   0.31822637724572091E-001
   0.17127610888196237        0.58299330860972755E-001   0.61010634841733524        0.31771697444421793E-001
   0.41934500544386649        0.55700824278922492E-001   0.13687057692966861        0.31856149096677062E-001
   0.59350711866298822        0.58583994739507123E-001   0.95284017328017767        0.31783634498523741E-001
   0.21964742821039329        0.88847613699592088E-002   0.16291998068810645        0.31903323311560240E-001
   0.16118716383418391        0.54979004270616673E-001   0.79587591564444127        0.31899900318334659E-001
   0.98611659725989509E-001   0.83036403486061172E-002   0.92786175413293026        0.31845292741972751E-001
   0.62474579867789670        0.80409792097474921E-002   0.21325913503287147        0.31812425308829599E-001
   0.97484652314975717        0.58126278966517245E-001   0.77856190110559975        0.31804248563490005E-001
   0.12997373528116982        0.54340326466140315E-002   0.87262175565461508        0.31714908109981579E-001
   0.56622189234297404        0.45497613866532227E-002   0.23826636632989642        0.31702591583186904E-001
   0.11051699816729300        0.58227282518287064E-001   0.59039979651515417        0.31784360741024413E-001
   0.72068786005120089        0.83257360161059762E-002   0.71515152202543775        0.31789027379541569E-001
   0.62740195560292300        0.83550393104870873E-002   0.67791858125861360        0.31800729074966935E-001
   0.95899243623816730E-001   0.81878970942306905E-002   0.26402199664023862        0.31841815780032673E-001
   0.31119527148253678        0.86035393864031511E-002   0.99276349262243468        0.31864385332553043E-001
   0.22193559218098957        0.54566437803508096E-001   0.26356126709964295        0.31776166562268310E-001
   0.82134022175395693        0.58447851820638344E-001   0.70012186682934019        0.31832336557587354E-001
   0.42491870516729152        0.55772571492338878E-001   0.51971234895915382E-001   0.31763152558524514E-001
   0.24364362714241841        0.81782028924177689E-002   0.95352312665337313        0.31787505484817194E-001
   0.47294026453433433E-001   0.81971529542823832E-002   0.39496278125756118        0.31795646158932392E-001
   0.60303781693852609        0.85957544557898440E-002   0.29921214658924644        0.31852237040611159E-001
   0.95739048831281304        0.57975967542106481E-001   0.33252068430645138        0.31820485814457469E-001
   0.57588929762536600        0.54435130804855986E-001   0.20015783449681876        0.31775782908408191E-001
   0.13080078529036213        0.58214508823080761E-001   0.24555473227931540        0.31818897737858412E-001
   0.98652746778854028        0.78873488495148827E-002   0.86721161007703162        0.31786461486502618E-001
   0.88227514029139575        0.87571968035805824E-002   0.55556831530558015        0.31885921367001684E-001
   0.86040202178916725        0.83156359761943494E-002   0.79478187357868868        0.31680246619197550E-001
   0.42419675588929954E-002   0.58530157419886208E-001   0.47367712969427217        0.31740849317019142E-001
   0.78188750578257382        0.83271897774070732E-002   0.69716613202732913        0.31826850644351534E-001
   0.13850746658793944        0.58241412680152108E-001   0.66471596480639072        0.31806507724104364E-001
   0.29349421362874850        0.57894311681885108E-001   0.43902174630375518        0.31868905126895677E-001
   0.70592078152722926        0.58293831814540092E-001   0.75170064863185249        0.31854521821385928E-001
   0.77827706078066938        0.57796101981500682E-001   0.79794474707733831        0.31742829972903369E-001
   0.69732000324833343        0.58146946910890965E-001   0.65091539430877240E-001   0.31792007947159522E-001
   0.75026067288082432        0.58260655722275456E-001   0.92926440239969221        0.31753095588000234E-001
   0.66953231317108186        0.83286878658606969E-002   0.86532428983877341        0.31800310350626727E-001
   0.59276966755091831        0.57616094684875642E-001   0.34302907363605212        0.31819630862210020E-001
   0.20575511541407501        0.77756157279591275E-002   0.37130517649501044        0.31877772468063267E-001
   0.13110166942404043E-001   0.82686808093311911E-002   0.10712412527400157        0.31893266488488267E-001
   0.12305979521110108        0.75480557769563254E-002   0.70198682021627379        0.31825368869805387E-001
   0.10250062641089396        0.82722440112940176E-002   0.48166228461993132        0.31840808012469711E-001
   0.52908745170090865        0.57854587962015730E-001   0.34524245227819716        0.31761475230480438E-001
   0.94045646346898415        0.58165686368282871E-001   0.18566229835208475        0.31841731284516089E-001
   0.32663546125463727        0.46691600445094350E-001   0.15778357034210627        0.31820588812871385E-001
   0.52636228336711643        0.81778932893879965E-002   0.79540014234915279        0.31851109858853324E-001
   0.44308866636501842        0.55224798856878900E-001   0.21252660905744969        0.31801280800131823E-001
   0.85052480110002737        0.84626831468621929E-002   0.72673703363698050        0.31824327843706396E-001
   0.23721170098771904        0.61365347007013404E-001   0.20213584735569834        0.31851835858174686E-001
   0.38333344889037524        0.52040721992879596E-001   0.18933911961078834        0.31877617165923987E-001
   0.36931596611671968        0.57887689171511915E-001   0.75841951882085901        0.31842245822977996E-001
   0.90921502382171782        0.58515626490214301E-001   0.79794905801669935        0.31797221649933143E-001
   0.54704277794989875        0.85218217653701567E-002   0.49653458448767862        0.31835652504420067E-001
   0.66471736808311643        0.85956611957551336E-002   0.42082818342318133E-001   0.31766788844746034E-001
   0.77435692024858027        0.57947229209373986E-001   0.24617617834413347        0.31865903513664709E-001
   0.58626391546252066        0.58177467512365334E-001   0.47529941960045907        0.31934448824604264E-001
   0.62886428557822713E-001   0.77545710199407696E-002   0.98064727236489380        0.31883789072550218E-001
   0.71681738808626283        0.81876771111210438E-002   0.99472833037535666E-001   0.31824952346492859E-001
   0.19604547052217897        0.57983081479688503E-001   0.48043921785446708        0.31853880965751723E-001
   0.80703374092515057        0.84134207814959405E-002   0.13123060153799626E-001   0.31792561750891971E-001
   0.47887459519282938        0.60721871070679813E-001   0.16013889877412171        0.31860150330596949E-001
   0.66192890081519618        0.85757218201306332E-002   0.73958229682776555        0.31812909655652782E-001
   0.35057794550434518        0.58025335175610461E-001   0.31314424339830382        0.31767732115461897E-001
   0.46580178957776835        0.58049430681950225E-001   0.59592073183056682        0.31866064722299803E-001
   0.26361715875093300        0.51739407083989754E-001   0.14493796855623550        0.31844532047997032E-001
