 3 HS poly
 400 2
 281 119
    1.0000000000000000         0.0000000000000000         0.0000000000000000         0.0000000000000000        0.10000000000000001         0.0000000000000000         0.0000000000000000         0.0000000000000000         1.0000000000000000     
 T T T
   0.70122589780110123        0.59236951512112015E-001   0.59158760629240226        0.34199656323823477E-001
   0.62833196978384331        0.89992945840775829E-002   0.51486547799118021        0.35626540481977255E-001
   0.31418010323226175        0.89250673313148853E-002   0.15688287158768111        0.31510277091699818E-001
   0.88208695426927686        0.59160784695102303E-001   0.27577040793882523        0.34198469032537662E-001
   0.80079086409187525E-001   0.58775601788633502E-001   0.36844680587859202        0.36179831895860111E-001
   0.16106716564574164        0.58623182103790507E-001   0.92784439602195579        0.36584085042417128E-001
   0.59470350334451949        0.91076950504254683E-002   0.24573556807061453        0.33089076630784094E-001
   0.99265354406614481        0.58862491769531948E-001   0.15816113159495832        0.37855442795623369E-001
   0.77644088067596773        0.88574857516050230E-002   0.73809688599481366E-001   0.36048145051409512E-001
   0.73561165892373814        0.91272175944598129E-002   0.13336957629769636        0.35994830985183281E-001
   0.96544487352052188        0.10403113941057352E-001   0.36681903488223244        0.33315183396458739E-001
   0.14591240571140854        0.84679613132912918E-002   0.52697386864601914        0.34152729635246827E-001
   0.15383522134264307        0.58792864501649146E-001   0.21831883326068260        0.32439649572240221E-001
   0.41214377171301625        0.88458151748873233E-002   0.19150641387291143E-001   0.33741497586831398E-001
   0.28035827426838311        0.58808200660986500E-001   0.45236965912821503        0.35538810566153316E-001
   0.44367893214306020        0.58621343517481529E-001   0.64826612845931253        0.34491069479778647E-001
   0.38299543427885968E-001   0.81575626250562621E-002   0.80828017016881459        0.33696534931351940E-001
   0.60218742703411565        0.93439753027992119E-002   0.96612024789691286        0.34491961676070680E-001
   0.91881422479483377        0.89405067685194763E-002   0.44346473489797394        0.33241312215537763E-001
   0.46150512605581878        0.58898291482202228E-001   0.57995279545958500        0.36051419735799034E-001
   0.32356316026647902        0.86948772630183104E-002   0.73532006739353639        0.34978463101027459E-001
   0.75486055537219698        0.59133206859976063E-001   0.86625151459217586        0.35373780417612431E-001
   0.94395459233125693E-002   0.58170431695227336E-001   0.77038572230481861        0.35194182854055331E-001
   0.56496398252475137E-003   0.79011285548535280E-002   0.49887953591165629        0.33886075265323508E-001
   0.84890601793125309        0.59011625095445469E-001   0.36609747060047854        0.34832256182333148E-001
   0.78127006944828978E-001   0.58450046034315355E-001   0.77598962709239516        0.33628211807213426E-001
   0.81309426397060081        0.58113232737627252E-001   0.66865902233792862        0.34036831299672804E-001
   0.37508582761266163        0.96378309495269154E-002   0.30416483060136273        0.35256092531039035E-001
   0.13030605839197426        0.84727946757859052E-002   0.88736666417478083        0.33422263265772974E-001
   0.25798976907868498        0.58560888988427512E-001   0.52172378507943207        0.34240799109773304E-001
   0.22434598034104847        0.58409697906883933E-001   0.78701818760727027        0.35082208080218079E-001
   0.63820234277170529        0.58965639633245304E-001   0.56336984521699618        0.34679241723804995E-001
   0.14753768571274281        0.58381267747626454E-001   0.79014132118681568        0.37197431988866575E-001
   0.10920591863097510E-001   0.58707067493171131E-001   0.38860110353407806        0.35823043771244192E-001
   0.84425883160585269        0.59411818840832603E-001   0.81641466617260272        0.35322459632174071E-001
   0.98598551256011935        0.86097880926297478E-002   0.27207346581997022        0.30166602675832873E-001
   0.25724927650380974        0.83811183447326330E-002   0.75324039289070555        0.33489752842739050E-001
   0.18623733091488662        0.85068696739370297E-002   0.75024859920610398        0.37465620351161501E-001
   0.98345105826103818        0.83163797349451625E-002   0.72774880968362854        0.35340596695345762E-001
   0.22916483544783484E-001   0.59070276939797911E-001   0.62990272195898034        0.33518521800333746E-001
   0.44683762608593988E-002   0.89393111548951801E-002   0.10628053490732077        0.35103624740664342E-001
   0.17515454770365868        0.58349181761311313E-001   0.56695707648599014        0.36126768410981558E-001
   0.74863518250880901        0.91042567194526396E-002   0.75909463098686614        0.34063064125353398E-001
   0.68299105599125576        0.59387963835711426E-001   0.85614188111268352        0.37065824030190056E-001
   0.29638938537844106        0.58615177914690134E-001   0.69537678521576018        0.34465186821142274E-001
   0.61034488501847084        0.58924425436485045E-001   0.62390424742714568        0.31953575269346855E-001
   0.81170045470751417        0.58408508855064045E-001   0.28363471700760673        0.36545562206455072E-001
   0.93699851306849838E-001   0.58680580107246777E-001   0.28542405393742099        0.32538127935262930E-001
   0.40381339099962804E-001   0.58439856964499604E-001   0.53593501325930004        0.34386913354152449E-001
   0.83500290010881639        0.81239217216894297E-002   0.71134568201372972        0.35005311767268905E-001
   0.33632417122620184        0.88293980762365921E-002   0.95591120312067746        0.36074981366843194E-001
   0.82575645620080529        0.58357039834753238E-001   0.53661613190897661        0.33121392982126484E-001
   0.59221708932951844        0.58804738912563818E-001   0.68900861891538900        0.35593200468281024E-001
   0.89293183425211098        0.56424720673186879E-001   0.12023434231363569        0.37492319130817311E-001
   0.67508478017347151        0.58975815562727296E-001   0.65465437365630430        0.34000447258783408E-001
   0.97245975303634802        0.58214962439193677E-001   0.53590063343079508        0.33112223056841493E-001
   0.35076011864487461        0.93407859508557872E-002   0.59569039996343554        0.33923156436004208E-001
   0.65643140403016653        0.90450022902919518E-002   0.19477424415064819E-001   0.36492899533309101E-001
   0.33253214013505006        0.86643042359440450E-002   0.66258084338064471        0.35285418427443198E-001
   0.51038957525570572        0.93016512200841880E-002   0.33690637928579553        0.35248310902518232E-001
   0.40133073457135443        0.87710006244508653E-002   0.46578513959998974        0.37940438526655677E-001
   0.39575825608677362        0.59844879099309113E-001   0.34783614189295675        0.34114798123663991E-001
   0.10292272073994339        0.58449246845947093E-001   0.84885349047572944        0.33465480513927004E-001
   0.52946210633017821        0.57773364194962075E-001   0.45589484738354136        0.35179890663181390E-001
   0.20689152081448536        0.93220416294967114E-002   0.36100768700701541        0.35053505442844073E-001
   0.60340981038431696        0.58854658786735563E-001   0.17232420893350621E-001   0.36272406116444861E-001
   0.49111889635350647        0.91195149842999840E-002   0.42391379860807404        0.34149298514904038E-001
   0.58099611784533511        0.95372602244872713E-002   0.34864884270132840        0.35835888376017228E-001
   0.40550324142716837        0.87572827347037040E-002   0.95260652916427213        0.33083873395458367E-001
   0.72561326976071272        0.59437347554412684E-001   0.82321308685705738E-001   0.35265684166518402E-001
   0.37570524290524621        0.58521841350813189E-001   0.63635206705298464        0.34004231793958249E-001
   0.47949507657063667        0.92201390905658660E-002   0.89412110008765511        0.37466332788043656E-001
   0.23083681715463025        0.86510914329829096E-002   0.47094053059397961        0.37131858976300405E-001
   0.89761867004076390        0.89302034891666025E-002   0.37812355677324888        0.35126835594098071E-001
   0.29842519929075367        0.58640046299300377E-001   0.99389926717258303        0.36856480241060377E-001
   0.35326811627123639        0.89527293679332806E-002   0.10224637835110301        0.35154341796036659E-001
   0.62905421903746572        0.59037217743809690E-001   0.46001876743844372        0.38533657492135165E-001
   0.58268047055987426        0.59244648186695559E-001   0.29449077090178849        0.37589849050162508E-001
   0.77609109379113117        0.59117664107260395E-001   0.79861676038056673        0.35084078755247758E-001
   0.12396741162223185        0.88798346746456151E-002   0.39445982139183350        0.35114484074624953E-001
   0.86431786178686376        0.58069823793428503E-001   0.74972922828813804        0.34296972699383574E-001
   0.11851689312628154        0.86193810814003090E-002   0.95466143727868258        0.34207713122640718E-001
   0.20804740271486941        0.58987705978113363E-001   0.25475125624456491        0.32822031362817999E-001
   0.79614931289482915        0.76534926749008154E-002   0.16805608458809471        0.32614676503131379E-001
   0.86496508405590911        0.82638478072499608E-002   0.56616249276560315        0.36767697200715911E-001
   0.68870427348728946        0.58823848283588491E-001   0.15042310374243356        0.34321887203007842E-001
   0.75402722005046929        0.90854403651077671E-002   0.97800179181181890        0.34966210408464232E-001
   0.30876111999393530        0.58829097663952848E-001   0.20546630611406824        0.38027597792589192E-001
   0.10957143285947797        0.86304944243035080E-002   0.25407875581967929E-001   0.36518728151479822E-001
   0.94685055633907689        0.58330868307700727E-001   0.69340254991753814        0.35491816831497651E-001
   0.27944258371850333        0.87726012811245747E-002   0.56477502001523372        0.34944742738312738E-001
   0.19848671616975072        0.88285409751150592E-002   0.20944114005088124        0.35154699653987077E-001
   0.91446209592342853        0.93809594322082218E-002   0.93053415727554167        0.33912524950438422E-001
   0.12409632165376176        0.84168036023060510E-002   0.46302624378983320        0.33350511914237921E-001
   0.37960597840342325        0.59443865076292429E-001   0.41504659581570269        0.34976532582120488E-001
   0.89051587418398648        0.58257987987514206E-001   0.60930601687747532        0.34037902317632866E-001
   0.97064244398483934        0.96209234499712842E-002   0.72654328403892153E-002   0.34379134148860090E-001
   0.68039739392088505        0.91529481392390363E-002   0.45675586940031287        0.32991331489390777E-001
   0.89002146815319405        0.58565047061679337E-001   0.48509962831706954        0.34878070634019792E-001
   0.47463441905376891        0.93534367466005467E-002   0.26565965656615731        0.35056441439322239E-001
   0.68195319476157235        0.58917122369031065E-001   0.30060960782849061        0.33859081382820906E-001
   0.63351551141089490        0.91486479524166813E-002   0.30034216738552938        0.33881827463629929E-001
   0.12163334327243415        0.58899229844453685E-001   0.13222485563453176        0.33709908076666004E-001
   0.28278390693100897        0.91946562525095123E-002   0.33598789524788325        0.35424030758011850E-001
   0.98703557410167642        0.91340482929581201E-002   0.65813998600648604        0.34018443378644389E-001
   0.70267644251214567        0.90333544214417482E-002   0.69129886823094888        0.33803144954975897E-001
   0.23022359552827304        0.58720838057487526E-001   0.85745854387034970        0.33072961404180846E-001
   0.29986175365827866        0.88024014822801564E-002   0.49798253623431027        0.34881884437969662E-001
   0.22508522460348276        0.58571435897930159E-001   0.71702853385431586        0.33897515981091024E-001
   0.48635126110884674        0.85074279985419901E-002   0.82275363310420391        0.34184017001068677E-001
   0.10336781429397436        0.58500535278052157E-001   0.50477757059516160        0.34926010288989631E-001
   0.97041100447399753        0.60448685075748569E-001   0.32099617552501530        0.34521023826107347E-001
   0.57073430151734894        0.61317590927888577E-001   0.75586871314238224        0.34656857656967389E-001
   0.35758489554164258        0.72749109112469276E-002   0.21080612454749298        0.30829710540776184E-001
   0.63316311036090189        0.90292337597630400E-002   0.40185636778348599        0.38265943548613547E-001
   0.93564120527888039        0.58183334111058894E-001   0.76557035902222881        0.37336773500834905E-001
   0.54956255948926114        0.58759567893450340E-001   0.65152730547327106E-001   0.35782467171210169E-001
   0.10796722140588096        0.87328035897716230E-002   0.32708185853364802        0.34047682421286411E-001
   0.58738006122773179        0.85988688587437991E-002   0.57509404845040235        0.36965907137369428E-001
   0.61151169467177624        0.59349970169797706E-001   0.83660957355901211        0.37032002627863783E-001
   0.53680179447077203        0.87734978217580539E-002   0.11753216014966092        0.37732262623453035E-001
   0.80262952007681909        0.58324029082624219E-001   0.96052893834156861        0.36199019622029725E-001
   0.87809042868587006        0.79263679005987919E-002   0.17170036180509962        0.34517410932250435E-001
   0.57225321026823306        0.89578472721521443E-002   0.18128690416070781        0.35117397656457355E-001
   0.48192653806047647        0.58870519986616555E-001   0.10514968545943476        0.37349431225872656E-001
   0.49691914631116600E-001   0.85272066234406748E-002   0.74314986217304413        0.32382159826986147E-001
   0.33444491429792433        0.87089511641841241E-002   0.88260938335378725        0.36782167711041910E-001
   0.21536075731539250        0.84642316385087971E-002   0.53980540178239000        0.33441657941329112E-001
   0.97152180873239347        0.58240137062419775E-001   0.83188976956779415        0.32742912269114730E-001
   0.64377742983757524        0.94754705766811730E-002   0.89200175642169233        0.35821298633870853E-001
   0.61902518598562306        0.58953694844897910E-001   0.17662524882430272        0.33499626122640319E-001
   0.50930385040676740        0.92590489960991604E-002   0.20718089884278815        0.32909443658414299E-001
   0.75385151421726693        0.87025955079973443E-002   0.31759537691709644        0.34990363322083280E-001
   0.50215619966275948        0.58726145537588828E-001   0.73777136523924502        0.36160292683919577E-001
   0.95360115167552839        0.94867998085045920E-002   0.67966293136142580E-001   0.28480634001247382E-001
   0.50272068436163697E-002   0.82404565039081515E-002   0.56739808832115290        0.34158407163231902E-001
   0.43259892851639237        0.58869080998435033E-001   0.71967251869142557        0.34877155491514003E-001
   0.76778987396406118        0.59002026264390217E-001   0.24451991000492470E-001   0.34591274890147190E-001
   0.84561271322466902        0.89464050314900668E-002   0.42769356493211214        0.34693411883290094E-001
   0.95204110724043900        0.59725636877253220E-001   0.89810779154284925        0.36230111944706114E-001
   0.20630287735329325        0.83908334149164748E-002   0.60894103498046259        0.36168680203167797E-001
   0.68893458163956645        0.59394253545761402E-001   0.50060020296163310        0.33758879465703724E-001
   0.44594854809644008        0.59256083869075937E-001   0.85425419248616075        0.34710694035761422E-001
   0.53494022899622762        0.58611167176321713E-001   0.58891424718128593        0.36215353920055426E-001
   0.39886049581381873E-001   0.88230297129494803E-002   0.18705458204143935        0.36706173312825434E-001
   0.30687850911140513        0.58718528666948981E-001   0.83814099796648811        0.35565705289575228E-001
   0.30981756612205819        0.59912211446625521E-001   0.61844503740557533        0.34087062083321767E-001
   0.84773724984243159        0.76190770105698290E-002   0.63638708067375127        0.34438913465987840E-001
   0.95685201450042345        0.58627574680618189E-001   0.62443122800677098        0.32769836076662423E-001
   0.63390652384038695E-001   0.89376159433989556E-002   0.60512378869582761        0.35240932910582640E-001
   0.42691050883219589        0.59219884466072827E-001   0.27965600553380837        0.35228344796526256E-001
   0.19041889456472502        0.89731361413282282E-002   0.10642746169304675        0.36168347686918838E-001
   0.93644274502006097        0.84013973509308917E-002   0.58189298341796003        0.35715185500349599E-001
   0.92583208830399844        0.89546899501783978E-002   0.29760293316720055        0.35115398641717817E-001
   0.40276508348705575        0.84602400547873820E-002   0.67794034968358641        0.36367070781766105E-001
   0.63732895450018556        0.89409177287625152E-002   0.67752930817249835        0.32606852635994513E-001
   0.53253053651029958        0.59392829881943679E-001   0.88612122627749579        0.35571500079157256E-001
   0.96930085600059324        0.88519885485284083E-002   0.20698076288068112        0.35812024752143595E-001
   0.78758305316828436        0.58970868795519438E-001   0.41060730061132955        0.33982895389039904E-001
   0.26239954891636935        0.90028989644578335E-002   0.40547549948391826        0.35107974211241399E-001
   0.15227187996812633        0.58461376723082908E-001   0.70921817076907712        0.35533271017916701E-001
   0.90473473793429560        0.80994784011029063E-002   0.72226626187333387        0.35573668125048190E-001
   0.11571182777341742        0.77161038784659165E-002   0.74400196388010742        0.32585454284565163E-001
   0.12662779986338035E-001   0.58701517878810942E-001   0.22890090594572418        0.33784652152129196E-001
   0.47627425545306407        0.87215816110561735E-002   0.68944670244463024        0.37908790214729739E-001
   0.24564652139177090        0.87523940670730573E-002   0.15479837900972399        0.37016312738519970E-001
   0.10435541532129830        0.83973035650688390E-002   0.80789210597838879        0.31135679530374744E-001
   0.26843254167239489        0.58474958780856345E-001   0.28482760913665495        0.34601118493887029E-001
   0.49873364890939226        0.90361659872361527E-002   0.56008762058287559E-001   0.34606381561324062E-001
   0.31972826673286003        0.58926503379941597E-001   0.63822813741771026E-001   0.36238028240639771E-001
   0.74853061576753865        0.58827470378262851E-001   0.53749696354084908        0.36299640002847390E-001
   0.79745411879529604E-001   0.58656513524216594E-001   0.70522742532881222        0.37096893174413219E-001
   0.36305592471859433        0.87572601137584829E-002   0.52787652072541746        0.34938031733692657E-001
   0.56082507292477121E-002   0.55566076249660992E-001   0.54995643330562595E-001   0.33691111901182708E-001
   0.44126302007508789        0.94556866689811635E-002   0.32684877774992288        0.34603715542115915E-001
   0.26391563827358627        0.86880015125411127E-002   0.95327179012128183        0.36191023757635082E-001
   0.18904936487353546        0.86788289120221206E-002   0.82340525251465135        0.35579268053844912E-001
   0.39377483817262598        0.58834761590083731E-001   0.67127414972302055E-001   0.37862794446475577E-001
   0.78381629797643348        0.58827215538916171E-001   0.12200294193920067        0.33558856629240193E-001
   0.65535660583095168        0.90187263627241523E-002   0.61006058559717835        0.35802324100473168E-001
   0.53425696675588064        0.58477745798859088E-001   0.81538634113078001        0.35157584415663495E-001
   0.93218824442963188        0.85112426755831836E-002   0.51086480452212746        0.35353519230768453E-001
   0.15709001102031353        0.58487565961620226E-001   0.92260828659188965E-003   0.36527220514564071E-001
   0.57763205956989139        0.93193377538874130E-002   0.87228299746318871        0.33079792919484326E-001
   0.72588047225800223        0.91097215440719154E-002   0.82497843818413319        0.35614585050623884E-001
   0.75136509059076084        0.86547613735055030E-002   0.22149892382681785        0.37043341449949994E-001
   0.32404937182150806        0.58793761202174957E-001   0.55273594455224473        0.33110544792606153E-001
   0.16236339283264192        0.58323877057448861E-001   0.63802370502864303        0.35202442330573645E-001
   0.80030853640376687        0.91226313274750549E-002   0.84309686346525126        0.36005361749268106E-001
   0.83226774680296811        0.82839493288637076E-002   0.11597488971938897E-001   0.35419483517756013E-001
   0.18778393921395403        0.58944614331608726E-001   0.15851328174285520        0.36025008220322681E-001
   0.98596287474562139        0.87842307276607828E-002   0.43177559253123748        0.34637469409555886E-001
   0.88971615820286853        0.81479754926191052E-002   0.79168533328489621        0.35367874103510472E-001
   0.59771624292674608        0.59539843941712689E-001   0.91612183592095975        0.36166671303963352E-001
   0.34745217890768187        0.58764357431817786E-001   0.47905205147901064        0.36646646240197596E-001
   0.19456647500378010        0.87028562126062053E-002   0.96502455736776149        0.34050293671266822E-001
   0.52033754245820885        0.58999116263607210E-001   0.16512107190983780        0.33022723601263015E-001
   0.43240285263771816        0.88501174172619171E-002   0.99200433098524929E-001   0.32907199817900794E-001
   0.87016102275666740        0.95468252658428340E-002   0.86021803845077982        0.35903161173643172E-001
   0.40124128100736450        0.59181613511751309E-001   0.20305509009819669        0.32538576901828126E-001
   0.57858569291899553        0.58699205144119387E-001   0.52364737545323270        0.35235270202650618E-001
   0.84743790015993040E-001   0.58722282110635161E-001   0.21678997673250305        0.36643723880109093E-001
   0.52092160791256947        0.59194492886728040E-001   0.38584765904210544        0.35313531312533293E-001
   0.80161726533409072        0.58627750357118570E-001   0.21354326175325838        0.34223876848166399E-001
   0.44956417419454353        0.59059922937855364E-001   0.44543413499935824        0.34194911155744093E-001
   0.87330250945695675        0.63696242402409495E-001   0.96571399549216919        0.34741598130749549E-001
   0.12631687749581802        0.89389944408987815E-002   0.18045957600273924        0.35862376150278596E-001
   0.55040029795105798E-001   0.84170610100164599E-002   0.41458599298291449        0.34376331422023045E-001
   0.89146070135724054        0.69636409912892955E-002   0.69283832418637809E-001   0.33478475827468240E-001
   0.94366661601847501        0.85203137491475043E-002   0.14063635117723314        0.33838915108880679E-001
   0.12329269214871547        0.86840199241717039E-002   0.25146201659228862        0.34745458047295695E-001
   0.74391371557610309        0.59434609224181659E-001   0.66437724809894527        0.35242704866452743E-001
   0.68583048150852233        0.58972497689965334E-001   0.41085180145433731        0.34760038831292514E-001
   0.46988628632968893        0.89975285631497294E-002   0.15386183602793202        0.33349398651480178E-001
   0.20028322972952997        0.87171446399867177E-002   0.89364079293108201        0.35493823653579323E-001
   0.64101034607258423        0.59185323141914860E-001   0.24254403010080150        0.34859575533106230E-001
   0.31316708984996422        0.57303907999144588E-001   0.38791355014905315        0.36689621659134947E-001
   0.98658566344169019        0.96678244518043632E-002   0.93814388092142620        0.36502158810115801E-001
   0.77913161176878809        0.89485770820133450E-002   0.45515114498184173        0.33426567085191386E-001
   0.36049438280066620        0.59615183811668998E-001   0.25694656765657148        0.34956396851155126E-001
   0.25978204961444940        0.87203041594552094E-002   0.82177253413887774        0.35037219903811583E-001
   0.68320568762112233        0.88386457236187682E-002   0.34820884793306867        0.35087626706806978E-001
   0.69002197348527305        0.93099127845095355E-002   0.54689307145354882        0.33740146198590712E-001
   0.35127660020831841E-001   0.86804939439408309E-002   0.34422427784528048        0.35194128134566197E-001
   0.54645315248630255        0.87023126063962581E-002   0.70940273267909748        0.34977335465505389E-001
   0.63197366654351572        0.59027665604465845E-001   0.34815590294596360        0.35104362489922096E-001
   0.82609666006049431        0.58771430173598795E-001   0.63603973848814305E-001   0.35083506714011302E-001
   0.74264020984696921        0.58703546558976465E-001   0.27079550130336155        0.33674884134268640E-001
   0.39407189873351206E-001   0.84348177503648265E-002   0.12679800147185505E-001   0.34597181949712355E-001
   0.70289798966129380        0.59139590754078687E-001   0.99712481000356179        0.34969981017979025E-001
   0.47410896881639730        0.93489484366860980E-002   0.99206395659597901        0.33879410837434315E-001
   0.94779408915308083        0.58852245013729335E-001   0.25289646776421293        0.35368847300534190E-001
   0.32862709930917161        0.59460771963257303E-001   0.31855198363043769        0.34344820523385569E-001
   0.26413404752580932        0.87693926765553491E-002   0.23560190111432452        0.35159149031810791E-001
   0.29627522512810489        0.58268016537897815E-001   0.77115793311549141        0.31960647740464088E-001
   0.19674170666062657        0.84435588426794959E-002   0.34829798107685508E-001   0.35654327045849185E-001
   0.83875977379489952        0.80499813018050283E-002   0.24195706914561463        0.33679151051763695E-001
   0.36857646724413362        0.58763152465892234E-001   0.91923953544131132        0.33743164910784371E-001
   0.95724064508721707        0.58526694215623336E-001   0.46962407511390308        0.34089826225224600E-001
   0.30095541144895060        0.58410138927182879E-001   0.92104820169661950        0.33634771052348356E-001
   0.27206942260288475        0.89616124954438169E-002   0.86259202741899507E-001   0.36355555540664719E-001
   0.68783087938790177        0.89332277533380831E-002   0.25436133200132410        0.34468637683860201E-001
   0.39174785825542685        0.92812173089632556E-002   0.74814046961751424        0.34356960108851239E-001
   0.37702983101774107        0.59245826521160228E-001   0.84463217852679173        0.34867384127551304E-001
   0.94259182466957214        0.59619942439869227E-001   0.96865203166974945        0.34720120606242084E-001
   0.52063322212008233E-001   0.87230814789785536E-002   0.25997644775241768        0.36968447144560206E-001
   0.13364839730003636        0.82835359889433698E-002   0.59711128345399955        0.35460965730089680E-001
   0.42648164474721256        0.94383095910046070E-002   0.39609556864055789        0.36127806320291084E-001
   0.49694457058301339        0.86899905925400221E-002   0.62256118432687546        0.32024763355654969E-001
   0.68532363687204523        0.90971023261163537E-002   0.95033484463201412        0.35562559036804248E-001
   0.64222521209785977        0.89656444223496830E-002   0.13518699835133655        0.35413214813899058E-001
   0.41838011637065742        0.85816165950556769E-002   0.60844245912979922        0.34112118277456319E-001
   0.69610865067408978        0.58949859050407373E-001   0.78603304710879507        0.34258171692899485E-001
   0.77769927596914723        0.91095692648430673E-002   0.91124531768133099        0.35597224079005181E-001
   0.73259362862412014        0.59103142614449024E-001   0.93341426151496099        0.35268866465971944E-001
   0.47164506146281737        0.86761522852337788E-002   0.49279457838364116        0.37348417795653725E-001
   0.82253208899064922        0.58955300940117264E-001   0.46922023352342163        0.34253535152126251E-001
   0.91932856851878311E-001   0.58060888202957794E-001   0.91505836720079847        0.33602514863392184E-001
   0.39101293288654576        0.58716361267127481E-001   0.56861053836184217        0.35286308070806946E-001
   0.49359370043817330        0.59210885469568424E-001   0.94659644975620783        0.36351684957696723E-001
   0.52480558328684601        0.58731896530002742E-001   0.66219316234588432        0.36900475939737463E-001
   0.60371801932859392        0.88491242687926651E-002   0.72425240505922570E-001   0.38197647652676581E-001
   0.55118052045664678        0.58864679166539771E-001   0.22811947629642809        0.35297375938078149E-001
   0.73745825030022061        0.88942859029038975E-002   0.39712833032693873        0.37960375635504195E-001
   0.84601274712225183        0.13704540954272759E-001   0.92627590463444220        0.34498057955716054E-001
   0.65643595645324859        0.88557546879218536E-002   0.81418122478918753        0.32990989999817324E-001
   0.34953385231144773E-001   0.58238373441904280E-001   0.85501010835970970        0.34757208249090170E-001
   0.78820316911615507E-001   0.58549034878125621E-001   0.98299634210245823        0.35562456339002013E-001
   0.28328951113357145E-001   0.58330069681818378E-001   0.45803786410293390        0.35527008169724685E-001
   0.37080173964728641        0.58874656753828969E-001   0.99434062214586572        0.35499793752697406E-001
   0.18039162624421184        0.92042074153226693E-002   0.28972722768210535        0.33951427195842744E-001
   0.85590812591611665        0.83207066870679205E-002   0.31802037246719739        0.34138459254651220E-001
   0.40657750706902163        0.92775647614491957E-002   0.88404251690516045        0.35296425561044169E-001
   0.41666846136755659        0.95830932148100265E-002   0.81368705254664442        0.35763994793903187E-001
   0.83726658013492783        0.87404188742502831E-002   0.11299691010470841        0.36054362576338081E-001
   0.57206915040433581        0.87283477550311774E-002   0.64483004870284955        0.34046002880908213E-001
   0.35774748775259829        0.58937723392045886E-001   0.15128188643787882        0.34991829338550051E-001
   0.91694301742538309        0.82933754741492689E-002   0.65130702855355382        0.36358934318608101E-001
   0.19070666266463232        0.84304140502050161E-002   0.67810569741722482        0.34728728242824608E-001
   0.92531894086269018        0.58686259652033272E-001   0.18437428754116161        0.34380418028265622E-001
   0.55376434177719402        0.89812309624114281E-002   0.14918655353678596E-001   0.34068343669386443E-001
   0.73017038825223224        0.89482317177057361E-002   0.49655467271178527        0.30640660166367344E-001
   0.53758175945871645        0.88592038844527276E-002   0.51027132531273967        0.30640811337968501E-001
   0.16604232846583586        0.58646113020038637E-001   0.86050468417620729        0.30708104235179914E-001
   0.95003559815945562E-001   0.56198963548122011E-001   0.63912355730015813        0.30611041480076921E-001
   0.73812724244211625        0.58266418713386350E-001   0.45335712590653643        0.30656160930078537E-001
   0.54146322248590539        0.92246369213132579E-002   0.93171039287758062        0.30585523237084734E-001
   0.43530312325684550        0.59333783958111744E-001   0.97975493375125899        0.30578093952650431E-001
   0.88516124592117607        0.59549679767189702E-001   0.90149521102173247        0.30641462684929305E-001
   0.84995558378564040        0.91014713823900067E-002   0.50048345602957922        0.30602440649365927E-001
   0.13009345685947114E-001   0.58208284327201466E-001   0.69332347760130708        0.30642344516754891E-001
   0.79814285043185484        0.76563018599136948E-002   0.57903866854033670        0.30591160360152921E-001
   0.50252607123034428E-001   0.57945002973066241E-001   0.11035247135702204        0.30604397316064406E-001
   0.16778804090379329        0.59879286589098524E-001   0.38045254368628545        0.30515613221900609E-001
   0.55670793862328394        0.62016516135091661E-001   0.96924395220560189        0.30651434145046279E-001
   0.19540629031040388        0.57517273006552065E-001   0.50327324996019307        0.30665383695005467E-001
   0.29411609313907194        0.58875793726957830E-001   0.12573533354043626        0.30628897391916609E-001
   0.81450889158578732        0.94056926578327590E-002   0.77632197735751896        0.30712642757558604E-001
   0.72191309273665705        0.91470812784834477E-002   0.35266405991769077E-001   0.30672186419263558E-001
   0.93653660847074149        0.89612129246974814E-002   0.85415002947861740        0.30717530708611870E-001
   0.42664953895008778        0.85369457044872071E-002   0.54398517796368662        0.30604108282433162E-001
   0.99537314253385323        0.83380218338642408E-002   0.87143186819167218        0.30603662615347572E-001
   0.88257643864671187        0.56993283333272554E-001   0.30065605957189746E-001   0.30618891021945909E-001
   0.68157915647766942        0.88008550701332428E-002   0.82128904289060931E-001   0.30612459715759505E-001
   0.90958228020960230        0.58482719250427785E-001   0.54751303104480820        0.30527981280581901E-001
   0.16014120427432316        0.62407234374090341E-001   0.69171617918343350E-001   0.30634021471248135E-001
   0.64422110298722923        0.59133847019965602E-001   0.96420187983521466        0.30599496415426506E-001
   0.88693598211986446        0.58946696845737327E-001   0.41959050673558645        0.30675860877524209E-001
   0.83668486309854007        0.58182945197658556E-001   0.15873992655422808        0.30675747085876851E-001
   0.43292639118914716        0.59358744365076876E-001   0.91832446249608435        0.30574673256741396E-001
   0.55502413313812493        0.90521799998857788E-002   0.41254718094591986        0.30727975698816853E-001
   0.90817145997777382        0.58931235421849110E-001   0.83266770198591389        0.30599657598494645E-001
   0.90267266732350127        0.10026815060547188E-001   0.23511036128008489        0.30614018928250428E-001
   0.53939937134435478        0.92544165865741119E-002   0.27748881878604265        0.30677408474706454E-001
   0.90702671261868539        0.58992244953473716E-001   0.33593896641156851        0.30599415157663387E-001
   0.61822090958179095E-001   0.91277442312853504E-002   0.74050330641305173E-001   0.30651852449675127E-001
   0.23100793471326622        0.58294829823000174E-001   0.98769758158663223        0.30605581447863354E-001
   0.77067008858415997        0.95902294992465421E-002   0.69822626933868515        0.30657995801126593E-001
   0.42200831948494072        0.59031461688264099E-001   0.13738691491793104        0.30658399148869017E-001
   0.32404350240918589        0.56264661483069398E-002   0.43550645793732751        0.30574401810995605E-001
   0.71393014772197239        0.91468289905425222E-002   0.89061314546284664        0.30620897252018508E-001
   0.34361089439690207        0.74159401401405201E-002   0.81214647125582817        0.30691015558262973E-001
   0.46031159757643086        0.58659390003543893E-001   0.79035389214222296        0.30700770538439275E-001
   0.26745038485240058        0.18997158725494242E-002   0.88674457257890060        0.30670887761719161E-001
   0.66024754858783133E-001   0.81667619546280622E-002   0.88380281807627226        0.30676869912450833E-001
   0.63301463303772343        0.51595960423836941E-001   0.77289701360620322        0.30591265903212640E-001
   0.76518797800729799        0.53820779981602666E-001   0.60217548957431644        0.30647674195867534E-001
   0.22861547993444312        0.58700319523325543E-001   0.92643495873513293        0.30628501227278598E-001
   0.80124521010412134E-001   0.92068212945543640E-002   0.13256956163405462        0.30644918680717489E-001
   0.35452889244024416        0.67145774131581321E-002   0.36674401724011479        0.30576302013145675E-001
   0.39836573188908125        0.90680227072520245E-002   0.16422901945354246        0.30615572786316339E-001
   0.32496853760715351E-001   0.58719225716841607E-001   0.30115506422411437        0.30638119241125916E-001
   0.70076276024728235        0.58951095082618615E-001   0.21435588582175477        0.30716702901227487E-001
   0.90633635279794067        0.12149309951250242E-001   0.99565475493499200        0.30581690740905117E-001
   0.36231529074158536        0.60799330847032242E-001   0.71093584023496570        0.30658642626588746E-001
   0.72284609411970413        0.59178439048761328E-001   0.72689139240445522        0.30628100004723761E-001
   0.94596052282181586        0.60189935707025202E-001   0.40311215792753513        0.30587806870014698E-001
   0.64726514700364235        0.58918813634205418E-001   0.92015988815302471E-001   0.30575823118915071E-001
   0.12535608395413728        0.90751970955218735E-002   0.91055389489783603E-001   0.30670796395724134E-001
   0.11806900331910387        0.67625160643074531E-002   0.66841206069942327        0.30533281892669243E-001
   0.97123558844897623E-001   0.59135138415615067E-001   0.69089025389013153E-001   0.30648180031871922E-001
   0.65112029712498398        0.89085885873439567E-002   0.20068591666362767        0.30559901432533246E-001
   0.95768156538948945        0.59437224133401828E-001   0.99295083642131757E-001   0.30613183702338495E-001
   0.25511843534544759        0.86127423698238222E-002   0.68917821074805075        0.30597369714799767E-001
   0.23813545433708727        0.58356528981265247E-001   0.48923891623015706E-001   0.30691746478472771E-001
   0.23458318979053874        0.58941312530396597E-001   0.11039916274715951        0.30608337654742804E-001
   0.47266660932037668        0.59235887229163134E-001   0.22294296199608490        0.30541721408953230E-001
   0.82026437323902510E-001   0.86190666520430653E-002   0.54198869959703799        0.30561250506239816E-001
   0.26135205247230903        0.86549282619351655E-002   0.20092073807041224E-001   0.30610624228499524E-001
   0.72570858340876421        0.58812399469131839E-001   0.35157154583098937        0.30582780748175328E-001
   0.50737601149442235        0.59443777313605478E-001   0.29372122682081708        0.30686259013821278E-001
   0.82351218174765695        0.63953937468139058E-001   0.88948923263673330        0.30701580423614708E-001
   0.58948976538730735        0.59479744413837812E-001   0.11832899913688874        0.30652727194645547E-001
   0.58562486036979189        0.99539811262616025E-002   0.79808331267570765        0.30735180005628929E-001
   0.27806094449713475E-001   0.59678636263587194E-001   0.92014622620127462        0.30625294357047601E-001
   0.82640428208327843        0.57672615194106130E-001   0.60040128137501469        0.30646603197629657E-001
   0.87665154391825828        0.57447102102880843E-001   0.68339313124048107        0.30610804058413214E-001
   0.78661962603265534        0.59018002871440614E-001   0.34594156727076258        0.30573979537260848E-001
   0.80730083761570370        0.89912685010026059E-002   0.37465522521322542        0.30650241823008885E-001
   0.43930989363677653        0.91126208339475726E-002   0.21015557279420038        0.30628846498685598E-001
   0.24029392638573180        0.58771764867445613E-001   0.20010098711073032        0.30630599730625489E-001
   0.14823448744715029        0.58693555422391068E-001   0.31759939980917229        0.30629404993231104E-001
   0.20982325871016125        0.59251644572801326E-001   0.31826134266270245        0.30662087201433309E-001
   0.65659533732695063        0.58783559421457278E-001   0.71677963457638449        0.30687368429033971E-001
   0.16267531036454949        0.58362967540946324E-001   0.45126624333819720        0.30694896097353201E-001
   0.50690281219439831E-001   0.86321277700489706E-002   0.66982471266749188        0.30682832390168543E-001
   0.21910592592018269        0.58312098496987742E-001   0.42507243410452150        0.30596222653135587E-001
   0.95236806557472159E-001   0.58297153378113323E-001   0.57524389680764365        0.30628121828640466E-001
   0.50111579288562058        0.87055936974324826E-002   0.55990176672706216        0.30585387236415060E-001
   0.78195140515614536        0.63302715946335119E-002   0.63810538596191535        0.30561275192800216E-001
   0.78988788949967359        0.88041234480819817E-002   0.51835409488476158        0.30662888043027536E-001
   0.58166481188562613        0.91856607831251116E-002   0.46778537135541132        0.30576922710828739E-001
   0.82700836591220392E-002   0.58934139842846359E-001   0.98234019155434804        0.30690567512208507E-001
   0.45822176207866988        0.59464563502525838E-001   0.36519872353683347        0.30644581668321239E-001
   0.53725014404433960E-001   0.91395068641700709E-002   0.94585333599969512        0.30598933973665154E-001
   0.60866825894848364        0.10385338381108646E-001   0.73464264295216675        0.30665119365994278E-001
   0.24994267256764632        0.59015356213205861E-001   0.36463390561475967        0.30626879677598452E-001
   0.45537010168418940        0.63902351026504198E-001   0.37661121001941834E-001   0.30588730825887089E-001
   0.94310778905120363        0.59571506275424659E-001   0.38295324923554128E-001   0.30520052863051580E-001
   0.52918988348656359        0.87100937293680940E-002   0.77274517620442584        0.30559732178045248E-001
   0.42614189429875982        0.59408463732975127E-001   0.50666579799695777        0.30665968649292476E-001
   0.74878813287184709        0.58670463742511503E-001   0.17594752687178250        0.30605304237826425E-001
   0.26988686922610633        0.98613176825997611E-002   0.62971124166713732        0.30674297940310055E-001
   0.51050554161738726        0.59201653743530348E-001   0.11426380129126881E-001   0.30640151965823155E-001
   0.36381228604670390        0.58507970093393272E-001   0.78014504843126886        0.30590080794200149E-001
   0.58618478275978481        0.59063500508299463E-001   0.39534469567274372        0.30622428102362702E-001
   0.67371078587802702        0.87215670129242012E-002   0.75004704478019024        0.30670758258441049E-001
   0.22750458567568149        0.56873828737388867E-001   0.65251416851309929        0.30679028000216709E-001
   0.63263862571103793E-001   0.82945645126673486E-002   0.48377112191843530        0.30595044445001048E-001
   0.24915746561300037        0.58708717204700604E-001   0.59505148684374432        0.30689076844069584E-001
   0.86660149763309491        0.58067421321849812E-001   0.21246097335630015        0.30664274938145084E-001
   0.50517461638707484        0.58828133862942861E-001   0.52458769478983924        0.30609010285173249E-001
   0.93852615666080552E-001   0.57512847196536099E-001   0.43396100569269386        0.30600315205787224E-001
   0.31449499485377208        0.95872735718011068E-002   0.27790105918276115        0.30601200896265040E-001
   0.79271664379485085        0.60728483684262050E-001   0.73183968932603904        0.30649468657512929E-001
   0.97295362579926803        0.81848651752520797E-002   0.79289780553474543        0.30623425229139963E-001
   0.18352298926884048        0.83113065067106483E-002   0.42240544108851746        0.30642249380166551E-001
   0.33775623595347071        0.86778552132061159E-002   0.22791895442043700E-001   0.30583623357809370E-001
   0.45638827280986011        0.86545532724438805E-002   0.75506820944124620        0.30615120311777436E-001
   0.71982983469334860        0.92765398940752655E-002   0.62849979159408309        0.30642815389242073E-001
