 3 HS poly
 400 2
 281 119
    1.0000000000000000         0.0000000000000000         0.0000000000000000         0.0000000000000000        0.10000000000000001         0.0000000000000000         0.0000000000000000         0.0000000000000000         1.0000000000000000     
 T T T
   0.77794113083255534        0.68841355530347134E-001   0.20822592114350419        0.34782735149547855E-001
   0.15612219778606531        0.19292930261419348E-001   0.35500150221275055E-001   0.35323223830387093E-001
   0.62926035844601336        0.19220918136494090E-001   0.60012675646545766        0.31583690431638438E-001
   0.39467371607548728E-001   0.70081714453487293E-001   0.49124868514729642        0.36516073414542390E-001
   0.88263822333627451        0.70363353409826482E-001   0.76950939560735587        0.33253857904491084E-001
   0.94917070645074875E-001   0.69490515264245586E-001   0.12694801764121563        0.33564633017348300E-001
   0.93101629869323921        0.18703269399852972E-001   0.86599208554247353        0.31920446479545006E-001
   0.94328386889187166        0.19459905707750566E-001   0.42342398879030807        0.34454085646430224E-001
   0.29288380308376650E-001   0.69419526339600399E-001   0.76419029587802711        0.34800671012250713E-001
   0.93953280902633030        0.69184148114663516E-001   0.99908541658039052        0.34423960167198259E-001
   0.49839578569454218        0.20431159042995764E-001   0.12680696887949486        0.32429307905036529E-001
   0.43629662018318771        0.19329083847678757E-001   0.92681111904602009        0.34830866546342265E-001
   0.74606040299476417        0.18975189595314784E-001   0.36932285099172191        0.35171007810809771E-001
   0.96851993466772746        0.69540432860896936E-001   0.93488159503701074        0.36020971925916981E-001
   0.89258236386949252        0.19120069533747303E-001   0.27613214538628200        0.36708601788262379E-001
   0.14546670927695762        0.69371491902109228E-001   0.82089076936993924E-001   0.33765567022810278E-001
   0.45194836601680355        0.18783987241578270E-001   0.43113796462171244        0.35045038749084531E-001
   0.41533921603436365E-001   0.70028717123191780E-001   0.62367234331295762        0.35269163635728538E-001
   0.99015590476303461        0.19291196208227401E-001   0.98643467635147952        0.37710061017243959E-001
   0.22071075925123118        0.19773551912595107E-001   0.52655318944550833        0.36484494435849661E-001
   0.35969415442060243        0.19124174177926116E-001   0.31098676799065550        0.33293357509535021E-001
   0.67946630283678988        0.69646814038287583E-001   0.61127571191331487        0.38276446109845756E-001
   0.37865693355065655        0.19184979725428600E-001   0.21329590668261098        0.36924936529917102E-001
   0.25886467831812632        0.69680154881964815E-001   0.56318040931696156        0.36224652076899191E-001
   0.68413428809344168        0.69602565209574904E-001   0.55847291344416267E-001   0.36434296291387044E-001
   0.35913542568333412        0.19521266427362714E-001   0.67554286757837068        0.36486726604923060E-001
   0.53820494058941493        0.19112183264754341E-001   0.24358489039453765        0.35891528014200785E-001
   0.90839760886327114        0.69524820013770930E-001   0.45844454485926350        0.35751662633989413E-001
   0.78838265021049059        0.19095218862657193E-001   0.19120628274698098E-001   0.36977871715919826E-001
   0.81339739082238771        0.69476401949577923E-001   0.70630467861328095        0.33383514234210258E-001
   0.87353372486734115        0.69473860134310561E-001   0.97656605217170556        0.35253687978472878E-001
   0.39539533173616020        0.69165206308065108E-001   0.94941220139996152        0.33232089173366730E-001
   0.48103869879708899        0.69068757291001120E-001   0.90384785415342195        0.35869823755059004E-001
   0.17077091044777890        0.70258959869445345E-001   0.35075615356961748        0.35496565770035703E-001
   0.36828561540221239        0.69163470626577600E-001   0.26452267326941109        0.35369768062972200E-001
   0.68033997455126749        0.19602481634451795E-001   0.55931905354798561        0.33315595052019420E-001
   0.34854277385239835        0.69984032786278891E-001   0.86175893246380220        0.34435077091879339E-001
   0.19984450118244521        0.16432348377236752E-001   0.88037625876701386E-001   0.33029616915751819E-001
   0.95886772724034142        0.69508630767254817E-001   0.75893088227328243        0.34914588550845831E-001
   0.65573335085123052        0.20452193306600766E-001   0.66174790589088128        0.35173047495108224E-001
   0.76602626131705598        0.69315138041189037E-001   0.47806443183069891        0.34892083224844953E-001
   0.21801958195299129        0.19524643945650268E-001   0.22845083774412790E-002   0.34919401641588139E-001
   0.73278151973115224        0.69406447864930207E-001   0.92725131617541146        0.36924336341322091E-001
   0.75500027533582637        0.69094432139661904E-001   0.13491300758712921        0.36100308131837823E-001
   0.31560637231568766E-002   0.20069868343981286E-001   0.65512005307389354        0.35031195684792862E-001
   0.75873492803523135        0.69743454888835349E-001   0.62337254119748953        0.35793352526046172E-001
   0.66314636074949229        0.68806307960129598E-001   0.29624628444638118        0.34287146748078839E-001
   0.21115139247308026        0.19153820618381907E-001   0.25014487806688818        0.36175489971670256E-001
   0.13692079669239218        0.19608395544162091E-001   0.81079064883795005        0.36276230379471815E-001
   0.62206220793704237        0.68974722233511102E-001   0.16644737055049127        0.36094909233725818E-001
   0.18120848774091008        0.69402795369131812E-001   0.62821927448373438        0.35616439184287439E-001
   0.25638886490162927        0.70039770151980527E-001   0.48906172264126785        0.35166689718894632E-001
   0.78406320277521049E-001   0.20125892296769046E-001   0.45922587816866439        0.34386096274681872E-001
   0.73417902200827306E-002   0.19591061593123262E-001   0.44786462678180966        0.34037446448443122E-001
   0.36674016122490126E-001   0.19118663572808753E-001   0.42368452243427009E-001   0.34392852418221743E-001
   0.80600234612361377        0.69418081405812931E-001   0.77621626224961837        0.36572083878779672E-001
   0.49783223716489722        0.19012283095605067E-001   0.56905191622112428        0.34716368222107684E-001
   0.79693571535468877        0.69112471540406506E-001   0.96620601812089812        0.36280664979011785E-001
   0.56362978686420528        0.19061387491250498E-001   0.30952543245699593        0.34775860590650597E-001
   0.22588730855426575E-001   0.19330656901218258E-001   0.38095363744123262        0.32894723682795925E-001
   0.36959302143881434        0.69283307263948254E-001   0.12986594187767741E-001   0.34038043312523018E-001
   0.27328662222381861        0.69549997719895382E-001   0.15650010126279584        0.33483591264453612E-001
   0.33231411442610925        0.68895100573323584E-001   0.48501670078425996        0.33516019801501741E-001
   0.82447658831422999        0.69239664238257365E-001   0.59324368944833533E-001   0.36497286664593551E-001
   0.82602199914221275        0.19095026253229692E-001   0.32751043066499891        0.32563855666410325E-001
   0.56484182871618160        0.20231372034082158E-001   0.71342108693864081        0.33584792771697201E-001
   0.15252853741932187        0.20121523786125209E-001   0.39480189412406458        0.33410528263537728E-001
   0.51810671623552151        0.20779021352562838E-001   0.44057731874356232        0.31584705274246658E-001
   0.33337239786083489        0.69392485070813845E-001   0.55664094169976741        0.36103463370962471E-001
   0.13387197554225860        0.19099997655609796E-001   0.73185874228102021        0.33603187044337256E-001
   0.94553780310767943        0.69083394082220681E-001   0.79586952911091469E-001   0.37350809877798437E-001
   0.41373759650113351        0.69910352098801823E-001   0.88365801961572166        0.34334432483262498E-001
   0.92848107137202673        0.69135103386770952E-001   0.23843060801566648        0.35456304838364386E-001
   0.10083022504010539        0.69740515350936963E-001   0.69887336840792857        0.34287827602395460E-001
   0.88094313157801030E-002   0.21155210235982862E-001   0.58018345833500551        0.37317238278560184E-001
   0.67145972535319998        0.69503425429291082E-001   0.51163754176981990        0.36166951741548950E-001
   0.64051030148761701        0.19415424326753607E-001   0.89777790603853880        0.36038578429156927E-001
   0.26890879950441587        0.18675694080141098E-001   0.73463124392809798        0.36263691675410596E-001
   0.44210703622068970        0.69852937997497574E-001   0.14426606974073292        0.35437915059049307E-001
   0.68225968789486757        0.18979241956441267E-001   0.25409985463623003        0.33633575732805558E-001
   0.33688970930441503        0.69528294657099796E-001   0.62845542873826021        0.35637683879230393E-001
   0.97216635214746916        0.69506672981250558E-001   0.83950211659237783        0.36177314279246378E-001
   0.77984635806723657        0.69105672860187026E-001   0.33232468074251748        0.35463864477743058E-001
   0.73191238020184102        0.68968213068842626E-001   0.27791299285157550        0.36852315504357552E-001
   0.70876194949132154        0.19685191207860456E-001   0.70556802048648892        0.33538759755128579E-001
   0.85535251844509663        0.19530758941890516E-001   0.66953483486108489        0.34859766918504766E-001
   0.24264555605257745        0.69236307970510558E-001   0.89508020184693560        0.36922498293488162E-001
   0.20630127062699705        0.19173704776778593E-001   0.86264981025241094        0.32731559730243789E-001
   0.41087192893846275        0.69085631525138344E-001   0.53380810517965649        0.34108162887476146E-001
   0.86466487418417592        0.19149286770948334E-001   0.14753711525127933        0.33248795975666282E-001
   0.78786112511845841        0.19172551692724027E-001   0.52173657830142950        0.34713191463778041E-001
   0.43955574000128417        0.69883497133897202E-001   0.81705527049852344        0.36818452980501369E-001
   0.48616245444903683        0.70864260354851424E-001   0.46892664845785070        0.34096439598425718E-001
   0.41315068724366644        0.69122748231204817E-001   0.60035731753485966        0.31397959101987657E-001
   0.18403644578879583        0.69805178489049796E-001   0.49227626978463029        0.34328149645912479E-001
   0.31658082256119496        0.69404363826207252E-001   0.70840307248276557        0.36819347227009670E-001
   0.89599581537277362        0.69008128437109087E-001   0.64258893441035536        0.34215390288586431E-001
   0.36693333881061047        0.69745583414849613E-001   0.79392362227736235        0.35824370305408401E-001
   0.60882645115634304        0.18810389731385230E-001   0.50760997535130037        0.36474101040695296E-001
   0.91921751029088594        0.19218323018871233E-001   0.95398695274332967        0.35883394695585304E-001
   0.66858476173605463        0.18991920213935681E-001   0.18664312127571311        0.34504905048367104E-001
   0.43159323054326010        0.69393567329889203E-001   0.35439891655598181E-001   0.31877864231970802E-001
   0.44383133136087460        0.69129759360962814E-001   0.31001297571475772        0.36492384946716909E-001
   0.11291442678082200        0.71129531305154231E-001   0.49886709178857974        0.36716843445904312E-001
   0.32985823014790033        0.69098936327237376E-001   0.41247637568386747        0.36040294277503424E-001
   0.51434153685223127        0.69691023074007777E-001   0.17649697121913999E-001   0.34615614573185169E-001
   0.89679437830627340        0.69374042223191046E-001   0.52773073201157483        0.34141611251414586E-001
   0.52875716353034174        0.70267061325780478E-001   0.74308355636896739        0.34801339135552493E-001
   0.60885993251569936        0.70284317892987475E-001   0.68732836594146141        0.37820746799600770E-001
   0.56222337579380643        0.69179003563461960E-001   0.47833329941593955        0.37501886877787792E-001
   0.26539704434995537        0.19736556318461638E-001   0.20434956851688746        0.33917815299705660E-001
   0.66842973013639884        0.69681812566958642E-001   0.72859036036755298        0.34644136680844768E-001
   0.85297441518408534        0.19117250454120743E-001   0.54499723611302531        0.34317585873812700E-001
   0.69443570272653732        0.69047776942529324E-001   0.36535300401671633        0.36738058282235322E-001
   0.48502011269660937E-001   0.69290431855674448E-001   0.17273836423030511        0.31546885648930482E-001
   0.15562825308094688        0.67912251804662982E-001   0.28032817232400342        0.35931177033721048E-001
   0.47881577667358899        0.19678122930374766E-001   0.78869119983748570        0.32620568761923784E-001
   0.41327807837519837        0.19056170062943360E-001   0.27322942954125395        0.32214303812540167E-001
   0.10222207853293309        0.69606222592051237E-001   0.84964051605144064        0.35900200928678211E-001
   0.94817881152739214        0.19173570831311024E-001   0.19238377212371849        0.35225248974334600E-001
   0.47752807059319596        0.69622023313679990E-001   0.38350502924687108        0.37957493381718270E-001
   0.90282482695289001        0.69283829704708672E-001   0.90420546965234405        0.36441119403430651E-001
   0.25510869803452663        0.69066552156359359E-001   0.41648519836505826        0.37296200486128452E-001
   0.36779880863832787        0.18763844722282038E-001   0.44745406159422757        0.35579115277189356E-001
   0.49075510307425591        0.69037273161972335E-001   0.61892833004666581        0.36186150104494164E-001
   0.27672482258456216        0.19591975821412009E-001   0.95715940363983842        0.37611978512687987E-001
   0.36447743244904329        0.19068208615936555E-001   0.37798429697130337        0.33850958428063321E-001
   0.71655751759876052        0.69579849130851662E-001   0.82224727833983879        0.35318223916991374E-001
   0.70748515009546875E-001   0.19606941598102362E-001   0.88954519747237681        0.35346206545921417E-001
   0.69912516202091746        0.69412576173860971E-001   0.44277736049170419        0.35572605902131453E-001
   0.59368641546261591        0.19524594453831479E-001   0.43623827169261836        0.34638851449873193E-001
   0.72435747937862882        0.19352624535128978E-001   0.87439824151217638        0.36247325989084818E-001
   0.47066401306027378        0.19258042180177778E-001   0.26774779401353047E-001   0.31901902371854203E-001
   0.21403683672165816        0.18643237852782990E-001   0.66879789068063322        0.35944152785638839E-001
   0.21454425319974640        0.69485278819680266E-001   0.19609351227401089        0.37283658272227363E-001
   0.22854622534736566        0.68690546812244638E-001   0.76387468076008513        0.34300144504161204E-001
   0.58361187594833686        0.19658905351471127E-001   0.85313154000810376        0.31946575503893591E-001
   0.62598266362813126        0.69366632922258989E-001   0.39293815644831631        0.36590920866036207E-001
   0.20546294123190570        0.19599056784943222E-001   0.92915423705214473        0.33709257753872950E-001
   0.73335297775523556        0.69585702922039042E-001   0.75524556183862990        0.33665876456179231E-001
   0.49588307466564724        0.20442401803855738E-001   0.70513056240564032        0.35863494603459438E-001
   0.18505397070546392        0.70136185632459297E-001   0.42472047965851600        0.33228219018790965E-001
   0.97508280334379893        0.19045852364493510E-001   0.25970440988747978        0.35744619542708238E-001
   0.58381918551583090        0.68690698267080352E-001   0.26356176779504881        0.34159201352385621E-001
   0.51502673878574157        0.19566984585973238E-001   0.84613961372236768        0.33031763488312244E-001
   0.64628413795727124        0.19106411498967388E-001   0.34354744635032441        0.35977669508678325E-001
   0.65012774252296623        0.69513530737925905E-001   0.79846752483238725        0.34944131464298506E-001
   0.56970046056642887        0.19096683377378715E-001   0.15570807476834203        0.34086781436851926E-001
   0.26201233204577090        0.69144077935938658E-001   0.25382108510106621        0.34120315470243669E-001
   0.41299941712098398        0.19417931743216810E-001   0.99276732361263675        0.35001826874401142E-001
   0.31680975364153485        0.19445038538102866E-001   0.16183550145567463        0.32773880544943949E-001
   0.54009714241341755        0.68918051812325645E-001   0.54674826643758001        0.34300289163621309E-001
   0.52016019370183042        0.19205806043150298E-001   0.50511470197204777        0.32902798789375937E-001
   0.86383883309316845        0.19558995413539604E-001   0.86970920790376971        0.34952522887262798E-001
   0.96376618135746583        0.69329381432569434E-001   0.68697269620659551        0.34914516607634644E-001
   0.43047819399390186        0.19519831587726921E-001   0.35931467844397325        0.34703229318800329E-001
   0.78454021250725747        0.19416354730124662E-001   0.91488438243483683        0.36023576418441887E-001
   0.90231970257962868        0.68853273904332560E-001   0.83376415321806163        0.33906036867819150E-001
   0.39118428533458377        0.19765581894928344E-001   0.14154404208720806        0.35909092939883883E-001
   0.14855348467223009        0.20058194999045032E-001   0.46215263641080540        0.33738306502354952E-001
   0.99504324230302221        0.19238605187575301E-001   0.72463364088646998        0.34884539466650558E-001
   0.11349947327165467E-001   0.19238932835483641E-001   0.15471171056317667        0.33253489344542135E-001
   0.41273480567704030        0.19785820912435938E-001   0.77104404405387184        0.35707592498601982E-001
   0.11142449803693560        0.69571102786614422E-001   0.56715595842463151        0.31518977431938773E-001
   0.82191319319637923        0.18903898711564990E-001   0.22914398860427046        0.34894202362256974E-001
   0.54475530226272739        0.69817634327940581E-001   0.11284166933921186        0.35708058094103504E-001
   0.98261968960895799E-001   0.69369300995808000E-001   0.93127985883770215        0.35166716292898775E-001
   0.92234466616896649        0.19568418245018700E-001   0.72032651406769488        0.37873671312860215E-001
   0.49695599334056213E-001   0.68865741876318651E-001   0.99542634460795942        0.35148183352221078E-001
   0.44679525049836033        0.18975630609818592E-001   0.50233736496714809        0.34669814405943931E-001
   0.28635667692772321        0.19673755084297702E-001   0.66455274658611552        0.35946200836918331E-001
   0.96653336887463837        0.69168807453529157E-001   0.14794068762309981        0.34137224630763532E-001
   0.70909400701688519        0.69080056299459000E-001   0.21064827393374938        0.34078511902551331E-001
   0.88314721128891127        0.69146486325143919E-001   0.11005190984301300        0.31549950921081947E-001
   0.14337518002888647        0.18670992429786034E-001   0.65974981716704084        0.33373400443749791E-001
   0.58935257496539439        0.69418152689257745E-001   0.61891767376807749        0.33038658052914616E-001
   0.53697907520167354        0.69179413147189200E-001   0.67347139139555745        0.35280079890417322E-001
   0.66991454119000149        0.19647692113755874E-001   0.99435447094503648        0.32127410239429936E-001
   0.51513566090327356        0.69077249521625847E-001   0.29163195408617865        0.37121044787990484E-001
   0.18407417816344310        0.71136194458410282E-001   0.55978521937677050        0.32835988628464520E-001
   0.42986563859808857        0.69343174261935744E-001   0.23111230008459424        0.34660834613220004E-001
   0.41521555610732730        0.68759876140078363E-001   0.46447239392345768        0.35349902691908131E-001
   0.14685591892961550        0.20136275136990803E-001   0.22621207726287376        0.32418301020735410E-001
   0.30045021128667948        0.69612080319051126E-001   0.71547810222455502E-001   0.34290994680441056E-001
   0.47926403643132387        0.69627710599569292E-001   0.83573419357282339E-001   0.35705824531676429E-001
   0.95371449808967057        0.19757921684112698E-001   0.35274476529611065        0.36042521606630108E-001
   0.67171298589544848        0.18988705056065491E-001   0.40635632922122084        0.31657983000468376E-001
   0.29947931279684903        0.19273627533824705E-001   0.59468414070078601        0.35138165617392997E-001
   0.32552871402745903        0.19914461084633128E-001   0.82033214368017937        0.33952208878487301E-001
   0.14156938801129149        0.19335291264719223E-001   0.95216463535711637        0.34175035224919902E-001
   0.10941798601478227        0.68647594213608762E-001   0.63190931478267787        0.33115587973768186E-001
   0.84683341792792277        0.19674826028146811E-001   0.73893367275893973        0.34855914808832059E-001
   0.84651858763556076        0.69303114696718196E-001   0.36822050459351396        0.34884830466509975E-001
   0.66151410578786729        0.69656314083582527E-001   0.94709020332994565        0.37011884295782171E-001
   0.64951818838755684E-001   0.19435934671512289E-001   0.73084521162051219        0.34803872350227354E-001
   0.93508650516539771        0.18720936381436695E-001   0.50011340437099405        0.33875149013210405E-001
   0.54727271275159706        0.69563083105377080E-001   0.87889271298500637        0.34872358612132184E-001
   0.90305101753304662        0.69957904436337606E-001   0.17257179639045883        0.33945257987488424E-001
   0.29289108581135936        0.19760786652221207E-001   0.52421218333305664        0.35598984932979617E-001
   0.33793559888212965        0.19585348062252858E-001   0.97339463574354412E-001   0.33281637539757228E-001
   0.73187988717403021E-001   0.19154464888770924E-001   0.66078084629763079        0.33610035879488423E-001
   0.80721012192369301        0.19117215223439663E-001   0.60019057591153968        0.33883913326978148E-001
   0.30962993625606916        0.69140088080599932E-001   0.32188278436528234        0.38253911938900084E-001
   0.29709466568106430        0.68532521443771643E-001   0.77827118647558946        0.35716004996253173E-001
   0.36600146967152325        0.19164391953429730E-001   0.51788551209473799        0.34834360106393993E-001
   0.97000814237694841E-001   0.69110211640125624E-001   0.23536640342228404        0.35483794055500339E-001
   0.17106226845035694        0.69274180406007982E-001   0.98899923545343282        0.34503676235741264E-001
   0.32641570847371189E-001   0.70256246372092393E-001   0.69346722730074084        0.33959655125107041E-001
   0.83242693043456184        0.69170357322631867E-001   0.50117591711145593        0.35227732469668212E-001
   0.60489622027786361        0.19088251720113164E-001   0.21683001371673116        0.35957525056532977E-001
   0.42536092915841300        0.20558242374204311E-001   0.70172497666963662        0.34705198155766580E-001
   0.60587135917975532        0.19477579675085847E-001   0.96147287574241547        0.36313645509519689E-001
   0.32492953474944342        0.19593524926691586E-001   0.30364146780746292E-001   0.34923385803021387E-001
   0.84739717048714289E-001   0.68885957515916821E-001   0.30236948115277312        0.30390300164121590E-001
   0.26008574952623376        0.18841176567614918E-001   0.30157377629491261        0.34796230744081072E-001
   0.92785838145999874E-001   0.19289336802018730E-001   0.18400002324690665        0.36182366547483399E-001
   0.99151234964122958        0.19489994870636681E-001   0.79384954113621498        0.34224753360387244E-001
   0.99458319418725916        0.69019791440813771E-001   0.21257814492025953        0.35488686470586193E-001
   0.65011155152560984        0.19485121496395075E-001   0.12089595846652815        0.33748150055783507E-001
   0.62108391434560477E-001   0.19425951822463788E-001   0.81166066866140896        0.38450658773090861E-001
   0.68989788595356660        0.19606365441101781E-001   0.77118316621465133        0.34401471953157271E-001
   0.99731013975367955        0.19548717543548907E-001   0.88838906536882911        0.38051305000720896E-001
   0.14103126416484901        0.19312164478995836E-001   0.88269191212322939        0.35221062328391166E-001
   0.37006423562310709        0.19755575811762068E-001   0.59133110595868610        0.34701114971653457E-001
   0.80263953784180705E-001   0.19887806447074715E-001   0.59193567210514397        0.32142503227075306E-001
   0.17152585522394842        0.68801738339372545E-001   0.69948419202762013        0.36291895028013846E-001
   0.24077084566892598        0.68864837064588333E-001   0.34595231150293887        0.34677965717560530E-001
   0.97194874622591587        0.70115469236028877E-001   0.61794152727101415        0.34523302727688464E-001
   0.86232744437886100        0.68702345252327698E-001   0.24206955614781386        0.30528718037929031E-001
   0.52567096985596784        0.19623421820949647E-001   0.64804857207535690E-001   0.34936108560175892E-001
   0.74363523767673378        0.19878287811836447E-001   0.57906554331674909        0.32515447041609323E-001
   0.96619505756351687        0.70152102957046075E-001   0.54269077123970444        0.36629001418925063E-001
   0.14235961654295490        0.69489027177185386E-001   0.18263123539868367        0.33318031238276410E-001
   0.71673227391609318        0.19136122753462350E-001   0.98414851410164567E-001   0.36542551190564383E-001
   0.45773374744432183        0.69706887574275275E-001   0.74545137595651367        0.36206126087996525E-001
   0.39497414745384135        0.69722065356361079E-001   0.92938204315083289E-001   0.33845687453884755E-001
   0.98129612297147284        0.69492937656528336E-001   0.39636273990379306        0.33624507386813662E-001
   0.92368216040033979        0.20244575648740826E-001   0.79195883510336362        0.33208195612262015E-001
   0.72121553638864455        0.19543649217461930E-001   0.49975019715039443        0.35334863176116199E-001
   0.29186319074661699        0.19007201055733766E-001   0.37528736379522515        0.36866428926141961E-001
   0.11565951151594911        0.70050893520564345E-001   0.42612184597719299        0.36080122096730727E-001
   0.39217482299600337        0.19679995707464752E-001   0.83932162507437313        0.35339866940210102E-001
   0.92732388093128348        0.19175702621475513E-001   0.12584889559331133        0.33050344272937404E-001
   0.54597063945944313        0.69986245904203090E-001   0.95482879218783001        0.35714944555335471E-001
   0.30024859862879905        0.23782026784720491E-001   0.88654439399691876        0.36788510965645928E-001
   0.98883941093391392        0.69145431684650926E-001   0.31095945917433743        0.36918570819684783E-001
   0.31576499658983648        0.19354751905138919E-001   0.25544921993579395        0.37440062629955549E-001
   0.22172989653615163        0.19766701207818496E-001   0.59804912122482612        0.34977408397383426E-001
   0.87148773910267219        0.19233739224187443E-001   0.41469720202581384        0.36979670902699567E-001
   0.58734136124526382        0.19488414855600204E-001   0.91655054193702623E-001   0.32293328897974038E-001
   0.91887689705335385        0.69197619551562381E-001   0.31772754076126691        0.33367864138808087E-001
   0.24641918175815531E-001   0.69333911652958838E-001   0.11185848264892360        0.33724161921995587E-001
   0.14756854055898638        0.19642571664217866E-001   0.59165545039905276        0.34621810167105367E-001
   0.60492127905335202        0.19543763058673495E-001   0.79193905726384384        0.32753146975795122E-001
   0.46533282111645852        0.19837945043820374E-001   0.19169628172940847        0.37265588022260876E-001
   0.16091452406924345        0.69591524392151147E-001   0.76850205878853750        0.33453700802216317E-001
   0.32777864022259440        0.69402662652291489E-001   0.20525967810020618        0.34280998808027284E-001
   0.54245686234560575        0.19297916579874966E-001   0.62335181046129917        0.35541469656763996E-001
   0.61754738418341759        0.68926449379199062E-001   0.55749356287941954        0.34525384787744660E-001
   0.62515266818003612        0.69524465906252039E-001   0.11730369567257997E-001   0.37094671554821677E-001
   0.74934352079331235        0.69694415884264019E-001   0.69103884513943636        0.32448144387169219E-001
   0.77589877788590589        0.19482832108436657E-001   0.73429286781108583        0.35071484893785324E-001
   0.93665431961824230        0.20241310972458879E-001   0.58478005755793894        0.34837174219763574E-001
   0.45405248810778620E-001   0.69288245425633041E-001   0.41997630925658491        0.34426033696532368E-001
   0.44191150020468578        0.19088853600148302E-001   0.63374721370234832        0.35087975299826130E-001
   0.91381791908481702        0.69302597063504306E-001   0.38567089900498980        0.34615731840825857E-001
   0.83244365538668885        0.69454561134050588E-001   0.90533982090100129        0.33841856736488297E-001
   0.78871444690280401        0.18350938122179344E-001   0.94554109834388445E-001   0.33722219212060298E-001
   0.33027312739931108        0.73773450921124736E-001   0.92885577265280161        0.35173948340768646E-001
   0.79782742552931407        0.18908649206659082E-001   0.16310696754997156        0.35375202057446251E-001
   0.77613567453608223        0.69381834658728478E-001   0.86274345253050500        0.36639588901322385E-001
   0.60441760458555749        0.69094929250770334E-001   0.32600477757108676        0.31529926735812737E-001
   0.78593915766569444        0.19737462750884296E-001   0.66531201334887680        0.34609675961431524E-001
   0.77339025030812292        0.69333016302288858E-001   0.40931982420183954        0.34068035473455084E-001
   0.14537989286473121        0.19375808420960289E-001   0.13264279878881327        0.37327541445499234E-001
   0.29571440739810123        0.19079144896654396E-001   0.45226059698058102        0.36370551044215993E-001
   0.55939710414213295        0.69119962636354906E-001   0.20021532542377385        0.33599903401002565E-001
   0.46031342937631964        0.70052497049154019E-001   0.97249797169389740        0.35672368642975891E-001
   0.75416117867780585        0.68481342882747265E-001   0.64169293805570460E-001   0.33964364614521535E-001
   0.81073339873487127        0.19350157169979808E-001   0.45500561213647922        0.35828210020970398E-001
   0.40996877764897306E-001   0.19238872933947340E-001   0.30584457953124244        0.34850279609903397E-001
   0.23967106053432372        0.66524720403993862E-001   0.94374321368325034E-001   0.30640379407255391E-001
   0.60065365289678496        0.69403847756654549E-001   0.91702230842710319        0.30712600725601346E-001
   0.82198068214407682        0.68617049945853367E-001   0.12654702455300110        0.30654803380680662E-001
   0.25167663280176139        0.70783209051608564E-001   0.63087611523967801        0.30701265503598106E-001
   0.34117989466864967        0.24275654142257727E-001   0.75290186735118081        0.30570382799279341E-001
   0.73928959661152827        0.19429465694440481E-001   0.97222345227116069        0.30621028633128110E-001
   0.77591818920564315        0.18943928724933445E-001   0.28899860856255799        0.30624718576048038E-001
   0.49587880889461228E-001   0.19010181441435809E-001   0.95222995418894063        0.30807365202532286E-001
   0.35064636944790911        0.25396264792490242E-001   0.96889007122135462        0.30736972516783079E-001
   0.21585305007178471        0.20492543630836635E-001   0.38272866695621666        0.30761095514733088E-001
   0.88727349637511199        0.18474685080677466E-001   0.34407300916705158        0.30649010319823769E-001
   0.74702482492169778E-001   0.21390588149662798E-001   0.52480309673931291        0.30667813030177026E-001
   0.48834224046716723        0.19047722832407788E-001   0.32876709758165629        0.30629061083799255E-001
   0.97408309719175346        0.69879949447354914E-001   0.47462385682931563        0.30662136378424347E-001
   0.75036821656756536        0.19407310167285058E-001   0.79524688249700592        0.30643173072428434E-001
   0.62840851101843032        0.69577347593001090E-001   0.46038545274465509        0.30693056838108364E-001
   0.85673844822618461        0.19553547498919924E-001   0.16441144923037738E-001   0.30628499526014302E-001
   0.93694543804819619        0.19053796649910835E-001   0.65128498157823833        0.30691236812664294E-001
   0.99094720803098058        0.19159238513186468E-001   0.88728398331683681E-001   0.30686242065535205E-001
   0.66838181439340993        0.19601829247028205E-001   0.83706808718380687        0.30716140031968060E-001
   0.62274525641252598        0.18740553374256782E-001   0.28105830264058884        0.30634651238019582E-001
   0.38296156817105692        0.67795923473056574E-001   0.72605492256128934        0.30711917086724189E-001
   0.21796443923176639        0.17902501048227160E-001   0.45681704815429275        0.30659381053754865E-001
   0.87183859271530262        0.19440687088372332E-001   0.48271734019323248        0.30709659368441389E-001
   0.64630683990465465        0.68914934317270915E-001   0.23258833499043449        0.30661073026010705E-001
   0.54400898458643143        0.70721161434204427E-001   0.41257359003305938        0.30698702440375158E-001
   0.99978506493595554        0.20072696346032436E-001   0.51230622843091700        0.30687423859114389E-001
   0.52448452217412778        0.19843303093127516E-001   0.91525909336705658        0.30764564622817923E-001
   0.50485140645620818        0.70703181190974504E-001   0.16607237282156195        0.30684636040411523E-001
   0.23039294531150817        0.69573725961485311E-001   0.96155886749322972        0.30668695743503213E-001
   0.82224879932373895        0.69595461104207945E-001   0.64282938711799731        0.30597882904517339E-001
   0.10934683704885211        0.19072489730723154E-001   0.27696657912839756        0.30680100431118736E-001
   0.87491292720683234        0.19017466075094649E-001   0.60684962528166708        0.30727893432420827E-001
   0.62145235737825055        0.69464840704963560E-001   0.85775213443130360        0.30717718510434550E-001
   0.73092380124935841        0.69900942156138610E-001   0.54217520631203731        0.30661849097305769E-001
   0.49691376781561769E-001   0.70757403188452417E-001   0.55785403252219001        0.30681155891301094E-001
   0.33461053024533956E-001   0.68809299975485946E-001   0.91984749024535084        0.30627584451671845E-001
   0.73249741425868942        0.19176299687142108E-001   0.17359877839137700        0.30690660994367912E-001
   0.80532403042325651        0.69003869234088161E-001   0.26833364945063298        0.30660812535646117E-001
   0.59358119234164453        0.69497269180628221E-001   0.75434599735337948        0.30686813121373405E-001
   0.99543866859952879        0.69392337362082307E-001   0.33206642209183367E-001   0.30721213696112942E-001
   0.62551771723717131        0.69475426664955334E-001   0.88498988612710480E-001   0.30653094680728542E-001
   0.38658790958091638        0.19841402939953297E-001   0.52932328665440564E-001   0.30609337954887506E-001
   0.47597313653204798        0.19001110456924430E-001   0.26742087376897777        0.30703093284216932E-001
   0.16605481380386297        0.69455947782367786E-001   0.91820659417560391        0.30765137746228785E-001
   0.22250521564424292        0.19454737513951149E-001   0.15066363442920863        0.30675625433469623E-001
   0.47583457597471901        0.68980590085709267E-001   0.53295196208700257        0.30707456287333047E-001
   0.80908700677056833        0.19425194078136039E-001   0.38848910448955581        0.30685391581794747E-001
   0.93288785257581289E-001   0.19264169567818776E-001   0.99552949208615826        0.30702065736559880E-001
   0.88442393700394228        0.20081457247381793E-001   0.20924048783895749        0.30658439865359786E-001
   0.25543445649120772        0.19592526138591543E-001   0.57069761137144237E-001   0.30595168247125989E-001
   0.67976244097377680        0.69417080112769550E-001   0.87734981408260881        0.30723312513398836E-001
   0.19998246049137150        0.67186983446808610E-001   0.47538614082788172E-001   0.30705925768324451E-001
   0.70711000733021168        0.18990279740421098E-001   0.31613487954445607        0.30722136997266784E-001
   0.11463307133149740        0.69271951744294347E-001   0.23965777135396039E-001   0.30637647550470687E-001
   0.15289404885280805        0.22071032799697146E-001   0.52660375337651832        0.30667777328121551E-001
   0.26136944776832871        0.21046282829476202E-001   0.81252650291825590        0.30653495264102871E-001
   0.25571590066521727        0.69586415668282844E-001   0.21761105017980342E-001   0.30603884275520989E-001
   0.13044498929929488        0.20265512566741750E-001   0.33459959268337741        0.30695336452888414E-001
   0.22666490809492398        0.69105468448422094E-001   0.82901392209147140        0.30740841151316110E-001
   0.19586509138789504        0.20249664235181181E-001   0.31531883484898077        0.30700175694391544E-001
   0.71849871084077765        0.19734713570355958E-001   0.64088310685807914        0.30683873740923056E-001
   0.54199567041360908        0.20200269367904221E-001   0.78355044625591730        0.30731395567506488E-001
   0.45370464068839866        0.22193887945187733E-001   0.86354154172299336        0.30751148302494966E-001
   0.49547364145299266        0.69765199795928601E-001   0.22676987828689185        0.30651163207561456E-001
   0.86053271862027514        0.20363652399707156E-001   0.80394993644834856        0.30670014876196878E-001
   0.84567726746461502        0.69116864879927381E-001   0.58601823242281803        0.30734445028423974E-001
   0.86583964951670345        0.19238757181007302E-001   0.77104579135100965E-001   0.30702030762477576E-001
   0.43252272992246826        0.19086588523369068E-001   0.56869292300209340        0.30572709687191040E-001
   0.44944345127223014E-001   0.69312078556769532E-001   0.34867112960181545        0.30659745119203451E-001
   0.71071734197652792        0.69538518583728448E-001   0.99409105230159356        0.30684352853755700E-001
   0.51326877585157704        0.69607768374891230E-001   0.80667835931203169        0.30647654928776701E-001
   0.25030094008028841        0.68724187082090521E-001   0.69387197520818533        0.30642525796755620E-001
   0.92513944593753028        0.19109989568341645E-001   0.38191771650286338E-001   0.30607164120138364E-001
   0.54746305456217614        0.69635887415319328E-001   0.35126155373126533        0.30697384075558835E-001
   0.58565687076268980        0.19630071300238982E-001   0.37112467356534196        0.30624877455051096E-001
   0.74260272050126119        0.19218824802962206E-001   0.43701984283183587        0.30711379444923671E-001
   0.62635555882687810        0.19597378791832792E-001   0.73209454550783559        0.30651030183137921E-001
   0.38492202272931131        0.68946216378974509E-001   0.34241510980655870        0.30653367252161293E-001
   0.95194072428099769E-001   0.64871512142328933E-001   0.77007869240281068        0.30747532038439537E-001
   0.50395183553497436        0.20061126412007468E-001   0.97357389268100636        0.30664218948303845E-001
   0.37231375464271393        0.24427679516537813E-001   0.90769346914679716        0.30646224559134835E-001
   0.63905448107960794        0.19489189457415908E-001   0.55478454066821392E-001   0.30742997063008707E-001
   0.88932617227973187        0.69023765777008916E-001   0.40840944363157661E-001   0.30853473623072582E-001
   0.28617780778359891        0.73779185029211644E-001   0.84353782653557186        0.30642764328098461E-001
   0.83977041991674140        0.64980939785773670E-001   0.18525574552283902        0.30710000279412151E-001
   0.36227774524109302E-001   0.70670859310234188E-001   0.85860565361499874        0.30679678165447841E-001
   0.68735943756551654        0.71361854228507451E-001   0.14571612786226218        0.30722102338676355E-001
   0.46065210905041687        0.70490472216602526E-001   0.67863964415028111        0.30647901687317632E-001
   0.37365664131550493E-001   0.18872478977623883E-001   0.22170201410604173        0.30650118961127411E-001
   0.85522871958083849E-001   0.19605008573404959E-001   0.39293068557940014        0.30658522623857581E-001
   0.43608885978678441        0.19606581641513295E-001   0.91438092499207230E-001   0.30752484881828902E-001
   0.40174765004852042        0.69466062281180518E-001   0.66149307024604465        0.30643864640606734E-001
   0.66341251461170958        0.19578852342628558E-001   0.46804672534771441        0.30590628808416068E-001
   0.80336895516112505        0.19273759110024519E-001   0.82658745949476808        0.30680064682755533E-001
   0.83775481684197017        0.69303441020612797E-001   0.83568676027296351        0.30646584973822975E-001
   0.41045911699480675        0.69518841852757252E-001   0.39838868792484927        0.30679322429582989E-001
   0.27305104917673695        0.19637393038722244E-001   0.11586871687456177        0.30678946095495638E-001
   0.70853117138968663E-001   0.69217843761969752E-001   0.66948183595179622E-001   0.30710043527905306E-001
   0.19144298385945813        0.69381361102363245E-001   0.13220284984392447        0.30652424741158573E-001
   0.16886280948580684        0.69276008809611753E-001   0.84986394103459595        0.30690259040807272E-001
   0.74432619570658565        0.19022423371177592E-001   0.23409260232121837        0.30635024097705979E-001
   0.84502502908875965        0.19523510681092551E-001   0.94429657871314077        0.30678842750740971E-001
   0.57396409062933951        0.69742074258624831E-001   0.81623521472009430        0.30600025098853872E-001
   0.52454684737781776        0.19624454238442987E-001   0.37865916978041964        0.30677815656406770E-001
   0.57029443575184713        0.73354951292735379E-001   0.51558581846846120E-001   0.30659774214512651E-001
   0.20228934730145770        0.18709110066621064E-001   0.79603691992285019        0.30661944201923995E-001
   0.19919373427272230        0.18743862074424262E-001   0.73459518282253178        0.30571496534470607E-001
   0.34703979084648900        0.69436210875531049E-001   0.13681555963341213        0.30703129932589689E-001
   0.85615490101240277        0.69100324235378527E-001   0.30302293959342497        0.30725277715190537E-001
   0.10484828186053462        0.19273620693699905E-001   0.78052475460851339E-001   0.30642857754989442E-001
   0.37069172735474193E-001   0.69103868754101710E-001   0.26347286880095455        0.30636657584591744E-001
   0.30872199163886221        0.69613953193786784E-001   0.99095471114989397        0.30658602104480907E-001
   0.10523197675159092        0.70421699989799511E-001   0.36015495921688806        0.30692835992817528E-001
   0.78838224219045439        0.69148146329553670E-001   0.56389166320326489        0.30665596041810052E-001
   0.72162838355453762        0.19796701391229913E-001   0.30919651167209655E-001   0.30617543720672262E-001
   0.57663140233576227        0.18984766115614466E-001   0.56659462281043294        0.30642752089659012E-001
   0.87764775566834619        0.69549278731023775E-001   0.70571010073545526        0.30738778019562710E-001
   0.55621101984910837        0.20355723303643953E-001   0.64949738845958898E-002   0.30670598640903855E-001
