 3 HS poly
 400 2
 281 119
    1.0000000000000000         0.0000000000000000         0.0000000000000000         0.0000000000000000        0.10000000000000001         0.0000000000000000         0.0000000000000000         0.0000000000000000         1.0000000000000000     
 T T T
   0.43524627634035529        0.79865733448111279E-002   0.97265659088913925        0.34610586191113055E-001
   0.92569424426350422        0.57233035693276736E-001   0.50100539219628559        0.34496174791507746E-001
   0.27466723929442469E-001   0.82964458472532948E-002   0.51875753358201260        0.31525233287671497E-001
   0.91214237780635499        0.73355770753555432E-002   0.34488653052366947        0.34561532852775113E-001
   0.71694951916178862        0.57578875662885047E-001   0.70149663118848404        0.35853161690238458E-001
   0.11594387848022618        0.57583306007716994E-001   0.46465740900918429        0.34319443893577266E-001
   0.19798228564190942        0.79572384490577373E-002   0.84751424481044368        0.33977174642121369E-001
   0.29279589854925409        0.57578016729470695E-001   0.32171650828472997        0.35217387901997729E-001
   0.29587237411879030        0.78678469922849100E-002   0.64400816245662640        0.37060515749294379E-001
   0.49523681555054855        0.58082711488933604E-001   0.88027596892277105        0.35129709648635883E-001
   0.77678564488217761        0.78612561627716387E-002   0.64394394203294825        0.35202190494298020E-001
   0.75393761253609837        0.77188914724882415E-002   0.69420575770040863E-001   0.35457125857282300E-001
   0.15479104348915923        0.73517653580274485E-002   0.29477397591518656        0.34719914538017795E-001
   0.24014503150284916        0.57689869984127576E-001   0.64820982978136854        0.37801242562899476E-001
   0.16610481798721272        0.58171903037187313E-001   0.95823686384230466        0.33771725983803937E-001
   0.45243549670445604        0.57451540061733621E-001   0.26045819674445830        0.34255296901092427E-001
   0.81123502445126838        0.72362773876556916E-002   0.23965902959873765E-001   0.33770827594649729E-001
   0.83722506641305028        0.76227193296004251E-002   0.20158993047253862        0.36036659411691527E-001
   0.68602061665975900        0.78290912449728491E-002   0.95018430245361962        0.32852087124856807E-001
   0.25070161872236113        0.57896230324447601E-001   0.74562138961434832        0.33922112285138542E-001
   0.20252982767212113        0.57825693778519795E-001   0.17089184779520136        0.36683821645631290E-001
   0.66863115353164115        0.57770718330676429E-001   0.64858744266491120        0.35767053352598568E-001
   0.76230836396495461        0.58089200592313872E-001   0.75692606267021378        0.35719621273183080E-001
   0.43248594835408022        0.57578436347250163E-001   0.38219126357724342        0.35093875409424824E-001
   0.36704347888230310        0.58139477047442323E-001   0.81247000916801271        0.37686305008230940E-001
   0.35022119242085377E-001   0.57918803604741026E-001   0.79716265432777345        0.33348349344930354E-001
   0.34777919349322700        0.78511962636411657E-002   0.59389297534821306        0.35041604152041446E-001
   0.67827625154797710        0.56279223232004599E-002   0.33270520745854154        0.36514877023386141E-001
   0.48776645567164445        0.79287312238400486E-002   0.56070028730698052        0.33934053068808749E-001
   0.26681047839755712        0.80859751778418875E-002   0.86810861942711604        0.36876267076185548E-001
   0.22327004885428586        0.76421803985037787E-002   0.42507883516373596        0.35603535356686783E-001
   0.70221199011885682        0.57604759530165410E-001   0.68193258176988805E-001   0.36255933429960370E-001
   0.67149246889176606        0.58071952392063281E-001   0.75512865685097175E-002   0.31607583859956281E-001
   0.42377348016030586        0.82022023686580698E-002   0.70770003515177171        0.34747565204778084E-001
   0.34489448051872895        0.59002875968891894E-001   0.63983947501523530        0.31992347441033436E-001
   0.65083458466621003E-001   0.57951251596418819E-001   0.41747780459781508        0.34833214697795933E-001
   0.70100451708206202        0.82442136736762227E-002   0.84881207257061453        0.33431005206846477E-001
   0.53292529564032465        0.74334034120750710E-002   0.99279967117500578        0.36767742124174482E-001
   0.99639943688597743        0.78304436820788147E-002   0.28753506802780249        0.35368643942510804E-001
   0.47463841640791876        0.58001466525307514E-001   0.71541069978432859        0.36399228987985331E-001
   0.70436682030205977        0.77178502338732611E-002   0.26559135116593413        0.35516737796178192E-001
   0.63712387590846598        0.56983904431626424E-001   0.49084880714668522        0.36662876125347188E-001
   0.17806352825645888        0.78855877087124077E-002   0.12734959027299445        0.33368341999821964E-001
   0.70759301535717589        0.65183881068805211E-001   0.48710295914016705        0.34267082786929158E-001
   0.83509554730484981        0.57119549023792696E-001   0.45356268825839763        0.36792507736013794E-001
   0.49311674816051598        0.77856161149016043E-002   0.93145871788125434        0.36204010210276340E-001
   0.60404044595916839        0.57462673992317295E-002   0.32339067105041047        0.32249634962877229E-001
   0.12739015147609295        0.79229676824369207E-002   0.74311828897753118        0.36705312028293947E-001
   0.25977816198032449E-001   0.57725308976698669E-001   0.34894459225798057E-001   0.33560775931284620E-001
   0.56287051798777021        0.70393886892428301E-002   0.41646733624209814        0.36452553272907778E-001
   0.63481917566989912E-001   0.61978907925333261E-001   0.25077608990964523        0.34799885088707828E-001
   0.92841597257852415        0.79861666293408184E-002   0.75421783189913683        0.33320209858595393E-001
   0.99373807065100550        0.57731279883241907E-001   0.97081202227788177        0.34571941041246966E-001
   0.44809489131152186        0.73948302301290805E-002   0.49334606886733379        0.35322230511678911E-001
   0.74276680167402867E-001   0.75219974333400261E-002   0.69228396985180085        0.36652990796033035E-001
   0.11649316872442203        0.77381047380829064E-002   0.41478606852607808        0.35980366990745964E-001
   0.21708431913323284        0.57737365191048329E-001   0.99374051834193247E-001   0.35662677075162068E-001
   0.91277739020684412        0.78766081271246496E-002   0.68670188001031840        0.35971860661064899E-001
   0.11838615971857665        0.58084457215319123E-001   0.57496171047374622        0.34808589525553220E-001
   0.17071255766668370        0.56859447259212950E-001   0.41401982720337166        0.36266006213097134E-001
   0.53086935725993700        0.64136309343933457E-002   0.35276129306875076        0.34186748155317269E-001
   0.63322663820276648        0.57477954812225521E-001   0.13841628847270357        0.34122933158645757E-001
   0.48087868225165148        0.81934445975372344E-002   0.66367528387560348        0.35618147971445656E-001
   0.36006867603482273        0.57600573086410915E-001   0.33928270125441973        0.34115453337927752E-001
   0.71458510680175913        0.78792330028646055E-002   0.11093528010943559E-001   0.33955065455435578E-001
   0.24998700353053518        0.78246903440971870E-002   0.13434929451106811        0.33517319195222217E-001
   0.39711931486511931        0.58186394468829963E-001   0.87658991045682022        0.33134914479425272E-001
   0.91825421721016076        0.57852999532270535E-001   0.96959339270849487        0.35414154415134728E-001
   0.95713348171649881        0.77767478175194641E-002   0.94492571046742058        0.32446793913971948E-001
   0.52905931386167326        0.58365659159757624E-001   0.67076660044880132        0.33850438578455704E-001
   0.15832430775602013        0.56354829470990991E-001   0.34418517267687293        0.34363590292589771E-001
   0.87630961840736588        0.77968295723167590E-002   0.79508508792573118        0.32839150612327672E-001
   0.16562220882676290        0.87855918423502162E-002   0.20591236658496909        0.33808678317322816E-001
   0.16612296594437578        0.80525336178039111E-002   0.56700976343912846        0.34742326496544261E-001
   0.88301447785264664        0.71619661329325431E-002   0.47574639812058878        0.35872997977241416E-001
   0.49288468201814956        0.57422526252117780E-001   0.51187504936538031        0.34250662676273941E-001
   0.85148378591576401        0.74517350316083454E-002   0.27115167649349431        0.34936338050714777E-001
   0.98723270563141940        0.78714516874462803E-002   0.79100557973940133        0.36040424654232808E-001
   0.81698137933064474        0.79377006727036504E-002   0.91663865062558736        0.35170901206714143E-001
   0.11993087083548182        0.76821925694022866E-002   0.46058263883034335E-001   0.34580520663661685E-001
   0.10398036631159405        0.57723218434368444E-001   0.16359342019597188E-002   0.34079026437172061E-001
   0.13286699461716989        0.63734135105280212E-001   0.15503466953739994        0.34998017278123669E-001
   0.58878219699538059        0.77719295590609463E-002   0.94544899861346721        0.35911799908524347E-001
   0.61292342740339523        0.76390579595016529E-002   0.95203915593262509E-001   0.34679930834077242E-001
   0.97125492091232535        0.79006878223420157E-002   0.63785250142840955        0.33647516428585302E-001
   0.21161359656964659        0.78585643934110556E-002   0.77005235426038121        0.34039523947903959E-001
   0.41697979899369070        0.57835473027723121E-001   0.14884849164122022        0.32187386449406656E-001
   0.40969000451873100        0.75341087546347153E-002   0.43328121957335347        0.34413643281444625E-001
   0.71205867440553872        0.56152396375647978E-001   0.55259952019779557        0.31973262529294617E-001
   0.59024388606991030        0.74758336586110002E-002   0.16041571584192535        0.34328200148821549E-001
   0.27799290534330873        0.78207350804766363E-002   0.79511386701324926        0.36858874040834690E-001
   0.65233469660599486        0.57689815740869670E-001   0.75045784673680838        0.35317528862621364E-001
   0.44059558029367910E-001   0.65917678198338901E-002   0.37265164894426761        0.34517716582206981E-001
   0.65929985459046395E-001   0.82521864497872612E-002   0.57609791668582688        0.37470617043922905E-001
   0.40705431729060743        0.74189395662518261E-002   0.27646095869522286        0.35024260880633533E-001
   0.21004569182631638        0.57857817059773921E-001   0.89463287471858566        0.35503789224529819E-001
   0.14728321501254391        0.57706802199580277E-001   0.86530076050833973E-001   0.35239296523224987E-001
   0.33373641566607998        0.58152300674185288E-001   0.89357062661777553        0.32377110446562628E-001
   0.81645225174847103        0.58111281844844702E-001   0.97091316863383426        0.38448502711019523E-001
   0.29161809966631935        0.78429072843489486E-002   0.72617111269589196        0.33328898948134698E-001
   0.54665177162271017        0.59252235505772133E-001   0.83567238105761499        0.32867788893653362E-001
   0.31366307013569344        0.57646463934785390E-001   0.48263574041726715        0.37351065161019832E-001
   0.78857168577273729        0.57413042345606596E-001   0.18102033277869706        0.36506848666783914E-001
   0.33945470577851730E-001   0.79497563062072563E-002   0.84528192676885960        0.35448190241223573E-001
   0.77498522756229149        0.74137477049208214E-002   0.28000927344908860        0.36274308304952686E-001
   0.35803428580584556        0.57259783882072396E-001   0.11759761166610674        0.34402308687324294E-001
   0.35139896339304660        0.57629973713894250E-001   0.54453605703098529        0.35144426020516206E-001
   0.75300551578988795        0.79320752096718513E-002   0.80471461974045444        0.33695661970821293E-001
   0.34603161237253971        0.57695309531199758E-001   0.18659360495143931        0.35348924261512843E-001
   0.29839779070601047        0.57787298710776792E-001   0.59082511376400915        0.35040431983609031E-001
   0.86075439976363899        0.58042012423960204E-001   0.51817931810215223        0.32594874648491985E-001
   0.54998276565560500        0.86126731709512405E-002   0.78944367148341099        0.34741310862709637E-001
   0.31808517103027228        0.77613710490048978E-002   0.14616102130269015        0.34648830784651884E-001
   0.99519616438826497        0.57775814061331122E-001   0.23896147144652108        0.34255068043300467E-001
   0.63959501587777146        0.57895979117031419E-001   0.94853332029404480        0.35345898070178426E-001
   0.18840298557777585        0.77505647482939343E-002   0.58540130792589511E-001   0.34962571667154739E-001
   0.64199422877285062        0.79084800826593749E-002   0.89852973038912998        0.34988832509831293E-001
   0.94000367689282938        0.57776841671587247E-001   0.90191951959619876        0.35666799975175183E-001
   0.97917891383392264        0.68671482834842786E-002   0.35482021075328407        0.32580649770205437E-001
   0.87876827205600916        0.57778952889104923E-001   0.84354191518316524        0.36801026722289222E-001
   0.56840599527964242        0.57925512333328912E-001   0.11480576350251169        0.34848216644716760E-001
   0.21372562753375465        0.57796471736175609E-001   0.58009227146206765        0.35236522236626641E-001
   0.44327591145666390        0.57614623941867796E-001   0.85773009578341733E-001   0.36085885788636869E-001
   0.44453482999321542        0.81811624832966896E-002   0.87844672581698524        0.35697417639226910E-001
   0.82319999632564506E-001   0.57541059943817412E-001   0.63784929209993158        0.37682321913587183E-001
   0.36334969881090745        0.78152652633899054E-002   0.75515169770361990        0.36034409195670768E-001
   0.56840024115018017        0.76898062782493259E-002   0.22851135242335191        0.34102276995517739E-001
   0.68505734066591203E-001   0.76047910035185601E-002   0.46684916087099920        0.34602596132597564E-001
   0.97461593850215711        0.57855697557378252E-001   0.84011257418481222        0.35133261540648691E-001
   0.78813525987972155        0.57880802347723886E-001   0.52979277192253704        0.34678767481280473E-001
   0.30264783546542839        0.58156735973961607E-001   0.83782247769567386        0.31413133340490403E-001
   0.59286258468217246        0.55454018824119593E-001   0.27753858417256949        0.36113483064213379E-001
   0.17926430160843748        0.57496920196510787E-001   0.25359807777491039        0.34335217478400369E-001
   0.65782825973804637        0.76654435449552459E-002   0.18238194428260787        0.36609581939485686E-001
   0.19744673180429298        0.82890277608450094E-002   0.99059181535732532        0.33361309699484296E-001
   0.51714833068803423        0.56674090401489630E-001   0.38080993750256975E-001   0.31322761122835809E-001
   0.87026025880841573        0.56439454097154562E-001   0.23739914922993561E-001   0.36902113920986600E-001
   0.73690054723259835        0.75390745190990378E-002   0.18928101684048174        0.35719210033935175E-001
   0.71137665998538180        0.73606063720116372E-002   0.75017230712232641        0.33829054278623830E-001
   0.50212782458198757        0.58868381386551608E-001   0.78112599877609001        0.34757116461397272E-001
   0.58423297760510196        0.57750269864651496E-001   0.99436313243810881        0.33960960105419338E-001
   0.43888518828589923        0.76695488057192569E-002   0.21358464879530781        0.35412997363883293E-001
   0.67467273168977615        0.86885736812518967E-002   0.52697613618617400        0.32506447557359548E-001
   0.67881927860668678        0.57723943355404289E-001   0.22620287849446793        0.33061009842589258E-001
   0.45950167490043148        0.57326726029414993E-001   0.44621647482603100        0.34253956109088574E-001
   0.60812230634934954E-001   0.57748373977140770E-001   0.94822427106811269        0.34526208608123776E-001
   0.48454792722998652        0.57878028728160197E-001   0.97992997420173822        0.33637690068015404E-001
   0.23843859872980386        0.57926734334551193E-001   0.82588523291702742        0.33829831903998839E-001
   0.90618355170829967        0.79710670918322259E-002   0.61605936340141243        0.34956870670139015E-001
   0.48345243814757727        0.57855161464255969E-001   0.61223925072715368        0.34284086506786667E-001
   0.64162051861642111        0.57610172578614505E-001   0.56519826035732790        0.37693347946363427E-001
   0.81321334056749284        0.57045070321295278E-001   0.38368837408154094        0.36417680817890229E-001
   0.22749164382739506        0.77628286125291076E-002   0.70045592115910005        0.35541671705677007E-001
   0.54634348009339317        0.57488153644940691E-001   0.18210067197894081        0.35622719470993311E-001
   0.65304176608942233        0.58085542695248286E-001   0.84981516554064229        0.35479190129242673E-001
   0.54004480619118500        0.75375887855759320E-002   0.51641655281757604        0.34537177418956670E-001
   0.22235548166909083        0.57569523563471649E-001   0.31595733094605755        0.35445015838647370E-001
   0.22449720013784955E-001   0.57883428082703761E-001   0.67999263891260775        0.35348952112312218E-001
   0.43879026947815314        0.78669511666667954E-002   0.60866460186565219        0.32766136110328831E-001
   0.32892642576688574        0.77373618162445649E-002   0.73845242510990491E-001   0.34635356900816913E-001
   0.21640982285528892        0.57616929991485301E-001   0.47570866005940854        0.35803590084645155E-001
   0.52984582597915686        0.78340480967567568E-002   0.61414888669866363        0.33932541814262605E-001
   0.95020037359369780        0.76681410294112120E-002   0.76337679283395174E-001   0.36066143514077359E-001
   0.72148018231829342E-001   0.78224947648050571E-002   0.90197189371200026        0.32558203971694399E-001
   0.62194393853512253        0.57341908128421416E-001   0.49950339111992793E-001   0.33134732978498241E-001
   0.57452195735561884        0.56388276138053306E-001   0.36771978436979330        0.33829360429822909E-001
   0.94023405378216662        0.57608711469231716E-001   0.58008644886121674        0.35006221081749958E-001
   0.76311997805866028        0.78814209167006825E-002   0.96195378383607810        0.35042662487447390E-001
   0.34493563387914744        0.76359908281337418E-002   0.98769166782288864        0.34574028847282549E-001
   0.92663054737224926        0.57535438906031480E-001   0.16583818208061532        0.37130247819177058E-001
   0.38123383042667786        0.81969264232912391E-002   0.92442223497450171        0.37804443454413222E-001
   0.77033757381615553        0.68756884062356229E-002   0.35283651041068792        0.36115179135241468E-001
   0.26375325687409090        0.76376496860958267E-002   0.48155116930007635        0.33275555770723081E-001
   0.70410154529328506        0.57651482183619755E-001   0.79965866270649388        0.36075886357853151E-001
   0.86007363963858585        0.74942927872784703E-002   0.40955381801580620        0.34041849129385127E-001
   0.74825310707392367        0.57066548187059953E-001   0.40712145375906644        0.32602790032921686E-001
   0.44256685489257136        0.58190044231784338E-001   0.92650857035368073        0.33653381983127992E-001
   0.50643842906285663        0.70038047663357021E-002   0.45741246111201106        0.33194118889896720E-001
   0.52509855448105192        0.57597946246683109E-001   0.25093412657242814        0.35666065102264277E-001
   0.24878380904638550        0.57632315777602527E-001   0.24290396766814723        0.35951459837503287E-001
   0.20458970467626920E-001   0.57889086273415602E-001   0.89240578684640970        0.34344124397661706E-001
   0.44783886753805019        0.58194746101048904E-001   0.82684134977116042        0.36192299877285450E-001
   0.96514836769580392        0.57368965531799258E-001   0.44292411815089833        0.34690142664720987E-001
   0.95660944732628062        0.57628401567663794E-001   0.31384808262686542        0.33497869600457822E-001
   0.61256592712172553        0.57698934194009024E-001   0.20829704188763204        0.35567359776236047E-001
   0.73340664941131151        0.57871254097502302E-001   0.61743305537648507        0.36079634211629706E-001
   0.60233828735282469        0.79928644370578349E-002   0.83784465496039606        0.36508518511680160E-001
   0.67940992406672729        0.76891608985200548E-002   0.11185004071058292        0.33811286670927816E-001
   0.23774448398920803        0.80624552747376160E-002   0.93556555876002157        0.34564473786438156E-001
   0.99364542413392720        0.57598547220778923E-001   0.10623346677497816        0.36548519789369030E-001
   0.90346211391014869E-001   0.13762979746662636E-001   0.18542733862557281        0.37220740694966357E-001
   0.84427061975916318E-001   0.57738810678070809E-001   0.84516554245785713        0.35443332843990073E-001
   0.59002211380526648        0.57909656983210545E-001   0.89114299341287806        0.37457601072168979E-001
   0.28869240442500155        0.58010630630086601E-001   0.10480691108966092        0.36084256004850032E-001
   0.68630002750713459        0.78880794418337424E-002   0.59600973614772323        0.35853861572671092E-001
   0.72827224857178921E-001   0.58303242984009331E-001   0.52071005126239822        0.35999100417982557E-001
   0.66134498709527323        0.69855795664425712E-002   0.44537060130005496        0.35116788121022612E-001
   0.40303810738218832        0.78705861950245995E-002   0.54887795280555873        0.36147140158885850E-001
   0.96997771362386354        0.73306879883115982E-002   0.48878389411778356        0.33299675283611101E-001
   0.86949033224897010        0.79442971033542586E-002   0.96829997632340770        0.34360778031860162E-001
   0.32123522688388234        0.76571172195693165E-002   0.42875459599953641        0.36533216029862238E-001
   0.65782098563298863        0.76574384000367762E-002   0.69943056528294556        0.36200273066017405E-001
   0.87287128963887428        0.58006977318940833E-001   0.65375106464504351        0.35881724730074470E-001
   0.62630310644437981        0.56596666153266566E-002   0.38589262582727885        0.33888480207733156E-001
   0.74578312741013875        0.57678204607115514E-001   0.23849657923114967        0.34773879573418584E-001
   0.80893197030337949        0.81606531600469118E-002   0.76753744013239289        0.33377947340266466E-001
   0.15976676964704309        0.76523826258180026E-002   0.67921232505475104        0.34918092628854452E-001
   0.85516774547780472        0.57739080642755562E-001   0.15424652552373341        0.35013836424693363E-001
   0.51273910809044565        0.57250273500427967E-001   0.40016793507318926        0.35946007441539800E-001
   0.25787045293370792        0.76423213292775710E-002   0.35262562739299125        0.32895280525825021E-001
   0.39347909723256852        0.79072715223511593E-002   0.47002832253842691E-001   0.35150852129012977E-001
   0.55843999481917588E-001   0.76516225439594160E-002   0.99694316814125550        0.35124332496392394E-001
   0.98808335427111704        0.73656206770582730E-002   0.57175249881252210        0.34507816474389663E-001
   0.90289801531611236        0.57564242925510670E-001   0.86373107031595966E-001   0.33378336834911544E-001
   0.46110221124973211        0.73857446807219012E-002   0.33850273821704424        0.36864754227574258E-001
   0.94248459418330444        0.57325950039804723E-001   0.37900431901590342        0.33118862150816060E-001
   0.81866754710522960        0.57500027036694816E-001   0.31072548628000168        0.36741054212969255E-001
   0.46231476858548703        0.77310631089291641E-002   0.13355612032896738        0.35487518586638608E-001
   0.32128470486551636        0.57588747958656962E-001   0.25471255754507821        0.36978064237327087E-001
   0.86895134984985600        0.57862336053542157E-001   0.91663999511235394        0.36893329667979313E-001
   0.41541732221056910        0.58162530349593566E-001   0.75705834761680102        0.35860370027695231E-001
   0.57532988869942880        0.57737350704366142E-001   0.62109068783770560        0.33938096971585348E-001
   0.54054927762881155        0.57796230269441265E-001   0.94266592722820886        0.33598530392928441E-001
   0.63516374644501072        0.59523851678172264E-002   0.25261895186960703        0.33388815529134676E-001
   0.68818061881572148E-001   0.54567213617269898E-001   0.12902090423773710        0.34689833813140940E-001
   0.39577668975699104        0.57876679315012169E-001   0.59767608336941513        0.34070336597567120E-001
   0.10191718815658316E-001   0.71916707714359922E-002   0.43164590727997881        0.33235321384813089E-001
   0.62046187014305099        0.77649870737472194E-002   0.63542913091106712        0.34890650041838361E-001
   0.58678831762220685        0.75146187826110496E-002   0.57218419344759219        0.36732963567971552E-001
   0.81615006936941714        0.56970346606857972E-001   0.74721903219193878E-001   0.37430485332594632E-001
   0.78557782617759295E-001   0.79840077231882935E-002   0.79336576818817162        0.32974651913445209E-001
   0.90671004765531760        0.75501646748570312E-002   0.21270796144050730        0.34207929344910022E-001
   0.89397160729850722        0.75970043467274186E-002   0.12905297893207696        0.32935167340184979E-001
   0.34343021001334978        0.75850290598732314E-002   0.29578678622000043        0.31396864444472948E-001
   0.75887097473045639        0.57734598407416175E-001   0.11714776334895929        0.33814054832245789E-001
   0.41012148216083739E-001   0.77351545547660432E-002   0.81722578263749540E-001   0.36458847227682022E-001
   0.25875547437114643        0.80075867308562042E-002   0.63263679104969897E-001   0.35458658112601210E-001
   0.22386002555640331E-001   0.57947411623992820E-001   0.32790437870533834        0.33713734564150749E-001
   0.29861297063171227        0.58182197478660436E-001   0.97334404279288200        0.34382328359842423E-001
   0.31577412142470601        0.57849927856893905E-001   0.76321392806692234        0.33400532997947277E-001
   0.80358664518098633        0.57866697874845677E-001   0.60077697610942993        0.35847086392229395E-001
   0.36815212017816806        0.57682101151256188E-001   0.40925720602016097        0.34700931540172522E-001
   0.98215816468132000        0.78753484203247775E-002   0.70994231734924551        0.35474884444044612E-001
   0.76161183681276412        0.57736807096157763E-001   0.20099580103691513E-001   0.35169362188094869E-001
   0.23070022198545659        0.57885000880545601E-001   0.22705550444559176E-001   0.34423765165124284E-001
   0.27532710206907157        0.57869015519327688E-001   0.17580617025635067        0.36153865327682416E-001
   0.90250677591515094        0.72455888162421839E-002   0.54519324112894685        0.35972564754027742E-001
   0.39691292417844309        0.57519821967954278E-001   0.48265028757702932        0.36928291343510770E-001
   0.43019257672811106        0.58228480498482518E-001   0.65840900127690927        0.35735751205636934E-001
   0.55249185313287719        0.56917525986491857E-001   0.46727481786081881        0.35395942342241887E-001
   0.80463652320023582        0.57860960057045677E-001   0.81110477068368003        0.32738129684543801E-001
   0.16546079190239515        0.76414273277408311E-002   0.46780937678918244        0.35997509530220954E-001
   0.75984331784008508        0.78818919526466025E-002   0.57189452722831735        0.36507151860751555E-001
   0.31021715967204827        0.81844349490094483E-002   0.92919971541652979        0.33294475954936197E-001
   0.18090935928367941        0.57879384545825099E-001   0.72809251809858722        0.37971290610166769E-001
   0.83103948181533260        0.79721354054519186E-002   0.55636538165250127        0.36278294331076398E-001
   0.73438883070272343        0.59139782379761696E-001   0.31066111389156542        0.32747260989382493E-001
   0.16605282538100005        0.79507137970973151E-002   0.91296682449765065        0.33499768989680996E-001
   0.65838788805423432E-001   0.82437201494966680E-002   0.30479349714055037        0.36084519446665804E-001
   0.47591910112785479        0.57667022367977244E-001   0.18107462088232690        0.34767317555719275E-001
   0.53378476915597761        0.65622845395271164E-002   0.77454252168414034E-001   0.34231394362260616E-001
   0.16204159129484375        0.57655351845189190E-001   0.63199239627753123        0.33582578404295932E-001
   0.15981864893042863        0.58014897122625114E-001   0.51851384270322542        0.35143960204474592E-001
   0.67330169416839192        0.57097921267818319E-001   0.39845575206139322        0.34075022717634990E-001
   0.11358274353066321        0.76732914543194064E-002   0.95621985282115707        0.34022635919192967E-001
   0.28581442573569683E-001   0.45439997138092634E-002   0.15189183019969474        0.33341834931860014E-001
   0.95441592682470611        0.57624430560882824E-001   0.28186522344410367E-001   0.33432230321794758E-001
   0.78898466340135975        0.70066512735277005E-002   0.42905874231374691        0.35286001370275245E-001
   0.30036776502423512        0.83958114529920583E-002   0.54016135807772847        0.35207750333550926E-001
   0.87157573144632794        0.57997935613099294E-001   0.58404090303087242        0.33732461284268205E-001
   0.39010294754133640        0.75303250766199275E-002   0.36956618744235387        0.31405718484096859E-001
   0.46907340825541016        0.79080605791440935E-002   0.41366510731499606E-001   0.34457970099824625E-001
   0.80823154075174619        0.73518637670790497E-002   0.13026280082579506        0.37337864303726119E-001
   0.11824718247279577        0.57756989403918983E-001   0.90782140798230604        0.35647149819868031E-001
   0.60615364368200930        0.57949982331518671E-001   0.68393940653514662        0.36005073487476572E-001
   0.88953244632929773        0.57439301128149260E-001   0.30129589594661871        0.34717792647231432E-001
   0.42968311555714983        0.57924204937322123E-001   0.17975580381932598E-001   0.33043374626659690E-001
   0.56000382042743380        0.58575877319088678E-001   0.73977964301389032        0.36369365556379402E-001
   0.27934546131363081        0.75871210429192164E-002   0.27820819773864219        0.32370548535766812E-001
   0.70081763703440847        0.57642639332742822E-001   0.15423060301356803        0.35064715191735395E-001
   0.50354134041546039        0.57697455943497948E-001   0.31547287098340027        0.32270756153029545E-001
   0.14666182794476923        0.79540020965344124E-002   0.80785744523465375        0.30691205331921635E-001
   0.91516911556856517        0.66304921346640429E-002   0.14708256280203927E-001   0.30699235265416448E-001
   0.32151650535780851        0.76703604568278795E-002   0.35374850623104004        0.30565507053289559E-001
   0.61085276567913394        0.55270362256552630E-001   0.42682192019427895        0.30650936969476055E-001
   0.56257940648890281        0.86421719813857614E-002   0.69495268444737635        0.30678017441480295E-001
   0.12431005126680240        0.76642935679036286E-002   0.61747307661124173        0.30601908168616455E-001
   0.27357951770791805        0.58142485839781814E-001   0.91331506971482401        0.30654209792891234E-001
   0.84106508485121689        0.79280215325586434E-002   0.62349470842109134        0.30577348551585014E-001
   0.71355828081672512        0.70680415066809027E-002   0.38987565627150839        0.30650022141598496E-001
   0.93029071542382824        0.76604065157893590E-002   0.28220168083443592        0.30689882816795144E-001
   0.87066446171783296        0.57598360083068262E-001   0.23299392291451115        0.30638256257337401E-001
   0.50264351836721965        0.57686720738994605E-001   0.11643558406750985        0.30710073325042029E-001
   0.97126279607293742        0.59384918002986318E-002   0.20255685649685776        0.30622068518473537E-001
   0.30713221064656189E-001   0.79199688528735733E-002   0.21742723765262015        0.30623326156176786E-001
   0.84671312050539072        0.75576615292001770E-002   0.34625101912041839        0.30655252208732272E-001
   0.82673702641800087E-001   0.57651653767369387E-001   0.65194003144157048E-001   0.30618869868329034E-001
   0.35530792644513948E-001   0.75893129428973253E-002   0.63704378056722688        0.30630364458830422E-001
   0.81428993508883607        0.46935036073858169E-001   0.71682690861538167        0.30671620127135878E-001
   0.63513661080448491        0.83568335089821040E-002   0.99323459638092737        0.30648793301734728E-001
   0.58058635694701810        0.57498560788801660E-001   0.52740003013877901        0.30650992413192517E-001
   0.75111376643234895        0.97895754218279511E-002   0.50534475035715631        0.30580079294857163E-001
   0.81658501989771293        0.58073246812261142E-001   0.87358648205270739        0.30680667377900067E-001
   0.76565674428585417        0.54571407213551398E-002   0.70907155978073366        0.30665631833014316E-001
   0.66189415149474895        0.74440154554974566E-002   0.48797873417896133E-001   0.30660161958321872E-001
   0.38695538938649865        0.77867025275694945E-002   0.17262828222675738        0.30656665573711609E-001
   0.23762671978708610        0.76257591947218291E-002   0.20011610528265272        0.30723423478993581E-001
   0.66051703439515286        0.54563323721553425E-001   0.28916501789333426        0.30658960759053874E-001
   0.82818928227455824        0.97174822649481699E-001   0.68374131739148247        0.30646129261381001E-001
   0.63529755268957810        0.55641808484189974E-001   0.34597631256535349        0.30704948039343472E-001
   0.18065528469158290        0.57919274690790383E-001   0.79719604439800007        0.30670709917037391E-001
   0.13148695483736319E-001   0.57549925921547077E-001   0.60846879024788347        0.30670374781695778E-001
   0.29406620740220490        0.57957208962515064E-001   0.38322364516095692E-001   0.30584737472973279E-001
   0.98912989507370763        0.59296633347741615E-001   0.52733597853612946        0.30717402602530666E-001
   0.93182336184572134        0.77489658783163389E-002   0.83053460560113190        0.30604525393603615E-001
   0.65816842774365625        0.79318841431175371E-002   0.80000428362434073        0.30661396395926563E-001
   0.86392200511946560        0.84894760615602891E-002   0.72195556619871343E-001   0.30625543454766060E-001
   0.11067541662936990        0.58501588299438037E-001   0.29613772088005696        0.30655191523959759E-001
   0.51515431166250769        0.80031511756871194E-002   0.73418552927784431        0.30567094812618538E-001
   0.95568292444063585        0.57908698773935535E-001   0.67542768636890960        0.30769350158162019E-001
   0.81604714731374858E-001   0.56415471839373378E-001   0.35359461408738962        0.30694830787321999E-001
   0.20125959486050790        0.77370077403912706E-002   0.62216917367527991        0.30638119347459747E-001
   0.58474541451730677        0.74360842347495869E-002   0.35975660485463364E-001   0.30650052876847685E-001
   0.73965852548599817E-001   0.49427250314431924E-001   0.74491084722914569        0.30595885995837648E-001
   0.49028378635977660        0.74769759393394980E-002   0.27746254544167837        0.30692057338891857E-001
   0.83247418411750296        0.78838807134435362E-002   0.84125561988758402        0.30699379145483617E-001
   0.54117326542027056        0.84179735794040686E-002   0.87816041467875228        0.30715578043722037E-001
   0.35828467050786111        0.76423685780589133E-002   0.22797555604265266        0.30647011020186798E-001
   0.10742795753103823        0.49313807364157851E-002   0.11056458012975114        0.30642110577357488E-001
   0.60093541508391157        0.57844894640054725E-001   0.79284733208518032        0.30603590024525885E-001
   0.15703006584673596        0.57702939522833202E-001   0.85396137504514902        0.30708763633156153E-001
   0.90031549575894032        0.77766041468566808E-002   0.88340279075174355        0.30669459532435179E-001
   0.41196247298497735        0.81000091623092789E-002   0.80068452397641809        0.30508854520979165E-001
   0.39951075558644111        0.72020278808667890E-002   0.11258466966322590        0.30687210669892002E-001
   0.59466866675138608        0.69777157941174339E-002   0.47605286520809903        0.30526649803132872E-001
   0.96852252174984421        0.57839881451651469E-001   0.75098771221505678        0.30599527211672122E-001
   0.81160496560977091        0.71447283657194568E-002   0.49230937498267791        0.30636828084324459E-001
   0.93068996795299452        0.57595360441644740E-001   0.24651564337222029        0.30657600103648965E-001
   0.87914579078621413        0.57251667050863410E-001   0.37093669223971015        0.30685688994749025E-001
   0.46885416237029048        0.72765299496916347E-002   0.40568380424247458        0.30723190496344258E-001
   0.55017500215599957        0.55861472749061444E-002   0.29078759611868793        0.30617949558992465E-001
   0.34500133311155118        0.64660987943310879E-002   0.69083089446589263        0.30645038269989704E-001
   0.11756095270894899        0.57933294062207000E-001   0.78726418735052417        0.30689434171139198E-001
   0.16527401861881913        0.57758219457650688E-001   0.22810182501070274E-001   0.30647519639177286E-001
   0.73918243812606776        0.58199137388932967E-001   0.86222378721980841        0.30675857995534100E-001
   0.89935092318548648        0.57360624880786262E-001   0.43247575873240607        0.30589914766123417E-001
   0.37897152969635095        0.56433497138110848E-001   0.70123726854800195        0.30661076206082893E-001
   0.97959491402851884        0.76952084663184026E-002   0.88325335762956825        0.30711667328111692E-001
   0.76894240614502030        0.57010860854796258E-001   0.46722872662320253        0.30717780694450757E-001
   0.86290209061665413        0.79690486192399851E-002   0.73307979857226990        0.30590152738326579E-001
   0.11955284696842848        0.57651067513416733E-001   0.69659432492670104        0.30702931095368237E-001
   0.99469503039842333        0.54615803410187846E-001   0.17338757986310363        0.30658315473574234E-001
   0.44683409697895377        0.58008641312004276E-001   0.55770129819954684        0.30672863638972449E-001
   0.12354245383973304        0.61898255224673619E-001   0.22017533199930309        0.30656047433750600E-001
   0.50566676127523624        0.76782071426420642E-002   0.21144095991981018        0.30742501081904957E-001
   0.21895488271268812        0.73266950628688545E-002   0.52826773274128436        0.30664797660607090E-001
   0.21653091084005552        0.75736362224217485E-002   0.27309605250821878        0.30627757542591234E-001
   0.52827907888665943E-002   0.56399374417580209E-001   0.39022814241731218        0.30680176168206789E-001
   0.19489468020478748        0.61425399441266430E-002   0.36522809350781765        0.30639789484260268E-001
   0.89798384127433295        0.57970225506849250E-001   0.72834659500844356        0.30657075278447236E-001
   0.60721818758867752        0.60428181855207638E-002   0.74715385623707908        0.30764893296113854E-001
   0.38517282314440476        0.57747528899568551E-001   0.97197351680010668        0.30649851611802094E-001
   0.20072242424858614E-001   0.77891603661195243E-002   0.93793017126034084        0.30717742231120514E-001
   0.11679306719529213        0.64085229033749025E-002   0.34800532792188771        0.30687290168626556E-001
   0.25585145802845416        0.77761504226568114E-002   0.58875694990108918        0.30614742006515885E-001
   0.77063636294716609        0.60781534326524056E-001   0.91578428989417981        0.30656694404585294E-001
   0.92553135594631120        0.58143040903720911E-001   0.79467049135963475        0.30603103440126064E-001
   0.26334975098571428        0.81332613526059212E-002   0.99608676813048291        0.30642141373427058E-001
   0.93147039073760562        0.73904497300820359E-002   0.41722430193461008        0.30659074084755360E-001
   0.23066416377504143        0.57884266158709577E-001   0.38161449708925144        0.30720227057823610E-001
   0.25654329671081683        0.58724985946731804E-001   0.52910889772023828        0.30701802406420741E-001
   0.26719112011337531        0.56643862952778956E-001   0.43288403637928474        0.30612169731300123E-001
   0.10597187453841633        0.11840634289105251E-001   0.25145400413409669        0.30649895719970462E-001
   0.35466046280826014        0.57901776432272803E-001   0.28801013157661020E-001   0.30665859855352480E-001
   0.73043851549047123        0.15420121357311660E-001   0.90534273000768184        0.30685960162437340E-001
   0.69300687182531784        0.64727668210557074E-001   0.90237452363835768        0.30669804861663999E-001
   0.77593963290105128        0.81236845763578130E-002   0.86496224572157088        0.30580109327233766E-001
   0.71208507294976542        0.77959740873825819E-002   0.65753028026963145        0.30726161601681498E-001
   0.72076851721222912        0.57852970418808825E-001   0.96832868635436398        0.30663444693567334E-001
   0.35554886234790478        0.76438911424159886E-002   0.50186938750373689        0.30641370690751676E-001
   0.34269032543111022        0.87975543192176826E-002   0.85455931641671301        0.30649743537914644E-001
   0.81068510506276725        0.63652980141989321E-001   0.24410656403394165        0.30632981658975385E-001
   0.30561285247943315        0.57833396896087547E-001   0.68872678083034899        0.30676568068283300E-001
   0.39361081641526746        0.57697730790408297E-001   0.23256794917108420        0.30662618512044867E-001
   0.49379382646918840        0.69487014075328875E-002   0.82596674310603890        0.30726847852613454E-001
   0.36068708136152504E-001   0.97686138416455348E-001   0.74680078301170683        0.30609582357523049E-001
   0.72663858724118358        0.14889277460098028E-001   0.44937534606132296        0.30696133522502392E-001
   0.52790833587816732        0.78933942134586463E-002   0.14209660442671507        0.30632005666481443E-001
   0.96549192938145512        0.74721008405425633E-002   0.14140595386432295        0.30649391739520963E-001
   0.42096983806752403        0.57300669022925438E-001   0.31721511157216531        0.30620675965732983E-001
   0.99156322824961052        0.76569564907825981E-002   0.12759411273725398E-001   0.30669972963351541E-001
   0.84945495887391576        0.58046939029071432E-001   0.76591064944751985        0.30573985819503362E-001
   0.29775291262774567        0.76074417864768294E-002   0.21517792981127770        0.30718272934203216E-001
   0.23252552480094415E-001   0.57043375759654714E-001   0.47392686460338657        0.30650587188531978E-001
   0.53250794399695089        0.61155720366773927E-001   0.56915796343175673        0.30730179800362505E-001
   0.12313477331313281        0.77037734403960214E-002   0.86456523448028444        0.30604355175898504E-001
   0.38758042019947370        0.86567429404002631E-002   0.64625970837442814        0.30700727871676339E-001
   0.11693398775165617        0.80090135994063047E-002   0.51407046193970052        0.30684781765971947E-001
   0.46213578288137641        0.93147151264126437E-002   0.76510944746015286        0.30720973062502575E-001
   0.30692388021587891        0.57688698823070129E-001   0.38618298244555976        0.30643125106495184E-001
