 3 HS poly
 400 2
 281 119
    1.0000000000000000         0.0000000000000000         0.0000000000000000         0.0000000000000000        0.10000000000000001         0.0000000000000000         0.0000000000000000         0.0000000000000000         1.0000000000000000     
 T T T
   0.56890462168368539        0.55221803217930514E-001   0.18972944602616271        0.35121946131833615E-001
   0.57456312651146380        0.60240061033021708E-002   0.13824225697475900        0.36258295398913017E-001
   0.23332319593616543        0.56646411310736812E-001   0.66329502892192005        0.33729746584462560E-001
   0.13164052595945872        0.62137439574202133E-002   0.60288577217499406        0.34280931185512828E-001
   0.26273465633705040        0.60652516548082343E-002   0.41081170616371271        0.33563456486022707E-001
   0.44640573368916225        0.61729881008977944E-002   0.82806750689513986        0.34337139902916258E-001
   0.52688422959789383        0.62464897192964688E-002   0.37704323191864914        0.34894646801357856E-001
   0.39137548935509248        0.62249192078898674E-002   0.19623299998796199E-001   0.34156311581710251E-001
   0.85897444389239963        0.55369206593441904E-001   0.94641258801854333        0.35380799133406977E-001
   0.76892382378279189        0.71844603080614289E-002   0.88867524962574473        0.35680862151751834E-001
   0.96029316538089615        0.55458669956856881E-001   0.61231519953439772        0.33708167727091037E-001
   0.75882787294553805E-001   0.56263357829616223E-001   0.20004535495499010        0.35936279070294744E-001
   0.51610768699264875        0.61485773659410983E-002   0.27922403119419137        0.33612808053695750E-001
   0.58964351944713833        0.55897053793093260E-001   0.57114675428222428        0.33370350664946244E-001
   0.42007456780957575        0.56272791455079456E-001   0.98018951158433931        0.35633920918255228E-001
   0.26145300294908702        0.64381889697709277E-002   0.70161170840134668        0.34561416704691920E-001
   0.65204405813464261        0.51822151908209775E-002   0.66307172501891576        0.33504942883025107E-001
   0.25911409901752619        0.56290368415150609E-001   0.79662898069207755        0.33366003886427568E-001
   0.18588609938435760        0.55907882592646535E-001   0.13505891073095999        0.31911697441632962E-001
   0.40406363024911901        0.56118614843417014E-001   0.84644493730080950        0.33646202151659213E-001
   0.67365587063805021        0.56575376077604315E-001   0.19257641356067212        0.33353887180814244E-001
   0.70274834492145311        0.62340520293143447E-002   0.93840268472049715        0.36259024374397382E-001
   0.90791577923435540        0.56586364018431215E-001   0.30038059555062484E-001   0.37809240613058737E-001
   0.52593311357437811        0.55916145250459348E-001   0.97958343021706784        0.36685114593287639E-001
   0.71560794643692316        0.56542794021971148E-001   0.68570233298928063        0.33266612187627755E-001
   0.52023943279219365        0.55946305425248782E-001   0.82204063301748886        0.36024911264651301E-001
   0.24173612070851358        0.55564614451053592E-002   0.97167639806191586        0.36139751077261688E-001
   0.72272340164376581        0.61749480006959186E-002   0.35777281946258899        0.34236201484634098E-001
   0.39808499228664022E-001   0.56244438974819837E-001   0.56968802472973379        0.34881126439807779E-001
   0.28528657327785623        0.56114707438708972E-001   0.29702660890113991        0.33822997815745548E-001
   0.39853723577947031        0.60619822289157818E-002   0.71061536224880206        0.34788773265072417E-001
   0.32717021913705402        0.55896514793687783E-001   0.13351168114592371        0.35926185736120143E-001
   0.99927068471535729        0.62728676980539216E-002   0.26600583708396303        0.33293545271452646E-001
   0.67562893011245928        0.56221800585273610E-001   0.35678849958266873        0.34373029141376056E-001
   0.66513582777661062        0.62240411382346941E-002   0.79150174646095073        0.34384223740311089E-001
   0.98924958632735760        0.55555002018766009E-001   0.76312048308157421        0.33046263050738378E-001
   0.78763027185615730        0.55825057961339825E-001   0.69304699338883036        0.36399762665177880E-001
   0.38615079571526628        0.56024873062640902E-001   0.39633412931440426        0.36882623692096127E-001
   0.90516484876093384        0.55915819912177513E-001   0.19860393482252883        0.35166948854041043E-001
   0.82409514908527182        0.55862187005462971E-001   0.85662356640518056        0.33645010034851035E-001
   0.98621507991313404E-001   0.58510944611526831E-002   0.75245941008192174        0.33226097071037831E-001
   0.31630408864001913        0.59001731392317814E-002   0.18321449305953150        0.35376728569388678E-001
   0.16092743011549859        0.56210163370379221E-001   0.35976901158694985        0.37189263022679157E-001
   0.93783292905162607        0.55537507487169895E-001   0.68394740746152527        0.34185837741571974E-001
   0.23899670124977646        0.73516554833952174E-002   0.90293858256814752        0.32136657741017795E-001
   0.87754058717455041        0.70959640824656972E-002   0.33155179964121989        0.33986397558600820E-001
   0.84999748204516001        0.56179908656222723E-001   0.49856329525044446        0.33054578151841402E-001
   0.17598502821993059        0.15058932973943437E-001   0.89426762713796359        0.31762090141368923E-001
   0.56275568958874499E-001   0.61225554232436042E-002   0.32904486524483306        0.33600572644604032E-001
   0.15883183151360833        0.65641070893884424E-002   0.82845978966659628        0.36767160969348199E-001
   0.43062686799278332        0.61490792490570267E-002   0.49477571574185203        0.35533373525079313E-001
   0.16424219022054801        0.56219593463924737E-001   0.66058926489968306        0.34503311711616511E-001
   0.13018640447284574        0.56481020815476540E-001   0.92839917466104316        0.37182782395768200E-001
   0.71249278093605672        0.56946934906831632E-002   0.58284311594849769        0.35588552197116534E-001
   0.80188785788380001        0.56202254305118451E-001   0.42028657755823778        0.32813444497331250E-001
   0.11947812417614403        0.58964385759800383E-002   0.68647020740845788        0.34296537717447700E-001
   0.92603872075553484E-001   0.53031136338713848E-001   0.10133353870368206        0.35569936190479476E-001
   0.35038980689537608        0.55582651215482719E-001   0.99104998278185441        0.34761783793240346E-001
   0.81112894281212100        0.56268920273260629E-001   0.62689612687571461        0.33743161332095900E-001
   0.28773832864039933        0.59809789415671312E-002   0.48526997814208289        0.35811776693159748E-001
   0.14019100033992812        0.61822029369245149E-002   0.30843922166240034        0.37373296166242659E-001
   0.79053091019227328        0.56862970671899792E-002   0.59533382783842063E-001   0.34597699871346116E-001
   0.50910195140855197        0.61904258667172807E-002   0.77340785715238247        0.34366452820127590E-001
   0.94171349666556703        0.59418743194997806E-002   0.56944422743399070        0.34368994350800382E-001
   0.46334407576288128        0.56135046849726734E-001   0.53383399111660523        0.35711392430181725E-001
   0.68442747957531236        0.56167796598712044E-001   0.27822799909886525        0.33938472519924281E-001
   0.50589255629354590        0.55721617192748358E-002   0.12915355264782105        0.32750624192527632E-001
   0.63045491245709340        0.61666295992251789E-002   0.37516350781711899        0.35168415566456876E-001
   0.11235229696899110        0.56251881715288693E-001   0.42916019500762564        0.35869909501363081E-001
   0.60772275632413131        0.61572328140840826E-002   0.74353012453019629        0.33745948701835435E-001
   0.57219685100357331        0.58512299882695143E-002   0.91556637301030075        0.35481652425720843E-001
   0.78992333584501506        0.61078614236419609E-002   0.37543740340153964        0.35189589018283743E-001
   0.32454289918087423E-001   0.56165750246577823E-002   0.73348725829022610        0.35434060637240195E-001
   0.26256397116726243        0.58190333300440204E-001   0.86539767979291649        0.34053523986585038E-001
   0.24944831997726347E-002   0.56204464228042685E-001   0.43597250107068629E-001   0.35200530590171995E-001
   0.32454163511609996        0.60212425398885362E-002   0.30117511878012253E-001   0.33330396506958099E-001
   0.92777563211264502        0.57833507737350666E-001   0.95927041012859349        0.34119331005059712E-001
   0.60994300980770622        0.55848276745994532E-001   0.94908142422113773        0.35506420233234866E-001
   0.24196476541624026        0.56034680854830182E-001   0.58903466925592940        0.36324998823503991E-001
   0.83119855495491457        0.60484881407011880E-002   0.11662581396544816        0.35325933150012576E-001
   0.31203570076996306        0.56077820078813317E-001   0.59940321594558432        0.34467592769830351E-001
   0.95760330100333990        0.54293234403626524E-002   0.60726884831399782E-002   0.35705247364380681E-001
   0.84123743855898536        0.58537713500445643E-002   0.27489341332374456        0.33314908981966304E-001
   0.54778581908432289        0.62165418525204838E-002   0.45299168051842509        0.34908839250314204E-001
   0.42295071005789775        0.60481525669983018E-002   0.64194454640742715        0.37789232886411533E-001
   0.74322021172018105        0.55658606363196465E-001   0.37217389461637169E-001   0.37739606358030253E-001
   0.84389792943810382        0.55870724293288591E-001   0.23042159570577544        0.33597637948829168E-001
   0.23338252040374177E-001   0.56763160859481888E-001   0.63714066914861645        0.34046495598471394E-001
   0.82384804976630055        0.61923791282491557E-002   0.46049353552866124        0.34913174004254796E-001
   0.89632862639041688        0.55779724425762948E-001   0.58425599531172834        0.34433949611717363E-001
   0.71051244319757867        0.55838367944977776E-001   0.75761643029988057        0.32753639802019369E-001
   0.33510487078444190        0.59307251810087405E-002   0.28511526251283786        0.37471381748763258E-001
   0.11366012361897172        0.30759259853501359E-002   0.55913335377725332E-001   0.35082958247864400E-001
   0.85509521991410375        0.61069600718820808E-002   0.35289000430512737E-001   0.34340706987485689E-001
   0.81212997407888754        0.55967183756282304E-001   0.16847230264332307E-001   0.33944354695865001E-001
   0.29584552356094979        0.64366322092287119E-002   0.82740608218662870        0.35760935459525994E-001
   0.98239982308659068        0.55797527018103824E-001   0.39877807461108350        0.33502153206491768E-001
   0.35782938929337671        0.56102436153254068E-001   0.73742543397028482        0.34961259551101381E-001
   0.33201268518841104        0.60600808442242450E-002   0.39254374723891172        0.36180405722713117E-001
   0.80153083338408759E-001   0.61927268870964284E-002   0.25092040880283689        0.35263628976872914E-001
   0.87983926929513823        0.61757351928813714E-002   0.53580727892733548        0.36005137609499721E-001
   0.27191140294577421        0.60162940979730777E-002   0.34202814664619979        0.34580382858689376E-001
   0.71141061467361288        0.56154431663586857E-001   0.47561990572726637        0.36156340992045455E-001
   0.49152250471213993E-001   0.55836663126587027E-001   0.50232633970137452        0.32939328080605172E-001
   0.17148334311204252        0.56195356584823025E-001   0.57466114083518016        0.35577139464066133E-001
   0.90263530095027456        0.78579088559499917E-002   0.91970256273044637        0.33949349642982206E-001
   0.62815422054245151        0.58182381955453081E-002   0.84894424181292527        0.33868140656783036E-001
   0.62200180633870084        0.56266195695558491E-001   0.31069608767027829        0.36311470062860354E-001
   0.98447825353677865        0.57758652449328263E-001   0.90395841150472900        0.34132332195106738E-001
   0.11796081427718291        0.56108410189357610E-001   0.50578641498892118        0.35659873511971911E-001
   0.64639312810312477        0.58223052930670219E-002   0.98092841330713043        0.34015530425871639E-001
   0.26447724056555094        0.55927595269792733E-001   0.17335093921838057        0.37272634155731565E-001
   0.75219126252636870        0.64180919625437885E-002   0.65439825700348286        0.35392509947895466E-001
   0.34870579736564694        0.60035206451206349E-002   0.56177993405091087        0.38004159346345677E-001
   0.22789553646065416        0.10532962261186690E-001   0.83389901435199754        0.32221731778636555E-001
   0.74629582730583821        0.56165000899012454E-001   0.31710092539746959        0.34379941796478873E-001
   0.82992319325692190E-001   0.62101824281437616E-002   0.46996059678460267        0.34996621866682877E-001
   0.30112560850193365        0.54879674066369559E-001   0.69452404588917022E-001   0.33216230914285660E-001
   0.30726459870854989        0.61697461677903825E-002   0.89665595112901708        0.34359465854045347E-001
   0.68797978003598637        0.62368916218099417E-002   0.42941205554998230        0.35747878313213452E-001
   0.33617927197201175        0.56269407056398928E-001   0.85780623956347846        0.35141504991127441E-001
   0.80847724966195500        0.60058248945386097E-002   0.96564180811025213        0.37620256781793732E-001
   0.67690149586156834        0.55541481936045266E-002   0.72493126660614948        0.33099027687674469E-001
   0.36774199887007258        0.61197651250831341E-002   0.80998271260180099        0.38088234086707855E-001
   0.63761964716802133        0.61454944339400181E-002   0.59241594279155807        0.36638996363874805E-001
   0.25709279979384042        0.56132120020704307E-001   0.52152330364896482        0.32834637802649169E-001
   0.92915608027650476        0.55896937098723024E-001   0.34266823692957543        0.34464276512398744E-001
   0.10966071616554209        0.54413261380667852E-002   0.98795884128960265        0.32944134552899330E-001
   0.34653264583930798        0.60939515449445784E-002   0.63637902399107449        0.36574427850442175E-001
   0.87981921950764863        0.56767086180127227E-001   0.12826130886828571        0.34747799239696960E-001
   0.93628548754937369        0.61094575539379055E-002   0.29372708430475097        0.35503432255939438E-001
   0.28161996769045190E-001   0.53052507198663688E-002   0.93688397405150503        0.33744041528405551E-001
   0.70727082036872016E-001   0.53710722536206540E-001   0.35407820945998231E-001   0.33442163140104411E-001
   0.39178428858285191        0.55997939312033812E-001   0.52829634292636263        0.35946983612246373E-001
   0.82798000732325827        0.56264026157463079E-001   0.32327808873784247        0.34952868329343481E-001
   0.56263727950228815        0.56057126136237229E-001   0.27432873823186793        0.33184858460464123E-001
   0.92346366989585837        0.59817369743963011E-002   0.15240700791321263        0.35273047498493332E-001
   0.72940539297775120        0.55529033189406989E-001   0.15416095689682788        0.34303759835273839E-001
   0.40802850535475282        0.56059421603026398E-001   0.91280464107240622        0.32779238310242348E-001
   0.51900278467919081        0.56138777595431427E-001   0.32769258671844154        0.35675491019627359E-001
   0.12791974267801823        0.56126743727474795E-001   0.25538902781918055        0.33820219662723632E-001
   0.45511390883173203        0.56132407430142889E-001   0.60242494887271769        0.33344775866265206E-001
   0.56912874306008698        0.57098349024293400E-002   0.81436683084943329        0.34101583374058525E-001
   0.73453829322703434        0.58833318273476473E-002   0.79621009457292446        0.34728359942157332E-001
   0.74635899680082385        0.57971802875417412E-002   0.72606627657861322        0.36323062368481256E-001
   0.99641551324025435        0.55652997921029151E-001   0.97333965154157609        0.35262713934794722E-001
   0.42953685563192512        0.58575185578599752E-002   0.27689626977662862        0.34000553799390050E-001
   0.22768842311668797        0.62340613192327695E-002   0.76235427135930001        0.34868288958085414E-001
   0.37686899745361385        0.56399105915390475E-002   0.14701408115745382        0.35140594106127028E-001
   0.30196367684044539        0.56102456925779448E-001   0.67386442051426243        0.35040327975345814E-001
   0.20801181344409664        0.59158894162670613E-002   0.17923109264410303        0.38309094468610895E-001
   0.23245811986946160        0.57874101470180937E-002   0.28662274592631626        0.33118662940392563E-001
   0.58025335873175721        0.55800710471991623E-001   0.86373892512974360        0.36911877544981424E-001
   0.63675841549292778        0.55549407446067817E-001   0.27019821673349789E-001   0.34196368997087237E-001
   0.12581194562943948        0.56770325172189016E-002   0.19889265678266305        0.33725061297144157E-001
   0.78204465514827781        0.63946335459436872E-002   0.59088310544390399        0.34212776076828155E-001
   0.55583703098961990        0.57878134459008704E-001   0.50620720964956223        0.35996337272127948E-001
   0.96193052550876268        0.55396349073311684E-002   0.72551417076545655        0.35152749399119942E-001
   0.85677580188948643        0.57982577760805785E-002   0.18339897589942458        0.35955096677961408E-001
   0.12512551467865093        0.56611944925665271E-001   0.79075560728679473        0.34257780163680321E-001
   0.27586980421014295        0.56027201291927058E-001   0.93353738038415102        0.34996787434706030E-001
   0.89612634030002902        0.57973599814011914E-002   0.24095458956373914        0.30769861637667439E-001
   0.43935785873650585        0.58810258575789443E-002   0.41616206337453288        0.38185125871692760E-001
   0.31645837753879813        0.55897208970931214E-001   0.23436129595629862        0.36140225880478653E-001
   0.40695338880025811        0.55523962031355919E-002   0.85426286806882148E-001   0.33395781062734484E-001
   0.88120752517119305        0.54654994325969075E-002   0.77777286565127191        0.35675659866732712E-001
   0.75389705538604024        0.61725263720146754E-002   0.45004282915942762        0.33103859792894035E-001
   0.32324317755149906        0.55978615143759049E-001   0.51753615830366362        0.33416510843391915E-001
   0.18045516590026070        0.55161180384126840E-002   0.30703087993951435E-001   0.36147522661778363E-001
   0.34148086189399252        0.55930040084363433E-001   0.33866368137990427        0.36063481545983919E-001
   0.83768095726927705        0.56986329373184515E-002   0.90019914320640726        0.33888128108330848E-001
   0.38319078113068283        0.55799199338174267E-001   0.26131767714840226        0.35776897585421699E-001
   0.22757389157683680        0.55717635575277681E-001   0.23830967411583956        0.36211097109166916E-001
   0.47067697912025819        0.56325291004009272E-001   0.46220772522836728        0.36197845950758742E-001
   0.89504921480824962        0.65035309018273528E-002   0.46511892276208622        0.36037511098483153E-001
   0.68681627428397096        0.56372961126904863E-002   0.40195646898959617E-001   0.37675150146811984E-001
   0.67100162426405929        0.56059250511719040E-001   0.54921192570373067        0.37287766935966644E-001
   0.24890821614661793        0.55979589078401948E-001   0.45480038401364647        0.34387836375430386E-001
   0.52392347958543517        0.56078399584553976E-001   0.59106174093689134        0.34703388241577010E-001
   0.88731135590131205        0.55869738599998192E-001   0.28355541070100720        0.34957754540104691E-001
   0.18088887177198351        0.56371758428269240E-001   0.44471244292287476        0.34373112519966526E-001
   0.51725172235585570        0.59956185217768356E-002   0.87191895646626549        0.34611296448524800E-001
   0.15782437614893632        0.53816053464085301E-001   0.75942680058678297E-001   0.33508548505916037E-001
   0.31177397797693696        0.57669753336530901E-002   0.96442090781818024        0.33548450315890849E-001
   0.62166010039160025        0.56221289410242764E-001   0.23850984303624004        0.35822256457271343E-001
   0.68202814518285204        0.57689996899876715E-002   0.14491054727248420        0.34941972480455170E-001
   0.62633399883192564        0.64067190974210694E-002   0.18787961659802282        0.35357490393202420E-001
   0.43650664334533340        0.55478577373487326E-001   0.49004425836068850E-001   0.35085117928482276E-001
   0.80985602051271854        0.61156341050394129E-002   0.52820589888988267        0.34226381643725101E-001
   0.41725840649287894E-001   0.55498345896891649E-001   0.43455797684442171        0.34886750704330047E-001
   0.47003461847508565        0.71112337388259412E-002   0.88131820715902471E-003   0.35420138445188300E-001
   0.85056048990623800        0.62510419699226055E-002   0.60080093586207239        0.34954512549662774E-001
   0.32653360118301877        0.56098883777584888E-001   0.44658289233155207        0.37584129869889057E-001
   0.38006331879908678        0.66983003038473196E-002   0.95022085802800471        0.33889718396260697E-001
   0.91459167470440017        0.63029739013506364E-002   0.38915880614163001        0.34447798167869248E-001
   0.98133280428829051        0.55584297618682436E-001   0.83595861380937053        0.33919079155673895E-001
   0.89327268954254058        0.57976508281576611E-002   0.70758379171961017        0.35485661313786741E-001
   0.56353686238750457E-001   0.55610788528752356E-001   0.77836141060087183        0.35616247655963766E-001
   0.85693308209809985E-002   0.56269539080024245E-001   0.22314267693610382        0.33184187325201703E-001
   0.77847810612051527        0.55681924022133990E-001   0.76948758858257138        0.36119650767916262E-001
   0.44565860712748878        0.55793383510540492E-002   0.15791415155682256        0.33808050093406254E-001
   0.38136639609519096        0.56080927563666352E-001   0.66896083031683351        0.32500851584402482E-001
   0.42589360411379160E-001   0.56213592223425472E-001   0.28374868185843333        0.35130688229860499E-001
   0.60732739993210316        0.61253082831002640E-002   0.52665282130193436        0.35692348038279628E-001
   0.75601700030410302        0.55778109934956938E-001   0.94836518761278454        0.35828222933596290E-001
   0.75022689387188779        0.55966101281631223E-001   0.21933543933865554        0.33847631744565863E-001
   0.28750435790074060E-001   0.62501226415806041E-002   0.18062995949933500        0.35413101919566342E-001
   0.17167249459075506        0.63745990197519066E-002   0.96017121287693752        0.34831130729979939E-001
   0.77225747966543759E-001   0.55713519191151799E-001   0.71055433366069487        0.35323904801488920E-001
   0.41795434522497538        0.55861464674440531E-001   0.32365112923175204        0.35419471315435491E-001
   0.82945782935499168        0.60476694887678442E-002   0.66777406902263992        0.33185041174013372E-001
   0.54295688952811139        0.56418465207795636E-001   0.66570537985423361        0.37722782867257235E-001
   0.90427113166030226        0.63419657678771809E-002   0.84537692309776966E-001   0.35223763640599946E-001
   0.80669535260477598        0.55459785960379086E-001   0.17229632684621030        0.35251926115223750E-001
   0.74099761198475855        0.63779640993726436E-002   0.51788706780225580        0.35021001664225421E-001
   0.61050434018824606        0.56229663070131754E-001   0.63680762098155386        0.35439019608151726E-001
   0.20796138168949460        0.58842582468369067E-002   0.96361177586692451E-001   0.34875470577979302E-001
   0.63708060320972393        0.55298953697963706E-002   0.92222226249337361E-001   0.34299315358648122E-001
   0.42184069514598455        0.58916897997727952E-002   0.56903504869908061        0.35123249412558649E-001
   0.92327730143008380        0.55353958716814561E-001   0.75248332066214652        0.33342970721299318E-001
   0.56427821215710938        0.56103656946500782E-001   0.76511925175994555        0.35847085923764628E-001
   0.75859835721432989        0.55869303999450087E-001   0.83780311125102025        0.34490053881333964E-001
   0.57699025267271520        0.58542990763365459E-002   0.98644607971003839        0.35059975464744562E-001
   0.24426649002976305E-002   0.68976484486534461E-002   0.59649667604657364        0.31983758502290439E-001
   0.17929560159434893E-001   0.84301449207647584E-002   0.86999005217716929        0.33963913943574002E-001
   0.46830383829959310        0.56229253973305637E-001   0.87114897848847395        0.35159304680585347E-001
   0.80194734110878962        0.56559271607577151E-002   0.81466819305591065        0.35075628214799558E-001
   0.71590029476172745        0.56318160120663457E-001   0.89109706537631284        0.33739296890460714E-001
   0.28150274862579017        0.55544112882859056E-001   0.37418968849335416E-002   0.35265094211182256E-001
   0.81762508623361241        0.57207217703164129E-002   0.73596026273324022        0.35555347279603959E-001
   0.68080663082695814        0.55405743497021077E-001   0.62384928427877384        0.35966057232930074E-001
   0.63674149021458371        0.56187750816840215E-001   0.48347746971659517        0.36526474126328853E-001
   0.94807871356682405        0.56165611489124051E-001   0.10877047981221048        0.35353542380949989E-001
   0.98314818718567532        0.66785688340543093E-002   0.65975848312436591        0.33827172044005080E-001
   0.95107978892488398E-001   0.56206835188135323E-001   0.63974089509087351        0.37705530754895959E-001
   0.15465927260087631        0.63257016834250713E-002   0.40837023094247010        0.32729427774363030E-001
   0.21385493215504697        0.59491877783194123E-002   0.54394191722436003        0.36556601456390246E-001
   0.97784524320045552        0.55859044729015019E-001   0.54368853252453797        0.32296244912354832E-001
   0.78218396750132757        0.56184610232995827E-001   0.48778680259883928        0.35609432108147876E-001
   0.56706630247737722        0.60685706312602842E-002   0.61290535724815420        0.34837049661330985E-001
   0.50110316333557248        0.61422106472172229E-002   0.50356116395456385        0.33865966764117975E-001
   0.73392745855208630        0.61801256081460351E-002   0.26734365051460035        0.37198129845106065E-001
   0.14432031557182839        0.56301730070232328E-001   0.72567992443333784        0.33261308206299960E-001
   0.27331353200329950        0.60527552647599778E-002   0.63155805353482242        0.36398413983178182E-001
   0.97691667071714350        0.59285998545470812E-002   0.35169678742975169        0.35228730746596083E-001
   0.50080989023101485        0.61015639070466643E-002   0.63399938505170506        0.34645595144540769E-001
   0.91440158239539415        0.54489986783183425E-002   0.63683304224201853        0.38338190627585311E-001
   0.46804249970534012        0.56084884119000235E-001   0.66934934142726554        0.34787833920947087E-001
   0.50999608258147366        0.55529507693965335E-001   0.23031583257290886        0.35414147036237888E-001
   0.80245628584134643E-001   0.62168933850474204E-002   0.53879054629024659        0.33800413040478657E-001
   0.63202885505561601        0.56321940967878049E-001   0.13933969349057421        0.33982759822180041E-001
   0.25978301302217144        0.52731675261762333E-002   0.49635591720991599E-001   0.34305851530830364E-001
   0.36811388291919572        0.55764873291431941E-001   0.60626870665916287E-001   0.34207150751567501E-001
   0.28353388649220549E-001   0.56271638151978054E-001   0.13069926332254675        0.35048478124798242E-001
   0.50883355599171798        0.55654521846793203E-001   0.50220040369994369E-001   0.35802020625737216E-001
   0.95619841379099110E-001   0.61313852251360865E-002   0.88924984206582902        0.34300311053290226E-001
   0.73434840357466358        0.56170463528916331E-001   0.40614068338400511        0.36147534020472410E-001
   0.67391336407508759E-001   0.55455009830648154E-001   0.96604759576369592        0.36015654279636572E-001
   0.40834515083956718E-001   0.87466996360959989E-002   0.79915318536338709E-001   0.35480376883411512E-001
   0.36036283806347319        0.56065030483058095E-002   0.48791187551844273        0.34922802212138705E-001
   0.13156200047450781E-001   0.56204448147159280E-002   0.80178460429517362        0.34423521615651181E-001
   0.40095818125890237        0.56245182644150786E-002   0.21349446764170460        0.35505808206690789E-001
   0.78033615964352787        0.55686131365597052E-001   0.10701671300962401        0.35090232162981037E-001
   0.20012215923632917        0.60759268552703924E-002   0.62347055549731345        0.37203364070524582E-001
   0.95809914174922239        0.59313649463802812E-002   0.50066057133602326        0.36336077549969786E-001
   0.17702733206767640        0.58616255198272954E-002   0.24596661949677182        0.35151292361145857E-001
   0.57834998933293835        0.56154086376766145E-001   0.36987870470757112        0.37125735251625332E-001
   0.37641689678075069        0.61863849089112619E-002   0.88252693614155420        0.33563268776430878E-001
   0.19271564544564343        0.56301182487673879E-001   0.79291894780162253        0.33123378060617534E-001
   0.91103338156601277        0.55439056754122321E-001   0.82233238335955716        0.37499420514775471E-001
   0.96237358495806546        0.96126345129482413E-002   0.20955764330040569        0.33791112543463633E-001
   0.14328555499112719        0.36004858954154701E-002   0.11840454673776037        0.33258489088510701E-001
   0.50637010700485985        0.56107822536054341E-001   0.72700008571029051        0.33379878558597878E-001
   0.55601266451118769        0.57163312381042046E-002   0.69111527088581315E-001   0.35286002957753269E-001
   0.79754980436184875        0.58437666146532435E-002   0.22246484180147946        0.34918736692503324E-001
   0.69088599506454962        0.55675417089492078E-001   0.94726849641252914E-001   0.36370781785766290E-001
   0.57245510322842719        0.58823503225896561E-002   0.31920222419142086        0.34089029488374938E-001
   0.87259017020431362        0.55987407754782552E-001   0.66605149367843830        0.32578592378552679E-001
   0.94350541065154525        0.55773723702081026E-002   0.86435481201867159        0.34887600190743849E-001
   0.46788526773355826        0.60452900077715942E-002   0.33681878846397045        0.36320695318133138E-001
   0.22310885488506613        0.55937319127375144E-001   0.39248313115773859        0.32711080376407513E-001
   0.59613173891718740        0.55549060945799728E-001   0.85365885295043700E-001   0.30674159987266202E-001
   0.19823148132311702        0.60640253795091165E-001   0.85799665294185523        0.30534477768966554E-001
   0.21812843338372370        0.55518923147496325E-001   0.54133100994641768E-001   0.30636428660073579E-001
   0.71297894839912368        0.59609910480427934E-002   0.20283096571776507        0.30594324183133216E-001
   0.38176367164804426        0.58795188366679497E-001   0.60341030701053233        0.30654203954985353E-001
   0.44154329231159500        0.55607757568458253E-001   0.19839295764343845        0.30599518835710344E-001
   0.49373130913678032        0.55574695499469390E-001   0.16626279792636786        0.30648521369810288E-001
   0.43693688083987692        0.63061563450651477E-002   0.76358414149834042        0.30634781596926397E-001
   0.66556308663064234        0.61381257984056067E-002   0.24164686369112884        0.30605330609952502E-001
   0.40656828946972112        0.56315147261716915E-001   0.78200717700601685        0.30667669346685304E-001
   0.98237181355301617        0.55784383206920730E-001   0.46298362903140344        0.30632369810263946E-001
   0.28344043521132112        0.56487149101298623E-001   0.73741422565943726        0.30613189266227341E-001
   0.14681164634502564        0.60924778304063190E-002   0.53868903063929041        0.30675045604257045E-001
   0.83561483368033529        0.56175242590211130E-001   0.56064207046377457        0.30636670374012374E-001
   0.94873414530498346        0.26246568295349472E-002   0.79024547995839856        0.30588961531831712E-001
   0.85059861260454883        0.66190049328699319E-002   0.40075624968180240        0.30530842600129816E-001
   0.27937237909140383        0.40260241837489800E-002   0.55925909770012761        0.30542582939483819E-001
   0.17392977382739080E-001   0.56795719294644026E-002   0.46946613079789518        0.30599982508793290E-001
   0.32319849579438581        0.56400828593230506E-001   0.79317187415606549        0.30618527011722858E-001
   0.47150797101661568        0.55446672576078548E-002   0.73365796232314318E-001   0.30573041615524731E-001
   0.28162971828174288        0.70195077647505905E-002   0.12639489988740943        0.30731349442213871E-001
   0.28919068817660987        0.55997370632756310E-001   0.38030345381009961        0.30644512029035315E-001
   0.98565466711776328        0.63006989354508899E-002   0.13053404021072387        0.30642729201078842E-001
   0.19827420047805216E-001   0.55998372812459674E-001   0.34661504250973357        0.30612332770070805E-001
   0.31108932197082101        0.64514409788405148E-002   0.75972426382114155        0.30517528104129846E-001
   0.94858131944479163        0.59512458730182349E-001   0.24798565153913510        0.30658586854298911E-001
   0.84162383072734470        0.56024395713185571E-001   0.74690367291590218E-001   0.30626610474946043E-001
   0.69575286404111647        0.56134474654501332E-001   0.82006605775716135        0.30759800146033002E-001
   0.52903363375076584        0.55911868872292991E-001   0.91226318739653633        0.30581231061710845E-001
   0.20190250538412946        0.55490911705201013E-001   0.99149567630880908        0.30638852926692200E-001
   0.54552370724878796        0.89393042130877978E-002   0.55068281648906614        0.30632497937937379E-001
   0.53268958934675162E-001   0.61070188720695282E-002   0.66635273316605204        0.30630818686246095E-001
   0.64719517136664217        0.56184937940978744E-001   0.75345984827811929        0.30691565272512059E-001
   0.64640047648952259        0.56199455413918978E-001   0.41498363261224808        0.30604267041457432E-001
   0.20846849668995657        0.56292638162375480E-001   0.72395206539736356        0.30703060664419354E-001
   0.61214945504366680        0.56126578868124923E-001   0.70298046101768608        0.30730172993910104E-001
   0.52196935548640278        0.56221522970138250E-001   0.41915665665343937        0.30637890321834921E-001
   0.96396427101658555        0.77957976726062252E-002   0.93973388951777614        0.30543802825131403E-001
   0.34203525499128043E-001   0.41026408237199085E-002   0.25600045589498095E-002   0.30582615279610991E-001
   0.48753483255335706        0.60801844724006964E-002   0.57013419021017919        0.30567123771111062E-001
   0.52550713974862917        0.57505554359357286E-002   0.18974226838354552        0.30571811203235825E-001
   0.84044499583404930        0.55146132530487703E-001   0.79443131491030994        0.30631576393598054E-001
   0.43746899090700958        0.56053136133412632E-001   0.72738349814365655        0.30733683801120504E-001
   0.85752217949157133E-001   0.29189585298310138E-002   0.14744850137395091        0.30545048111569217E-001
   0.86950985208077103        0.57180452345698667E-002   0.84391642536126676        0.30650797587192594E-001
   0.12733981950605083        0.55241098768966768E-001   0.15770478610496708        0.30646144451212432E-001
   0.41351383335646691        0.55600365348823989E-001   0.12500384022836386        0.30610760488083234E-001
   0.38430940948267733        0.58556786002939357E-002   0.35078415304561461        0.30652813766658259E-001
   0.69275856265799807        0.68453222025922069E-002   0.85679264857206527        0.30673808412228134E-001
   0.89467455166164711        0.79043069711563496E-002   0.98379008349405483        0.30584500662400278E-001
   0.22101952519797468E-002   0.56257966446784428E-001   0.69974242863907365        0.30650476876263627E-001
   0.20696631335935922        0.60207865776988126E-002   0.35698553459760529        0.30595348490924785E-001
   0.19114427591891003        0.62863595247538533E-002   0.69273112233422074        0.30668492148632796E-001
   0.77069480332639007        0.54683074230275274E-002   0.14888558834741475        0.30610386116218143E-001
   0.87133489043690060        0.56685933919462785E-001   0.37236785798270294        0.30535390161673611E-001
   0.78724261091586345        0.61623457851641729E-002   0.30952030112195933        0.30657028580375455E-001
   0.18300798517701214        0.55535826982923309E-001   0.28899028257639531        0.30671890055074244E-001
   0.21156927220933827        0.59333011106964045E-002   0.47468189640027569        0.30626239191202980E-001
   0.27172835614895952        0.56904899390937923E-002   0.23237045606737447        0.30690111927536571E-001
   0.65113712183987094E-001   0.62262372468645175E-002   0.60389271799275401        0.30634619462549171E-001
   0.71822663141788631E-001   0.66721538626247565E-001   0.37740779000994840        0.30669606665400025E-001
   0.50585102311359464        0.59733877764847499E-002   0.93918023413451446        0.30596243183577492E-001
   0.44795878138914313        0.61110991474382431E-002   0.90939591446199164        0.30580775442644401E-001
   0.57188895482525026        0.62268820022410524E-002   0.23397718096178569        0.30664814963856760E-001
   0.97916516078934579        0.56095094999876506E-001   0.30087753152852864        0.30529077960564525E-001
   0.68192321417519436E-001   0.56605892782505933E-001   0.84348190783279886        0.30541764288256265E-001
   0.57185244023928394        0.55758405522039325E-001   0.28965008607899315E-001   0.30693210939876724E-001
   0.58720068706041972        0.56200947680838498E-001   0.43715392050665730        0.30625449329708787E-001
   0.96959933749981164        0.61258048946106385E-002   0.71355999663065300E-001   0.30668003639887084E-001
   0.34114317545582079        0.58070614057026543E-002   0.91830704779259087E-001   0.30569561608043746E-001
   0.69112212883907165        0.56637454456548768E-001   0.98534519650217856        0.30670001379873118E-001
   0.16209301651849450        0.62935505158509125E-002   0.76118733305459729        0.30572080779926052E-001
   0.97397876722704435        0.58874498381413003E-001   0.16956852429046781        0.30614141941770145E-001
   0.40155229273624427        0.56149944847733738E-001   0.46222333312617597        0.30715001718286193E-001
   0.58889868990133143        0.64501014571743112E-002   0.67507348118888955        0.30661747079089807E-001
   0.47287127019697767        0.56006655390017035E-001   0.38155755081722320        0.30620463997379162E-001
   0.47257966886428376        0.55545331055048788E-001   0.10867875577635820        0.30648256261748493E-001
   0.96219579410072742        0.57638863844568381E-002   0.43361302358747283        0.30590696803919650E-001
   0.76683819392189290        0.56323974529989523E-001   0.55226719014890324        0.30599149557287906E-001
   0.86121347245856794        0.55788030006018556E-001   0.73676390125204727        0.30660104294021096E-001
   0.27845808931206226E-001   0.62868488164685198E-002   0.39355371052395577        0.30567475564581833E-001
   0.34348857112375092        0.53866245393046443E-001   0.92328236265499308        0.30682192399525229E-001
   0.91912947948219040E-001   0.70010820560152277E-002   0.81649054256762010        0.30676354619868739E-001
   0.92539916567794156        0.56559246372182320E-001   0.43069395938212179        0.30659479844807831E-001
   0.33358150465551711        0.61107109209090453E-002   0.70247407935086215        0.30662786443437905E-001
   0.16744663216713809        0.55915097221732095E-001   0.20409870200032731        0.30677567382171329E-001
   0.20880418132895620        0.58903274213411294E-001   0.93028160347938049        0.30629272907573061E-001
   0.74633610378415793        0.56392214253561349E-001   0.61161322916993210        0.30627854567545566E-001
   0.12694822889428853        0.56597071783677927E-001   0.86063121869062176        0.30635525879835337E-001
   0.10635524586493693        0.16612646532440559E-001   0.36828290837650157        0.30648476184881448E-001
   0.66773724009755542        0.63007767204628258E-002   0.31591762462904321        0.30584056790432537E-001
   0.63941739713005652        0.55333437832951228E-002   0.91651220887454399        0.30656331606645763E-001
   0.62238100484051662        0.61879573419259641E-002   0.44090778487250537        0.30610279238724770E-001
   0.67689768439216824        0.61854342414569552E-002   0.50346347875323161        0.30631326881116527E-001
   0.96051030797889070E-001   0.56105743093792175E-001   0.32207314016711747        0.30634412055223582E-001
   0.46946033878636917        0.61051464113836829E-002   0.71158058590489692        0.30646975988205063E-001
   0.22948489055831273        0.56099152968302084E-001   0.32938178911773219        0.30668925976322824E-001
   0.88217644489906877        0.58038049119221925E-001   0.88406032691988035        0.30597442378835646E-001
   0.10531665404666016        0.56170970630081390E-001   0.57088206655947804        0.30623669478674276E-001
   0.54588884275858685        0.62370472894005442E-002   0.71877724119323760        0.30592133264303868E-001
   0.53972022322775315        0.55573788485055967E-001   0.10961281794596653        0.30694596159467964E-001
   0.14868021940025442        0.59248119330263596E-002   0.47405473332931342        0.30641130052791555E-001
   0.91342881216821992        0.56244783506643851E-001   0.50699185794749024        0.30693429352467553E-001
   0.46797927461140754        0.56291799643095677E-001   0.78066121640227804        0.30614866942933888E-001
   0.15838806148173179E-001   0.62287324710004087E-002   0.53472071711318914        0.30642808589066695E-001
   0.47047423464740434        0.55995304513725246E-001   0.93697627351678081        0.30667767673158493E-001
   0.47008659122441360        0.55846319316093941E-001   0.28289304741444510        0.30579063852075306E-001
   0.61858160656881012        0.56754226152676383E-001   0.80794984209875964        0.30669686322554322E-001
   0.73669789273903330        0.57561732710260643E-002   0.96606369684761648E-001   0.30673777096835386E-001
   0.18480991478028791        0.55885676520686073E-001   0.50962870623332268        0.30629438878328925E-001
   0.74445413734048083        0.56673078036468486E-002   0.99066821395987337        0.30578741687649114E-001
   0.13895747669733316        0.55407567566555231E-001   0.14562347632434155E-001   0.30667748423630001E-001
   0.24930883477646504        0.56142697171189242E-001   0.10708332950065891        0.30662782561915448E-001
   0.86399820263134641        0.56637283117414561E-001   0.43347665292071674        0.30676831928584988E-001
   0.36503160646533400        0.55612167593593415E-001   0.18837890461862622        0.30725558932310444E-001
   0.46673490469154344        0.57728013606250135E-002   0.22368091900937154        0.30599928321690242E-001
   0.79139472922233323        0.58171767553364319E-001   0.26897037558629883        0.30552243757645346E-001
   0.65168859101299914        0.55675578103008563E-001   0.88247457782431327        0.30630467963885920E-001
   0.49357571343124025E-001   0.55206792772630423E-001   0.90175876200282490        0.30696702463013741E-001
