 3 HS poly
 400 2
 281 119
    1.0000000000000000         0.0000000000000000         0.0000000000000000         0.0000000000000000        0.10000000000000001         0.0000000000000000         0.0000000000000000         0.0000000000000000         1.0000000000000000     
 T T T
   0.75669831677906274        0.87648897371072676E-001   0.79463451690926001        0.34899255817950219E-001
   0.49172094649497528        0.87511875178194046E-001   0.80559428355142060        0.34748260945614985E-001
   0.34888573515466437        0.37476838904379813E-001   0.83521154555418031        0.36233670852541672E-001
   0.36322040511768700        0.87536913309886139E-001   0.88500578387195450        0.35689624533571600E-001
   0.90296888359206728        0.87568090842836954E-001   0.85946870480382953        0.35746904903063891E-001
   0.14634220432357320        0.38111178638408238E-001   0.80836953131605627        0.31511734712104542E-001
   0.66926340373863891        0.37784846782721433E-001   0.97044571277153813        0.37234825786742941E-001
   0.68746064053315015E-001   0.87817561640151004E-001   0.89202134524616195        0.35760422887747161E-001
   0.76852412125194358        0.37747728525023380E-001   0.74576565172637443        0.35560296022628543E-001
   0.27124325309295721        0.37489558307281713E-001   0.19250723335522943        0.35705685752677165E-001
   0.15865314223512814        0.38266377969134818E-001   0.60225988417973464        0.33300615704710636E-001
   0.53075680871277742        0.37456845815699830E-001   0.62181079813450513        0.36710376240884968E-001
   0.78631237574518720        0.37797757980884028E-001   0.99686671732114629        0.35124870506853957E-001
   0.88758982387255692        0.40903850188207969E-001   0.31937945558588776        0.36661391234420353E-001
   0.42787722023680996        0.87541371310425609E-001   0.92713731771063934        0.32750669607745711E-001
   0.23857828877148465        0.87627050696643935E-001   0.87832620979580422        0.35423037400306744E-001
   0.17837295564546266        0.87440756198516545E-001   0.98006260661237088        0.38349723513912838E-001
   0.84025600646583487        0.39071337054112774E-001   0.61378432279597506        0.35916804489155948E-001
   0.26602677427354415        0.37809532540391044E-001   0.71204717175665422        0.34398354572521245E-001
   0.98119641666162594        0.84187432505094528E-001   0.70606240827666908E-001   0.34032381719406410E-001
   0.42443456466018475        0.86416345524482047E-001   0.42937967757931156        0.36436449984710718E-001
   0.70818998962059609        0.37721847602177755E-001   0.78359072233846860        0.35422806640915919E-001
   0.77000783550874342E-002   0.37477709772756565E-001   0.90827495985958073        0.36341640807201689E-001
   0.29762294243537329        0.87512132366360157E-001   0.24910691957173248        0.32552717671998410E-001
   0.19891845606103781        0.37483558412512746E-001   0.29438975911861277E-001   0.34820918840198223E-001
   0.42571636147199832        0.87664840912733397E-001   0.57732739361635166        0.36425257970917058E-001
   0.63343721587340363        0.87709297283886808E-001   0.68331793311519273        0.37721894545072791E-001
   0.60431391808439183        0.87197117110548519E-001   0.37889235125461218        0.34304774757757832E-001
   0.13097409273259319        0.35532733377448819E-001   0.13293388097045254E-001   0.34988796437058406E-001
   0.79268188583583843        0.37562737414543086E-001   0.90543466332502975        0.33021390134814123E-001
   0.75837096975246165        0.88057225652202697E-001   0.13913616971781079        0.36618675996926080E-001
   0.57119917766123340        0.37739817998934597E-001   0.43422758980783710E-001   0.32849791776573094E-001
   0.47947950477210705        0.37724035958129599E-001   0.72485547336459719E-001   0.34423697908103700E-001
   0.89775342085383314        0.37782475734243176E-001   0.90974459091323234        0.34967472057837783E-001
   0.81076175953660889        0.38823256146332911E-001   0.14250402737747944        0.34814618128662891E-001
   0.85468043027874474E-001   0.39716273257416904E-001   0.36041707924626504        0.37388773574469222E-001
   0.33984205807683004        0.87557729306346060E-001   0.78715986710729091        0.33588943480838032E-001
   0.81184849356647118E-001   0.37804362864085096E-001   0.79082554384319270        0.35355526881852332E-001
   0.90898904158661376        0.41401037265026384E-001   0.15700053556197036        0.34380844192801831E-001
   0.72643992517292133        0.37718568841658140E-001   0.39186158653621644        0.36303590848693119E-001
   0.51533499739429112        0.37660304912090242E-001   0.69271967406987522        0.35785584325756313E-001
   0.28832569987216083        0.39598124225133424E-001   0.42579692816660181        0.34785561671948413E-001
   0.64375330506851225        0.87720429715825027E-001   0.61118901583852692        0.35037181985315066E-001
   0.30206600161901731        0.37277554827549721E-001   0.64076473010430191        0.35597980678163312E-001
   0.57477660703618672        0.87460491418917458E-001   0.59016815877077711        0.37009035171136032E-001
   0.92344124461209709        0.91500575711662771E-001   0.10948935297325220        0.35956629057691286E-001
   0.69031256837037924        0.87754750477134547E-001   0.17424234411455716        0.34592062839089784E-001
   0.56819399432224260        0.87455141151802682E-001   0.43999278556568211        0.34937524864027743E-001
   0.44170995204828256E-001   0.90121677694097665E-001   0.39030706819521455        0.33547976562226009E-001
   0.41230981225046842        0.87656424105775968E-001   0.64757677704436600        0.34573179691640581E-001
   0.44099783163502693        0.37906892664710465E-001   0.97095453457313108        0.34093070629884932E-001
   0.63375735740387296        0.37772168633394707E-001   0.26947443425357281        0.34145841292048840E-001
   0.63293693306438237        0.87513226573028152E-001   0.86503898644249189        0.33079458750099551E-001
   0.40025194636528910        0.37620427002799758E-001   0.17830323336686313        0.34041648616635445E-001
   0.21028788406934566E-001   0.40008130751327572E-001   0.32885100809352785        0.34356050295900255E-001
   0.73447862405657971        0.37754798090374832E-001   0.60251199483377826        0.34503350252009457E-001
   0.64216584667841514        0.37931441783867634E-001   0.54256108554961664E-001   0.34561740634444400E-001
   0.64868089089197711        0.88048848241076838E-001   0.54152486117851328        0.34742456239601593E-001
   0.29499316512627494        0.37630865150047675E-001   0.78931338742727553        0.33489528182736795E-001
   0.12578735996007459        0.87778098170658514E-001   0.76695255228159265        0.35748922289409721E-001
   0.39172988789784036        0.87586074834299948E-001   0.72022744720486032        0.39132498928716973E-001
   0.12021922447146681        0.85352175908556926E-001   0.11417637643866707        0.35422897023862344E-001
   0.36524044525910920        0.87451540493455604E-001   0.27649262808306230        0.34932123053209869E-001
   0.34278896608281306        0.37648769825928387E-001   0.74167942601056569        0.33989055387649597E-001
   0.84227639012844968        0.37752193083440001E-001   0.95318651645307073        0.35465591952516487E-001
   0.15564807390629762        0.39637339910504006E-001   0.37635283001236663        0.34573688878437585E-001
   0.52228675187253569E-001   0.88698167100995151E-001   0.59931143248253760        0.33626911679161903E-001
   0.89330155438584868        0.87745938948386684E-001   0.96048757330144541        0.36248566146966664E-001
   0.42151188452949150E-001   0.38496248230880291E-001   0.49292226034430892        0.33987307639459674E-001
   0.57412349227909143        0.87860279811756203E-001   0.90388733659907283        0.37308310771399955E-001
   0.62965164743336999        0.87931469286767983E-001   0.47411359570733108        0.35263334452734434E-001
   0.87737347445615732        0.38548012601778814E-001   0.55239117281509098        0.35770409315334359E-001
   0.98323892664098711        0.40060375706938885E-001   0.45882982368667535        0.34087024342493374E-001
   0.24236045054700148        0.37079581171797632E-001   0.33387061023881531        0.32670286742817169E-001
   0.23431627200832195        0.87416252688276408E-001   0.22597430417761497        0.34836165435515799E-001
   0.50904496041184077        0.37847374665848060E-001   0.71049986844633111E-002   0.37308214066449560E-001
   0.14443647964505535        0.35223583986468847E-001   0.15579587565359818        0.33883498097239693E-001
   0.39986661364160009        0.37616115040235792E-001   0.47378248579526516        0.33325827812968549E-001
   0.35325125118257805        0.37617914519846876E-001   0.11539597619828869        0.34549743481513580E-001
   0.90667487374302225        0.40650046262396766E-001   0.24975590272927520        0.34135561408481278E-001
   0.79738040713094516        0.87616943109710743E-001   0.85530325811403529        0.37870443100298426E-001
   0.31744000730876198        0.37473527796235612E-001   0.29130711949215821        0.35768037396434652E-001
   0.54821004903607307        0.37582883683268800E-001   0.54496027850966577        0.35339976952122154E-001
   0.72141720297233947        0.87789629172383865E-001   0.64772815186243271        0.34129553487028744E-001
   0.29062604080191323        0.87614448783446416E-001   0.84422007351777392E-001   0.35994774811248173E-001
   0.99873789685174941        0.39996320771361019E-001   0.39299471295348415        0.33537836215412890E-001
   0.37921120340555725        0.37766843014178597E-001   0.93566268240382289        0.37040550593165328E-001
   0.93715371769252695E-001   0.87907858868645827E-001   0.68875159337972491        0.35465367990312531E-001
   0.45686685958758294        0.37637476120198549E-001   0.62157932134475880        0.37154761340196310E-001
   0.73690715639399340        0.87779584419703363E-001   0.89316627241419810        0.33469954685480495E-001
   0.64479613096948085        0.37570931702726469E-001   0.81780506645171125        0.36603580146446657E-001
   0.13584831516079796        0.39717619944190721E-001   0.44213153576492764        0.34042871418746089E-001
   0.18124285282787686        0.82016371390294773E-001   0.64922130775919529        0.33723786446605286E-001
   0.65576456828295704        0.87831162614536218E-001   0.11069285881711242        0.36682273535581074E-001
   0.99417555274229141        0.87618029844853895E-001   0.86277493231390845        0.32428468119403239E-001
   0.54322501992055150        0.37810332771837922E-001   0.10675566594511376        0.36322414780265190E-001
   0.62126516081440497        0.37921483526517523E-001   0.42639496184007714        0.34349647108427944E-001
   0.35479431322646016        0.37429199724879521E-001   0.82799193657119021E-003   0.32425741044744869E-001
   0.11769622519721708        0.37802818834410883E-001   0.87150493988134992        0.37074870580273228E-001
   0.81618749372302168        0.41147757972813948E-001   0.35504010580429785        0.32055397352774379E-001
   0.72592729278150747        0.37640757282100819E-001   0.31039882161476743E-001   0.33073344577697728E-001
   0.19432270905337562        0.87815362895853760E-001   0.78891684349116153        0.36189359738189576E-001
   0.94892020100487151        0.87844193258517361E-001   0.91323890908973449        0.34684019247417423E-001
   0.67841101500883416        0.87891336755054061E-001   0.22002556406737955E-001   0.35076595169536082E-001
   0.40398174790875402        0.37569722276974804E-001   0.77269259404688229        0.34295539064520847E-001
   0.93085053014960994        0.88503976307019519E-001   0.54411839554546093        0.37838184993711048E-001
   0.44955941901692537        0.87579312593793202E-001   0.18025193603764156        0.36030400147803038E-001
   0.93072660697360710        0.89909756913942485E-001   0.70101532579731451        0.35887011796738963E-001
   0.18929124285848495        0.34678858744235416E-001   0.24714063780318010        0.33298618840965293E-001
   0.58072384323181725        0.87532540243653478E-001   0.27006238432782304        0.38519693185063021E-001
   0.91012156041219072        0.37997611428933951E-001   0.80923822694431868        0.35031943518208798E-001
   0.32168351035799603        0.87167978205736241E-001   0.16014149746785777        0.34457147148714638E-001
   0.60159008423600679        0.37793037868553356E-001   0.63810441554021335        0.35613153281581961E-001
   0.20062367218276142        0.32342705571317021E-001   0.68768191089750541        0.31999019703642745E-001
   0.31524721624917201        0.87689213483919823E-001   0.69966050510156097        0.36709482150179218E-001
   0.19797296010751123        0.37433962107993581E-001   0.90526298099531954        0.34252530673782360E-001
   0.95937077498151024        0.88662269702012034E-001   0.63527656777282837        0.35686278961539898E-001
   0.67660959010535177E-001   0.89682988929374999E-001   0.53243947307350614        0.33681103486264609E-001
   0.35202116504608388        0.87706739487180274E-001   0.57234516140029035        0.37309148121497146E-001
   0.46055451997251062        0.37538770382851951E-001   0.29283443795503955        0.38424243464971919E-001
   0.24253722343841641        0.89594568811086850E-001   0.44811175993959579        0.36467375346740584E-001
   0.60922830949846940        0.87805038758668158E-001   0.20664367662150032E-001   0.33914178600309736E-001
   0.87339449355536269        0.40167706780990020E-001   0.38931309776829592        0.33971118313786589E-001
   0.95922467096289776        0.87847517580701306E-001   0.80076152090068331        0.35441169183551856E-001
   0.74102233246778077E-002   0.38724633641602252E-001   0.61831196608108119        0.35611920590656890E-001
   0.35245713879716206        0.87972694952369576E-001   0.46325362035828582        0.35992569392374420E-001
   0.38724551649257999        0.37788724852924359E-001   0.60833605124846690        0.33594416479100539E-001
   0.43737230201808815E-001   0.37824610746726467E-001   0.70488360354646129        0.34176915511861750E-001
   0.49384249267696162        0.87608167807972315E-001   0.65215088191822934        0.32029144370582720E-001
   0.41001513647442300        0.37468190115453791E-001   0.87192987819327727        0.33736644633426377E-001
   0.27723080281031892        0.87900891374245227E-001   0.59297062989497318        0.36430528494983933E-001
   0.50673022007136181        0.35972934755265938E-001   0.17511458504827007        0.35293499537512298E-001
   0.27109873022262199        0.87413835271962489E-001   0.94249807523712559        0.36457482005746077E-001
   0.79378962660350127        0.40102591017725508E-001   0.41980668142035388        0.36445263502863402E-001
   0.89238650482941917        0.89062029825397349E-001   0.60780466788512311        0.36519928012266001E-001
   0.25109068444148730        0.87950880767390438E-001   0.66221027067766158        0.37566655302486034E-001
   0.48461517269608990E-001   0.85150668389579159E-001   0.96872839070747715E-001   0.38169729703997207E-001
   0.32606645638863996        0.89671020809127047E-001   0.39936377202852347        0.33114367621991582E-001
   0.78170707727871314        0.38105550531015740E-001   0.65362415379346439        0.34799744136248222E-001
   0.80201145423648412        0.90990070429200612E-001   0.22061651791775275        0.35369278699192749E-001
   0.69494127420039553        0.38099218388368841E-001   0.30376881143095424        0.34272795120746394E-001
   0.89914567407618629        0.38877454530880373E-001   0.65949408809327581        0.35429920612939300E-001
   0.62626256209183162        0.37812086657382178E-001   0.91160255609644547        0.35305312350359205E-001
   0.93843170378246221        0.38641120408293476E-001   0.59367736771753143        0.32594429223759235E-001
   0.11863823484315528        0.88089544944789488E-001   0.62386902673290856        0.34033221764304351E-001
   0.85167177085499923        0.37537151982739193E-001   0.85577753958639646        0.35873141866495213E-001
   0.30569235860399228E-001   0.76149177407739063E-001   0.16809588107039544        0.35815903596498604E-001
   0.69109907176470242        0.37783763569452629E-001   0.88561868058421789        0.34532146462713027E-001
   0.51533934719290142        0.37858930043543737E-001   0.85378748361926349        0.37203088560119411E-001
   0.90361627148872814        0.90671857083425345E-001   0.20406893022769648        0.33532305780642459E-001
   0.51242327092438855        0.87611126786439342E-001   0.29307507676638261        0.33510969560683682E-001
   0.73249524020678380        0.88047591914191009E-001   0.22931039801749190        0.34735461495363135E-001
   0.40070198845857580        0.87572053108545683E-001   0.82304116543740302        0.36720921954204795E-001
   0.36823015542875875        0.87573614601108435E-001   0.20885913044743681        0.32699237936545521E-001
   0.17997283047770676        0.39556376682743435E-001   0.53307133059567924        0.33592765919962547E-001
   0.31109778997416376        0.37445894876226203E-001   0.90444071021558259        0.37864687676035985E-001
   0.16640187341750154        0.85258543171000484E-001   0.20157744044696929        0.37349804268193038E-001
   0.39852767011829443        0.87621554863509449E-001   0.13113052691087920        0.34702107217057271E-001
   0.56486835913454203        0.87787175097362294E-001   0.81311516997256228        0.35377014455752046E-001
   0.99738560139691379        0.35473709862900688E-001   0.11847375415729230        0.35983677051402679E-001
   0.37859760424017791        0.37958238920837509E-001   0.32287019784804494        0.33029029824479417E-001
   0.52643321771415053        0.87780586200267061E-001   0.57685402918131796E-001   0.35680626018168494E-001
   0.37237105144730698        0.39748786849682527E-001   0.41029353747771063        0.35791127994665606E-001
   0.94876427094104898        0.35527352783485545E-001   0.75159643067168624        0.33673800762312231E-001
   0.73435853510018545        0.37789066122645404E-001   0.93934230087548332        0.34426996449830945E-001
   0.25165846931709646        0.87468596717949085E-001   0.14718908082101057        0.34541291998899951E-001
   0.20691169677405810        0.37824357819528587E-001   0.83709474822434171        0.34338104143993395E-001
   0.31409352622190440        0.87447077770553702E-001   0.16666487570039908E-001   0.33861329063618391E-001
   0.49213941036617836        0.87759495273619870E-001   0.12134692746869090        0.36592511155183326E-001
   0.28754333873806776        0.87770684174961977E-001   0.52098583590114933        0.35710579886318240E-001
   0.96356637041424542        0.34023965162034799E-001   0.23672732284111098E-001   0.36625288357891285E-001
   0.97795138063654585        0.39755179052211376E-001   0.68310908698484485        0.35036592947142460E-001
   0.53070139171110831        0.37822010101276934E-001   0.93651854505054621        0.36486517316246081E-001
   0.59577904099476298        0.87715665945155688E-001   0.15149361501791292        0.35221431834762271E-001
   0.76000303165821814        0.38055424249929512E-001   0.18992032358017211        0.34585223453438549E-001
   0.58583428137374494        0.37818758457577997E-001   0.85533455261257607        0.33273122704375734E-001
   0.33063096990179669        0.37598474982172420E-001   0.22486126452565156        0.31833071759630314E-001
   0.36197303337189529        0.37411791563907490E-001   0.67695516733965000        0.32990327959547254E-001
   0.15390764215522243        0.85833015813158164E-001   0.54136660421618757E-001   0.33206958579947286E-001
   0.21966414470453410        0.87493686107909752E-001   0.74487663082954500E-001   0.35588654632500251E-001
   0.54038006326862931        0.87717107383060766E-001   0.74117765343825048        0.38151311783853822E-001
   0.65731241367939397        0.37534706090075809E-001   0.73256582229561074        0.36222923512070793E-001
   0.91790521788658125E-001   0.39471594815470495E-001   0.57596740695034587        0.33449234254473860E-001
   0.51716599573048083        0.37593088730407613E-001   0.34269677745350774        0.36997226996017166E-001
   0.52623279820489643        0.85178004168749391E-001   0.49572365249531142        0.34837283322004170E-001
   0.16920418003307949        0.87796433597423174E-001   0.86661773966749467        0.34843647882221239E-001
   0.65394996690258300        0.37905829714088936E-001   0.36263643328206513        0.37254510621201165E-001
   0.89997023192900838        0.87669522627150276E-001   0.76321643356576307        0.33429483175208378E-001
   0.13020365653114144        0.90579366479827492E-001   0.33669808634069665        0.31795944276165021E-001
   0.86748419642676311        0.90965590042971334E-001   0.27397187733098854        0.33532683334902440E-001
   0.68465115360710160        0.38049118313274059E-001   0.22320928475740698        0.34601012656647674E-001
   0.24576264503162673        0.87584538337200868E-001   0.91274723543029353E-002   0.34760866959219650E-001
   0.85240229705280368        0.40975425734795651E-001   0.20201631087608860        0.37803101574649355E-001
   0.70490423646187372        0.88035941632959525E-001   0.49652181363967546        0.34769469007359867E-001
   0.44414903955807189        0.36633190430528484E-001   0.12740531327948446        0.30667681861155857E-001
   0.11598307453799940        0.89703015723981969E-001   0.40086992632364649        0.33742326723303469E-001
   0.21469704932865222        0.78245921412938929E-001   0.29034462809422729        0.33071355129585062E-001
   0.67438744580307841        0.87935949929750346E-001   0.41561883084939555        0.38365134536429132E-001
   0.74721168681761896        0.37967295286834582E-001   0.84200152077493184        0.33885412118453188E-001
   0.63706568270033670        0.87752572922402919E-001   0.31511712729726182        0.33605989301557664E-001
   0.27593695931266948        0.87229052240668778E-001   0.31069753779580567        0.31687320210041524E-001
   0.39720259545845277        0.87487133863600491E-001   0.98838184772568571        0.34214805650002511E-001
   0.85568852299543774        0.39721009646933599E-001   0.45821163339116866        0.36338082317335409E-001
   0.20296422249949111        0.88031610451275388E-001   0.58352165496219943        0.35689215996652861E-001
   0.95086254686574201        0.37664853251244121E-001   0.86604192348384856        0.33730949847842619E-001
   0.47850466354975940        0.35848505857408855E-001   0.40012835076775977        0.31614403086030432E-001
   0.30600577535036289        0.39542126284642876E-001   0.35967274889549428        0.33568113874712584E-001
   0.11127973595159876        0.39581855686018880E-001   0.50850326405656754        0.36722877248477857E-001
   0.18549572865274072        0.87450610172796484E-001   0.13386936611232159        0.32738075168150138E-001
   0.78022676616604947        0.87927148163231175E-001   0.60735848861228148        0.33052677281114086E-001
   0.41475585003207577        0.37671099151393883E-001   0.38418913095045942E-001   0.38244197958903291E-001
   0.22255587237486038        0.39607678761788181E-001   0.39957863987466069        0.35953114718276197E-001
   0.43416315994083077        0.37554259341675861E-001   0.68865518775304146        0.33628542356827544E-001
   0.77145811543308207        0.38029878954394365E-001   0.83288415350919007E-001   0.36157233807363423E-001
   0.70670641180420546        0.37869714361323484E-001   0.12693905183201984        0.36058096013325165E-001
   0.36767485804814659        0.87557487885538729E-001   0.67405295690144515E-001   0.36034859289091441E-001
   0.76872930132165063        0.87618044347265486E-001   0.69797092159203478        0.32901218020739691E-001
   0.21808056252637867        0.82439753518048678E-001   0.72483326577698903        0.32239861837293618E-001
   0.64230820199401140        0.37759354615351182E-001   0.16796882970424584        0.34931888490557603E-001
   0.26415593325596809        0.89611879158749519E-001   0.37553261445447850        0.33220526827041297E-001
   0.23684062564506690E-001   0.85570128816185281E-001   0.14700164252228061E-001   0.34297488271975637E-001
   0.73867340846275753        0.87790529496403230E-001   0.98682327688784122        0.34652527220948241E-001
   0.72065880207743394        0.87898400861921966E-001   0.78092841185767536E-001   0.35104548645245252E-001
   0.10463700284137349        0.35134060331059945E-001   0.29142725404319664        0.34277724045274814E-001
   0.55930173500987546        0.88249760380090969E-001   0.66555061028475393        0.34694374945867412E-001
   0.86101311276914660        0.90956768842206118E-001   0.14970940296957908        0.34953817112976279E-001
   0.11846248921866333        0.35242937753838396E-001   0.22328827304679169        0.35111570953185144E-001
   0.95027733183397078E-001   0.87365884553579659E-001   0.96843610007455494        0.34293781817655480E-001
   0.19893705202001241        0.89579644643859480E-001   0.35538752834383225        0.34754826463972995E-001
   0.99232853726157977        0.86711055405554710E-001   0.73406969108122666        0.34056799419716545E-001
   0.47079167882987266        0.37465922949884538E-001   0.76330268611301855        0.33157402544482580E-001
   0.79914277857732918        0.91092486457692384E-001   0.31265049130267442        0.35622059236974729E-001
   0.53063698163385209        0.37477204684439429E-001   0.24937766844221243        0.35168104443109173E-001
   0.48666050200222316        0.87886186685078985E-001   0.96086576959060732        0.34344433699932321E-001
   0.13641796830031222        0.89582366513298789E-001   0.55569182895056146        0.36366296366735412E-001
   0.80452543793067222        0.37606252105568588E-001   0.80479833777927934        0.33544760313196413E-001
   0.72455866159210291        0.37888837064441024E-001   0.53656096832052369        0.31986642176014393E-001
   0.62337909251497148        0.88054070253445915E-001   0.95652029436552488        0.31771527806191531E-001
   0.84972365241967773        0.87508165361602441E-001   0.90495483605927352        0.34220238720827412E-001
   0.78760600993207655E-001   0.35139548158416266E-001   0.13897075691875874        0.33816324720682828E-001
   0.82079280295324952        0.41059331973653614E-001   0.26762624417710351        0.35024142963134310E-001
   0.70980433413017315E-003   0.98360857780679004E-001   0.22700748658557077        0.33857279539533353E-001
   0.49842058532850531        0.87331965695292668E-001   0.57102511528920297        0.36002449764069792E-001
   0.55348170428833954        0.87792271662225224E-001   0.98119336141302571        0.34304880067595848E-001
   0.14902983039743137        0.85122915806606136E-001   0.27226795432832485        0.35152998542099738E-001
   0.24330419761910438        0.38038502677402816E-001   0.55689129059876152        0.33833850821422130E-001
   0.83538011545902913        0.87794990826667807E-001   0.24935826386280791E-002   0.35050217773371778E-001
   0.47139291719246768        0.87611645307559105E-001   0.71704994151139667        0.34824559510369460E-001
   0.45238085628864211        0.86898463468878029E-001   0.86759389907127338        0.31398661448861630E-001
   0.58537044280975126        0.37674757284886534E-001   0.70939126874541647        0.36179237369220164E-001
   0.86198055396700635        0.74637131708359672E-001   0.70726095403673517        0.34758812924513993E-001
   0.15720329569294528        0.91043125660005483E-001   0.70844665167018361        0.30707014408802691E-001
   0.54978872594244999        0.88366780300375924E-001   0.20371476136055058        0.34323365267164056E-001
   0.93509135443640901        0.90373255800773614E-001   0.29075013230236479        0.36124687815044750E-001
   0.69699368365846914        0.87782075256133921E-001   0.83484256559040249        0.36968613044645035E-001
   0.74165550785993933E-001   0.38119891336216849E-001   0.64241551421429499        0.35301159100105291E-001
   0.38160014568161184E-001   0.87825430785194780E-001   0.81302881363846458        0.33858873613727802E-001
   0.72627719838270510        0.37747603860827435E-001   0.69217889585986603        0.32667480709687169E-001
   0.96268332941793944        0.98179332410056747E-001   0.16892035497159022        0.35556774983442618E-001
   0.89975676357927037        0.89672053975154500E-001   0.43107778316286793        0.35526678053086638E-001
   0.77500796088071575E-001   0.85263353987551152E-001   0.25123790611482427        0.35277937003017734E-001
   0.13771434459274912        0.37450760192379862E-001   0.94219074811869064        0.36385069389676457E-001
   0.71246324041829778        0.87797137662605607E-001   0.73491826457477205        0.34404865268624275E-001
   0.92065388349797928        0.91064479956370736E-001   0.36204074366504285        0.36566013200453572E-001
   0.22815185849220326        0.37560391989512477E-001   0.96606356143411865        0.33395559246915389E-001
   0.98581120826984919E-001   0.85141983677227792E-001   0.17994009589875290        0.33792168725074158E-001
   0.86847498939992196        0.91238854612554821E-001   0.64360277747126118E-001   0.35149225825249597E-001
   0.56231095983344637        0.37543115526222040E-001   0.39531447102760808        0.32278950436519745E-001
   0.70212979175135204        0.87892960656544450E-001   0.34939785681245533        0.33412811472952289E-001
   0.81705093576536270        0.87502639147191877E-001   0.75920405915922773        0.35072976364198621E-001
   0.22417774328754244E-001   0.88331383727231982E-001   0.66393312804528914        0.33349490132630298E-001
   0.16110803204014340        0.89590124548734967E-001   0.48635137375789506        0.37231474370114995E-001
   0.42902581416976920        0.87589101052594043E-001   0.25219545746934424        0.33251434353048712E-001
   0.68495293810010044E-001   0.39660859584052160E-001   0.42998183940904394        0.34216127224711193E-001
   0.88774158195116581E-001   0.85312529546390403E-001   0.36641023985038122E-001   0.34221659713105111E-001
   0.63290101358569717        0.87832097673031392E-001   0.21707564128744306        0.35611140848756592E-001
   0.58668207738470174E-001   0.87849628244524886E-001   0.74852108761128677        0.33806319422795945E-001
   0.67387773517551031        0.37753847538577162E-001   0.64961843637309147        0.34825401687250214E-001
   0.58911352235084513        0.37767580894689151E-001   0.32718241756770400        0.36602460285642034E-001
   0.39586711644304790        0.87692893407307917E-001   0.51575439389157995        0.31967798704786395E-001
   0.77356542655700289        0.87925731143733810E-001   0.52376239698372440        0.39078968121363515E-001
   0.82861318389876948        0.41186472923200622E-001   0.48392156552779737E-001   0.30668610269953260E-001
   0.36409701359081122E-001   0.35750348858317613E-001   0.26574371917958334        0.30654960358306806E-001
   0.30821882790235403E-001   0.42526631207516041E-001   0.55645597342965503        0.30624290500606000E-001
   0.22257120518155424        0.36807496041977236E-001   0.62398792723687257        0.30646950245010761E-001
   0.80868863080836273        0.89809116791623067E-001   0.46335730726290331        0.30668561670985833E-001
   0.26264022633281064        0.37675315718254526E-001   0.49895807373012906E-001   0.30620866760641977E-001
   0.17837211566870545        0.87662606521385841E-001   0.42036955602488280        0.30704085614970133E-001
   0.10172136030716532E-001   0.35879161669451869E-001   0.97516611438810363        0.30610603587133418E-001
   0.95591244932194419        0.41200127801451075E-001   0.33324000308864360        0.30737853786237959E-001
   0.74829734142363324        0.87523290631942696E-001   0.43651536199463342        0.30717931926415809E-001
   0.88309554984606753        0.34646019274837618E-001   0.77344349661129458E-002   0.30612161197094388E-001
   0.85422726010857775        0.90945515610901584E-001   0.35002314420787428        0.30757260924172820E-001
   0.52992384351221955        0.37628046384186507E-001   0.78732411865694929        0.30612101384277543E-001
   0.87520927735867760        0.87955552227214281E-001   0.50398338679744903        0.30682063851091925E-001
   0.41829962420984707        0.87391430435318093E-001   0.31551293541433867        0.30719587449594073E-001
   0.22433504654354446E-001   0.35614304819197910E-001   0.56463021964751586E-001   0.30555053962123876E-001
   0.85946767250861966        0.37423020571474085E-001   0.76683013142810408        0.30654103099346915E-001
   0.86650057327930163        0.41013776252830411E-001   0.10746025226380235        0.30638707395105325E-001
   0.59538497140557811        0.37932604575593748E-001   0.98181126792793905        0.30723641560140631E-001
   0.42801943219057070        0.40379903022459002E-001   0.36334251156445030        0.30729709625471002E-001
   0.48888056624426723        0.35201720229683035E-001   0.51610553496018230        0.30675443451861368E-001
   0.96899930101567977        0.90017957192405393E-001   0.42006031920604908        0.30559517220254889E-001
   0.52462518677973058        0.87603347254584338E-001   0.38785456336287744        0.30680313436242244E-001
   0.81287196798695305        0.88096669855631610E-001   0.99394906410690528E-001   0.30641314283557722E-001
   0.16392842778950076        0.34949084572096577E-001   0.93673929466115607E-001   0.30548385337623468E-001
   0.97553592997411165        0.38504758700087183E-001   0.53000722915669429        0.30648987936786928E-001
   0.66266553657936900        0.87565683240263648E-001   0.77664597293545445        0.30544566353229240E-001
   0.66285545759207787        0.37976119618554870E-001   0.50160888538125792        0.30712186330949302E-001
   0.82162789236995459        0.37984337261039489E-001   0.51608747322942172        0.30630962201267077E-001
   0.98742284324674157        0.90034196726831509E-001   0.35358615739889793        0.30725336336001559E-001
   0.49141618363972811        0.87569770800807897E-001   0.23227109295365009        0.30562895414539746E-001
   0.73541859092559536        0.88130572448059302E-001   0.29466478926847434        0.30645780463025969E-001
   0.95901264730892355        0.48284098207095394E-001   0.21233885989312193        0.30639316853480657E-001
   0.60901537441986220        0.87893362556081836E-001   0.74716671478644492        0.30612318452073670E-001
   0.79070304061212093        0.37892607106873546E-001   0.56926188503620501        0.30632657747820216E-001
   0.32472647801537557        0.37631965446219724E-001   0.56370712360847612E-001   0.30669914211952205E-001
   0.39148875379067360        0.89724788369524550E-001   0.37076679733035711        0.30719682335700799E-001
   0.58898918561250613        0.38088032248415338E-001   0.21871826836599959        0.30623744848431382E-001
   0.17714393597368003        0.37919167960981423E-001   0.74589254879335531        0.30598945034297952E-001
   0.83735059179000726        0.89955447450147247E-001   0.40910086765802733        0.30579199679846056E-001
   0.35982705760684974        0.37657756960373573E-001   0.52683165276655763        0.30623070069471413E-001
   0.93572005421785820        0.39715828035450165E-001   0.40673694970296814        0.30658694450791491E-001
   0.39059651637080156        0.37584657588037536E-001   0.24229857997699564        0.30571296070410068E-001
   0.97623434710528159E-001   0.35349874302115100E-001   0.77169060197187223E-001   0.30701171889715512E-001
   0.99839382701749724        0.37727984982305736E-001   0.82270288787776835        0.30580460034290487E-001
   0.97255736796022196        0.87445116475377171E-001   0.97431784552704470        0.30667265017820796E-001
   0.67813819810026010        0.87931427295682152E-001   0.26568353509717951        0.30645792735885323E-001
   0.91862030151307905        0.84100115324728067E-001   0.22331091368421006E-001   0.30529963307159857E-001
   0.46265488618631123        0.35101812058647951E-001   0.46047878858547098        0.30711942058306022E-001
   0.75911431348066449        0.37910155224742836E-001   0.47731734878501453        0.30634919856372560E-001
   0.58562348880546267        0.87623014814741412E-001   0.52334824461686547        0.30677086543122459E-001
   0.25563853307369577        0.34497716826008502E-001   0.26656490855056125        0.30610816588894078E-001
   0.59062126371858514        0.37898697322404834E-001   0.77776157295398107        0.30758780722240919E-001
   0.19956989429364306E-001   0.37040102540661500E-001   0.76527858684704697        0.30712594416463172E-001
   0.23411944382324845        0.37907642865566388E-001   0.76880921438531946        0.30689245103761094E-001
   0.83409282203104418        0.88151200987625619E-001   0.56274280529393739        0.30696251032029817E-001
   0.97496520161483480        0.40013176949874642E-001   0.27089317285976516        0.30570685738543810E-001
   0.29003597187366931        0.37325303169283869E-001   0.98339482253299892        0.30642884432654231E-001
   0.46581336640107585        0.91509233796456257E-001   0.35697860830767364        0.30688357714194370E-001
   0.50607700541325040        0.87877700397406666E-001   0.89880301282934227        0.30667498760776863E-001
   0.91202236425213867        0.41899751588743130E-001   0.66371706817216075E-001   0.30676735016523564E-001
   0.46640622434783674        0.35393097459054855E-001   0.90429254640032886        0.30592504605798949E-001
   0.22085777507938031        0.88683037801903564E-001   0.51942610694521130        0.30676223552596586E-001
   0.25300783302817165        0.38431364824951048E-001   0.49308582970563763        0.30615741370612848E-001
   0.55546334384642314E-001   0.26730138149712358E-001   0.20484705820745586        0.30625816714464214E-001
   0.30771678028579086        0.37709838683888046E-001   0.55984342614621241        0.30639745823812951E-001
   0.17162118425559622        0.35045702735616871E-001   0.31119095751187931        0.30551672474624446E-001
   0.75429650880414612        0.40026175460213552E-001   0.33008006480988317        0.30612968287076589E-001
   0.70228599361123956        0.37931577919484809E-001   0.45434526811810461        0.30615532314426708E-001
   0.43849288004434028        0.87722346743987434E-001   0.79483084326851333E-001   0.30601574769785110E-001
   0.49178862940092599        0.85159490903008839E-001   0.43984883715696715        0.30653600828418996E-001
   0.85714346730447077        0.86877518101360865E-001   0.81141344859215170        0.30642800876402070E-001
   0.45717334152427597        0.84975585228788536E-001   0.49915551966472121        0.30640103359019438E-001
   0.46022788611475346        0.87708448797166300E-001   0.21661658151845026E-001   0.30608080769598422E-001
   0.46524950997985873E-002   0.88491154526839116E-001   0.50957866913034966        0.30660648438124487E-001
   0.77908284084602863        0.87902669600926242E-001   0.39137943428389790E-001   0.30631754203792966E-001
   0.81985981184102752        0.24677113417092320E-001   0.70506270593849341        0.30619379805283713E-001
   0.99211060775484750        0.87862092976026707E-001   0.57611770584725219        0.30565058093032994E-001
   0.61177761417480381        0.37604742855357982E-001   0.56325932415797242        0.30652571197633649E-001
   0.25691935516990994        0.88224937855143071E-001   0.81280783340547280        0.30621476226925525E-001
   0.93054646369709504E-001   0.90522154906367669E-001   0.46452244613250804        0.30663379861995990E-001
   0.65427201812229732E-001   0.35385024540423797E-001   0.17652739744829444E-002   0.30671778164240548E-001
   0.67217612105238500        0.37550230204732887E-001   0.57800512341190791        0.30594227171260629E-001
   0.28938939776809419        0.37436953728967305E-001   0.12864750879742973        0.30630999084638320E-001
   0.20625792394873879        0.35049115507149391E-001   0.17767214755833838        0.30609567987050345E-001
   0.27086683810065210        0.37356341542119392E-001   0.84888898062643547        0.30684968415294573E-001
   0.20012121334380456        0.39585651278732203E-001   0.46224797851661859        0.30594095520197984E-001
   0.42971661898363317        0.37675659269590114E-001   0.53262271619001034        0.30710132046526228E-001
   0.45706006406963057        0.37578189042798221E-001   0.22379623034950591        0.30671798685038699E-001
   0.68774549473398602E-001   0.37622926680603186E-001   0.93594949222798984        0.30640298589634525E-001
   0.41136446156777315E-002   0.90041760550556654E-001   0.29089113688108881        0.30632083823821373E-001
   0.94675971515625978        0.90054673033819532E-001   0.47758301512860624        0.30580160728558851E-001
   0.29407954125038722E-001   0.89138069790157912E-001   0.45301750044645173        0.30702895855314660E-001
   0.58848539119123655        0.87419163012549442E-001   0.82050810877419139E-001   0.30745828866619671E-001
   0.62846531422878896E-001   0.88484898127013906E-001   0.31692158451352226        0.30672161223546605E-001
   0.70736293462336619        0.87750788411819644E-001   0.57055923245631746        0.30683756322644001E-001
   0.27406348049869034        0.87949284046533086E-001   0.75307865899368265        0.30597054224769635E-001
   0.52477460595986269        0.35137231624223907E-001   0.45277925992712065        0.30604568199979247E-001
   0.33943070008856796        0.89550095652172354E-001   0.33698010062437100        0.30654331427257486E-001
   0.67762311063974934        0.87784075887212917E-001   0.92523062200822803        0.30659181230287484E-001
   0.52755161658792904E-001   0.37815401025087264E-001   0.85119252213392105        0.30692087890507175E-001
   0.45393935035901978        0.37732049342645069E-001   0.82485413741918667        0.30610535141246037E-001
   0.82503429805322348        0.89021654159370189E-001   0.65521996741465849        0.30659988836155314E-001
   0.76881812280206907        0.87887308771336159E-001   0.37219434141171387        0.30606904842978271E-001
   0.12002637948278097        0.37925815375613466E-001   0.72329464598525262        0.30709582266607562E-001
   0.57738263240175236        0.38859253867220951E-001   0.48475642517111667        0.30602825147010550E-001
   0.91349226350955948        0.40019115345095724E-001   0.49324838430781320        0.30654550098624105E-001
   0.30667156637319248        0.87413133512411312E-001   0.84972804914136602        0.30679560847525503E-001
   0.93952997568693586        0.37434704871002020E-001   0.96087465829421770        0.30696531338299346E-001
   0.13994363596362597        0.34649761716033935E-001   0.66427352140728546        0.30660137686369882E-001
   0.33703793138732063        0.88424515470468187E-001   0.95552770254683705        0.30650962287002006E-001
   0.61001337761772656        0.37751227355529299E-001   0.11091658527119416        0.30583111946087847E-001
   0.32417525942186991E-001   0.85919955363268227E-001   0.94757732456651711        0.30562044893676064E-001
   0.75511506741080581        0.38042859936555373E-001   0.26494230947021957        0.30671057655943398E-001
   0.34724151506498474        0.87367070867744534E-001   0.64034128379544319        0.30666390078616580E-001
   0.79784208701299353        0.87258247062690975E-001   0.94624121292472074        0.30694033518813779E-001
   0.10141142651450692        0.87826506790140590E-001   0.82884802599680696        0.30608918347269323E-001
   0.22132437068760968        0.37442332623540783E-001   0.11810230442969126        0.30699357221696231E-001
   0.31414362668605522        0.37745872544082820E-001   0.48593450190789805        0.30679431295579870E-001
