 3 HS poly
 400 2
 281 119
    1.0000000000000000         0.0000000000000000         0.0000000000000000         0.0000000000000000        0.10000000000000001         0.0000000000000000         0.0000000000000000         0.0000000000000000         1.0000000000000000     
 T T T
   0.72743630542592685        0.48862526246564904E-001   0.37466169487520695        0.34630715165068618E-001
   0.79234421515953257        0.98898092819810379E-001   0.61911927316372817        0.34565035603889210E-001
   0.74132074647533253        0.48822301715648601E-001   0.48035840177274602        0.34875524079386169E-001
   0.24721157866922180        0.98935341674859290E-001   0.54153088227499990        0.34252513947834531E-001
   0.84598257345340488        0.49062727130909832E-001   0.72249653803640834        0.35208413475555693E-001
   0.34371608607921900        0.49233435644352556E-001   0.45849906951642726E-001   0.32335264590153200E-001
   0.83385879579056754        0.48811342823694669E-001   0.28086173435490580        0.34876107043056701E-001
   0.43694140680048173E-002   0.99366578013682164E-001   0.94152449704973953E-001   0.39200582135312308E-001
   0.73806856820462541        0.48863860558384264E-001   0.18239222204257119        0.33754820109705923E-001
   0.22833901239149088        0.48645846918419840E-001   0.11772905657854985        0.35191969305881352E-001
   0.80865864272365440        0.49051122330525339E-001   0.15928260442073261        0.32469537146830617E-001
   0.96496103926914467        0.49724735288792524E-001   0.91232759688040854        0.34323021086709954E-001
   0.83380840936542666        0.44009689518562434E-001   0.43098335069457261        0.32054556084027998E-001
   0.64218672668827792        0.98918255804617550E-001   0.45674692104484149        0.34791723655931368E-001
   0.12498670290087915        0.98637138562127247E-001   0.57989304961052845        0.36161467610936179E-001
   0.63276807557260684        0.99218188556555634E-001   0.74648954546980240        0.35701827167643807E-001
   0.62805020346685370        0.49077280870493657E-001   0.63668295298053323        0.33449985599800135E-001
   0.42609456832911885        0.99067517998448873E-001   0.49440789662871903        0.35476319856055746E-001
   0.79883003467693303        0.99027575213297317E-001   0.11640399894310666        0.34105919650703462E-001
   0.66826354933501453        0.99221092476421413E-001   0.54520739521139427        0.32736481549188845E-001
   0.78585880979493802E-001   0.98451220695553149E-001   0.44172088811628468        0.37038632472067512E-001
   0.79476026779978148        0.48880411646599092E-001   0.76774465202760600        0.33125343094444856E-001
   0.59144611443594264        0.99428648266088604E-001   0.17462041362773575        0.34870530508841091E-001
   0.51415970977323167        0.48724706127261985E-001   0.43317933222251126        0.35580566812069017E-001
   0.58829643674832688        0.98872054744725102E-001   0.49957639030640333        0.33945212703067010E-001
   0.35137839778537583        0.49000968140213340E-001   0.57264775030561199        0.31671679582014257E-001
   0.23714860727885570        0.98365408638514409E-001   0.67333084044758074E-001   0.36089880912137481E-001
   0.76643698267025495        0.49266220259021033E-001   0.13498031768319698E-001   0.35327270326796160E-001
   0.58236667515328244        0.98989416415797643E-001   0.65290753401564483        0.36004219272998551E-001
   0.79324022487118589E-001   0.48622034380040702E-001   0.55678903303389549        0.35360437781929537E-001
   0.39097344330210704        0.99475817211031312E-001   0.13995619783782667        0.36508042236358146E-001
   0.51573603015891456        0.49415246774543571E-001   0.18661382523644122E-001   0.33428010049260999E-001
   0.94265005287935733        0.99517984866179007E-001   0.26204990359720520        0.33479385509418071E-001
   0.97376780769583393        0.99419624385838706E-001   0.26720262531833416E-001   0.34518204868373946E-001
   0.16707576167439464        0.49952211775226019E-001   0.61302606998213116        0.32617491567662131E-001
   0.88290855131349344        0.48951395801782600E-001   0.79203509809994910        0.36885600143523926E-001
   0.98335835824357609        0.48533601454339229E-001   0.51371368932727024        0.36127917367806822E-001
   0.35100157490667927        0.98936601218395093E-001   0.80313484075894037        0.36625075349024483E-001
   0.26194599781137817        0.48802694752313497E-001   0.43746590124931933        0.34609235706930482E-001
   0.36336671198778374E-002   0.46167570275740998E-001   0.74871477108366358        0.36009579273142182E-001
   0.42318584132204889        0.98799393814932371E-001   0.39158927143531842E-001   0.35998631721316850E-001
   0.41288556888368200        0.98941427240292160E-001   0.39083717173955312        0.36029035548762758E-001
   0.68320887095971305        0.99111247788213605E-001   0.79562925772531412        0.34679712795211655E-001
   0.10645319368069226E-001   0.48656027748702042E-001   0.57978554579874064        0.33162723966539520E-001
   0.50907590699403560        0.48702046999560517E-001   0.32863362699432169        0.36386042182381124E-001
   0.44228374568080975        0.50116667135753884E-001   0.14907687723620089        0.32782068021680384E-001
   0.25531588501309055        0.98878626910457179E-001   0.33005254161850417        0.35973360992612551E-001
   0.99873709556712129E-002   0.99372618140840918E-001   0.92473612065325816        0.33749862498311689E-001
   0.79935090174014101        0.49244481326735638E-001   0.92028896400563343        0.35371969533919634E-001
   0.69436274293070843        0.99276706717244770E-001   0.95032027129233740E-001   0.33879014547469985E-001
   0.44915208821455617E-001   0.48446506387665338E-001   0.39974819206284801        0.36058055235266971E-001
   0.53676489096290458        0.98841864397285595E-001   0.95695988342390470        0.35268815628394276E-001
   0.82135425631898051        0.48877649423735958E-001   0.49897559367525190        0.37195607690565374E-001
   0.14912218637540645        0.45891822852364775E-001   0.99045023899528528        0.35116467412100442E-001
   0.54134030566006075        0.49414933378383014E-001   0.16814853437016833        0.36187954529526799E-001
   0.70838846683095458        0.49256745333388204E-001   0.51443229058350526E-001   0.33903300867751798E-001
   0.21093882864916425E-001   0.49370603377304506E-001   0.40827719824049251E-001   0.35719343167085436E-001
   0.85680156237532015E-001   0.49206793173761088E-001   0.16965635697486936        0.35586014622499267E-001
   0.92648046404335505        0.49635693941965500E-001   0.84680161573269085E-002   0.33234902457785258E-001
   0.46459106143782081        0.98877319107763095E-001   0.91890450671676860        0.36501152005303093E-001
   0.58279716715735508        0.49093192651642990E-001   0.77152791787097175        0.39171881737695743E-001
   0.59442088019103478        0.48840722705902562E-001   0.45359816125120939        0.34225136183608840E-001
   0.28580359433643987        0.48729913008574689E-001   0.78888100013538104E-001   0.34142961412585188E-001
   0.44744732228288819        0.48948297742905884E-001   0.70703822255450399        0.36435557155353723E-001
   0.97500225810513896        0.99397793479860261E-001   0.86646881106721629        0.33987352772343347E-001
   0.49910670887423658        0.49448576229739569E-001   0.11150992242987773        0.34400131623315268E-001
   0.44126977775893117        0.49073292620265940E-001   0.87096590405896968        0.36343112975333269E-001
   0.16929351962033923E-001   0.49300980727144679E-001   0.17697929981344146        0.33244876508141730E-001
   0.34090116436803358        0.49157029499602822E-001   0.12245330994966380        0.35896179784043532E-001
   0.79938964406473745        0.48740641342074224E-001   0.66710739183486567        0.34836361194500273E-001
   0.33390452725397746        0.98906857056396735E-001   0.66988726297262835        0.33697355727025306E-001
   0.73467796951245279        0.98879386477035439E-001   0.32568380592153656        0.35713410129853920E-001
   0.83666814081440455        0.98428130386487206E-001   0.77674055858950319        0.32345260998026801E-001
   0.39104065708625811E-001   0.99303507036473226E-001   0.83750107414143415        0.36330459483091000E-001
   0.53124802528475554E-001   0.49341597669512183E-001   0.94296415069993200        0.34724029093279332E-001
   0.18400489249178795        0.48979741719239481E-001   0.89245901966516372        0.35827731844862577E-001
   0.55542774046337051        0.50145151304198977E-001   0.72694999371998470E-001   0.33350943527574867E-001
   0.72800919515198148        0.99074348675786850E-001   0.85233922512982663        0.33186818766532268E-001
   0.85309148953835556        0.98667087701114459E-001   0.67040110704613842        0.37031157272163072E-001
   0.91315311180978054        0.48764639382010991E-001   0.54564657916572168        0.35936779818949847E-001
   0.79234099740665220        0.48804664600738935E-001   0.22455170639578631        0.34767763791565057E-001
   0.16820710241443537        0.98863131899129486E-001   0.70295827071038575        0.34144349420419322E-001
   0.92691322493191408        0.49362072681116975E-001   0.85212520592426910        0.36811642908001374E-001
   0.57203540266958008        0.48806166496654035E-001   0.29678575802893792        0.34154376908777581E-001
   0.29228481972703035        0.98948406548554094E-001   0.39579558539250814        0.37079324267376049E-001
   0.53668165248945665        0.99351222854395183E-001   0.21847967269409815        0.34836100604623131E-001
   0.73515391244618278        0.49241776373115137E-001   0.94846960907999789        0.34727396475006514E-001
   0.48921341910070282        0.99041328113921800E-001   0.85097719375359582        0.35730978383560090E-001
   0.10617314346509585        0.48564430537614035E-001   0.70169282578292941E-001   0.33982041642348970E-001
   0.69117116821939228        0.48854767921942453E-001   0.65721675065606933        0.32765416244027304E-001
   0.16688331489514824        0.98967435101051160E-001   0.93955148416835221        0.34888105164026434E-001
   0.46335121691154102        0.48823488690689941E-001   0.38379853343947123        0.35258117522021515E-001
   0.62314528668417379        0.49375764275810169E-001   0.24472446404202375E-001   0.39323660915315473E-001
   0.47877018274531752E-001   0.98423915379646468E-001   0.34884789372252795        0.35333413844743228E-001
   0.73244465117138413        0.98960307962757663E-001   0.58110582399888044        0.36019616545495549E-001
   0.25387126520382575        0.98571667322519874E-001   0.69310581389617676        0.34298385564803635E-001
   0.35878519033300477        0.98728320853365636E-001   0.94885542912278298        0.32711337511818081E-001
   0.94410756986687017        0.99716504668873759E-001   0.96054171761404405        0.37995088656376685E-001
   0.73381278886521062        0.48907822135322278E-001   0.27572212004015439        0.34878413717090731E-001
   0.19455595401752973        0.48982085095414782E-001   0.45264665593501485        0.34432911361566572E-001
   0.31308710933414452        0.99177558614476205E-001   0.29046123723139400        0.33702557881326839E-001
   0.84510506360896032        0.97874194629672603E-001   0.22972772133899994        0.36864598372897781E-001
   0.56648587661611960        0.48994208667707172E-001   0.60217444941498099        0.36783363127174153E-001
   0.56063171204089483E-001   0.48462264072512834E-001   0.48956157451722832        0.35616672984574202E-001
   0.60650613167789902        0.48862985999900084E-001   0.54282891861971627        0.34598201018229642E-001
   0.54058122324624613        0.49206584138076652E-001   0.51553692436157383        0.36708644930817116E-001
   0.20180941576943479        0.99113496297895051E-001   0.13119823299347546E-002   0.35550643896946128E-001
   0.63477163106157464        0.48776831541995837E-001   0.26554488945193921        0.35887571325179758E-001
   0.64564761183634523        0.99241303422080304E-001   0.97472324586471037        0.34502536344757799E-001
   0.90929791308605457        0.98699979466859475E-001   0.19651293339576401        0.35347433179157020E-001
   0.75534122699946515        0.99318160143584563E-001   0.62241876390280337E-001   0.35338849009181328E-001
   0.95540907649878692        0.48447136466016991E-001   0.37476545719435239        0.32060503414587750E-001
   0.42225597216583849        0.49058574438341489E-001   0.44271475759301099        0.36518511427845832E-001
   0.13700720332713326        0.99599991460019757E-001   0.87157627821837158        0.35123442610060958E-001
   0.15052985884478759        0.98628297905822726E-001   0.42926857072082963        0.35911021756351191E-001
   0.93364428412655587        0.98858837223994009E-001   0.43534572478008116        0.34047758607293858E-001
   0.35019002259836146E-001   0.99352436212873332E-001   0.99047806894354118        0.36538082117938714E-001
   0.73116548437074813        0.98817062554969762E-001   0.22799305786648713        0.34143573206333329E-001
   0.21976779781124645        0.99268350247072201E-001   0.40863137104935371        0.35812578968866755E-001
   0.87741167566707801        0.98737780460134442E-001   0.57916594246436959        0.34042870418583900E-001
   0.61187226480686996        0.99493299715665048E-001   0.78508191235753103E-001   0.34999796717070174E-001
   0.74804698290291471        0.49192777963329798E-001   0.71640346803663191        0.36113326025037799E-001
   0.44058055056331535        0.49021862150407131E-001   0.55283275852784908        0.36795390943218736E-001
   0.31888741253740374E-001   0.98639294998881924E-001   0.53608238351045012        0.36537760933001630E-001
   0.78088229150528221        0.99945439629780114E-001   0.38084480152815398        0.34036026981200548E-001
   0.78987655581003291        0.98905409898518801E-001   0.45946016956421787        0.33861906754587758E-001
   0.16051237285631448        0.48632178400692970E-001   0.54711180391934466        0.33331492769441036E-001
   0.22658524398061708        0.98611236021624929E-001   0.26731091609506841        0.32667703476396047E-001
   0.61967008592217543        0.98777421953428229E-001   0.31713623838832955        0.37494085905340473E-001
   0.88896095716056084E-001   0.49491165592584499E-001   0.85290646391919700        0.35616480092951451E-001
   0.58611471771042400        0.48355997897483655E-001   0.95870818678309533        0.34065970731159093E-001
   0.94782118708734553        0.48756561393833275E-001   0.61477851172395459        0.35574781179196283E-001
   0.49123757550014918        0.48842003029755943E-001   0.95775531912299128        0.32168509810707152E-001
   0.59872265079465159        0.49621449419660124E-001   0.12595387790681958        0.35027757589220603E-001
   0.30838221196737936        0.48948645468314921E-001   0.34221699425193242        0.37885915089061029E-001
   0.21677488544408008        0.98860052877570270E-001   0.74917795311362567        0.32810443595738731E-001
   0.90937195830464024        0.48677299737692116E-001   0.68953951734375885        0.36095239965188784E-001
   0.42321983207032976        0.49733197072202293E-001   0.25323914897364691        0.34017590699274437E-001
   0.60721726574541512        0.49296921843220827E-001   0.70196881565373614        0.34503700971763203E-001
   0.39959701289799898        0.98926684876782980E-001   0.72903292676660014        0.36117230340365562E-001
   0.36725309104890458        0.99294868238934852E-001   0.23631800656065130        0.37812317711535468E-001
   0.29938411954305716        0.98986000798601814E-001   0.32201669198363966E-001   0.35281567289086893E-001
   0.36135872183532231        0.51756268905507989E-001   0.50072765970527344        0.34243586761821244E-001
   0.10108429487590756        0.99600462120217892E-001   0.96312900717911765        0.34954111516535290E-001
   0.75260512410893798        0.49365114504277018E-001   0.11233226327814652        0.32892266750923958E-001
   0.85920341935319144        0.49363680273039161E-001   0.88037553732499207        0.36541448656338953E-001
   0.39835423442430873        0.98926005482081580E-001   0.89501248698542224        0.33664768291196329E-001
   0.87866519464898896        0.48722906946124092E-001   0.62599972789409741        0.34460774794150106E-001
   0.97350227786643861        0.99285647100354910E-001   0.17085159946344367        0.33238612047911752E-001
   0.78418184701719285        0.98789647485539880E-001   0.27388595940975674        0.35927373387109093E-001
   0.95497072632640201        0.49446449135445686E-001   0.69100113379386471E-001   0.33628094851870349E-001
   0.51610556572666555        0.49366773082600790E-001   0.25953151010132536        0.32979931105230002E-001
   0.17246048230551703        0.98711582273309909E-001   0.32515566118473832        0.32664384396137731E-001
   0.81545513593636720        0.98940823204547390E-001   0.54997740734638256        0.34394892834954616E-001
   0.18655911762443281        0.98706538219738349E-001   0.13760968625650560        0.32863802622974093E-001
   0.89142772450573837        0.49672342374660006E-001   0.94811088081507089        0.34114992329331649E-001
   0.20514200936164823        0.15896506731992199E-005   0.64219019793062182        0.36155143394726683E-001
   0.68324330939896338        0.98760184601272574E-001   0.27753074629118790        0.34644866823599317E-001
   0.77139037927424237        0.48920545601888299E-001   0.55539167552152935        0.32334253052833592E-001
   0.82464709389407187        0.22081841827274705E-002   0.32981745001869672        0.33173872336513699E-001
   0.56264251439639368        0.99044258397758128E-001   0.72086384910313483        0.34727728846671829E-001
   0.61734295017574881        0.98863976023258138E-001   0.59048149530777250        0.35289101130077521E-001
   0.73820903038796082        0.98937248041658821E-001   0.66478636531071011        0.36227749224076546E-001
   0.36041300391517084        0.49147626329136627E-001   0.28912097021019356        0.34976235359087657E-001
   0.85950896992234305        0.97268293888067250E-001   0.14801642691615646        0.33434695002680308E-001
   0.12684513967371183        0.48661577758513166E-001   0.31711486828085339        0.35109324760049694E-001
   0.85691252916281158        0.98949258293058617E-001   0.80713894554683502E-001   0.33906108435578348E-001
   0.56544220544472212        0.99422466036926019E-001   0.23302766189295568E-001   0.36998297937599518E-001
   0.45203194508752687        0.99198062171409279E-001   0.10383965221123541        0.34430743490934938E-001
   0.30909885018571637        0.98987950738302022E-001   0.73191796365131290        0.33091349385987637E-001
   0.20956647788331856        0.48832887795935018E-001   0.79677802493950334        0.36369853084210577E-001
   0.43580383007606460        0.99649112728844136E-001   0.20105733597120146        0.39228121346739663E-001
   0.90620077707615321        0.99393353546470331E-001   0.89880036945360942        0.34448713443298869E-001
   0.73284390789960088E-001   0.99522844937154742E-001   0.89943431497772874        0.34358912983184525E-001
   0.12690958654891743        0.48609833682197789E-001   0.47361667676657981        0.34955933239246714E-001
   0.39000815587887944        0.98973705299137293E-001   0.55399705421915713        0.34186959445870434E-001
   0.46594433346372965        0.98930704968319474E-001   0.75453303306949071        0.34836411062515921E-001
   0.38515232777612785        0.49654436464961343E-001   0.18819277365298392        0.33048261748220974E-001
   0.37946233671987367        0.48934307306336411E-001   0.68249394783244455        0.35077263607429077E-001
   0.99487120174684307        0.98417683142115353E-001   0.39522625699493369        0.34777340695797535E-001
   0.81978434095331815E-001   0.49374441622803938E-001   0.67172246329476343E-002   0.33898732168126347E-001
   0.49087888448763201        0.98945715951471044E-001   0.53869550781839282        0.35342380614447902E-001
   0.49400301424881621        0.99400746849903562E-001   0.15737914310036036        0.33484421853523613E-001
   0.78895862001301742        0.99251465510472411E-001   0.96907519490140481        0.35231265181860136E-001
   0.47187239876455295        0.49477225536440517E-001   0.63938651989316420        0.35491459999752915E-001
   0.26454272137452700        0.48979014709681135E-001   0.74947346987755281        0.36119070924648514E-001
   0.23155314927761275        0.98965744323253987E-001   0.90939334578192021        0.35194012160165489E-001
   0.72533157790953917        0.99052942527541987E-001   0.42697927970550476        0.37355074648172323E-001
   0.87252255644476506        0.98311387369937900E-001   0.51043548627066304        0.34820872933341400E-001
   0.64953425144619603        0.99117940349686753E-001   0.67796180236643500        0.34751974786193268E-001
   0.47047633883479018        0.99354462437634128E-001   0.26684606871444189        0.35018076178275910E-001
   0.45763308606302616        0.98651372863281656E-001   0.33529666168251077        0.34494914963586802E-001
   0.56110840943455231        0.48444524597873503E-001   0.37891293248132402        0.35747613878529254E-001
   0.99565037812683166E-001   0.98679044771270874E-001   0.51268087722436395        0.34065368209888224E-001
   0.36252136073755314        0.98908129049648574E-001   0.33952571712096963        0.35815430837536563E-001
   0.98802473703538896        0.96622215374924034E-001   0.63847546532301669        0.30467336375315412E-001
   0.26022014212205830        0.98760963279983321E-001   0.80027776374063975        0.34256196663309091E-001
   0.40419433639907021        0.48478328359169653E-001   0.61588448750430858        0.35957313640456456E-001
   0.15052586334557103        0.99049434177202633E-001   0.81863866807410313E-001   0.33484891750538821E-001
   0.52967140449803118        0.99095989705513532E-001   0.78514466077557998        0.35032541966662063E-001
   0.26852746264969857        0.98843785040404974E-001   0.60825853369443161        0.35655591781745419E-001
   0.17697334507814508        0.48606819148254689E-001   0.26413975067681283        0.37812289782920325E-001
   0.77440951714605813E-001   0.99206312841086733E-001   0.21622437555588830        0.33154071313336829E-001
   0.47434609561997892        0.49006195402538213E-001   0.49052931796845095        0.34068784319179493E-001
   0.11780043377110726        0.49511480928485757E-001   0.91724297440388425        0.34860665328239719E-001
   0.59922635501096395E-001   0.48647236904759882E-001   0.30331006886123346        0.33055431225822787E-001
   0.20192644510146837        0.98813377802667302E-001   0.84629278481815418        0.34388408507508558E-001
   0.91137303151877480        0.98505096221902871E-001   0.35682077926037015        0.36887965598572443E-001
   0.96068817448724031        0.49296829065148429E-001   0.21507000194094805        0.34678316999829255E-001
   0.12266779310276298        0.48861898449267721E-001   0.69149620049615590        0.34375392527825566E-001
   0.92639653560883539        0.48503440188380299E-001   0.30866447132718050        0.34048928006958863E-001
   0.39945362717225284E-001   0.49246687776093069E-001   0.23973075838598037        0.33572329022367571E-001
   0.49573969269281919E-001   0.98672634400754758E-001   0.60883418079832441        0.36415113956017528E-001
   0.42024706025799052        0.99086272486874974E-001   0.82383254597853361        0.35487320240961788E-001
   0.48289903493274422        0.49066162941473868E-001   0.80090911820227084        0.35194919253840870E-001
   0.99126459088574792        0.49326105253085603E-001   0.81901073663247670        0.35260580170591312E-001
   0.90606413411343811        0.48394278845393497E-001   0.47508948378866078        0.34869402971155899E-001
   0.63997123008119783        0.49121455650224223E-001   0.81998835308445339        0.35753153251575902E-001
   0.94142541122051437        0.99379118882212625E-001   0.79784074727731513        0.38385848231961325E-001
   0.81007053125015682        0.48968927516232705E-001   0.69242985452238726E-001   0.35451438842616763E-001
   0.23619429781958515        0.48854240246503450E-001   0.22558789372678453        0.32834794644329840E-001
   0.30086016501913099        0.98878866586879471E-001   0.46806867050180700        0.35686974351133056E-001
   0.65386177558780345        0.49256130481565026E-001   0.92597280668183279        0.35779512079720535E-001
   0.31407928080916425        0.48875015283451291E-001   0.62764573323373174        0.34657726869490230E-001
   0.28030469631869805E-001   0.97045077370155081E-001   0.70500988442981571        0.33410620034262546E-001
   0.51155430809092561        0.98798947402955972E-001   0.38423201700652510        0.34169644115354871E-001
   0.16066504141769444        0.98749437057891465E-001   0.78609067023255719        0.34311171095281083E-001
   0.83688934369218360E-002   0.98605545370358497E-001   0.46612214714080757        0.37154559916585943E-001
   0.17174968023545908        0.98705270179979515E-001   0.49911827332976866        0.36799677038890234E-001
   0.42688792909025253        0.99045123911342320E-001   0.66114060308531619        0.33907741824284722E-001
   0.50532887904142998        0.48475994142421312E-001   0.89493727502853959        0.31973205767363608E-001
   0.51413275768343869        0.49044364391487349E-001   0.73643534061994231        0.36407719202834789E-001
   0.89582152174542140        0.48488567632599705E-001   0.40597655510746317        0.34916215500558741E-001
   0.80959169976466394        0.99532340318513657E-001   0.87271758368517505        0.34189129831665832E-001
   0.54451078760472638        0.48434333740373738E-001   0.83604403796197213        0.35716610606189983E-001
   0.38063547527592480E-001   0.46926136829198654E-001   0.65991339244783020        0.34528431695591104E-001
   0.60101650211981250        0.48554496992922871E-001   0.87891444425141318        0.34885059391766303E-001
   0.61082865206794812        0.98941076279938742E-001   0.39376812192224925        0.35506727498739662E-001
   0.31598011803291703        0.48947765971340769E-001   0.98193664955085624        0.37275321373984809E-001
   0.40379793995331642        0.48615974114943977E-001   0.87588943224929383E-001   0.35778249683866101E-001
   0.31872535830079035        0.99054785920342628E-001   0.53857103716058874        0.37036539339983403E-001
   0.28167940767032373        0.49187831369225589E-001   0.16121110693856891        0.33202616948771468E-001
   0.96349695267071378        0.98720759574272302E-001   0.56392998706715969        0.37291373200968841E-001
   0.55121741179718020        0.98443621387836508E-001   0.88712735049943070        0.36044005961214924E-001
   0.25085381474498331        0.49184468436962198E-001   0.16377878860151580E-001   0.36025399673114120E-001
   0.41838347911043500        0.49036181560581399E-001   0.77505829568054374        0.34283789504460281E-001
   0.14229689892015049        0.48847859322235627E-001   0.12854176085772673        0.34296100473198289E-001
   0.96060961985161586        0.99371637571009128E-001   0.71521754128065773        0.34792514808320789E-001
   0.24100879186657506        0.99415653680869229E-001   0.17350397733531500        0.32112635603622076E-001
   0.89752034642775946        0.48885625847475286E-001   0.24543512755890673        0.35394186626615746E-001
   0.30308113967266137        0.48797321933869445E-001   0.82272429292626659        0.35204024456021818E-001
   0.55028166037383830        0.17445591319718289E-003   0.11765769309930026        0.33976063782132450E-001
   0.84650553418430519        0.99105346907519404E-001   0.93136296257907647        0.33509887579569894E-001
   0.79771423498168892        0.99323138827791813E-001   0.71515926081917403        0.34093009733338939E-001
   0.67939751531539772        0.98899101804531084E-001   0.36964420471914061        0.34824703546879533E-001
   0.51790677249669725        0.99428017780001529E-001   0.62121587531981592        0.34772179897110622E-001
   0.10696661167413132        0.49609035521310678E-001   0.77027083326196555        0.33705782088020608E-001
   0.65778969600670456        0.99133222534066298E-001   0.87156219108658561        0.38016552493383884E-001
   0.36996719525339189        0.99129429679110592E-001   0.44879354724496473        0.36024467728270247E-001
   0.66032075878436636        0.48920947769330293E-001   0.50030636251738203        0.33925167684665088E-001
   0.35264225934629689        0.48951620337450562E-001   0.75072862488728231        0.35792553313159670E-001
   0.72414763828258100        0.99237972119699078E-001   0.99315306562937011        0.33220640335100637E-001
   0.52054416001971082E-001   0.94369762708197164E-001   0.76822711038627911        0.34203209934788051E-001
   0.24517590508829235E-001   0.49966746856002581E-001   0.88298821748154455        0.31526264036140145E-001
   0.98559476689045444        0.48719376421361059E-001   0.27761048364789442        0.32595813016529265E-001
   0.32665823184501691        0.99068492243211237E-001   0.17030084415491126        0.34503103267429690E-001
   0.37548019302515095        0.48854117890206439E-001   0.84638898591701472        0.33800295570086389E-001
   0.28398895966199028        0.98809455890541548E-001   0.22677485933738159        0.36268902106196106E-001
   0.11674315475755410        0.98684550395997273E-001   0.36612997998773311        0.35613266213864750E-001
   0.73419195712815355        0.49072117062072179E-001   0.80332107160185628        0.37101643147425367E-001
   0.88106817844234431        0.98800844993624459E-001   0.29189167247212711        0.34750068865952291E-001
   0.67307309026444484        0.48988063009700003E-001   0.41854515979794910        0.35232612850511005E-001
   0.99332246934093205E-001   0.48725452692777609E-001   0.62517704571292487        0.35878789620080218E-001
   0.64809768836858717        0.98801603189307433E-001   0.21635900146900169        0.35461900163607216E-001
   0.27897422396614069        0.48841252086580474E-001   0.50970094842333913        0.32900000083715936E-001
   0.50770882517586036        0.51713171854358725E-003   0.64323556472450721E-001   0.33824597011670468E-001
   0.93351382372421321        0.99245950166187313E-001   0.11328877781633336        0.34179391386794482E-001
   0.70041877308909650        0.98942180171213173E-001   0.72281403986338288        0.32927700614405565E-001
   0.18738553191304469        0.48976007702700858E-001   0.50746339316014084E-001   0.35928486246299504E-001
   0.89381374988632656        0.99164412833348856E-001   0.73943336515732050        0.35845235720489921E-001
   0.17331338263800536        0.47888504691951973E-001   0.37939932835078499        0.36899520270363917E-001
   0.94102083696247185        0.98671857836930443E-001   0.49974222484600711        0.30692430750862424E-001
   0.97236218408313357        0.49350035651397048E-001   0.13098385715584623        0.30647774862036882E-001
   0.21269938760380816        0.48415744921063888E-001   0.70176698596758513        0.30649425081157779E-001
   0.77901109558875492        0.98994632058591686E-001   0.18407824325307307        0.30631546822285978E-001
   0.36041704576689876        0.48922937179608057E-001   0.90944110768177588        0.30712407714194118E-001
   0.86477049949193119        0.47292469609571119E-001   0.18814455573810981        0.30615293957687650E-001
   0.97474437283882298        0.49347058208315156E-001   0.67532511733763345        0.30675722226450014E-001
   0.10065420308084484        0.99490343486558108E-001   0.81091171938386186        0.30615527568339459E-001
   0.59330459832845639        0.97950166584376372E-001   0.82358130105173877        0.30702709712138083E-001
   0.20610610456610665        0.49168172940852656E-001   0.95670317716745479        0.30661577647706890E-001
   0.75791860359556584        0.98822487571509549E-001   0.51937209558897590        0.30635419999011943E-001
   0.46819535510447641        0.27611824338521899E-003   0.43476568499261065        0.30716174526129129E-001
   0.11809360275629084        0.99248924396808658E-001   0.26481118082127941E-001   0.30629120971927961E-001
   0.35656782205466092        0.99037379243540904E-001   0.60961067468337105        0.30667685131001928E-001
   0.69768187860604647        0.99186109712640025E-001   0.92865408043439113        0.30667076096828429E-001
   0.32626253275169376        0.48848604030058182E-001   0.21257729278528645        0.30680347813812445E-001
   0.53888310330779166        0.45685646827480553E-001   0.67393863513958685        0.30620032119827834E-001
   0.84646985603472036        0.88863915331262047E-001   0.38834381450801336        0.30667197840900839E-001
   0.91531495074002633        0.49062591096343436E-001   0.15344732864900587        0.30633321881138164E-001
   0.58812895622738970        0.48872631784545442E-001   0.21800572452364617        0.30668455996969064E-001
   0.67112766228857501        0.99250059205797797E-001   0.34727680642188362E-001   0.30639732693256094E-001
   0.86972081055258543        0.94336984507641691E-001   0.44500525679219793        0.30699408779568726E-001
   0.26455132350313004        0.49067991833140354E-001   0.93716322963191734        0.30737823801041630E-001
   0.82365508361946227        0.48908230843319772E-001   0.59101648970262488        0.30726993910595933E-001
   0.68997641288355949        0.48771263275632887E-001   0.22699743510225923        0.30572380702984018E-001
   0.71743452150198556E-003   0.99157364386223260E-001   0.22911435153319790        0.30671555645389915E-001
   0.75670269800312029        0.99477119182562898E-001   0.91079671510698057        0.30664656198836186E-001
   0.38396274343225462        0.49385023730173810E-001   0.98330406505244128        0.30696728280852119E-001
   0.51421855641407677        0.98823381922355999E-001   0.47696517783908149        0.30647888472147992E-001
   0.15200609771399518        0.49543465100484019E-001   0.83122924765000272        0.30686545316569336E-001
   0.67732959557549066        0.99424960291129391E-001   0.61871714222471297        0.30673768157548183E-001
   0.81780916776367318        0.52750446816374280E-001   0.82734836809837808        0.30652706571183529E-001
   0.35754822586374135        0.99297252061896782E-001   0.81652296301990293E-001   0.30638027618249034E-001
   0.70000854744425123        0.98876860134934602E-001   0.49016924789727068        0.30667333679417715E-001
   0.83229776258229216        0.48940485303189209E-001   0.98031009563644889        0.30697809942833294E-001
   0.50239376874692376        0.48837656859005041E-001   0.58046798322332593        0.30719493531263482E-001
   0.89565898995086735        0.48887959740405038E-001   0.94815622923391005E-001   0.30850099315399119E-001
   0.49893413424062333        0.96822927195758385E-001   0.68740404996676230        0.30710242028507619E-001
   0.68441062784960804        0.49232488646559470E-001   0.99052553318267322        0.30688113940205541E-001
   0.45253866516887536        0.99454785721981354E-001   0.59736793915367215        0.30703849169298632E-001
   0.82833289006875621        0.94044150811679383E-001   0.22044432304645669E-001   0.30668463510445859E-001
   0.69346699137149659        0.49151104570732025E-001   0.13590636026017097        0.30604781711018283E-001
   0.97046201501894025        0.97114001820662488E-001   0.32036563185209233        0.30726931942336170E-001
   0.62798328328842593E-001   0.99340574706440976E-001   0.55142083925218022E-001   0.30787316705636267E-001
   0.67609458826364832        0.48973039309781301E-001   0.75374661875070204        0.30649455315458159E-001
   0.86948429076364264        0.50966101985113768E-001   0.37458005973020632E-001   0.30669279248099132E-001
   0.21556968934146339        0.48888937648639642E-001   0.51439776849024821        0.30670313079582831E-001
   0.28043201315022487        0.98968975593709055E-001   0.12085304066155042        0.30705880580131767E-001
   0.23232804488327979        0.48900558358339820E-001   0.58189213739995715        0.30720381096030334E-001
   0.29732842722971220        0.48379867149611108E-001   0.69099115502892194        0.30727304196177561E-001
   0.11123081059638165        0.48571615191427359E-001   0.40952064931785337        0.30591453805849468E-001
   0.13689448186833911        0.98642593503227807E-001   0.23966640099638645        0.30683280033002084E-001
   0.59116389635893429        0.99392459261900129E-001   0.25496065516906785        0.30697486424460949E-001
   0.91614028949189297        0.98661678040540601E-001   0.64501425400041268        0.30738493327983462E-001
   0.65385804015666316        0.49191064693233602E-001   0.88443678857343028E-001   0.30722325448674939E-001
   0.19262053635588514        0.99792233581642409E-001   0.21365844490594735        0.30716879733599871E-001
   0.52228957325192560E-001   0.50687521064425312E-001   0.11027862440720566        0.30643070483460825E-001
   0.30255786826074726        0.48225039191079684E-001   0.88880820124726700        0.30693131952512890E-001
   0.66547590546350188        0.49279892073208605E-001   0.58462325639728141        0.30650789141573917E-001
   0.69843292895834375        0.99141431966711296E-001   0.17128970625074830        0.30666574535722767E-001
   0.10319733772273858        0.48646439415628004E-001   0.25181173949151164        0.30746101026401618E-001
   0.60885285747566431        0.98384959652586701E-001   0.92087426572986220        0.30694752123493541E-001
   0.36781325965927020        0.48719595776768321E-001   0.38355436010210753        0.30665575986098457E-001
   0.63811499237797920        0.48869207106769175E-001   0.35988192406072389        0.30707391149182861E-001
   0.86633152446886208        0.99305864349571976E-001   0.83568662346357969        0.30765630594450720E-001
   0.86836874273062825        0.48670064430705505E-001   0.34094066119608402        0.30683767677390190E-001
   0.55892644845195105        0.98982801666163620E-001   0.55743923969564191        0.30654724468957523E-001
   0.64521844204417256        0.98988086920984611E-001   0.13696772605575969        0.30713139808028898E-001
   0.77946182801523478        0.48063764449729124E-001   0.32864993195731873        0.30710705806192590E-001
   0.27823454069858733        0.98215771326480961E-001   0.86271084556803146        0.30698732046033034E-001
   0.64884502338420413E-001   0.46968528925285108E-001   0.72147369632341196        0.30737744343318798E-001
   0.12962070746062379        0.99193126889355651E-001   0.16925993182720767        0.30668842807093578E-001
   0.14231684248009624        0.48675305577674105E-001   0.20423306963521443        0.30676284865820466E-001
   0.46369441662630539        0.48820779131188097E-001   0.56836665353511194E-001   0.30718927556145050E-001
   0.21152960197114015        0.48881106733234363E-001   0.32354816123271585        0.30673492641324608E-001
   0.40911452818654848        0.99729267966368412E-001   0.29179636920541330        0.30671438161449228E-001
   0.92319624997395683E-001   0.98359313662840619E-001   0.10905303361684424        0.30607379597493184E-001
   0.61028070846470134E-002   0.48354436227861196E-001   0.33761742921302684        0.30723034663357577E-001
   0.97515898461599670        0.48632554892424212E-001   0.43433289754486193        0.30656193205919939E-001
   0.23466846444500741E-001   0.98792477791974337E-001   0.28681542127521209        0.30654673037561923E-001
   0.25161196700691052        0.49205341942773637E-001   0.64938789091820459        0.30664854682328584E-001
   0.23513510897765758        0.94207003355818913E-001   0.47613398076196023        0.30672603341427990E-001
   0.68575501933691019        0.47857548828325651E-001   0.32060919907036611        0.30668698705067415E-001
   0.48476274487240606        0.49586123119617312E-001   0.20393288687763864        0.30711988830165900E-001
   0.47955202408805697        0.98392676395308534E-001   0.99631754064141431        0.30653636712374980E-001
   0.19190485552265621        0.96893261415862464E-001   0.57662805003997575        0.30748616037128963E-001
   0.99158104180253603        0.49383686196221771E-001   0.97666549850841999        0.30747628476880375E-001
   0.26217826618999862        0.99350933586083767E-001   0.97321302012554567        0.30712192594659005E-001
   0.91144921152592284        0.99419848905502761E-001   0.46115421284499802E-001   0.30676967667387686E-001
   0.46628097287506227E-001   0.99225436282035853E-001   0.15001661013787687        0.30736327767355975E-001
   0.29926035426874703        0.98089241183744458E-001   0.92438384725928591        0.30610882831943464E-001
   0.96161610073930787E-001   0.98612976311707054E-001   0.28708482094740512        0.30715911721009646E-001
   0.55778076896735829        0.98710778718252845E-001   0.43360429393429895        0.30742321826123992E-001
   0.13839165948132973        0.98707397506447067E-001   0.64540839891618740        0.30656711303763268E-001
   0.27030774934881591        0.49221630455317321E-001   0.28075172060530057        0.30740068958026275E-001
   0.19673570347289354        0.48536938268264294E-001   0.17574872417575810        0.30661541531909486E-001
   0.24729730006657855        0.48811578313070862E-001   0.37360939223194312        0.30699185417385862E-001
   0.10325881754145214        0.98981665740006969E-001   0.72867079596980933        0.30662120333072779E-001
   0.33926392840436964        0.97834187156123659E-001   0.86940892839690842        0.30689427950212195E-001
   0.36223484929528849        0.99337947180607664E-001   0.12108477642310905E-001   0.30632788072807452E-001
   0.78486192478000527        0.25999592421072659E-002   0.81259516058465198        0.30704335895747982E-001
   0.88222583561213341        0.97584014862242677E-001   0.99151823073066092        0.30659786980461880E-001
   0.41175382988568332        0.46980909109230716E-001   0.33970132542323128        0.30665741239610026E-001
   0.76734618755563444        0.49728580343362659E-001   0.86247879402136030        0.30638676253582544E-001
   0.93698906781463720        0.49371275988638802E-001   0.75035713480854049        0.30692963003872194E-001
   0.32727004486010336        0.48027030334611844E-001   0.42976034430388049        0.30603317996086753E-001
   0.77186894205192957        0.49184448109372815E-001   0.42244080068849948        0.30599719422112953E-001
   0.64465989108759691        0.48816968814960102E-001   0.17303378328295249        0.30713923680864504E-001
   0.75029491728520203        0.49086441992448056E-001   0.62167958940229429        0.30635883051131366E-001
   0.81546799429965899E-001   0.96329152623056399E-001   0.66929689506616197        0.30682226582208139E-001
   0.44335299331725275        0.48067370568173236E-001   0.99893147172384189        0.30658630614173461E-001
   0.24220866480696635        0.48354635445339744E-001   0.85929221394504229        0.30729090913216427E-001
   0.42249413370283989        0.48729361881983256E-001   0.93545256889249551        0.30742315628870680E-001
   0.41881625267758277        0.98681462209339904E-001   0.97179413678255211        0.30745910638996125E-001
   0.55371089228470438        0.98757092082632406E-001   0.33475551715057289        0.30706791452748919E-001
   0.16735303851796784        0.48868397527399632E-001   0.74440534307299955        0.30740261602853629E-001
   0.70972034034517961        0.48244778817150641E-001   0.54205850521652210        0.30655293400064065E-001
   0.75175430675244592        0.99060819161057578E-001   0.76094295217860652        0.30731893414388593E-001
   0.70944820664871389        0.49007152226188372E-001   0.88784231479742504        0.30699840145204119E-001
