 3 HS poly
 400 2
 281 119
    1.0000000000000000         0.0000000000000000         0.0000000000000000         0.0000000000000000        0.10000000000000001         0.0000000000000000         0.0000000000000000         0.0000000000000000         1.0000000000000000     
 T T T
   0.94307787365313023        0.98511999618028617E-001   0.69038549706041774        0.37013984738052612E-001
   0.34792358574131815        0.98901470082885121E-001   0.75041888374151000        0.34611367339650909E-001
   0.10141407610845807        0.99224438683198038E-001   0.20237487578452906        0.37266649637513742E-001
   0.39249715326089457        0.48944473838627219E-001   0.38395620884821034E-001   0.34052407905402753E-001
   0.73077547190584147        0.49290301351918038E-001   0.13426903874757495        0.36958893972044160E-001
   0.55483217890772457E-001   0.48674732721349874E-001   0.23469885908070132        0.37541194298190618E-001
   0.61296237021511779        0.48922771109804086E-001   0.77062751492110093        0.34024535782841391E-001
   0.98799934146714796        0.98502375517614357E-001   0.97090266398728364        0.33493875571239271E-001
   0.36802642180561695        0.48879646869840837E-001   0.23828083708633374        0.35153686677683003E-001
   0.15019226813587733        0.48714184974714692E-001   0.31932875174669506        0.33956972723120052E-001
   0.17466954250219810        0.47830463102467344E-001   0.68465047189566963        0.35141992487402962E-001
   0.68247556745281301        0.98877451383532489E-001   0.46744641430203276        0.35513374766184866E-001
   0.10187243118560287E-001   0.98570719815330970E-001   0.25660207898254112        0.33305425611431197E-001
   0.34678150052105328        0.48933194465018405E-001   0.88638600746529261        0.35527131263401179E-001
   0.95775722594131640        0.48370317414622013E-001   0.86298286914227540        0.32425161553251286E-001
   0.23944782875272963        0.47966558513294483E-001   0.89271837799734055        0.37512740166701204E-001
   0.80625738034001737        0.98268518947962374E-001   0.60763125212444624        0.34960409561883544E-001
   0.73282438085700630        0.98250140782247572E-001   0.62426545852862614        0.32153921607251924E-001
   0.84813856585462988        0.98458988655272653E-001   0.47413198191166439        0.36407819485569204E-001
   0.50638133660815952E-001   0.48251852247596622E-001   0.45377174232143036        0.35381133324497716E-001
   0.14175906972062571        0.48007109390752971E-001   0.88354976801995300        0.36320808639785269E-001
   0.73229146590429273        0.48798192815474054E-001   0.45464873286896745        0.36134609810908797E-001
   0.47284967411951329        0.99063043834139719E-001   0.45971034192762195        0.33664511953057967E-001
   0.65775429353124759        0.49653914739163162E-001   0.14761192096407666        0.37093051736860540E-001
   0.31650628604658060        0.98830923705724272E-001   0.23114114716315320        0.36612916569376770E-001
   0.89228609101733380        0.63080832822707498E-005   0.94817719415073132        0.34375241222552276E-001
   0.38738974499989182        0.99099803733518899E-001   0.85742842618250270E-001   0.34801504456082544E-001
   0.60425479729738674        0.99123648711126860E-001   0.90591591132554150        0.35039327511478105E-001
   0.19421061024367078        0.97598250984643586E-001   0.78858655354458762        0.35077893084588432E-001
   0.70322531159064705        0.48818603510558140E-001   0.65012612170391185E-001   0.34874063920983085E-001
   0.87866822553022350        0.98195041630037727E-001   0.55742729447899642        0.35606469799178940E-001
   0.74340586608352999        0.98802781290864450E-001   0.50694115526185746        0.37051373657828048E-001
   0.51299291060298424        0.48619109200663167E-001   0.59129729810588161        0.34309280973045572E-001
   0.48513948037684239E-001   0.98177286325299803E-001   0.55300907344927752        0.36171009911595303E-001
   0.18545960996728839        0.49594396862887004E-001   0.10965336701481811        0.35854179698261004E-001
   0.24569357603606529        0.47343378144333578E-001   0.79275191215676621        0.33034678747494106E-001
   0.65012257233978454        0.98636860240436192E-001   0.96219293862748800        0.36813227145659218E-001
   0.73233194016555914        0.48921009573981690E-001   0.29071765269060762        0.37541047218212630E-001
   0.43518804641969494        0.49005866728140661E-001   0.92161695953122680E-001   0.34523560984677577E-001
   0.24691266582397289        0.98882875137821513E-001   0.35926020068693321        0.35275298493736756E-001
   0.68986988113512240E-002   0.97876680869255495E-001   0.61121566784272985        0.35330652172485807E-001
   0.91677923564457031        0.48663457457156487E-001   0.80068865235458808        0.36347788565980456E-001
   0.51709099235505138E-001   0.47820380325892337E-001   0.71702881889546100        0.35103080431803720E-001
   0.90967619943296529        0.98425041906046923E-001   0.85107643762122276        0.34772357739769125E-001
   0.84816172645969401        0.98169520314007427E-001   0.67796667349475492        0.34079948153381362E-001
   0.80903954819343205E-001   0.48148403441756721E-001   0.51622023010677509        0.33807118459879833E-001
   0.94536025808162338        0.98816960579790225E-001   0.14006630212535590        0.37285698644928048E-001
   0.64889803851513306        0.48524168315814291E-001   0.15989666209642785E-001   0.36161119421725257E-001
   0.17146542919615280E-001   0.98913664797062081E-001   0.12962327453579064        0.35074495062076230E-001
   0.43504338852384050        0.98057755751095044E-001   0.40024400630271567        0.36627492002468794E-001
   0.59920787317349322        0.48575636382302716E-001   0.96183547154636928        0.34504573057622091E-001
   0.94961055572419484        0.98848662933046408E-001   0.90840985191393153        0.35085739625789127E-001
   0.43165526784459549E-001   0.48699338114498780E-001   0.82904313422916917E-001   0.37967070232854956E-001
   0.40049431592745788        0.98987926688699310E-001   0.79895325184274113        0.35914005087850483E-001
   0.71870739826219787        0.99732871366107603E-001   0.72356556448668541        0.34429738644504153E-001
   0.29166823332209157        0.47368489566429972E-001   0.84314532017787591        0.34489526568684467E-001
   0.83135109228223480        0.48699663085405791E-001   0.42279233314540449        0.34787929102812538E-001
   0.23757482359428711        0.48093078720331105E-001   0.55204760563963295        0.35374553035059965E-001
   0.80655902778249799        0.99100300284300682E-001   0.83348879824694366        0.33566022734266440E-001
   0.56299090862887147        0.49968640556348885E-001   0.28048094024961678        0.34550173378094969E-001
   0.89415441614717803E-001   0.97824636908332763E-001   0.69147383349137570        0.32523907164662524E-001
   0.12568743738526244E-001   0.48727989325560710E-001   0.30314311904957109        0.34766063207894847E-001
   0.50984557985900403        0.98678197379873323E-001   0.79827112197070549        0.36591967470186143E-001
   0.48692069550698558        0.98750199797412508E-001   0.63931461144104085        0.39560701391298587E-001
   0.36062330414621774        0.48047264098145470E-001   0.48176272540378184        0.36607651468152855E-001
   0.89454741219721567        0.48478521126815097E-001   0.67594788343822121        0.33898914650087437E-001
   0.34971095678809022        0.98918304205588808E-001   0.93315069316943600        0.32984649214426558E-001
   0.79996851970772997        0.48757404669166497E-001   0.32528844972511212        0.36112061131589358E-001
   0.12487506490388895E-001   0.48196022661351520E-001   0.51799154331580544        0.34631761124950179E-001
   0.19003474598391887        0.98065072980236201E-001   0.88382082244390214        0.33115346741408619E-001
   0.95211950096185760        0.48707959859235352E-001   0.26375621874879462        0.37366465464553619E-001
   0.83315802013814066        0.49178820114533027E-001   0.26317050313591039        0.33957426267099029E-001
   0.42741467369332137        0.48892961135769859E-001   0.18367284946056328        0.36680721914940671E-001
   0.59714627735093084        0.99299511093398782E-001   0.10289129734564027E-001   0.34588612723739177E-001
   0.39816743955018087E-001   0.49060171171883632E-001   0.97912598738912504        0.36242589032692250E-001
   0.64950074373160527        0.98824995962417783E-001   0.52644195413910655        0.31997950343695764E-001
   0.14992218244803516E-002   0.98262044648437422E-001   0.46889465444499845        0.36241745867470691E-001
   0.88307778456414798        0.48809678732627419E-001   0.99149963479503234        0.30928001942595595E-001
   0.59000735352773204        0.48964641566411927E-001   0.60621183314674465        0.32318164158108606E-001
   0.50798855674535681        0.98549772888515921E-001   0.10058297267818808        0.35763533594792174E-001
   0.99323095833132657        0.48659158477161103E-001   0.17436583263632788        0.35955110983474335E-001
   0.70289455397721945        0.48805647909981140E-001   0.35756559086664508        0.34699853859788028E-001
   0.83645430527110676        0.48228543894335479E-001   0.57480372827970672        0.32013483306038606E-001
   0.14832850932838326        0.49275512392445098E-001   0.17402556807655836        0.36731441115154591E-001
   0.86305355045955073E-001   0.48207858297406182E-001   0.58323956435451785        0.33385007489468134E-001
   0.42596449409940568        0.48770900128240903E-001   0.45215195713525391        0.35021603901488403E-001
   0.40567935312456593        0.98658150988381529E-001   0.71409826685952194        0.33615247053028673E-001
   0.34763855754265527        0.48927668448120507E-001   0.79971970590033103        0.35573693254223278E-001
   0.49675847185683342        0.49517858718327375E-001   0.31276862574945991        0.36305072366975624E-001
   0.55722551774848184        0.48978147657936622E-001   0.11685158641491099        0.35930232943141599E-001
   0.44857060434997692        0.98642602240639032E-001   0.93087281536204414        0.36158936294361885E-001
   0.65484351020593112        0.49220269842205365E-001   0.82497216434651188        0.34473000786020384E-001
   0.24954641738013386        0.97741334170762070E-001   0.25695320921575138        0.35087794596263606E-001
   0.14240247334057196        0.48228253860111633E-001   0.78138471959323863        0.36843297064028641E-001
   0.78434890824848014        0.97920127476785454E-001   0.27737059442868228        0.33890451096471104E-001
   0.87859797767252801        0.98790421541141316E-001   0.40948014249015663        0.35053054647583265E-001
   0.91178182665899832        0.48760598479484080E-001   0.54846429283485425E-001   0.36530523580503224E-001
   0.15350079566412730        0.98024145473101579E-001   0.48422197777726445        0.35140186261878467E-001
   0.89606218999785292        0.47410233532971302E-001   0.60636639796415115        0.35408556029419481E-001
   0.40989407420851387E-001   0.99450355475024108E-001   0.93047497700072168        0.33111147188165518E-001
   0.46040393188964457        0.48804353604838570E-001   0.51526914706191407        0.33444593602862560E-001
   0.92954103150424405        0.98774715864109033E-001   0.67496196837324553E-002   0.35027792649882566E-001
   0.17504153617987556        0.98737959856487770E-001   0.22026621333953722        0.35197027015440467E-001
   0.45251162640634907        0.48678886975275407E-001   0.68952205242150788        0.39147957850335098E-001
   0.52708556417208496        0.99516925377382215E-001   0.70338244726969079        0.35496432381259047E-001
   0.75501281347427701E-001   0.48040402436533042E-001   0.38420256087294991        0.33232746610824482E-001
   0.66722744752560248        0.49726165931858635E-001   0.72322440792944553        0.37330586070943576E-001
   0.27738975437663022        0.47672194144900287E-001   0.60786262078594822        0.32778705076796373E-001
   0.76457163782453119        0.98496099175511290E-001   0.17527625987638903        0.35251117031383304E-001
   0.94883579616608205        0.48829322479610707E-001   0.33886899622721206        0.32235749284773636E-001
   0.95856106536727281        0.98706536845558135E-001   0.21145889148619321        0.35269342586817312E-001
   0.88259153999252971        0.98702974318947201E-001   0.10038860057565942        0.36931490524604274E-001
   0.25835647791841787        0.47826179459649232E-001   0.69504119010517795        0.34419650968110518E-001
   0.68180427334116800        0.99636188276478771E-001   0.66604045884694962        0.33726268794167749E-001
   0.34958160788038334        0.98020629388703137E-001   0.52826672780791628        0.32429302965236044E-001
   0.31632589850875353        0.47524839303795342E-001   0.65990295345892791        0.32192505447323258E-001
   0.12481512992699603        0.98805661874041051E-001   0.47237046760478830E-001   0.34626169497976873E-001
   0.90083491889102774        0.48819427141391480E-001   0.89972433445701605        0.34911759601224307E-001
   0.63981436442610484        0.48779584005583215E-001   0.32696412008393955        0.35261720236867571E-001
   0.17667714119304104        0.98149342266596287E-001   0.63631630353047863        0.34109721109030593E-001
   0.89744323633945067        0.98671462234342894E-001   0.25177705389498478        0.37440842975915732E-001
   0.55601374428998251        0.48925309385276415E-001   0.90556555505480796        0.34248525052852537E-001
   0.77178007400669857        0.48580441364322206E-001   0.22729984833454883        0.37135110051114827E-001
   0.34542582396961502        0.48832352285533225E-001   0.33278381447781136        0.35339199008348331E-001
   0.27800928092341964        0.49268628782373175E-001   0.12562719404525724        0.36621367062807268E-001
   0.51071884060424511        0.98677603961545318E-001   0.90010237865232279        0.33163236663635950E-001
   0.30317940606366994        0.97824159136651462E-001   0.69984406301063573        0.32891720723471359E-001
   0.58705744083186351        0.99958207501864946E-001   0.66734688714800661        0.33619132799752989E-001
   0.59182501800248011        0.99074496964131870E-001   0.56084135944965741        0.35126429812732819E-001
   0.61888478271633374        0.98985920665334085E-001   0.43471886755526601        0.36003962360198344E-001
   0.49099708892782484        0.98733391238288629E-001   0.99521089188941425        0.33594095943769241E-001
   0.77285847070157887        0.48323018306390159E-001   0.64212915100677359        0.34255896058839337E-001
   0.11212029945693718        0.47931260382420120E-001   0.64871923792243680        0.36981669632645320E-001
   0.47572212047152762        0.98841145460316124E-001   0.20158052160481552        0.35028875434686003E-001
   0.37501579689575215        0.98907434423620266E-001   0.18825737751551813        0.35863773354919297E-001
   0.16436139626960866        0.48153275701163761E-001   0.59047651201149387        0.34824482885945487E-001
   0.44848691511248695        0.98951268688038552E-001   0.13773060893160641        0.34338913740717014E-001
   0.64985164649399282E-001   0.49002821510723521E-001   0.16326840951492541        0.34452512232281643E-001
   0.89504505720777422E-001   0.48012413724451385E-001   0.93015081701150759        0.33504007669066180E-001
   0.81634548581340705        0.98748915372888255E-001   0.37486136595703157        0.36020288236153428E-001
   0.76029587134766563        0.45080910878327246E-001   0.56448522826356773        0.36850971623435674E-001
   0.93923953481860711        0.49308522030605269E-001   0.96037051971378751        0.32576307130617613E-001
   0.70909493741635221        0.48190352168216287E-001   0.78190985569833349        0.34763224696708006E-001
   0.47171734824794403        0.98748693063117676E-001   0.56277239807455748        0.35621836687519753E-001
   0.81678810584122963        0.98334975254306553E-001   0.74185813662125255        0.32716791008372263E-001
   0.16623000339544693E-001   0.97965471036866050E-001   0.75378244466720457        0.35991663462579288E-001
   0.68579899046987458        0.98960654581365728E-001   0.10686213524820837        0.32478328332752382E-001
   0.15757304064595440        0.97804465998099638E-001   0.72969453439697485        0.34272158192987949E-001
   0.94120821119387066        0.97328289801578483E-001   0.58840037907333542        0.34169648616340177E-001
   0.81787733320397549        0.98892667288677988E-001   0.72679435074123444E-001   0.33433582156253173E-001
   0.57681771911182445        0.48941573745171774E-001   0.71329616759323888        0.33736830441986630E-001
   0.85141056249577662        0.48690102213277651E-001   0.84005935332691162        0.33274811129003205E-001
   0.39009359479375827        0.98586015413595268E-001   0.34739394325981021        0.32740231828967868E-001
   0.13191471444196187        0.48704616521942384E-001   0.25031515128044118        0.37306683890853974E-001
   0.66951097558345651        0.49170030011635321E-001   0.41970227850450098        0.34605204589178158E-001
   0.15425160073113293E-001   0.97988180775632927E-001   0.68192307358578863        0.35821236909642770E-001
   0.36130713917584728        0.98834763523956565E-001   0.28651235384477863        0.34596483505772831E-001
   0.11556772204592267        0.48767688675827613E-001   0.95737296694341487E-001   0.35395264594615450E-001
   0.29752633097927672        0.97329951249087665E-001   0.79691072022612530        0.33790843833836154E-001
   0.14062893435056201        0.98033749693650640E-001   0.83317333757016621        0.34530856588266857E-001
   0.24580672341274232        0.98108523138270523E-001   0.49941434740700852        0.37411237285436848E-001
   0.96416069625990841        0.48363354159403210E-001   0.64095637517777582        0.36195176715327071E-001
   0.71735820391127947        0.98801202136249100E-001   0.40512438778472787        0.35776370076149533E-001
   0.68676078503008819        0.98963578901759483E-001   0.31346866766661174        0.33757581336268265E-001
   0.23184509302729445        0.48881865410345920E-001   0.31157907154376840        0.35403828435962376E-001
   0.80829683051146517        0.49203206329618512E-001   0.78899365041850356        0.32704058572057743E-001
   0.56954844250517689        0.49018925244215063E-001   0.44546811286382071        0.34947160665275416E-001
   0.82379529408228236        0.54465494457001142E-002   0.13960913597506214        0.34066322534029032E-001
   0.44546218505866819        0.48726726125621581E-001   0.60406095383814873        0.34318079035109368E-001
   0.54951342095683986        0.98597550130876357E-001   0.95738994685343903        0.36023356699746115E-001
   0.91683449091832098E-001   0.99193929733871256E-001   0.75934839574996871        0.35361017960728609E-001
   0.63891865783560453        0.99689372071103344E-001   0.19412128324838823        0.33685220731922046E-001
   0.70256660358362411        0.98197840132378061E-001   0.91353045418742629        0.33928910366616070E-001
   0.28720657378112918        0.98139732752374392E-001   0.56159117448131668        0.35663790012528090E-001
   0.86561987810273355        0.48813563608449954E-001   0.36150263170970637        0.35262230657624585E-001
   0.62778671521873231        0.48732151072765635E-001   0.48581920108295784        0.35630375656980004E-001
   0.89708983640744575E-001   0.97924950061251792E-001   0.88170169796480280        0.35790752674699930E-001
   0.70760578032733235        0.49235883139134795E-001   0.86762508661380100        0.33150197659862483E-001
   0.51009354495746839        0.48688445665289987E-001   0.85159438554641098        0.36471535987347037E-001
   0.44683759322306249        0.98999980511462998E-001   0.46595945374131330E-001   0.34089666848537759E-001
   0.57503910785658929        0.98680382505683562E-001   0.22607230418370700        0.37676250739193076E-001
   0.46820343488120209        0.98664132674785382E-001   0.74092791281812365        0.34245635935762582E-001
   0.33798059469456226        0.48839751808384499E-001   0.81102777878126406E-001   0.35195233413393701E-001
   0.20182688238824717        0.47959872908082235E-001   0.46741085454740916        0.36344837819131233E-001
   0.38065045009819964        0.48120846871938468E-001   0.39602545739981571        0.37022433987648248E-001
   0.29014492900823097        0.98557749553880913E-001   0.76021187900248866E-001   0.33600064112817331E-001
   0.29088845935455948        0.48517930063887403E-001   0.29143375016447256E-001   0.34906128151776912E-001
   0.73631748808285447        0.98643934425303559E-001   0.97424629559352338        0.34922644035646364E-001
   0.17993674306785448        0.98688898594828919E-001   0.99534013661360599        0.35303871197126378E-001
   0.77688788631616335        0.98254087161931472E-001   0.68809599305764335        0.33705312275733604E-001
   0.54065283722468571        0.98829844148027063E-001   0.16323586338557811        0.33907381100092109E-001
   0.33898462427684234        0.48911115852990801E-001   0.97807377215053737        0.35045681162432896E-001
   0.45705876919405047        0.48505103035205062E-001   0.25108212519471823        0.36939364989713737E-001
   0.41330323191364327        0.98747265510917059E-001   0.50147911827042058        0.36281011614412162E-001
   0.55136308771656073        0.98827098267869118E-001   0.39973823100829986        0.35015708409650285E-001
   0.60718861854377815        0.49056977338067478E-001   0.38790026464973770        0.33393082516245974E-001
   0.82833371173077308        0.48782868531970502E-001   0.27210352129578102E-001   0.33828924747961349E-001
   0.23300922397621682        0.98395077961455510E-001   0.10783368991423060        0.31752971851887489E-001
   0.14841254537125677E-001   0.49048381493165719E-001   0.36761901955149590        0.29547159395767533E-001
   0.41067772944266154E-001   0.98665299941355492E-001   0.33957544544403717        0.33164117849493559E-001
   0.29637337360075594        0.48128435051294688E-001   0.51280662988058345        0.34649390061887192E-001
   0.74949170848102242        0.98306382798233061E-001   0.85263278620690788E-001   0.34590844965694915E-001
   0.32503734260482775        0.48856433586805269E-001   0.18045942183382874        0.35067234575677723E-001
   0.64800803370120963        0.39788279070611805E-003   0.60653528187608341        0.34402391043755455E-001
   0.99543480339924262        0.49190071651194121E-001   0.92417604652258811        0.34186559451274821E-001
   0.49400331581835955        0.99519024705433182E-001   0.36176406766260899        0.33747627562037585E-001
   0.18935602583768155        0.48152352292616205E-001   0.94554885996427429        0.35213120248802493E-001
   0.29941172894207535        0.46809613249725261E-001   0.74974500462131233        0.33233459499581036E-001
   0.75060672122724148        0.98825516735971827E-001   0.34155481943583343        0.35935771693625829E-001
   0.84895356939225919        0.98711343842068561E-001   0.89073267708771686        0.37591763172749190E-001
   0.40505521357552188        0.98496769142496332E-001   0.58138257673906746        0.33380812857455242E-001
   0.39591644518812291        0.62154069105079489E-003   0.88544070982808532        0.33243091290940864E-001
   0.97482941605032025        0.98914332380836439E-001   0.37463528922461992        0.34411174589033984E-001
   0.18740724169562226        0.98084201189272316E-001   0.54638118793960744        0.35621761130563742E-001
   0.49839059914724670        0.48638066344575674E-001   0.94662406921356235        0.36140487475346317E-001
   0.49491757849332035        0.48941316238595281E-001   0.51305928597779646E-001   0.35349458355786477E-001
   0.24305737256264640        0.97403685781504670E-001   0.83937456028054591        0.35254131574701156E-001
   0.56842073102689661        0.98951869280664059E-001   0.75913917213624904        0.33801289968807997E-001
   0.92727163082314129E-001   0.47993393498228183E-001   0.83243281743604280        0.34361506616529341E-001
   0.63438420506826254        0.49648626361052918E-001   0.65774781719158126        0.35648189753500918E-001
   0.65365448389861558        0.49078581627336693E-001   0.90978451283001238        0.35301339804490212E-001
   0.62584014215756845        0.48640218542250396E-001   0.24144741224932181        0.34736721953455139E-001
   0.43512113773170330        0.48043264820320924E-001   0.35048678790665361        0.33832676256694040E-001
   0.69356784674890115        0.48710788685530540E-001   0.21468683628489296        0.36701464831755286E-001
   0.11033912098293422        0.98709610157728139E-001   0.34914847898758417        0.36504902003272749E-001
   0.23393159191017207        0.97833639984226173E-001   0.42813310906907870        0.34788453556492710E-001
   0.44771780902278963        0.48537203329509476E-001   0.88273667677060741        0.33168595898234517E-001
   0.24191513215523372        0.98166555630738936E-001   0.27756154949509084E-001   0.34605892888044741E-001
   0.55060405674872626        0.49114614397242476E-001   0.53236487328244286        0.35599765916602771E-001
   0.45471633748925716        0.48740055432622970E-001   0.79153995609249073        0.38045524301184852E-001
   0.17902097040855236        0.13659333607180188E-002   0.35647065545342249        0.32549359060425873E-001
   0.27038939037558868        0.97603640887576393E-001   0.17659416042488907        0.33472510008775755E-001
   0.78327819478103400        0.98803362005377024E-001   0.44084582003347644        0.36478532151253629E-001
   0.18724256105737727        0.98720387678678134E-001   0.28943586296769808        0.35031628865566461E-001
   0.33530400636774099        0.48055196080669327E-001   0.56983394810372467        0.34106224078399944E-001
   0.31600028441458317E-001   0.98615397011186962E-001   0.30691002993902899E-001   0.35038271627661551E-001
   0.75989072469345242        0.98068095272423828E-001   0.78130543982095824        0.36414669925450463E-001
   0.19453370547684687        0.47542412109959020E-001   0.83668213430785643        0.34253271661653845E-001
   0.65438484805756236        0.98850753972362593E-001   0.37369080448949449        0.34598244543371862E-001
   0.25058638752843071        0.97483133920026194E-001   0.74482016028453324        0.36265913053297717E-001
   0.51457215218148900        0.49139749717928637E-001   0.74923839009904758        0.33121890924543602E-001
   0.34299427705784025        0.98874788001122704E-001   0.29553878675229506E-001   0.36759454962849027E-001
   0.52242545141383667        0.48777826047333044E-001   0.21818156759632573        0.35195783863084029E-001
   0.65983519250142275        0.98929380831006788E-001   0.77644309718182913        0.34744271254790203E-001
   0.29619831629302562        0.49060294446186439E-001   0.28018189686527295        0.36150562397654830E-001
   0.92657083685191322        0.48256995771202904E-001   0.53553489273331356        0.36970798283563117E-001
   0.78895681239339266        0.98651148959677498E-001   0.93000575664711460        0.33807913286647354E-001
   0.14347374969331095        0.49220522553717928E-001   0.38725448273136392        0.34185639784085842E-001
   0.13831529579284435        0.98011453977759733E-001   0.93643346004458738        0.36535556700992754E-001
   0.86632773814544581E-001   0.98694757870282285E-001   0.27813563168007871        0.35587001668153422E-001
   0.78467757169570640        0.48738029334071620E-001   0.97554690122151144        0.33780524655124648E-001
   0.61260411910855461        0.98757496308066947E-001   0.28723082612282336        0.34083220404207248E-001
   0.44718984963400582        0.56523039778815659E-003   0.30240405106269025        0.33696064173495237E-001
   0.23803399760616503        0.97958027003144627E-001   0.94419742247443827        0.34250820214152780E-001
   0.96231013009875810        0.98842706457282145E-001   0.69264482212335929E-001   0.35509096555163759E-001
   0.37768684858178819        0.52023980766365212E-001   0.62729381607320367        0.37399505928840240E-001
   0.86387313595789428        0.98683822946605659E-001   0.79281129425914165        0.36610022704634204E-001
   0.33226438730514163        0.98851955045611353E-001   0.13096264398081775        0.35617299400321878E-001
   0.54038778989621106        0.49024783743226767E-001   0.65497477291386041        0.34974321664973454E-001
   0.50593579097023522        0.98503284400643099E-001   0.26330903558386010        0.33655530058567223E-001
   0.12001702660092230        0.47983478511620492E-001   0.45099397143906422        0.33531576349918192E-001
   0.94214782449595136        0.93988570322522613E-001   0.43353403190697931        0.32974856220735392E-001
   0.81011012937652660        0.98331378923351656E-001   0.53670795277559546        0.35990728890025719E-001
   0.40478332799527428        0.98791440340626591E-001   0.98939890072217329        0.36886438801014949E-001
   0.39711937866258273        0.48676021273073959E-001   0.93702467758392061        0.35800665602820032E-001
   0.49393939425274985        0.48901585788054293E-001   0.15367887156833426        0.35049827590772263E-001
   0.32536260795726829        0.97292317862210917E-001   0.61735022211376966        0.31506844909585281E-001
   0.97154930501178793        0.97916574411769625E-001   0.81959675199632698        0.34434815047161234E-001
   0.69258108298105137        0.48806307719101015E-001   0.51602747860966480        0.34765124434440679E-001
   0.57898330686689015        0.99136752560525107E-001   0.49255498932105857        0.34253491642127876E-001
   0.76696833623315663        0.48768573562531337E-001   0.39089428790233710        0.36025524271698285E-001
   0.70276965956777271        0.98146982507653718E-001   0.56535354462081766        0.33913968825916234E-001
   0.75022069995255714        0.99385981440841445E-001   0.86768694128659396        0.32199751748041128E-001
   0.79547762516108189        0.48807667880934040E-001   0.88132158501555646        0.36150437260047220E-001
   0.85144385867199734        0.98758147241406954E-001   0.31068743465923404        0.37100818641236918E-001
   0.79384780910569086        0.48318559931297189E-001   0.49014126731183782        0.34050615836009226E-001
   0.35604933788059942E-001   0.97937428191894355E-001   0.40695586846237719        0.34430624806164371E-001
   0.97942850942478299        0.48836726612729232E-001   0.20093376281345117E-001   0.36670738460935222E-001
   0.48840989975942672        0.49421205348697983E-001   0.41119098209387533        0.35849057840375190E-001
   0.45565835475814631        0.98585200507223192E-001   0.84116466859732753        0.32290186044226565E-001
   0.89175719446521459E-001   0.99045183967888972E-001   0.98777964446621247        0.34512381950544742E-001
   0.71616949950830035E-002   0.98466711848367014E-001   0.87479141201038690        0.30759483061988654E-001
   0.20855667647178611        0.46764583875392500E-001   0.38939169591606693        0.30690472645959289E-001
   0.86385907810149098E-001   0.49046516136053903E-001   0.29540695612764852E-001   0.30682361330583181E-001
   0.57753587028732156        0.49258011888258145E-001   0.47654379882713031E-001   0.30782406341175305E-001
   0.10035257194577719        0.98014807027920814E-001   0.41567298899577837        0.30737969474402646E-001
   0.18791969602272265        0.98838213709299128E-001   0.64452231305692692E-001   0.30634133118166939E-001
   0.60163982659400306        0.93239381514763395E-001   0.14183418795566155        0.30761039018154360E-001
   0.54137251829296185        0.99560287085744659E-001   0.31721295560694596        0.30692388868636396E-001
   0.21658500915398676        0.55589797273189349E-001   0.18958380195374458        0.30757994253935723E-001
   0.49395073303576460E-001   0.97985673234697312E-001   0.82717596558091555        0.30784711952225499E-001
   0.86131852833064360        0.48289056802453878E-001   0.51713068395192885        0.30713225844102625E-001
   0.98460915461696330        0.47086084500568975E-001   0.71714737185186306        0.30793181958424995E-001
   0.83777071537290304        0.48135085717546655E-001   0.63793180301441466        0.30743279018975649E-001
   0.50397807815208133E-001   0.48173157169458164E-001   0.78294911387587540        0.30756426630517697E-001
   0.64315386148364451        0.98496500067833323E-001   0.60052662765261763E-001   0.30628705276070107E-001
   0.89073115536906922        0.49053330626990369E-001   0.45399246387431808        0.30667329948652431E-001
   0.92402727201886758        0.44863894762604412E-001   0.39666471073300175        0.30759749118140559E-001
   0.74421002462507446        0.47445905902477638E-001   0.92446038449877321        0.30730309356141489E-001
   0.62286827344460172        0.48532067397784345E-001   0.89332850974065001E-001   0.30720489465321004E-001
   0.21750498205272992        0.97811597702424827E-001   0.68660662575698606        0.30665672693211944E-001
   0.59443125642776840        0.49199630532248545E-001   0.85300083635796298        0.30681839257613922E-001
   0.97953368535746133        0.48839985230958199E-001   0.10911595451904109        0.30698718936431349E-001
   0.14837676926237758        0.48017654025128066E-001   0.52679821084534650        0.30706577134463266E-001
   0.29198923073830813        0.34097602108932611E-001   0.93443983374637118        0.30689933925243468E-001
   0.87264997198536687        0.48793696512340612E-001   0.21191708589329503        0.30668061934551048E-001
   0.45507563227306327E-001   0.48048152498918688E-001   0.88266529386682746        0.30758504682076717E-001
   0.87967606417669014E-001   0.98138228651647952E-001   0.47589497766429001        0.30722944667660509E-001
   0.81499078096238042        0.48213038890589387E-001   0.70259923026762872        0.30741130187542709E-001
   0.95271262883270103        0.44967866774148636E-001   0.47308635481697364        0.30704678864513026E-001
   0.35912430168144616        0.52126703432861715E-001   0.70602710981979455        0.30780628534394439E-001
   0.38207048215576361        0.47029331470720692E-001   0.13379069958356291        0.30750999588245495E-001
   0.78666963773464060        0.98737272696046069E-001   0.16509804212088867E-001   0.30715933386418048E-001
   0.69886403640534958E-001   0.97952566458804971E-001   0.63122785776655521        0.30749379352015112E-001
   0.59070952526633591        0.43881989366266763E-001   0.17698365658886123        0.30768974633981462E-001
   0.35908912118756969        0.19847321458859447E-002   0.66973205573719097        0.30739606271451114E-001
   0.76009850361925457        0.49251363397392854E-001   0.73375724571442824        0.30735081332158687E-001
   0.76641933499900039        0.48229893649564863E-001   0.46716093832961214E-001   0.30693669066143899E-001
   0.63675443555221478        0.49547684404087300E-001   0.56339131760548122        0.30741214182051186E-001
   0.89671383017533779        0.48794755912625574E-001   0.30331189954538740        0.30706281822182040E-001
   0.69386085217843418        0.48833085488980320E-001   0.61750814717688685        0.30679308667549528E-001
   0.12158891895728186E-001   0.47641139956306637E-001   0.83102992018729438        0.30656872928515676E-001
   0.98141700834903434        0.47470607824483806E-001   0.57570566127153810        0.30765396340098145E-001
   0.29866282968993918        0.95991425741757175E-001   0.88630468366732584        0.30711365222288699E-001
   0.53818003005160442        0.48677881916109660E-001   0.32102676591633017E-003   0.30691867318957400E-001
   0.89035354075871398        0.98920891696177876E-001   0.18068913342070264        0.30768466047097182E-001
   0.88773915024017658        0.98405826829305723E-001   0.72961678777389338        0.30724396598880009E-001
   0.23919880073621258        0.48049824672048824E-001   0.70031944687845002E-001   0.30766781265945033E-001
   0.55112460373054584        0.49851215089323490E-001   0.35394569181687435        0.30709616464067776E-001
   0.41144219044945413        0.98385859839082296E-001   0.24415062367024784        0.30775469031068630E-001
   0.13440928223179249        0.47030375073819665E-001   0.98263464952445090        0.30657088556086568E-001
   0.83156077426784186E-001   0.98613619645438494E-001   0.12467709353213560        0.30711716578151933E-001
   0.26775695409540345        0.47762641033945057E-001   0.45394554305761503        0.30746666143341404E-001
   0.51275512006796298        0.99130810437543959E-001   0.51044918077947066        0.30749765533496443E-001
   0.72066650378267694        0.49397566771114031E-001   0.68090980272582446        0.30703880191196582E-001
   0.91006915928261012        0.56514561151909500E-004   0.34954091466703319        0.30798482134329747E-001
   0.98920359539793190        0.49072231507632347E-001   0.42280786297472894        0.30699629952413501E-001
   0.38156703661129893        0.98094601663690384E-001   0.44170120678585084        0.30671895024182560E-001
   0.39779774442931504        0.49007935441825495E-001   0.84299398233677880        0.30626285416245076E-001
   0.66728620906440161        0.98648933503105496E-001   0.25196655235550913        0.30744306816393802E-001
   0.36133758364772665E-001   0.47974038236821406E-001   0.64312849055480559        0.30704634846809412E-001
   0.55600750138690591        0.98201369045511133E-001   0.84964562716940706        0.30751865704865149E-001
   0.55597386635008850        0.48568096180712637E-001   0.80193757134817700        0.30699638582714774E-001
   0.59367553319579081        0.98918084312603738E-001   0.34937457157503521        0.30709987458576116E-001
   0.44965562871024450        0.48578105786281425E-001   0.99850887713727876        0.30736631869000247E-001
   0.32040144900318213        0.60652008813604247E-001   0.42504350997135970        0.30669618635562553E-001
   0.86950646710745894        0.98944245129261713E-001   0.33760162950286048E-001   0.30670456263479789E-001
   0.91370519686307505        0.97983216060347197E-001   0.49102261470622327        0.30756527897952458E-001
   0.97219350497911594        0.98206971039854651E-001   0.53066273433686317        0.30764005488851904E-001
   0.12291703549155750        0.98082980699584293E-001   0.60005585093589175        0.30728961726783001E-001
   0.87265834749518745        0.49866100637855779E-001   0.14777705409161007        0.30693984631608332E-001
   0.26562555769569579        0.96009085276104189E-001   0.64856648460862876        0.30665885715201385E-001
   0.33081825339234108E-001   0.98646607870129605E-001   0.19366133831145022        0.30800528391871369E-001
   0.27090136482457666        0.48028426655723787E-001   0.21821772685073179        0.30764131886376792E-001
   0.29114117673909728        0.95289095421869183E-001   0.98287054434416787        0.30738812789214164E-001
   0.51068765591861276        0.49148075541775409E-001   0.47465654119737283        0.30714426067337132E-001
   0.21994551556532144        0.47365911723702886E-001   0.63582064699371321        0.30664274523456107E-001
   0.24160769547071692        0.48149483644213030E-001   0.98577804118161449        0.30660385824121970E-001
   0.16579744469048871        0.48869279639267911E-001   0.36337203299764385E-001   0.30740848644799833E-001
   0.98016648946133322        0.47968230943569140E-001   0.77867448506305192        0.30683771058199142E-001
   0.55218201024021030        0.98874935085718707E-001   0.61333881333886464        0.30655074624794179E-001
   0.94912708906853338        0.98317154124345829E-001   0.75840047487734397        0.30659058154138066E-001
   0.72854923077567213        0.98621589485581085E-001   0.24376551312447736        0.30721529995182725E-001
   0.96977999677285942        0.98853195906245209E-001   0.30676732614241869        0.30701108063828815E-001
   0.69308531052765043        0.98923022492627188E-001   0.23668006279607544E-001   0.30662187767177801E-001
   0.58596979123955129        0.99301955709123313E-001   0.82621465710828679E-001   0.30747145701937154E-001
   0.92359009016488947        0.48251408316142441E-001   0.73354544396177013        0.30562622371282943E-001
   0.20195799398691841        0.48830023465249395E-001   0.74456549371468816        0.30651230949932669E-001
   0.69550732258574932        0.48600671592169735E-001   0.96222436505476505        0.30675922513453392E-001
   0.39417481121648085        0.48723748803771880E-001   0.54215802733212215        0.30876335432952654E-001
   0.65755312284196443        0.99078402500156648E-001   0.86686307731480761        0.30677317324241497E-001
   0.41758211446577181        0.19810354738079633E-002   0.65092683195129553        0.30700992495606108E-001
   0.85660119225469966        0.48320248826127322E-001   0.74787397770862252        0.30700387965010994E-001
   0.11485456387548187        0.98048743350463874E-001   0.53911371586625989        0.30710722623325117E-001
   0.28934578671242855        0.49698418968898705E-001   0.37082370120340080        0.30692467424405227E-001
   0.11765319866777905        0.47813777436913667E-001   0.71811550447229366        0.30739409480477348E-001
   0.69885312962703439        0.99513510427010066E-001   0.16879990226179151        0.30765606424819299E-001
   0.23040802278173653        0.97377636196880765E-001   0.59699161386097055        0.30692359192338665E-001
   0.40385186417298835        0.49377404571143257E-001   0.29369555251428858        0.30717980107671069E-001
   0.33043140559148609        0.22574663174826262E-002   0.37940377345002729        0.30681334579487345E-001
   0.39665405940873394        0.48732729815906581E-001   0.75464487259325175        0.30718146280302470E-001
   0.84666393645821503        0.46907861159498715E-001   0.94109629971825037        0.30718432906784447E-001
   0.92657439212683845        0.48762299442624141E-001   0.18247434504460069        0.30719107961384020E-001
   0.75743432498050586E-001   0.48675896073549961E-001   0.32024434695586035        0.30665426313721537E-001
   0.82128687863332483        0.99822268373557413E-001   0.22306432113909841        0.30713181382544971E-001
   0.62109771902059319        0.99730459391300069E-001   0.72194402455412010        0.30675776200671596E-001
   0.16878820111488788        0.99017480599235444E-001   0.42020988669845044        0.30671448918354542E-001
   0.61090157255100352        0.98332184026896557E-001   0.82006026009970001        0.30701484835392624E-001
   0.19750452829781265        0.57510635359837269E-002   0.15870313215012316        0.30688133911784970E-001
   0.79162668076293075        0.49672950441585234E-001   0.10447394419265389        0.30723931320182692E-001
   0.30305387714868215        0.98821599597661708E-001   0.32440284835029937        0.30677043123299382E-001
   0.70326973253650393        0.98847973629420313E-001   0.82547392834365652        0.30661558900503916E-001
   0.31344115563610309        0.98609897534009880E-001   0.47333947346113092        0.30768291635453651E-001
   0.14437114546219854        0.98906602869880150E-001   0.12847640154197687        0.30618718468843859E-001
   0.82034893521737140        0.55455151403141105E-001   0.18052365768441311        0.30614480767797894E-001
   0.20582863879739802        0.48673232111220349E-001   0.25032210774906466        0.30669243540700806E-001
   0.75697381199362956        0.48060185147092344E-001   0.82661484717307709        0.30694996361853310E-001
   0.83442537321847565        0.95118244891404496E-001   0.97776572098051784        0.30706823409155908E-001
   0.53910833962948590        0.99867704456837278E-001   0.41038392583083873E-001   0.30726023712319240E-001
   0.34331849547803106        0.98929728674051740E-001   0.84306367172546282        0.30706466182446001E-001
