 3 HS poly
 400 2
 281 119
    1.0000000000000000         0.0000000000000000         0.0000000000000000         0.0000000000000000        0.10000000000000001         0.0000000000000000         0.0000000000000000         0.0000000000000000         1.0000000000000000     
 T T T
   0.69274974309009574        0.95791024351164877E-001   0.24464984622488672        0.34738670839255123E-001
   0.41013593073735166        0.95549302465979702E-001   0.32483989625316428E-001   0.35315259588555213E-001
   0.52081540380974589        0.95712964310413595E-001   0.70512853416559340        0.32708991440861965E-001
   0.63739250074129783        0.95831674276528875E-001   0.20340070666938356        0.34212144348943992E-001
   0.61466832376506664        0.45974794601035741E-001   0.95695070187114661        0.34827640024352360E-001
   0.30341127869720985E-001   0.95750058500233201E-001   0.96760338132821666        0.35287174554891727E-001
   0.62821647894621480        0.95439901339946731E-001   0.27264182754574628        0.35568603452762623E-001
   0.40686763715357688        0.95577856548597240E-001   0.81216365448822225        0.38112022317092667E-001
   0.49383823613914185        0.95598265463041565E-001   0.76528935179905533        0.33120608258299884E-001
   0.76213088465821854        0.95576885575996501E-001   0.65967513037548653        0.33291733540378475E-001
   0.56359146044100228        0.95515018235966531E-001   0.64643036196744119        0.36639612073701394E-001
   0.26812188766298728        0.45136147419427251E-001   0.16795014881108750        0.33995008916593711E-001
   0.19387924889409783        0.46227142944585187E-001   0.63266280026277710        0.36047101049732404E-001
   0.91184754090503362        0.95690101524489452E-001   0.23457851852162748        0.35487572588248438E-001
   0.77476721990032238        0.33909947133513897E-001   0.71156667152475139        0.32432636710587971E-001
   0.51283828563015832        0.94948248104359839E-001   0.20172737214314965        0.33742280481729656E-001
   0.39614942723875507        0.45504860391376231E-001   0.91902643462609379        0.35297889986255118E-001
   0.93535684027003296        0.45606216876169947E-001   0.75219993377361141E-001   0.33999098405166198E-001
   0.95243127563532737        0.45670265603144453E-001   0.20471082199231197        0.35433500146459976E-001
   0.47499168588007051        0.95164312939276671E-001   0.12547448322909335        0.36219541733963800E-001
   0.43596002316245508        0.95579465442284656E-001   0.59403089536856357        0.35649815080969177E-001
   0.37969899952768317E-001   0.93224715668093053E-001   0.41199202682823699        0.35743508487708742E-001
   0.31986624487893123        0.96305932397715663E-001   0.43461362929062303        0.36342343826418030E-001
   0.82005388601404006        0.45528213171674714E-001   0.30926373256151141        0.35254993529055187E-001
   0.35722457117050721        0.99316084801871263E-001   0.23897145617695556        0.36722045646645204E-001
   0.68334438863528102        0.45788982505567788E-001   0.19871702343123784        0.33784384260969226E-001
   0.59728218474205164        0.95785042636980108E-001   0.41339996540530116        0.33422118765063839E-001
   0.28527046209409068        0.46884663315815034E-001   0.32942569584180492        0.37452460451587025E-001
   0.39389072947519571        0.95616440464265817E-001   0.10159268282702469        0.35082680125532444E-001
   0.61070868102444642        0.45791472635800107E-001   0.16553120776127253        0.33920800338573857E-001
   0.19171516890907281        0.95387141168974413E-001   0.73820427073128558        0.35067238852444081E-001
   0.60479480385960044E-001   0.45655836999200956E-001   0.80112101451866324        0.36111014759242860E-001
   0.14221646039646491        0.45328129423978340E-001   0.41511249725696964        0.34135977532141148E-001
   0.91243409594413816        0.95454025595784281E-001   0.69301831038538031        0.34918157222047184E-001
   0.24583950484831119        0.95372701127004078E-001   0.62028364028768779        0.34338293153233224E-001
   0.82585012380942746        0.95327415011579805E-001   0.69687138586068198        0.33174892111270393E-001
   0.72339711008828922        0.95462113627378359E-001   0.80420114978878277        0.36492543191692872E-001
   0.69690740153307040        0.95489826341793746E-001   0.31245229270410985        0.33147288593048593E-001
   0.16935495462910710        0.95290479622276464E-001   0.80978773447737384        0.35847164432304637E-001
   0.52817431057716735        0.95388518930481100E-001   0.41289552257083412        0.35574175430749887E-001
   0.73826073517222934        0.95510546763786772E-001   0.50407492889292882        0.35847595248839528E-001
   0.63585567045701685        0.95778611227900087E-001   0.34287251548584435        0.35053083692769077E-001
   0.49958765187463761        0.45506395696537610E-001   0.37083004057062025        0.35639699649508118E-001
   0.31102217863701137        0.95465749699703950E-001   0.14526395509891954        0.35445243332665882E-001
   0.55041413214550150        0.45602124013032791E-001   0.59247177962115716        0.37984048274227127E-001
   0.84833433925188206        0.45304094116752958E-001   0.81696800748445164        0.32402193484239825E-001
   0.11844427057416133        0.45600571197564721E-001   0.53044214224823993        0.33543959726509011E-001
   0.80354050219209738        0.95398704673808649E-001   0.41551026227537102        0.34303337621234248E-001
   0.11574214692685249        0.45476005152743915E-001   0.87896314241094831        0.32727901181678822E-001
   0.58785474937760773        0.45920290093032362E-001   0.90063534048577878E-001   0.35680308248458789E-001
   0.26709104710077014        0.96871448268912946E-001   0.28183870669138733        0.33852012690816148E-001
   0.83469051395105731        0.45427780571036573E-001   0.74747336127946273        0.38356459022632364E-001
   0.10570265066653450        0.95637721377176327E-001   0.77925727895230323        0.34704364594947634E-001
   0.17463155031917132        0.45391748224496070E-001   0.91202548300086150        0.34707090443952975E-001
   0.97228526531052450        0.45688133415514032E-001   0.55469997092838808        0.36231578263858560E-001
   0.95761306226996856        0.95469929340751339E-001   0.97642999470710623        0.34496077415742871E-001
   0.10279862196728881        0.45320104289960063E-001   0.35718667722798458        0.35840537076904697E-001
   0.45369837162048898        0.44937628803084183E-001   0.78750598118992110        0.33914172598490305E-001
   0.72461602851035189        0.45506543978594098E-001   0.11694309173268604        0.33486285337946640E-001
   0.67176409627021938        0.45527475046595968E-001   0.81287997459411809        0.34769462612037581E-001
   0.86652780496502532E-001   0.95534324207396451E-001   0.91268803582752855        0.34166025438248898E-001
   0.34069829933301465        0.45142008285446740E-001   0.66463201627571489        0.38365487222060408E-001
   0.39517596965259089        0.95124169007208478E-001   0.65336722846513196        0.36352031277355701E-001
   0.54753257529978083        0.95201191134464333E-001   0.13630041729232770        0.36825792739976625E-001
   0.10648138555139171        0.45404442166558950E-001   0.95070976706120902        0.31597201572299026E-001
   0.52345925430834339        0.45417714751123266E-001   0.30608312852223990        0.33203800330931642E-001
   0.42617791833220370        0.45396582267461551E-001   0.36144451902340752        0.34667374945701011E-001
   0.40591274585115555        0.45140574930291964E-001   0.70230156054287662        0.34378317659353466E-001
   0.30738513478974966        0.95541279667336609E-001   0.84584938054777303        0.34207151873124446E-001
   0.14689490535059821        0.93991663968762365E-001   0.18450239699070797        0.36938070258419088E-001
   0.58269627566774496        0.45595911501931284E-001   0.69179959745560116        0.33466665391692393E-001
   0.72479353837295235        0.95617468896542240E-001   0.57197419739405331        0.32674196445566815E-001
   0.59386176923337508        0.45803347603173485E-001   0.31282167982809889        0.36803082622202797E-001
   0.63781193607374320        0.39917402954570844E-001   0.44758235403971708        0.34180006337434773E-001
   0.49047499314155374        0.45544817425741249E-001   0.50495224162254881        0.37547681088528698E-001
   0.73771148852020896        0.95456115279730192E-001   0.43386274416565807        0.34009623561777544E-001
   0.18946598716241869        0.96559486513057818E-001   0.43807804290029578        0.36381095141310597E-001
   0.69853134780933979        0.45385092976612203E-001   0.97312575135021795        0.35264425893312266E-001
   0.85410594870363443        0.45507208452764757E-001   0.88490373910088072        0.35709768560743607E-001
   0.58897546803800194        0.95552569326563794E-001   0.55599881935009710        0.34867273093376373E-001
   0.14903962458413333        0.95432888759434856E-001   0.95170458764123356        0.34030174394065867E-001
   0.71856694656479470        0.45449081572972359E-001   0.67623150351550287        0.34939980446404471E-001
   0.66824720619464828        0.95588435555918283E-001   0.49641158182438766        0.32985284766345421E-001
   0.26056626359981522        0.96520201524027349E-001   0.75452415233936121        0.35445450125517773E-001
   0.22419943438090029        0.45538153279544795E-001   0.18702810954676991E-001   0.34720328768477859E-001
   0.29364247732141241        0.45435268960084867E-001   0.60887961917615707        0.34527738837128522E-001
   0.66137265068305584        0.95852550167179473E-001   0.93813688327752376        0.35782660007222272E-001
   0.92190631439645199        0.45724576924748829E-001   0.42568473773936222        0.36936711058887239E-001
   0.74215090863161481        0.95251053735970065E-001   0.23510839491725343E-002   0.34538450154572110E-001
   0.81797960353107191        0.47167537753400088E-001   0.58557078848516064        0.35964002909012305E-001
   0.10540495277634834        0.95322643233523296E-001   0.10785025263834257        0.34716644996686759E-001
   0.99731908607805686        0.45566756941205072E-001   0.62393767535251568E-002   0.35857444518017034E-001
   0.21338857915938569        0.45435495672255403E-001   0.78153376895334548        0.34502007578865151E-001
   0.88975149794889841        0.45649676810397367E-001   0.57882771392701771        0.36042315752354448E-001
   0.89924156973361868        0.95719956067401746E-001   0.47249079998291171        0.35096848312946495E-001
   0.47811279905189175        0.95347404338019359E-001   0.83255952378456477        0.35943722697542355E-001
   0.42423363465312142        0.45162873202375164E-001   0.14566964170611010        0.37790238606945588E-001
   0.28990098625538813        0.95204883672339646E-001   0.68845733170827994        0.36700629626129168E-001
   0.65275528837285268        0.45687994424936984E-001   0.65292791074142109        0.34775946433759211E-001
   0.33336198992136457        0.45446830508720969E-001   0.54610681453706833        0.35322117106556528E-001
   0.45834093755010380        0.95435646662064333E-001   0.39447179549774092        0.33301492196536345E-001
   0.37711468323409475        0.95156721497283964E-001   0.17002589425139758        0.35092721043004545E-001
   0.93679307522263322        0.95758453331364193E-001   0.37606044236091640        0.35040996384260843E-001
   0.88709851219585623        0.95507337488525190E-001   0.76246784683438851        0.35494152031892427E-001
   0.70394277997730648        0.45545683742562793E-001   0.46737986021222416        0.34926694521338265E-001
   0.19630569221512639E-001   0.95669839286008682E-001   0.76987594886067545        0.35580623419201096E-001
   0.50733984698874246E-001   0.95229821363045697E-001   0.25034233823187174        0.33777119863601629E-001
   0.72646617603570207        0.45469834895003031E-001   0.84988522978100178        0.31201967518659387E-001
   0.23505898486796581        0.96725654441263589E-001   0.34532125271627884        0.34995388116037668E-001
   0.65566587674674781        0.45587409881739462E-001   0.11255661400492095        0.35445419384211169E-001
   0.42319665811767399        0.95543064528710642E-001   0.96228234246931121        0.36088682544154621E-001
   0.46290769327430520        0.95207866976722039E-001   0.67321674054134462        0.32870315819565343E-001
   0.68344946441400567        0.95885550811973030E-001   0.86435058437405643        0.35681503886505740E-001
   0.37982017749725161        0.45693363286108728E-001   0.98929975905438750        0.35293714915018849E-001
   0.21974948860845059        0.46686945863474681E-001   0.29959998752930894        0.34405987538061351E-001
   0.52442674396594524        0.45374503425238681E-001   0.82006094003649743        0.33305205592232247E-001
   0.43954013454119134        0.45740367974558972E-001   0.73790075067021579E-001   0.35639859291400539E-001
   0.13731077661319476E-001   0.45754759212496755E-001   0.28442627773962026        0.36314109554464791E-001
   0.81196711607361827        0.95654411816040591E-001   0.98918526426040232        0.36360260418101913E-001
   0.86984775396777098E-001   0.45373168621723303E-001   0.28494346405280607        0.36910773637422949E-001
   0.10918528532843297        0.46193825414963002E-001   0.67738488704778077        0.35853443817577157E-001
   0.27577221924196105        0.46345222536884056E-001   0.46073026878306439        0.34943581161047746E-001
   0.67950214704700057E-003   0.95837608610333802E-001   0.35609827473973277        0.31334256585168960E-001
   0.37953919842323830        0.95603535167607098E-001   0.51530489875231233        0.39200737625696501E-001
   0.24011158711104941        0.95586701016741271E-001   0.82427421728156836        0.36353977766505056E-001
   0.77326349009372283E-001   0.44962222764954832E-001   0.58308061229576102        0.33055615108117331E-001
   0.89177955772952444        0.95368677103205707E-001   0.83371112999556451        0.35863032805961363E-001
   0.84730193614754634        0.95340366223544123E-001   0.20467033521691749        0.35621404626869649E-001
   0.60066679822548763E-001   0.95649209101394517E-001   0.70391259104707893        0.37955476512342427E-001
   0.89452316163909240        0.95683540514460166E-001   0.52414935439969411E-001   0.34072949011871759E-001
   0.28649656545579560        0.95553128779021196E-001   0.92520086509663135        0.32553709190124680E-001
   0.63485941289329917        0.95284451033677484E-001   0.63572267139014579E-001   0.34076214527552794E-001
   0.14655444359222439        0.96217086845726940E-001   0.64576303515199229        0.34025379635558940E-001
   0.81041107642058108        0.45794310695999263E-001   0.24061401932677737        0.34042099286376228E-001
   0.55486251786211038        0.45632114905127114E-001   0.91526578558627847        0.37853692595822608E-001
   0.27201771258382956        0.95672841835741818E-001   0.99021927070995797        0.33749640823479164E-001
   0.17491023120246751        0.95585891552264574E-001   0.11769135237909178        0.35473041193953857E-001
   0.35312343722399386        0.95480291358372216E-001   0.94614700711710542        0.35773582826960276E-001
   0.74451540383485726        0.45593012702474567E-001   0.31951011013018138        0.36137848226018107E-001
   0.98200692341478690        0.95749546524034723E-001   0.24463667635303532        0.34989352693919951E-001
   0.32865915749048280        0.95526241337532417E-001   0.79777573130930035E-001   0.32357382536047259E-001
   0.68314523823976758        0.45383841029827295E-001   0.35559235792186972        0.34176063798242506E-001
   0.36849469431982751        0.45554954161606188E-001   0.58867738638995880E-001   0.34864050074680977E-001
   0.16124981504587246        0.95356325641011389E-001   0.37479000911712423        0.32789271583388180E-001
   0.90106542636732512E-001   0.95478510039848918E-001   0.84504762972647141        0.32895451646466185E-001
   0.39067187998694791        0.93775977463410709E-001   0.44208094434078959        0.34785783103843795E-001
   0.69949093865867606        0.95790944521595547E-001   0.15573068498637116        0.33895825047576746E-001
   0.78379599480227791        0.45473913421760957E-001   0.82238682675495323        0.32356284811025690E-001
   0.94638546007058855        0.95527317289339608E-001   0.90483748377655493        0.36216392395735597E-001
   0.33313109507063737        0.45096282835231941E-001   0.19001904096861849        0.34298596750660562E-001
   0.33174159618131505        0.97309808081623497E-001   0.30536050951351601        0.34416988073233470E-001
   0.75064975784271859        0.45603854595257162E-001   0.61226522965045305        0.36465548651723245E-001
   0.14669374543272637        0.45605424296774506E-001   0.74389977173409894E-001   0.36413168644501455E-001
   0.98694794203577196        0.95661304803502240E-001   0.50541019171165635        0.35469714313165646E-001
   0.33857654320896757        0.95714226893755305E-001   0.14300517121506706E-001   0.33831324747456218E-001
   0.25406539864561867        0.95769835177446416E-001   0.41121732589312260        0.33447109041586681E-001
   0.55122181101249668        0.95160221010895718E-001   0.34526611053569306        0.35858110509685168E-001
   0.15450632447300144        0.45457382958110422E-001   0.15359432534832673E-002   0.36748854885910107E-001
   0.84133158601446745        0.95363964293052356E-001   0.13359484606210748        0.34806018656325412E-001
   0.66422766788648890        0.95273199501112404E-001   0.76488399996996315        0.34538122455014697E-001
   0.51938273149227854        0.95563599200676461E-001   0.54903013683911883        0.35065447475754151E-001
   0.65811765784415488        0.94356368216115621E-001   0.56333567564491660        0.34565044869868736E-001
   0.24186410719329057        0.45462162733854873E-001   0.94797095233115303        0.38157806456835919E-001
   0.37031884144539634        0.95517402596289519E-001   0.87605713371414984        0.35438454183054191E-001
   0.69135775097088792        0.44400271152883419E-001   0.53347778249856415        0.32340200802712674E-001
   0.38071732685908433        0.95344999952841791E-001   0.37399530179240997        0.33985261652815728E-001
   0.47461090189807292        0.45130043278236581E-001   0.71999592061284712        0.36531990790214276E-001
   0.46972443887324427E-002   0.44714068766708165E-001   0.77150140516827614E-001   0.35361570438406216E-001
   0.88094529055847071        0.45697872716472278E-001   0.27327731193581711        0.34871596892967718E-001
   0.24351019879523828        0.95029902353870530E-001   0.12883675375958459        0.34010036150142614E-001
   0.23659824962427644E-001   0.93161930496690110E-001   0.83914093311656412        0.33785018062618473E-001
   0.88556520253193260        0.46541653968971294E-001   0.16656414786560997        0.36387492663220743E-001
   0.45763706083242506        0.95565240857677758E-001   0.46328589108383467        0.35337847409763680E-001
   0.48037156898170208        0.45627527571706405E-001   0.57563312781598097        0.33628470916689607E-001
   0.77967427059136607        0.44940720674328402E-001   0.45987730706026186        0.35809644249651711E-001
   0.10977211533689494E-001   0.45589290754439640E-001   0.14616814740179127        0.33812282156563053E-001
   0.51537626451209873        0.45329473137669489E-001   0.97467011513086135E-001   0.33696795517333150E-001
   0.33361377679573589        0.95167689679696604E-001   0.78010774020449913        0.34641172175342481E-001
   0.62686949137657144        0.95588182775345934E-001   0.82160002273221899        0.32858755964543150E-001
   0.82893163186749697        0.95590057638370252E-001   0.48081215339571182        0.35702258264662078E-001
   0.59683973172227300        0.95585371339048000E-001   0.74343263088698863        0.36181760181897220E-001
   0.58791563786325773        0.45578978829841965E-001   0.84598233756260355        0.34972805620858881E-001
   0.51173574363979228E-001   0.95170603414782853E-001   0.17417735476768814        0.35888851566010654E-001
   0.20869865271424876        0.46656936783563606E-001   0.38897734362729008        0.36220615918726759E-001
   0.92277761301747308        0.95681541044469159E-001   0.53927072963042777        0.35704873984199373E-001
   0.98536370422495989        0.42877340343591301E-001   0.86778018606105023        0.35186605850384800E-001
   0.85743581555755544        0.95519936945782827E-001   0.33918988240129672        0.33957269684551643E-001
   0.91913933519923541        0.45527654713628352E-001   0.86901674162707088        0.31054122798807843E-001
   0.80717845116064879        0.45629650429481854E-001   0.65470988257201468        0.34028271418994394E-001
   0.92329353605525843        0.45577521155573585E-001   0.64309182670632137        0.36417225518227576E-001
   0.96800464018192045        0.95551616441174048E-001   0.44036813561020821E-001   0.33299787333542628E-001
   0.78193460362496503        0.44830059672920947E-001   0.30881433177217320E-001   0.34575780243631768E-001
   0.75052581290362727E-001   0.45445018884960720E-001   0.68916728717351175E-001   0.35403200585955634E-001
   0.45456995342508161        0.45513412934621668E-001   0.29619128484940582        0.36360905244283086E-001
   0.97948348172606559        0.95621945980752646E-001   0.71202414289369220        0.34734375056748097E-001
   0.21697021030301696E-001   0.45250742775282127E-001   0.21408911897858979        0.34422247290021010E-001
   0.54198134976973766        0.95662307842489719E-001   0.86368660448062040        0.35086697786258607E-001
   0.35953383949715428        0.95196481714133682E-001   0.71536290429996108        0.34951998104727634E-001
   0.62368659907690949        0.45547162191356148E-001   0.51736479434227545        0.37132282523730888E-001
   0.31114670368362696        0.48318259034115726E-001   0.26177072108953853        0.34277795229053151E-001
   0.12582795769678007        0.95695563770861303E-001   0.57860553268029269        0.36138920721591569E-001
   0.15009294348873381        0.45611031082209243E-001   0.75791241630790163        0.32720730576909801E-001
   0.81633560210272993        0.95232420689730646E-001   0.91905531941789487        0.33804159655704755E-001
   0.23700291507741833        0.96442685770948264E-001   0.49178367056419658        0.35319572561673590E-001
   0.29525941891379737        0.45611718908730392E-001   0.30484587714151152E-001   0.34054748265347864E-001
   0.80969591735095814        0.45368770020145090E-001   0.17120335073562143        0.35298180616569183E-001
   0.97201589420650736        0.95673320215390406E-001   0.43679216127107851        0.34656519046995939E-001
   0.55676025229949055        0.95592009843731576E-001   0.97036342810431808        0.36545122180153336E-001
   0.87286561800167817        0.95703315177257609E-001   0.40692767019892934        0.35512816422104604E-001
   0.78769081783581607        0.95485480060470820E-001   0.34752159556432810        0.35465557330236104E-001
   0.88252314824830502        0.95544171992338292E-001   0.98384549280128242        0.33783729714671806E-001
   0.35372922524232225        0.45534727400097390E-001   0.82722119002275940        0.36316129177151900E-001
   0.15692112063714342        0.45539779485944232E-001   0.27150348266667024        0.34304368067646356E-001
   0.90957105033103280        0.95379930928448209E-001   0.11989371696927517        0.34571951205426554E-001
   0.41787408686184124        0.45579905562343426E-001   0.55060226090865139        0.32981881322880408E-001
   0.79897284416575420        0.45615518940873928E-001   0.98835350380469714E-001   0.34687595177179058E-001
   0.54245772196396225        0.45589099289259943E-001   0.75099210926424742        0.38050675957207188E-001
   0.61240288653112436E-001   0.95229106828903148E-001   0.32966268560284501        0.34695992807277386E-001
   0.85296613492047468        0.95722151376572806E-001   0.54621173421069091        0.33856781186387373E-001
   0.34514133957425075        0.95439309853214818E-001   0.59841540125921133        0.37966266562634701E-001
   0.94834676217682989E-001   0.45430965962566169E-001   0.20501931361704251        0.37096102721470646E-001
   0.50292879568390558        0.95830262757447798E-001   0.92459325148988580        0.33326709229708165E-001
   0.76063871451977294        0.45487923648639281E-001   0.39066581457828420        0.35891762047503335E-001
   0.11807074904449608        0.95350222735773441E-001   0.24779843172897273        0.32592328815113605E-001
   0.75147873805064758        0.95243732414891522E-001   0.87950604187675951        0.31779067254913786E-001
   0.44310487234696105        0.95133162090466863E-001   0.19679434396640680        0.36087882422801934E-001
   0.86734222073631928        0.45400916160807603E-001   0.68410498984247536        0.32928945188906496E-001
   0.26559449812924341        0.45478953150079465E-001   0.86784473060782097        0.34473475369859140E-001
   0.76833065024091318        0.95478215582886550E-001   0.13994578042743586        0.36632261100693217E-001
   0.66968714589806877        0.85653616265709207E-001   0.40892792970187164        0.32288751663082829E-001
   0.86201535278949837        0.93368210335570814E-001   0.63214063789673025        0.36242021603070537E-001
   0.28672394795656381        0.45481205452566481E-001   0.10040665110227437        0.35953686760089108E-001
   0.36310875416209032E-001   0.95460362080354244E-001   0.37894421838541428E-001   0.34865840610004722E-001
   0.83280175281164148        0.45542447291340098E-001   0.37862342859302245        0.34264740757046011E-001
   0.49341500564070334        0.44370805883541170E-001   0.87872391019489760        0.33037754453208182E-001
   0.79152287051260550        0.95434000742359693E-001   0.77857938576252816        0.34524349928711132E-001
   0.38259317839763307        0.49248961389587287E-001   0.28596305506958675        0.36382436142043457E-001
   0.16313376956388342        0.46561348598977870E-001   0.47988837766560222        0.33908971706434171E-001
   0.12949719089000003        0.95382647051712594E-001   0.31450065064137972        0.35050149665932749E-001
   0.28662211479393451        0.45551043653889144E-001   0.80029196972895755        0.35971909195413487E-001
   0.30632961323325442        0.95151426700190389E-001   0.50481586999370187        0.34687668907965027E-001
   0.47789167821900913        0.44936918973781340E-001   0.23042416243112029        0.33257506889309563E-001
   0.81844842540435592        0.95473643698640503E-001   0.85044619041812985        0.34624035411922903E-001
   0.96280604230381794        0.45755761695241134E-001   0.33456325082884270        0.34922051684519631E-001
   0.32693743163375011        0.45539353103614635E-001   0.90228952354948921        0.35657027692855572E-001
   0.50132859389389695        0.95526160555947606E-001   0.61444580900511681        0.32780426786328670E-001
   0.45304119057158077        0.45541992711146659E-001   0.39463056126408476E-002   0.35490573967067049E-001
   0.71006457515467314        0.45487331279545080E-001   0.46192519317674492E-001   0.38707044058824483E-001
   0.64129025988259436        0.45872877664490934E-001   0.89174089685454716        0.35165908414925888E-001
   0.57040565783299013        0.45574834789485374E-001   0.45148829122248568        0.33443485752486894E-001
   0.24215716047385059E-001   0.95665014673486329E-001   0.57178927615079078        0.36339642198766994E-001
   0.11405152326258802        0.96667316749655327E-001   0.46810642256364704        0.37054058137904043E-001
   0.95996838619262614        0.95595462778466894E-001   0.60552553980560764        0.36054630977314713E-001
   0.29109916037653721        0.95282001050059462E-001   0.21244166244787599        0.34606961853728226E-001
   0.57786158803780296        0.45874205533172598E-001   0.18977937844340851E-001   0.36017773427687964E-001
   0.74143600557248446        0.45779192355108612E-001   0.24333246793337202        0.34879072285491940E-001
   0.54660066614050884        0.95885134554161811E-001   0.59892595440690644E-001   0.35730482684001502E-001
   0.25431350151444782        0.95509475575449504E-001   0.59311943368242658E-001   0.36349356681075459E-001
   0.92222795578292183        0.45542484954603370E-001   0.80710551670951057E-002   0.34394099306566915E-001
   0.43940781838071102        0.95695178719522322E-001   0.89256262528875951        0.35452919745999151E-001
   0.77402068791013323        0.95754387319147732E-001   0.27877510407279504        0.34486865556697673E-001
   0.31394627944769460        0.45162401016087886E-001   0.73444127044735141        0.35322158490666083E-001
   0.93545666179097098        0.45440601362470190E-001   0.74018794841849478        0.37449240100099465E-001
   0.98415745571514202        0.45580369818151216E-001   0.93724690006327138        0.34262871948408526E-001
   0.81866031009629081        0.95391597599235045E-001   0.57986179980301977E-001   0.32423586913007604E-001
   0.77141982695808264        0.44506295214777308E-001   0.95652074637269879        0.34280595085035503E-001
   0.91998207751635919        0.95707900329085410E-001   0.30631562585914296        0.36634950714493533E-001
   0.24634692621887302        0.45276671155907118E-001   0.23444388925649096        0.35969130006079660E-001
   0.22300212164942296        0.95453181858191641E-001   0.89544206011620608        0.36745952640487772E-001
   0.49881441713398911        0.94971072418984837E-001   0.26910496781335447        0.33142848982942744E-001
   0.86904775921316280        0.45342919474831711E-001   0.93783873045448884E-001   0.34837516750254129E-001
   0.18357831873823988        0.95570631846445125E-001   0.41873320271289809E-001   0.33684444650416548E-001
   0.20061158727075001        0.95472694914578715E-001   0.25464063788079883        0.34088842497964462E-001
   0.85296307988511877        0.45708399266003036E-001   0.24078291192041787E-001   0.36668280992742615E-001
   0.42980910232643948        0.95128475435198104E-001   0.74325010127538871        0.34493575268834370E-001
   0.51330066562108667        0.45528422998340159E-001   0.65926317303415671        0.35372995720279417E-001
   0.35688081023180149E-001   0.45665763003730708E-001   0.52020009073863605        0.35872368043835715E-001
   0.78257212699616163E-001   0.95621949577392132E-001   0.63208797761685287        0.35411441285023729E-001
   0.53658166946192909        0.95491544978078213E-001   0.48204067435499837        0.34042467426873627E-001
   0.75488970476052042        0.95079032631510171E-001   0.69408133128722529E-001   0.32004777816668772E-001
   0.84650428692791591        0.45482659595613699E-001   0.95397535533155975        0.33700931021229730E-001
   0.25388984167430545        0.45272251119542445E-001   0.66146291193795281        0.30481405494472660E-001
   0.48259143321326714        0.95538532885246760E-001   0.33084001407999980        0.30578337167102267E-001
   0.10338690397994557        0.95276375851108208E-001   0.40117077009725977        0.30582710857833175E-001
   0.45106626230156022        0.95571779568924542E-001   0.52940168333812054        0.30553588771469929E-001
   0.72888602568655403        0.98485563401302892E-001   0.93812598878133335        0.30566215160481445E-001
   0.46052539574083629        0.45075048816232310E-001   0.93352636406515377        0.30634977457143310E-001
   0.22230594398160575        0.94035183456869176E-001   0.19207318271368970        0.30572632895310085E-001
   0.60751875932114940        0.45003807326837411E-001   0.23396813337842773        0.30568579557341942E-001
   0.34586051710494364        0.45666918709409955E-001   0.47272889629700088        0.30577819516997506E-001
   0.78038403738414863E-001   0.95638222914672597E-001   0.53184881151323626        0.30588605693150469E-001
   0.83875797535643637        0.95675413206518747E-001   0.27049440261907509        0.30588080570367340E-001
   0.98460128083982401        0.45593084609712412E-001   0.67017025925122520        0.30597800182396846E-001
   0.74847493536232879E-001   0.45138857331429000E-001   0.13713407002352879        0.30649483896296494E-001
   0.74422205080271953        0.45263616573902370E-001   0.17799380356297470        0.30471089207814391E-001
   0.61406116867159366        0.95843674299479986E-001   0.12487318144976614        0.30560115650129501E-001
   0.69351560767324960        0.95438845572997477E-001   0.91361612499907360E-001   0.30628164377484855E-001
   0.40236962145844113        0.47220085812134764E-001   0.22101646435358477        0.30634545984339071E-001
   0.27833703483021544        0.95949008122338864E-001   0.56380286061514728        0.30591981425754613E-001
   0.43102121573773439        0.43700266853630675E-001   0.42672280518067879        0.30682941193480560E-001
   0.20396143488574600        0.46812833642946000E-001   0.15228359924686408        0.30605583608871830E-001
   0.12583972400972837        0.45554745512089448E-001   0.81645106730881634        0.30541367825627795E-001
   0.94306101562870448        0.48102989154006071E-001   0.49195449796638874        0.30560144169593951E-001
   0.43580874717788781        0.45619509602253638E-001   0.84943565283407663        0.30529067168109023E-001
   0.62159739878842291        0.95682138831600871E-001   0.68138016282574221        0.30556319772715480E-001
   0.55616530646006290        0.46109396809001280E-001   0.52363055135097947        0.30559360813935257E-001
   0.27044862651266793        0.45220451782960663E-001   0.52658915010252882        0.30496276692040865E-001
   0.69704684350235679        0.45063380390121116E-001   0.73881116027281135        0.30540636892283091E-001
   0.56384668783294356        0.45149370803959574E-001   0.38718446287960911        0.30524380539388437E-001
   0.88113787072169059        0.95514563212223680E-001   0.91928666494507494        0.30600284816764970E-001
   0.23234817690202453        0.45749844943570449E-001   0.71918020751824396        0.30577025533536129E-001
   0.16606188251355589        0.45405879693866676E-001   0.33611532726872356        0.30534599348188016E-001
   0.48435938792194495E-001   0.45560895816386907E-001   0.92828905924545457        0.30628014964361430E-001
   0.72114892745637349        0.95397802732603801E-001   0.37143679809189212        0.30512036460054445E-001
   0.36584758100752873E-001   0.45651941500765757E-001   0.36471995499815385        0.30643975079578778E-001
   0.51262430108840729        0.45824727721386932E-001   0.32519341520141083E-001   0.30550518812662120E-001
   0.75326092671899070        0.45536760762282913E-001   0.54523031535619393        0.30571359959269236E-001
   0.89097558607674557E-001   0.45652935580241333E-001   0.74065111443886611        0.30513435501535058E-001
   0.21200860497949039        0.97190122284600750E-001   0.67574885656773764        0.30624938042498162E-001
   0.23518594881824226        0.45376985039401366E-001   0.58009779345425738        0.30619759357604377E-001
   0.63737641284304092        0.45646246822717063E-001   0.72508276297302798        0.30531215956792476E-001
   0.94692552609464475        0.45453664336649768E-001   0.13876948741388878        0.30568633471042321E-001
   0.56144294082399104        0.95077979601057516E-001   0.80064481573429191        0.30629279789163421E-001
   0.12830498737071930        0.96624385671403648E-001   0.71726110972673263        0.30561345786771048E-001
   0.98861330786457380        0.45831712010747774E-001   0.80063429067167502        0.30610946545393754E-001
   0.61258194488340578        0.45779610743043632E-001   0.78512520719192458        0.30474142162198407E-001
   0.48907901353072125        0.45173805533251510E-001   0.16740513255969788        0.30508576640690337E-001
   0.69680554307543463        0.93196803843833498E-001   0.63161234874567285        0.30670324542170436E-001
   0.53331377637611602E-001   0.42937749078391992E-001   0.86738808805716250        0.30520373276410360E-001
   0.16771372305858751E-001   0.92640796240802709E-001   0.90309801420244340        0.30518290686952533E-001
   0.57460909592335607        0.94942889104393302E-001   0.21992876310734041        0.30624637206668193E-001
   0.61742155505496243        0.95857848921059641E-001   0.99936204901941073        0.30636404433959385E-001
   0.11485087978311140        0.95685546042579311E-001   0.43070023937162763E-001   0.30550074008122173E-001
   0.20952941671505607        0.46452280410550488E-001   0.52456696187353313        0.30463929936462329E-001
   0.11779300758501775E-001   0.95659303979520993E-001   0.64742330699632045        0.30574214401230961E-001
   0.77732635642920134        0.99167237234378564E-001   0.20848244490599835        0.30599424079611855E-001
   0.79531547271915928E-001   0.45611085479113057E-001   0.43529319517877779        0.30592095628502899E-001
   0.97703855055216171        0.95698549471701574E-001   0.16915493599145562        0.30573633944831768E-001
   0.16945105236858293        0.45619071306785164E-001   0.57065700055496138        0.30587854671060302E-001
   0.35586344557675592        0.48518985631802403E-001   0.12855594779549487        0.30534912678081411E-001
   0.75062270293195299        0.45456699297006603E-001   0.76866291374882845        0.30611044613605951E-001
   0.73241892119410823        0.94953974272924013E-001   0.73750740617970245        0.30609808557871893E-001
   0.48035755610723713        0.95784165802652477E-001   0.58936562094021122E-001   0.30503550826338467E-001
   0.35148314455050678        0.45333579083190564E-001   0.34532048005850091        0.30632572697672989E-001
   0.29247555873955566        0.45994312467427946E-001   0.39727631081874504        0.30624306653445982E-001
   0.31326531288186643        0.96236282703486442E-001   0.36784542573209034        0.30598351429891216E-001
   0.37868210755093595        0.41688514853404864E-001   0.76432102444036554        0.30578391132462510E-001
   0.44984305917064545E-001   0.45631391937051340E-001   0.65948630194693492        0.30570027336253573E-001
   0.98408505412936875        0.45689805924294516E-001   0.39660085251434390        0.30596105409739366E-001
   0.78799359567670202        0.45195972238193043E-001   0.89014482422479824        0.30456231054253026E-001
   0.39110943903441608        0.45510299218715772E-001   0.60864761997185846        0.30493117131145667E-001
   0.41974103430424065        0.46163682004010331E-001   0.48693569732548314        0.30538881157592724E-001
   0.44464530015327197        0.45181885470249004E-001   0.63818682421622686        0.30563947765831493E-001
   0.91603869713405428        0.45844986614478493E-001   0.94094152636903172        0.30560153024914195E-001
   0.47096739618679204E-001   0.95705530994984869E-001   0.47784330320494806        0.30594507061784324E-001
   0.42131702172703062        0.18061809473948095E-003   0.25972505229803267        0.30622919493940148E-001
   0.60122340900711968        0.95619493064407424E-001   0.47746508870787646        0.30568294542683398E-001
   0.85754970746673242        0.45627127915306487E-001   0.44799827087223437        0.30567289560471687E-001
   0.18903401485170199E-001   0.45621786084461470E-001   0.72641138520262727        0.30522671508168644E-001
   0.62004182987229706        0.45648051114329943E-001   0.58507208190843207        0.30590231131673581E-001
   0.20444543532118475        0.95363880854681171E-001   0.56232525123577737        0.30622896369045773E-001
   0.59845822038276719        0.95614648116697940E-001   0.89778690941339145        0.30686739794046999E-001
   0.49156391342609884        0.45506912088740546E-001   0.43665292577056553        0.30639070427805046E-001
   0.80881873792490355        0.45604855224196918E-001   0.51958703298417219        0.30608933546874720E-001
   0.35687587940469900        0.45676201161473320E-001   0.40755999906596152        0.30520725270663872E-001
   0.97401878440145839        0.94404839879989419E-001   0.10778056327581538        0.30578256622033912E-001
   0.56956131526807062E-002   0.45608283855841307E-001   0.61252997964054146        0.30545724821974301E-001
   0.38205327920431693E-001   0.94919551604831676E-001   0.10628488212784165        0.30592738179973263E-001
   0.54842913737556853        0.44967000967562926E-001   0.18245037524204499        0.30559798312960348E-001
   0.15486456001916768        0.95415914437929725E-001   0.87454959340613525        0.30497528713022269E-001
   0.56194606703742633        0.95797433812240401E-001   0.27975411806965894        0.30526854018043691E-001
   0.63816004702798385E-001   0.45356019529253916E-001   0.34053023710344395E-002   0.30541121049598070E-001
   0.62488305430435986        0.45689562667759087E-001   0.38434482475896675        0.30570111890943833E-001
   0.54288996855317062        0.42966238687411146E-001   0.24474165714364099        0.30618224261227237E-001
   0.87334718560891200        0.44900623051917776E-001   0.50825324685455264        0.30499514809220286E-001
   0.94021336239024408E-001   0.95352840671721298E-001   0.98551450838712840        0.30542423076404097E-001
   0.20718489144871227        0.95498188029061876E-001   0.98013885601583628        0.30632313176518843E-001
   0.51130073230062179        0.45284023171419968E-001   0.96802338369739216        0.30545031872283052E-001
   0.19394221955374372        0.43435006192568015E-001   0.84948975592701415        0.30586370563882290E-001
   0.62580807209719735        0.95691186072599063E-001   0.62012932812406585        0.30669462658235707E-001
   0.78847137363803788        0.95488355038017669E-001   0.54946571106520770        0.30645755946429834E-001
   0.13593025871756878        0.43984802131316399E-001   0.14052542540139243        0.30530819768411509E-001
   0.67134205387496215        0.45610625735636540E-001   0.28202573921707746        0.30581566405901865E-001
   0.96050403958200226        0.94822768524385093E-001   0.82462452485280313        0.30564519591203876E-001
   0.64437136939493100        0.45498130909439723E-001   0.23064544601749337E-001   0.30563914186098055E-001
   0.21604602178469864        0.44744615478257282E-001   0.89981795073158566E-001   0.30546049595015636E-001
   0.68008821180459667        0.93597764357073232E-001   0.70039991765661058        0.30543031187868250E-001
   0.15894496999839267        0.96680042696468849E-001   0.52058126904214974        0.30569299625377105E-001
   0.94804303100376064        0.45987188791722720E-001   0.27061882385103736        0.30569353039543379E-001
   0.30885899592812965        0.43176383649898571E-001   0.96651879385043393        0.30545627128960688E-001
   0.41681059378450985        0.95376888602214493E-001   0.32052278773926096        0.30505496597996614E-001
   0.15108286472792370E-001   0.43724751220886315E-001   0.45527394102091145        0.30642346553873476E-001
   0.92773502312680711        0.45086463751241805E-001   0.80794004566296307        0.30613515091312018E-001
   0.68518097426222013        0.44257744696251572E-001   0.59608796148066812        0.30569501629658470E-001
   0.17396773603480961        0.44251159604952038E-001   0.69791332470825418        0.30494520791356932E-001
   0.67758712752085193        0.95534504260449821E-001   0.10770823488357317E-001   0.30563099002318041E-001
   0.18363989678891460        0.44166610908791537E-001   0.21175750448688205        0.30643473355188768E-001
   0.49624590447308309        0.95387002862984779E-001   0.99990352090928936        0.30534299853528318E-001
   0.89811425822914759        0.45956271738128836E-001   0.35214160516517173        0.30555836988798196E-001
   0.70502522594060002        0.50531403380115060E-001   0.90774230722859239        0.30625987857621918E-001
