 3 HS poly
 400 2
 281 119
    1.0000000000000000         0.0000000000000000         0.0000000000000000         0.0000000000000000        0.10000000000000001         0.0000000000000000         0.0000000000000000         0.0000000000000000         1.0000000000000000     
 T T T
   0.30720112716568743        0.41312953237196817E-001   0.10277844097646549        0.35074056319019137E-001
   0.69884917126519963        0.90663970356325507E-001   0.55830158585433809        0.34908342542391467E-001
   0.32871269952216947        0.41064378837141327E-001   0.58891319242060103        0.37741108486756970E-001
   0.87469328739308982        0.89865377507812552E-001   0.67096363760227240        0.32821463999532105E-001
   0.95615538000184963        0.90604189513733113E-001   0.31993161764100919        0.31545967276370462E-001
   0.15458400910725745        0.40483622771264230E-001   0.85277539912007636E-001   0.35084823986731462E-001
   0.83791396985797229        0.90646189699591567E-001   0.45987531824533640        0.35143853362793666E-001
   0.48787441837227413        0.90492442880305779E-001   0.89034418018794648        0.33883579614156750E-001
   0.98129854791663818        0.92136627551188288E-001   0.92370457126979388        0.33488034521000021E-001
   0.67107332688912891        0.40552971168932056E-001   0.38435941123957415E-001   0.33765380162528377E-001
   0.81819773601746859        0.40579799368878566E-001   0.50478562832318186        0.34793568297438605E-001
   0.36732166718205317        0.41607538226926755E-001   0.43605236755143384        0.34237493615378395E-001
   0.23388567113581385        0.91134314013513573E-001   0.15282475947830255E-001   0.34191730873441614E-001
   0.39200083309505440        0.91127975454661614E-001   0.20623650680946376        0.36535105072332617E-001
   0.75755721153997324        0.92153231374937028E-001   0.99778662923598105        0.34509062437465113E-001
   0.84943686460357892        0.40357562639193302E-001   0.70714385596974139        0.33275952036100349E-001
   0.78562221296107770        0.41102258517912417E-001   0.21113783116849985        0.36327156407938890E-001
   0.35745838506093741        0.91767905150357335E-001   0.54516113919890841        0.33354135821601093E-001
   0.41867504438009945        0.89372545731174716E-001   0.89837044426848833        0.35783966619179444E-001
   0.73602687320916249        0.90521000679023064E-001   0.70076738982863562        0.36210159108060004E-001
   0.41580288892031181        0.40747295503408394E-001   0.10623529009084531E-001   0.35301438007018661E-001
   0.63817171066496714        0.40534433184221938E-001   0.97693772003407242        0.35916096065366894E-001
   0.32116712074981268        0.91330883802704807E-001   0.27710274245617300        0.35110651958886803E-001
   0.18571836540731254        0.40184212600699550E-001   0.31774294499758032        0.35956083447875715E-001
   0.31810774142758191        0.41549996107730608E-001   0.51619075806033221        0.35738366118604960E-001
   0.99897976098882579        0.41121514161938974E-001   0.41787780481182779        0.35070673932763120E-001
   0.59207295006382088        0.40923808811653146E-001   0.48131639266875687        0.34740980243126156E-001
   0.58509093665998646        0.90812739223133210E-001   0.53057543146465591        0.35714438745704007E-001
   0.10472971560762132        0.91280255082202374E-001   0.75324501067381991E-001   0.35280573163736673E-001
   0.48518613119705112        0.90835461467553516E-001   0.59266356202882720        0.36639594668545224E-001
   0.48566949662910242        0.41387672870081112E-001   0.30180684654955375        0.34508173980339812E-001
   0.17997263542059859E-002   0.91138497333109095E-001   0.25991786198176758        0.36785096809199808E-001
   0.49334978119407402        0.90786002171147601E-001   0.52011416954342737        0.35740434438852553E-001
   0.86989112838456728        0.41117504716211568E-001   0.26075052983385244        0.31014481004989512E-001
   0.13407510743345843        0.41288144212553148E-001   0.22020190813646290        0.33609954444304209E-001
   0.17332943609033591        0.91373837304748226E-001   0.20523922926411456        0.31428057943266641E-001
   0.49690167043564931        0.40708515403542977E-001   0.77328232516965167        0.34377228475446560E-001
   0.21228570097398369        0.91271453473109596E-001   0.56530500535361894        0.33812837462276923E-001
   0.49854688527540741        0.91445891557155656E-001   0.25148382499391247        0.37540482883200804E-001
   0.66458910764944956        0.90683225701059078E-001   0.71097713757134606        0.35927230788059546E-001
   0.69245899273278499        0.94874933409422213E-001   0.85974913079333648        0.39095855896946349E-001
   0.12919090787667664        0.41141930301400974E-001   0.68001026794996910        0.35858591769153347E-001
   0.33026831220432257        0.90557588746179862E-001   0.85133656022378612        0.33313890832751138E-001
   0.34629813836787582        0.41155761294863813E-001   0.19245379851062380E-001   0.34504741946878949E-001
   0.53655813729597968        0.40782804797107143E-001   0.54901855281316225        0.36325336090046331E-001
   0.45937778819617420        0.90772192755681949E-001   0.74413958511201628        0.34513880599460631E-001
   0.84335969230918406        0.41361717341588888E-001   0.62313866412898204E-001   0.35110631432473727E-001
   0.17061102051951282        0.91204192149939495E-001   0.70680214112482331        0.34326253518326987E-001
   0.95338536116891603        0.40507703921468192E-001   0.36464308477802709        0.34945643980504662E-001
   0.87008615655520227        0.37964713739931377E-001   0.41725602159697212        0.35280119323049745E-001
   0.25768677108286542        0.91471942613363597E-001   0.41397920832684321        0.36027287397158339E-001
   0.76177145853434947        0.90318078204509197E-001   0.83775794022489714        0.33709997330100917E-001
   0.30158037500790802        0.91222101901206332E-001   0.99714252233996548        0.35842680161102272E-001
   0.83030947248594222        0.90363925166588699E-001   0.75336919794212454        0.37406053071322651E-001
   0.36810906082810457        0.91490679023115473E-001   0.34353192574591807        0.36023030838073976E-001
   0.97791090318214891        0.91628578965934682E-001   0.46316118187520094        0.34700312255705301E-001
   0.26477531977512270        0.41012078804297171E-001   0.67032342795352695        0.35650910371896410E-001
   0.61917081105029736        0.91242693927363033E-001   0.85639312800490808        0.34307711778999314E-001
   0.88834933201904742        0.90963000612841849E-001   0.88223018074386073        0.35967677770711824E-001
   0.99978052616575475        0.40974818530146763E-001   0.88518176421269593E-001   0.34983943318233832E-001
   0.33345303291300449        0.91473459260048323E-001   0.40458585222912297        0.33530613388362704E-001
   0.47383199277156049E-001   0.91256155388696303E-001   0.93845528062068584        0.34122505104884952E-001
   0.71514198827744457        0.91594171966705371E-001   0.50525033268590654E-001   0.32834613125555738E-001
   0.48195337570816554        0.40839562421273408E-001   0.39434239078622965E-001   0.36754500039819220E-001
   0.51281031119778686        0.40656564194380296E-001   0.97649333295295671        0.33336979977485928E-001
   0.37583888255995840        0.91069883997531118E-001   0.98071405274882439        0.35116763060078875E-001
   0.25300869796100034        0.91154021598564561E-001   0.85654015298259145        0.37354979921306840E-001
   0.66271237686454110        0.41103879275596812E-001   0.19294063575423800        0.36236387829453882E-001
   0.53970024956226426        0.90516724564747172E-001   0.79811734132024770        0.35665521851779659E-001
   0.12286221629035261        0.91069928612070083E-001   0.78624455180483988        0.34571193862906524E-001
   0.31396004354492291        0.90701003756394574E-001   0.20743871064102309        0.34890352281650272E-001
   0.29566025353797676        0.91491532385243948E-001   0.34580073301924680        0.36289431680039598E-001
   0.53004866446957732        0.41025379440345226E-001   0.35706603030016570        0.36275544417862640E-001
   0.67134513611444047        0.40704618426041110E-001   0.60127347862456659        0.36350453652152732E-001
   0.68457804991350690        0.89640492898624788E-001   0.14914626717406682        0.31956148353372911E-001
   0.86232613830757393E-001   0.91234953632435056E-001   0.65812442264518967        0.33509239418977446E-001
   0.83473198668579873        0.40321347272926022E-001   0.63992365771142767        0.35468982701352778E-001
   0.48570042712783568        0.90925321416771704E-001   0.18364244974144708        0.31356975621651816E-001
   0.53745694130460719        0.40854456550851681E-001   0.91222621197840956E-001   0.38852182955780017E-001
   0.60721721393493182E-001   0.41065908963451608E-001   0.19808004767759710        0.36168369213803064E-001
   0.81326686247514091        0.90927957763146883E-001   0.88522323333672392        0.36300092365839615E-001
   0.27762681953939561        0.41377840293941801E-001   0.25478497040531567        0.34629537276975847E-001
   0.75972107026774738        0.91205957777391267E-001   0.25634725911272649        0.35580583775198293E-001
   0.22660688394976439        0.91085394862004343E-001   0.64237455755480211        0.33060894521595219E-001
   0.84031431079510599        0.91177864340406409E-001   0.95827580614719443        0.36725398817437298E-001
   0.59572516968686939        0.90592734984547396E-001   0.27357696045682312        0.32436845414064032E-001
   0.54926566228530282        0.90924255975879345E-001   0.45773897040161038        0.34928227438345207E-001
   0.11320649119424722        0.91008730460328591E-001   0.31787676558331995        0.30755458450597205E-001
   0.63279944412115596E-001   0.41055309893733134E-001   0.89783173490870694        0.31917496320325763E-001
   0.58788054223907726        0.41133203883910716E-001   0.31824330589406347        0.32994148078805421E-001
   0.81350444514795994        0.91075187443231634E-001   0.39387967537849633        0.35216520192636207E-001
   0.61938731290697463E-001   0.91461160181638412E-001   0.51228933540529853        0.35046513219909564E-001
   0.43576043713299734        0.41543198576615481E-001   0.42932851188476429        0.34489508439459249E-001
   0.46397478805633352        0.90672470390128226E-001   0.98795393576423640        0.37061314296368685E-001
   0.89401886102632111        0.90963053037405775E-001   0.97765335458604982E-001   0.36702843315014680E-001
   0.57210005305589118        0.40815327969073820E-001   0.41507643154381130        0.34313823779169784E-001
   0.55749921797886448        0.92342813674707286E-001   0.21157166479144554        0.32259298334891467E-001
   0.16030194603246456        0.91801605714465689E-001   0.36245186711304839        0.34057729994253196E-001
   0.59414441023548692        0.90544428906668903E-001   0.71837695620546382        0.34877385879372572E-001
   0.87980269868386873        0.40359979541680635E-001   0.77294215612492134        0.35605302773818889E-001
   0.33477690566997731E-001   0.41137513279566745E-001   0.55423740949943723        0.35917343743958739E-001
   0.49190540927504300E-001   0.91497686198094910E-001   0.31185479155149282        0.33509994144763744E-001
   0.24247284213464762        0.41035208452955323E-001   0.52799748402115243        0.34898604268855229E-001
   0.98475371159325054        0.40718974382495388E-001   0.82192656922035734        0.37582403529065257E-001
   0.23951428827281579        0.91149883338046953E-001   0.71336462352410268        0.34874087833011283E-001
   0.91266585173640258        0.40992682659655721E-001   0.83651523402485917        0.35925192440351514E-001
   0.94039693711607641        0.91034985927148246E-001   0.79745088959930899        0.33228676092968139E-001
   0.45797324535732137        0.39430882586603641E-001   0.93304825629733279        0.36568504986976107E-001
   0.75152761036308524        0.42586183207754445E-001   0.51596761684432857        0.32830702171401688E-001
   0.94257476401853690        0.91248780534356186E-001   0.67162060520895139        0.35010176713004999E-001
   0.93761558104683251        0.41789155962947890E-001   0.90237474353101743        0.34342497375648429E-001
   0.79063668433463763        0.41179992219611529E-001   0.13432712725226029        0.31609938000638736E-001
   0.52690282709996428        0.40697768969382521E-001   0.61768971065426281        0.33008272113713460E-001
   0.29700421969476898        0.40600359369088290E-001   0.81726690851275663        0.35617897311437670E-001
   0.75290896299481547        0.91101639056140341E-001   0.92338173710865079        0.34845605149373203E-001
   0.43158836219248170        0.91057876588701736E-001   0.14852386186269922        0.33125407217913995E-001
   0.62239887095683644        0.90408737096436320E-001   0.92716608948008994        0.36281576475527592E-001
   0.63222641739954411        0.40833341482188173E-001   0.37904918238416513        0.35761737483341528E-001
   0.64141577861576682        0.41185406480515940E-001   0.27597942682094645        0.34757731378289004E-001
   0.62922357493048053        0.40947951616531371E-001   0.13118353116958736        0.33876671358196712E-001
   0.37210192062132275        0.41175132029740748E-001   0.87352699676785117        0.34466643849979980E-001
   0.29509445904710357        0.91161872730130697E-001   0.63005687165372015        0.35124237126482917E-001
   0.80464842652911461        0.40350660925239520E-001   0.80585860948080523        0.39443737204926464E-001
   0.59849596245321290        0.40755075052217149E-001   0.60055473405761994        0.36446532674300258E-001
   0.16375700176528366        0.91284926037881922E-001   0.32004588458477236E-001   0.37872126032526113E-001
   0.44174614595032043E-003   0.91062782641825379E-001   0.37108354851401465        0.33150020629904277E-001
   0.15778451143052158        0.91375122638659934E-001   0.63800337090972470        0.35173569420754058E-001
   0.21863134179337115        0.91345683956331664E-001   0.15487854928489339        0.36283723144884178E-001
   0.33594377745224807        0.41038287368382602E-001   0.66219028751635822        0.35886160661321477E-001
   0.65481454679452622        0.90484109867216361E-001   0.86257573121736347E-001   0.37222638779364103E-001
   0.80654281310590992        0.90351016612344043E-001   0.68338056652460377        0.36416027882457534E-001
   0.83810929680459320E-001   0.91169074736573610E-001   0.99781133611194039        0.34294795947764280E-001
   0.78281408342488845        0.91203971851889720E-001   0.32484408272150717        0.35126932258536851E-001
   0.43218797891622496        0.30619472063287502E-001   0.25527203967331097        0.36901391025897248E-001
   0.35213800208707557        0.40933428334473165E-001   0.73075515557588377        0.34465452560622563E-001
   0.27523461316465525        0.41275380624341530E-001   0.40238076186571395E-001   0.35159567927347125E-001
   0.76498755291263265E-001   0.41077264063326728E-001   0.77411532502206171        0.34669425316492086E-001
   0.18684143306059983        0.91507680424601584E-001   0.42800295222555734        0.35099625195639375E-001
   0.30964861456750475        0.90973878298602109E-001   0.70609412049562448        0.35579140206774981E-001
   0.70471637650566987        0.40593212234249880E-001   0.73970503843799407        0.34248171797311190E-001
   0.73778869034881844        0.40897523317801207E-001   0.30228662545010720        0.35339286853900510E-001
   0.15562372709168676        0.91122249306972644E-001   0.85336618328576930        0.33975827588620944E-001
   0.22859140652151003        0.41540821342978207E-001   0.45791170746483223        0.36467528645833934E-001
   0.44380614089987941        0.91384615483845022E-001   0.32348625182803892        0.34151133029294158E-001
   0.65519602886853856        0.40706053410384260E-001   0.44794123658242013        0.36639071674527714E-001
   0.35139167597709986        0.40807002867463409E-001   0.23791408724252736        0.34184816098525660E-001
   0.24602314587513732        0.91426166593324226E-001   0.21969270736700991        0.34052339110691644E-001
   0.44499885563851371E-001   0.90976125082010445E-001   0.11881557056322994        0.38613558809709000E-001
   0.37586526032404483        0.40709657106991495E-001   0.83539115285118273E-001   0.36136993059624298E-001
   0.62191157280650750E-001   0.40945987132270545E-001   0.69640701159489049        0.33081494032729954E-001
   0.20137463573732697        0.41440246136888154E-001   0.24178745211397851        0.36398440485515555E-001
   0.44634911979404701        0.41190131442610939E-001   0.18815399813817271        0.32195454603399343E-001
   0.42521138708893186        0.91601039493270225E-001   0.53587905665026825        0.34021403495666201E-001
   0.91313756191295226        0.91243682705491699E-001   0.26847305094232798        0.35416265077884139E-001
   0.92522457145579295        0.90793076228816078E-001   0.84625995813971955E-002   0.30774149188536656E-001
   0.44361719296212708E-001   0.91163024852846608E-001   0.43958011689001647        0.35783344815335551E-001
   0.54988788735035532        0.41395005170403260E-001   0.26180440851532116        0.34775682730159345E-001
   0.91243297205384333        0.40873587254497273E-001   0.49601656273538387E-001   0.35059020780250971E-001
   0.28247535858331385        0.91062961550723132E-001   0.55947417044134551        0.36413690180012705E-001
   0.90388949994551138        0.39820323074053574E-001   0.63846195878273504        0.33467404830813938E-001
   0.70156219578060153        0.40194049404830762E-001   0.39334178178452572        0.34984196294185706E-001
   0.34581767579772889E-002   0.91136662111510114E-001   0.59498990280548270        0.35177373991658226E-001
   0.85168515454507054        0.90782725609018844E-001   0.30537719254652768        0.35965875213734504E-001
   0.41153611594872019        0.91414170969334976E-001   0.46901662327777566        0.33424103365739838E-001
   0.63711394615792016        0.89225673404350392E-001   0.32420698149209853        0.32942880826178418E-001
   0.34814488032755928E-001   0.41348975663751369E-001   0.98678740671372267        0.36443668179210201E-001
   0.80866256740330156        0.41292287443967568E-001   0.45059741209071410E-003   0.35812218124346956E-001
   0.10320892172644591        0.40306789373245049E-001   0.54109299446216019        0.34928331040393452E-001
   0.32464969313041286        0.41201780198869435E-001   0.95344454742870177        0.34437068676715941E-001
   0.69119570964025878        0.91324882445956948E-001   0.28189795408995433        0.35579271690067332E-001
   0.11089119992083973        0.91083483436360690E-001   0.17284965770128916        0.38891681795290949E-001
   0.61322521548510456        0.90813907906637376E-001   0.78595476351500415        0.35286470718083489E-001
   0.75454017830765396        0.90507188763830654E-001   0.10545537550717526        0.34759359479844716E-001
   0.96672683842649210E-001   0.41069942952962055E-001   0.12228115598646679        0.33600424606811924E-001
   0.88860021514093257        0.88297334698472604E-001   0.37098057189954114        0.34968897980328373E-001
   0.11657802129324395        0.41477365819338106E-001   0.61004111463062494        0.35234370639633285E-001
   0.35112893007949886        0.91210321225609639E-001   0.91517295253532449        0.33821140451813538E-001
   0.14946558728941686        0.41555299598008938E-001   0.40407767366271719        0.31694227506739385E-001
   0.81979008336704984        0.40668594781260094E-001   0.57279773475939044        0.33160823776723462E-001
   0.25517623884097351        0.41442369443738969E-001   0.31958437276348861        0.33125657931354455E-001
   0.47852359187594762        0.91553321212167735E-001   0.45113552902735043        0.34798958277951889E-001
   0.42625530276903473        0.91883533652067167E-001   0.57841461602866781E-001   0.33021077422047476E-001
   0.55671744837321924        0.40641245824385643E-001   0.68173488312780639        0.37466969476677554E-001
   0.95681246742093706        0.41905677528336932E-001   0.50438407765134496        0.33122764724222632E-001
   0.41961185318837846        0.40732802014401874E-001   0.71969922258868391        0.33786863376347905E-001
   0.74261943586352308        0.40712993595108438E-001   0.58517804734899581        0.36716560828016415E-001
   0.91814702273503013        0.91234190361892648E-001   0.94453134217026236        0.33002561867457446E-001
   0.79094113731616056        0.41111492854871194E-001   0.43960826827540539        0.35839275511636327E-001
   0.20133796996549591        0.41122973417636884E-001   0.74362974524484560        0.34883790776087997E-001
   0.54010268588585797        0.90669459599536512E-001   0.30901528143106388        0.33353749257794739E-001
   0.46112091941600081        0.41458972458284844E-001   0.36433080045195931        0.32572232582752207E-001
   0.20140656027271889        0.41196826592072792E-001   0.85794885172919777        0.33875666968850124E-001
   0.58234681582125791        0.40770040677193059E-001   0.82467996976345248        0.34993104592064332E-001
   0.90039051074869114        0.40635598145037991E-001   0.57095086986922383        0.33742194081029110E-001
   0.34946546083525681        0.91325750288264548E-001   0.12930020189170574        0.35379667357659232E-001
   0.34483903100476504        0.91539741026776422E-001   0.47606750302606554        0.33581312848438738E-001
   0.32454630633516231E-001   0.91014876605619036E-001   0.79776672612152022        0.35229916464360869E-001
   0.85866800437534263        0.90699262005922737E-001   0.53962988548226498        0.38250067715078072E-001
   0.71673005436585135        0.90246847042047967E-001   0.34739917307918655        0.34514802027649789E-001
   0.79868180243458464        0.41135921122382318E-001   0.93191799042146306        0.33437310702916986E-001
   0.61509198998445624        0.91018038641371701E-001   0.17576340264957954        0.34525133717663144E-001
   0.97284545759759633        0.91295744889633837E-001   0.13357007465069648        0.34521747999607319E-001
   0.15841101730472790        0.40664564673654591E-001   0.46980927639436798        0.34556963689081406E-001
   0.28622387868610283        0.41060205289546729E-001   0.74757682975691164        0.33336987292498371E-001
   0.78023990000607724        0.40598434449980840E-001   0.73117337583772612        0.36511437156900174E-001
   0.27437222173293274        0.91502928046436699E-001   0.48645902889560838        0.36976410642987324E-001
   0.70600949622757814        0.40501977616763260E-001   0.98120304518969539E-001   0.35255714542607529E-001
   0.69476926155087904        0.40725584249287961E-001   0.66953003096366626        0.35582641748073490E-001
   0.45641885993520669E-001   0.41301890201303607E-001   0.62748922790968775        0.37744325896459048E-001
   0.10020410940085039        0.41056067699477644E-001   0.95304104319994398        0.34444248658060617E-001
   0.58749565499861389        0.90863819917196942E-001   0.11056504255521583        0.34310668852214177E-001
   0.38056759091997605        0.90867602336895961E-001   0.68933146865880435        0.36266780218945319E-001
   0.40287266859744558        0.41449051119906877E-001   0.31573903839034151        0.30836666346239754E-001
   0.60680641287353587        0.40449913284626021E-001   0.65808141865461786E-001   0.34973710454737822E-001
   0.19191043728699700        0.91122293741957835E-001   0.79091529319685383        0.34552293969126034E-001
   0.23727427051755046        0.41340919603754113E-001   0.10865495489228802        0.34240782629281298E-001
   0.56676677645219498        0.41133284571857325E-001   0.16283050019672177        0.35852406362070856E-001
   0.88833875307222243        0.40586937391101120E-001   0.49286562757267699        0.36269229104726047E-001
   0.51219170105266099        0.40483821892424623E-001   0.84481670204701609        0.37965053227242501E-001
   0.48731746136097270        0.40798826747123047E-001   0.70415655770472874        0.35317645520319969E-001
   0.56305672139990148        0.40733986567754774E-001   0.75485457521868859        0.34244564684192340E-001
   0.50915562271542236        0.90783804916796107E-001   0.65999715566183936        0.34783453888393434E-001
   0.38838312281315718        0.41030454737879002E-001   0.15676981169615772        0.33445985975834452E-001
   0.22628259647240215        0.91367149372138329E-001   0.28496801492789980        0.34137123742825959E-001
   0.90031833969290209        0.41208072787105428E-001   0.31934315434568800        0.34787719614656099E-001
   0.40323249372188713        0.40850241359400602E-001   0.58251886960415133        0.36935166253891857E-001
   0.64838110414940597        0.90753465204686565E-001   0.49886441899691708        0.35006984080803362E-001
   0.98181154792380265E-002   0.40986540667393531E-001   0.75391598596242870        0.34898202137911311E-001
   0.17318199174399754        0.41270050645757186E-001   0.53814171572712344        0.35097685528350499E-001
   0.67910634754358590        0.90558281017322995E-001   0.99701217351675031        0.31635889763913669E-001
   0.25622238300598010        0.41161306324389413E-001   0.97150620208778682        0.35898156754786262E-001
   0.72837807839767610        0.40298541768237710E-001   0.80475106093171844        0.34839567538300226E-001
   0.15862304362578050        0.91371646930247880E-001   0.27015143628710292        0.35112197766065271E-001
   0.32330490095297915        0.91421606338346173E-001   0.77517649506332675        0.34246208810623818E-001
   0.72449959774910866        0.40771573485327839E-001   0.45664546217443075        0.32303156249332284E-001
   0.71667826829205872        0.41926547817767931E-001   0.97121618382111186        0.34804504306522696E-001
   0.22662014404011840        0.91518078393183488E-001   0.35233346482787287        0.32979006832145448E-001
   0.76196995158904235        0.41338688605659035E-001   0.54539239019773825E-001   0.35500097336864822E-001
   0.58203704451894300        0.90818835320581562E-001   0.36613051832780541        0.36228331014697225E-001
   0.39591861573550219        0.91113028594323034E-001   0.83077357602012136        0.35415921732318584E-001
   0.61282725673900684        0.90805659823499571E-001   0.18078347124546354E-001   0.32905315142749643E-001
   0.39132911081255300        0.91102698719355155E-001   0.76012054725576650        0.35309605162194543E-001
   0.90535423609741006        0.94574349762676882E-001   0.16857198082892763        0.35053970042935340E-001
   0.13644792689729235        0.90473236350540928E-001   0.50911915924669116        0.32525222799942924E-001
   0.97198477390982596        0.41218807519919909E-001   0.63267356044461120        0.34797945898902921E-001
   0.78980592833281793        0.90685434184440805E-001   0.61193170368397753        0.36950174512498053E-001
   0.99419148333287233        0.91350259314569415E-001   0.52817323161535246        0.32260063090708446E-001
   0.60371228084140298E-001   0.41018328681728722E-001   0.53393224808402057E-001   0.34879579193413640E-001
   0.14178442774075156E-001   0.91406434002716586E-001   0.67336498055639971        0.36485501946377348E-001
   0.98654588500411911        0.91370643258060963E-001   0.99019130320744153        0.33108297458093044E-001
   0.36292840778374708        0.41086993245480978E-001   0.79742109903804159        0.33058850166016063E-001
   0.10766973279737910        0.91068419401335990E-001   0.90420427563063388        0.35201952151812793E-001
   0.95740752036271881        0.90658887071320332E-001   0.66265340104376055E-001   0.33966488786053080E-001
   0.28266450057247811        0.91242298267460387E-001   0.92744376047396693        0.35704610433324076E-001
   0.21733632920909449E-001   0.41455936295764148E-001   0.48436487551284613        0.34811731368357343E-001
   0.14707276522305146        0.91248129054312468E-001   0.96161453665235208        0.34417575557619470E-001
   0.83226415767957451        0.91134227201546292E-001   0.23577207657628205        0.36291910945356227E-001
   0.76849658665230813        0.41232809829481507E-001   0.37220467253593420        0.35181292429487886E-001
   0.26162739976716531        0.41336813661701666E-001   0.17719085610407953        0.33324856525811054E-001
   0.82357506724583629        0.91355542341687565E-001   0.10619152618620778        0.34231925678314130E-001
   0.88808684756303935        0.41185685550881479E-001   0.98237902860208326        0.36401257061638111E-001
   0.93421402381842444        0.90888571937893389E-001   0.60268082047316718        0.34213235443769204E-001
   0.78704674768617311E-001   0.91019948014772215E-001   0.37069718441810612        0.32310505101099965E-001
   0.72945516708021563        0.40977306925525286E-001   0.16540130465860386        0.35944569104665619E-001
   0.68378752063666404        0.90228265271728739E-001   0.78374596790427087        0.35295364063460115E-001
   0.84007182519354540        0.41006272961849721E-001   0.35351759372227753        0.34190191686796302E-001
   0.59492453134610357        0.90692136279719948E-001   0.64929882792610283        0.33240793188967596E-001
   0.44558219967704865        0.41139862986574204E-001   0.10261393683844863        0.36117717446566971E-001
   0.93604513961973973E-001   0.91675992509068452E-001   0.24453751812743843        0.34727542063593971E-001
   0.15833542724802371        0.41262701122066418E-001   0.91327921276157675        0.35949806032172231E-001
   0.52969217934546300E-001   0.41710020640721830E-001   0.26730699782712447        0.33180989868161599E-001
   0.86420101250579073        0.91136933884026300E-001   0.22685725820600113E-001   0.31794564976258932E-001
   0.16489901804873489        0.41114108057632791E-001   0.15722396595542246        0.36298530688645976E-001
   0.21219471448323743        0.91379789530003752E-001   0.93621782112131990        0.35099154638118822E-001
   0.46594857718658023        0.90496905440833719E-001   0.81482655674920057        0.36390012713428364E-001
   0.84738738268007763E-001   0.41064135097197668E-001   0.41318479273031589        0.33524367220385633E-001
   0.58464453045847475        0.40507590257847614E-001   0.89416570465579426        0.34457546113681826E-001
   0.13615674664402147E-002   0.41444201910284896E-001   0.31298899360095433        0.35552302984310544E-001
   0.80594827343376241        0.41161225148172720E-001   0.28035334223184188        0.35645416048382145E-001
   0.19615958330113040        0.41208154625364278E-001   0.60849323624102469        0.34131065441983965E-001
   0.21173426216062380        0.41596781178157322E-001   0.39085468900683390        0.31762565199874283E-001
   0.95654587186271212        0.41298263349132863E-001   0.26409791328998383        0.30663439766781334E-001
   0.19981638650092762        0.91456859073767105E-001   0.90537068157175590E-001   0.30716621757041103E-001
   0.23261609051695828        0.41117388801208785E-001   0.80130346500394634        0.30677040279024761E-001
   0.55477665484429028        0.90399613136403545E-001   0.86476378557633493        0.30598688328762530E-001
   0.90321731213098899        0.90588510117898480E-001   0.45101249031677554        0.30605240606865175E-001
   0.91339035177643457        0.41149217583243240E-001   0.70294823457677458        0.30700921641764637E-001
   0.95686086166446860        0.90723390983908442E-001   0.20936252357932664        0.30700272887552428E-001
   0.64487909145841826        0.91182472304620232E-001   0.23384672666216719        0.30672573890014775E-001
   0.19697962711667774        0.41270356614163811E-001   0.67402587765043953        0.30666277244147590E-001
   0.55494436703101635        0.90810354561609741E-001   0.58971661358322325        0.30662343475165811E-001
   0.33268955000079198        0.93106460856187234E-001   0.62474968773920322E-001   0.30843619712974505E-001
   0.52216016365268991        0.40503983916039349E-001   0.91284508934375508        0.30729130304279682E-001
   0.68870770871759524        0.94708693132874111E-001   0.93567161930828591        0.30580549060462356E-001
   0.40514971282137019E-001   0.41019000506234832E-001   0.36649705753875661        0.30744493296794798E-001
   0.86239751309789459        0.50501305467276048E-001   0.19178798710192355        0.30698805677187756E-001
   0.42484568307846671        0.90814081740879557E-001   0.62271610219918372        0.30681766105611095E-001
   0.30400032576002567        0.41742289910290026E-001   0.45116195359898476        0.30729819546157219E-001
   0.92827650798543515        0.92852579832731388E-001   0.53399790882163689        0.30654373491380452E-001
   0.55700692395533624        0.41143730800526614E-001   0.22944349476844542E-001   0.30734822255560641E-001
   0.52718638089667313        0.90898976628200359E-001   0.43764288142597009E-001   0.30740082456499011E-001
   0.85000237037145510        0.40752716982964732E-001   0.85949964856333660        0.30733947508653894E-001
   0.30241619223478505        0.41307726997859104E-001   0.88422374005189197        0.30683565027538370E-001
   0.10712134020496318        0.91514107915786500E-001   0.72110539995890666        0.30704425951095720E-001
   0.62642627608261459        0.43908807798863830E-001   0.68054124451345310        0.30604969552748485E-001
   0.17237695507280049E-001   0.91050984568608273E-001   0.18854801116795067        0.30677071624891306E-001
   0.38992435752719468        0.42969336025977120E-001   0.93732303650334292        0.30649023814625549E-001
   0.28466469061244848        0.90675338950856083E-001   0.14287539631006627        0.30714664840772395E-001
   0.24468371401054226        0.41274039059385433E-001   0.90583602656499396        0.30668208653660191E-001
   0.85998772282392677        0.40423202347881639E-001   0.12916220923283117        0.30581731417885422E-001
   0.10954279216255011E-001   0.41017220901322343E-001   0.15329946008686338        0.30717959365252415E-001
   0.52917505683318278        0.90952091520186060E-001   0.13922757934134217        0.30654722138570768E-001
   0.86812719848871900E-001   0.91042854155871600E-001   0.84071766333536069        0.30668365094073079E-001
   0.44065452041857356        0.39217868680790247E-001   0.85976045714054850        0.30671688514787378E-001
   0.36268973568212265        0.91665439780630464E-001   0.62221491562078612        0.30607737921288538E-001
   0.94527754087172977        0.90592019085915645E-001   0.40645784531181084        0.30644387214747121E-001
   0.70875893737305640        0.44723569279042676E-001   0.90612035343745045        0.30753630609238594E-001
   0.38789232037644350        0.39899891753085892E-001   0.51256499232527553        0.30651905499017348E-001
   0.20968363097017589        0.41108959342117037E-001   0.49020486917019386E-001   0.30672629483605319E-001
   0.75353239644924608        0.90626273189418086E-001   0.76778826391234600        0.30663454875358761E-001
   0.18856301219082106        0.40796800556628425E-001   0.97283421134833892        0.30654058849904079E-001
   0.93780312666682886        0.41344200516295684E-001   0.11033890127923182        0.30650866496099643E-001
   0.97454638986530162        0.41313689086297949E-001   0.27926894795913960E-001   0.30574831155198993E-001
   0.25834328943360613        0.91027818491192916E-001   0.77634769600382292        0.30697987601305491E-001
   0.64953791357988810        0.42146478548846622E-001   0.88831649303663418        0.30662520784808807E-001
   0.65883408458791515        0.90817153671387069E-001   0.64456281085457323        0.30730089778997355E-001
   0.65157486112399932        0.38766754109137117E-001   0.82310861592482831        0.30630788997335116E-001
   0.14144117577946488E-002   0.42266832032197818E-001   0.88814390312592961        0.30711521220992497E-001
   0.77374186423556846        0.91035616166370209E-001   0.16815491071031527        0.30611902515576678E-001
   0.74761719863589071        0.94210886370493158E-001   0.41884947205774975        0.30669297089707545E-001
   0.71018304710622671        0.41061749864215021E-001   0.24181690592427540        0.30604881945665203E-001
   0.51491137378417644E-001   0.41002428186793977E-001   0.83632236352755895        0.30672916334284057E-001
   0.15570563204795040        0.41045297167260963E-001   0.81228218835267574        0.30650959525854605E-001
   0.71126320940501908        0.90882334035074813E-001   0.20610008359798976        0.30644496492260233E-001
   0.32583013533937853E-001   0.92856037650202020E-001   0.86928943295602945        0.30585278073471393E-001
   0.11289282661849774        0.41012623941432062E-001   0.35355458346354446        0.30594169433169692E-001
   0.55542022262519841        0.90544994696749703E-001   0.92605969115733744        0.30680604211258469E-001
   0.94421289278698128        0.41303048359561126E-001   0.75694636362610490        0.30740846991328626E-001
   0.68722162418866339        0.40722641987595315E-001   0.51690946023268836        0.30684444169035596E-001
   0.80427888830610372        0.91275706454523611E-001   0.44164148260541013E-001   0.30726475550860617E-001
   0.13567830229000735        0.41059061105258449E-001   0.74628109193375702        0.30685027817055548E-001
   0.78354350312760412        0.95525282355675839E-001   0.54454685368301015        0.30665932722085211E-001
   0.20110375855730428        0.87379482337836836E-001   0.49928500270034143        0.30711752513122147E-001
   0.26068688547853525        0.42000583373983484E-001   0.60232201195643087        0.30637512800442818E-001
   0.85605907235416812        0.87810725041771204E-001   0.81950781972363507        0.30713006927550811E-001
   0.83429968325945547        0.58378247301678734E-003   0.16953227733004497        0.30643363093096204E-001
   0.48877467772765743        0.91148800778476674E-001   0.91819926064689014E-001   0.30699627149421167E-001
   0.86380766290829691        0.41243995367691182E-001   0.91943804650326766        0.30705510778820028E-001
   0.45072570309242821        0.38363637154598444E-001   0.49280563123805926        0.30616468086455774E-001
   0.96582317565882025        0.38388607548141551E-001   0.56750901865597436        0.30692870397797247E-001
   0.44686069991742150        0.94277593637050183E-001   0.68000982982534808        0.30720510340511223E-001
   0.76340074492818122        0.40277692363489055E-001   0.87837563470525304        0.30687939217694291E-001
   0.63521250992047318        0.90765145784922507E-001   0.57466897707226428        0.30739268754813431E-001
   0.46866863856578574E-001   0.90988601557399157E-001   0.73310492438661168        0.30710202589728543E-001
   0.99343750998753744        0.40890256656882798E-001   0.21510486606608809        0.30601712682635781E-001
   0.97207685118289777        0.91117837227109505E-001   0.73348751749893715        0.30761967704586994E-001
   0.49471497474234716        0.40961001595388874E-001   0.14797614763094261        0.30680647563682970E-001
   0.55197732462668603        0.91042842757221257E-001   0.98739076923921798        0.30721540495477307E-001
   0.46320445967131146        0.41803705442484379E-001   0.63603782523570052        0.30670592010284024E-001
   0.43016972866029618        0.91478128080277277E-001   0.38770174767422322        0.30687827990717110E-001
   0.77585096022520361        0.92583330074749781E-001   0.48298510488389917        0.30730741193368629E-001
   0.46399386650022395        0.40773982310328298E-001   0.55269760918419597        0.30737775632817453E-001
   0.95737294302334552        0.89760600128502357E-001   0.86099155148031514        0.30789019043471168E-001
   0.38674392161915749        0.83256489049998952E-001   0.27320921918865826        0.30785330663510763E-001
   0.40190284509344998        0.40920229580555439E-001   0.65017560015476339        0.30600003641644766E-001
   0.95331848730177637        0.41969977053626512E-001   0.96616483686201271        0.30671604621877752E-001
   0.95157799916232588        0.41585938098518953E-001   0.17015639489163195        0.30709184757183861E-001
   0.51327903598469826        0.40841477849243926E-001   0.48103858489356127        0.30720124369115358E-001
   0.51520376812832325        0.40860421742169729E-001   0.20622005653959252        0.30655930324494238E-001
   0.60138365596903065        0.39925708396095813E-001   0.22061096898791638        0.30637521970255165E-001
   0.76044210690710456        0.42523248869359147E-001   0.65875662697939863        0.30660573771599173E-001
   0.72159938383994116        0.92793218468838645E-001   0.63137389698008706        0.30686166925665816E-001
   0.11547835154031848        0.41084172548738140E-001   0.86189958946458778        0.30669522695986117E-001
   0.87261856885749778E-001   0.41625637967802026E-001   0.47735122415393572        0.30685397184967766E-001
   0.63910221492001151        0.42143106184734158E-001   0.74906946841349265        0.30618093451447632E-001
   0.61426390107732720        0.91054842390510843E-001   0.42602118028217068        0.30801893698673737E-001
   0.11794947862610324        0.41276749493033629E-001   0.21686453082243061E-001   0.30701874501514549E-001
   0.71529277097095356        0.90635993194795664E-001   0.49427838886169373        0.30742520717328865E-001
   0.91090274528813442        0.91459946253157565E-001   0.74001054088730522        0.30733321593632363E-001
   0.39600659478291039        0.41501784907080466E-001   0.37770795416441610        0.30648001296872819E-001
   0.52703582550387706        0.90453145405155908E-001   0.72748242207538782        0.30716589799044035E-001
   0.77677648809034730E-001   0.92050599219315632E-001   0.58267110769483044        0.30703263809779752E-001
   0.49356697214006023        0.91408512677249198E-001   0.38612563436068753        0.30763265218963901E-001
   0.11877167400521932        0.90919826474699109E-001   0.44146025105259096        0.30571656121310055E-001
   0.26949894646308603        0.91327906698245045E-001   0.82704668034236234E-001   0.30633622040169336E-001
   0.97594705412993232        0.41271877702222917E-001   0.69790919777109484        0.30538921130635079E-001
   0.32477891173389617        0.40757198193451569E-001   0.16623452418123225        0.30744675815725288E-001
   0.67806140687410699        0.40402140597631864E-001   0.33044357359901155        0.30635072775597755E-001
   0.11520011260008692        0.41169396705791048E-001   0.28176251051908519        0.30680246219564181E-001
   0.18598683724631734E-001   0.90895061665083210E-001   0.45428096878229213E-001   0.30648457376308672E-001
   0.50694877815366346        0.41546009078544346E-001   0.41986995368835828        0.30595524599455120E-001
   0.43001504521676742        0.41145155556148200E-001   0.78478006992371674        0.30721381001808736E-001
   0.86936917001902192        0.87164725394394738E-001   0.60771074893617116        0.30670254110125326E-001
   0.57422262290682524        0.40844904377911551E-001   0.95847171693297384        0.30641296212439328E-001
   0.33130657902161897        0.41328565178734643E-001   0.31871952914943324        0.30691231819159111E-001
   0.91519012453337456        0.35323632809444318E-001   0.21919525603694587        0.30660928469823732E-001
   0.14265975720988536        0.90370147713101034E-001   0.57378975901517881        0.30677203923278884E-001
   0.29509651170901235        0.41498307335031369E-001   0.39038387221964249        0.30692787531476098E-001
   0.62913240088641775        0.41312527829352422E-001   0.53829859242680689        0.30747094918630782E-001
   0.93793700717442141        0.40663446555992806E-001   0.44263154105990637        0.30715822305822850E-001
