 3 HS poly
 400 2
 281 119
    1.0000000000000000         0.0000000000000000         0.0000000000000000         0.0000000000000000        0.10000000000000001         0.0000000000000000         0.0000000000000000         0.0000000000000000         1.0000000000000000     
 T T T
   0.63364512860719535        0.30192342412040319E-001   0.99259324400483440        0.34975551760917191E-001
   0.21813280261556175        0.79758199185662251E-001   0.89557338587314983        0.35502731481844095E-001
   0.46049373900223262        0.79886143379193045E-001   0.62759584488829079        0.34531681976497114E-001
   0.53533431369055828        0.81207490470318167E-001   0.47591592606845046        0.35492193287926299E-001
   0.93086100693876891E-001   0.80021989832140275E-001   0.72154427247632591        0.34249328112593104E-001
   0.72130995623494010        0.29989410293848398E-001   0.99064971655723366E-001   0.35199193866889640E-001
   0.14548116187011081        0.79813395920413296E-001   0.92642445355130454        0.35810500519545665E-001
   0.72579694592627975        0.30020301980513909E-001   0.70994142245069569        0.35166544684881340E-001
   0.95285971043041762E-001   0.29874565969253211E-001   0.53615731559811597        0.36166291976104679E-001
   0.17001801413325496        0.29986936692585026E-001   0.26810405024278144E-001   0.36932765920078339E-001
   0.30739620076090318        0.79989113910859735E-001   0.89496852101295721        0.36796211885554667E-001
   0.69546703530215104        0.80038269598494569E-001   0.47205698674205382        0.36925614891618171E-001
   0.68431010665737602        0.80203590617995882E-001   0.99248222379703532        0.33999597888767170E-001
   0.76543435892430844        0.29641089242344421E-001   0.95899803789537541        0.36149173505242008E-001
   0.26956244079948904        0.79675997987224523E-001   0.57784772794752026        0.37138492068290389E-001
   0.72433449340832312        0.80012707731057814E-001   0.66144562834343446        0.34462260515217676E-001
   0.47343251610737457E-001   0.30011281817806341E-001   0.72800555310064108        0.33741769108667420E-001
   0.82967113528307135        0.29801750376560732E-001   0.71090669475213042        0.36265056572829614E-001
   0.70166436533824950        0.79962442489030547E-001   0.57746465140282910        0.38102203523122789E-001
   0.88308312495697251E-002   0.79582341890386696E-001   0.29904821409304905        0.33850484519885822E-001
   0.37467392306421315        0.80967957510754265E-001   0.86980560518775607        0.33542811649225249E-001
   0.55626446571948041        0.79983334944429774E-001   0.63209311906815413        0.34153948279590639E-001
   0.18961856779314318        0.29742078080428065E-001   0.50143324488451857        0.34928521151905603E-001
   0.55980202186706240        0.79877339968485422E-001   0.54212106550834649        0.35082827916376270E-001
   0.83228722189690496        0.30130927096672956E-001   0.15572825708530847E-001   0.36844752281021943E-001
   0.64774945477498957        0.30083268544085131E-001   0.15201483672636021        0.33915982440113679E-001
   0.78742111328883135        0.80106568100681286E-001   0.40379902630766434E-001   0.34720651858978720E-001
   0.37339004308333218        0.30107967057317137E-001   0.98172671387113419        0.36449031727838088E-001
   0.97998258523579096        0.79895789059237179E-001   0.51651750042230615        0.33179982205597154E-001
   0.83350553172423081        0.28079520170168234E-001   0.79498501067927885        0.33782958802219820E-001
   0.91913613874446062E-001   0.79563702969325550E-001   0.42000212964388223        0.34135013840753702E-001
   0.35125847461522364        0.80096102207450337E-001   0.16958165434162062        0.34675122702914618E-001
   0.77317819747886107        0.79951755162531946E-001   0.11170935328311786        0.37900988119791749E-001
   0.77954848686417932        0.79677613909647338E-001   0.90752970142717238        0.33351700786560280E-001
   0.50338939073562128        0.30303599843858938E-001   0.72973001798473724        0.35187985365497755E-001
   0.63115526724794779        0.30253150365865369E-001   0.32095388658615870        0.36347121077172861E-001
   0.84606335923624210        0.30005746830643540E-001   0.48399115480878824        0.33556052741867612E-001
   0.87550361428231915        0.79702897332887337E-001   0.69283453780213056        0.33832280021444831E-001
   0.27399569961817427        0.29686383350305968E-001   0.47034611850522651        0.36862557481212893E-001
   0.67801198667910401        0.79696504564879200E-001   0.89496157708996371        0.33516168236185917E-001
   0.33441083730467736        0.30773045454443294E-001   0.27663543378064981        0.35555033217296791E-001
   0.80523698220125992E-001   0.80070085659118231E-001   0.48939791225597046        0.33692144940131327E-001
   0.90986624563674967        0.79958935152150815E-001   0.63253790445800762        0.35286742571686756E-001
   0.30069134106579198        0.30724101733642442E-001   0.40435124690216934        0.34320617798176585E-001
   0.97500937656574416        0.80099058257966149E-001   0.15937684796974841        0.32971122973100869E-001
   0.12560035400206793        0.30078451292653192E-001   0.47018664647097486        0.36305406780051085E-001
   0.55430061448294959E-001   0.78909890787472306E-001   0.34742449594880676        0.33254763674357479E-001
   0.57088492349632569        0.30185204758709602E-001   0.85544540755017551        0.34587907522061395E-001
   0.50641564336912559        0.79828277134868814E-001   0.68077170446883228        0.34391065527905683E-001
   0.61282098388124229        0.30274661225690166E-001   0.79912679549946508        0.35467002309553776E-001
   0.62167145164885407        0.30098053832533563E-001   0.89412023098274770E-001   0.33729980001193774E-001
   0.38475845405713727        0.80184810594630146E-001   0.35967101882299617E-001   0.38053217208322804E-001
   0.91007408361691799        0.79967633470268529E-001   0.28554993323839728        0.34992171005876191E-001
   0.36390426677587279        0.80070285417628922E-001   0.93505195377025874        0.32420616007618253E-001
   0.18527820232545730E-001   0.78948105829085402E-001   0.46067927037537404        0.34638477003166447E-001
   0.77652823974352470        0.29943638044648887E-001   0.65769975245230838        0.34833487744027884E-001
   0.40002331615165565        0.79761406519651717E-001   0.25744482186019857        0.33906660674226340E-001
   0.90320046658001349E-001   0.30040625937172955E-001   0.67501681760761967        0.34088160106018957E-001
   0.96440744921000288        0.29815458177256990E-001   0.91360884952266774        0.34744288561687917E-001
   0.85562273986567605        0.30220517258745468E-001   0.27891171836977735        0.38087374590085314E-001
   0.64302279508604551E-001   0.79993081985149470E-001   0.78515266876345580        0.34993717326961833E-001
   0.86824779786720097        0.30169353615766160E-001   0.18750985569457707        0.31961612000230177E-001
   0.63544564396525705        0.80097347992085552E-001   0.42919188582769691E-001   0.35919632087266819E-001
   0.29935327530205313        0.30869441165031833E-001   0.61868697670025541        0.32881328880685706E-001
   0.61225845243705612        0.80207658257191172E-001   0.27331669761761307        0.35202669696543586E-001
   0.86795846901761686        0.80377637228828153E-001   0.22954903612079505        0.33120267129212504E-001
   0.56372616494564110        0.30187444861915904E-001   0.29842992781048872        0.34694777439685312E-001
   0.68201940016642382        0.28211936551113689E-001   0.94503951482571524        0.32832609474261802E-001
   0.45899223624907437        0.29811030844857374E-001   0.67552678929562704        0.34688219506931017E-001
   0.64626632293820352        0.30023150149507068E-001   0.47681324963632205        0.33371885375732740E-001
   0.61874054828413416        0.80224342043038618E-001   0.84799016452816112        0.34655641248702886E-001
   0.20392957088165919E-001   0.80035393033080840E-001   0.61637113645794905        0.31492676650926595E-001
   0.52199957524049123        0.80458623986776945E-001   0.86165457797999290        0.35406733680344089E-001
   0.46030207250542832        0.29897297027558608E-001   0.58052096980516010        0.34013596533168246E-001
   0.11410127927943718        0.79887624423601034E-001   0.58050595321723353        0.33233942560692072E-001
   0.40813802079585509        0.80117391570231372E-001   0.67452288718683728        0.35746749276307700E-001
   0.91519249075642617        0.29959620473772371E-001   0.23820943021503144        0.33982158632292793E-001
   0.54751081865483275        0.80052860964811637E-001   0.62958197443188688E-001   0.34069409967845236E-001
   0.93215291269404010        0.29881083761478067E-001   0.52529995096481763        0.36556262830136521E-001
   0.76773058020320106        0.30115533273449964E-001   0.37155083942541883        0.32918616365059571E-001
   0.19268155084098407        0.29930869528715320E-001   0.27986017007140163        0.37164205609440067E-001
   0.23744010707371951        0.29766177486289142E-001   0.37236123097783264        0.36028196992834799E-001
   0.93504246511885325        0.80094359308787555E-001   0.72980945568804712        0.36147313859649963E-001
   0.66944071435575614        0.29598839885241226E-001   0.84054954949695571        0.33473411015676018E-001
   0.40751973231369226        0.81409840019386462E-001   0.58256138090828569        0.34795418104892881E-001
   0.10468664529970725        0.79928613765089085E-001   0.19337406540324489        0.35168310080632766E-001
   0.22450363179082286E-002   0.80125441475883602E-001   0.94803911304523703        0.36465573021215739E-001
   0.19687883089364744        0.29586489700207483E-001   0.65621440091587957        0.32591635804488678E-001
   0.20942151419035884        0.29735376960511008E-001   0.94730044286818438        0.36069228038121924E-001
   0.60923694038170206        0.29836003761830734E-001   0.53494488712659383        0.35535888277769448E-001
   0.27814002991513309        0.29945747349523211E-001   0.10593668011715447E-001   0.34452880848591196E-001
   0.35738315614454008E-001   0.29985236218666934E-001   0.91072745438168501        0.34189921369667406E-001
   0.43918891754301503        0.30165250208825774E-001   0.18505412715190048E-001   0.37876789491811738E-001
   0.64512584678943607        0.29869954177985776E-001   0.68941856819164704        0.34121345600076923E-001
   0.24669691401505239        0.30015785020767311E-001   0.14736315902729602        0.33829677895038907E-001
   0.57823116646322825        0.80455434485177960E-001   0.90501758210646222        0.35269556057829825E-001
   0.77578924174836272        0.29856365264680187E-001   0.83664927746291218        0.35586554679994192E-001
   0.45382266780320613        0.29274622887197913E-001   0.39483913353353034        0.35925420546776762E-001
   0.67013068324718450        0.80006481615367595E-001   0.10718538472655642        0.36755111972335865E-001
   0.54379530079690985        0.80180674254236528E-001   0.25181165729693883        0.36475361462968099E-001
   0.52897845914527541        0.30201273979588873E-001   0.98355093477716926        0.37121013271844222E-001
   0.58165311743294701        0.29964651746133438E-001   0.45343468795216840        0.35324315421915733E-001
   0.31994085022684182        0.79308809257271573E-001   0.44970363507394440        0.33517550880222680E-001
   0.68734480550582414E-001   0.79262555731410250E-001   0.25802050779308672        0.38729264799171916E-001
   0.40030712753864334        0.31405348098483388E-001   0.82748987573277544        0.36347280365165782E-001
   0.67981873697839323        0.80169666526902966E-001   0.29849231724780817        0.36840769751268605E-001
   0.54135878224506861        0.30538305592944012E-001   0.36489446910769163        0.35426504876137063E-001
   0.65834568547607519        0.30335395696018161E-001   0.24516576827875172        0.38039916086203482E-001
   0.26784885776852413        0.29508426915963889E-001   0.78323792684057747        0.32925308411268783E-001
   0.21305803405136664        0.29609230127850245E-001   0.73418710144610722        0.33219718799948145E-001
   0.72606503143255685        0.80149647468593710E-001   0.39508457564183058        0.35991028076444852E-001
   0.52536695713254156        0.30061141399266789E-001   0.20209503730906025        0.36319131556179773E-001
   0.12154502703294282        0.80013166045657169E-001   0.35873474311483095        0.33777487339340773E-001
   0.40987145920586182        0.30473363694047101E-001   0.72970518242760474        0.38389874348204081E-001
   0.28831328690028923        0.80155784123857626E-001   0.57888715002344736E-001   0.34959947113432407E-001
   0.44881380063824172        0.80233966985586658E-001   0.69274199365690473E-001   0.33960521813466878E-001
   0.59902176423300535        0.79870167982355966E-001   0.68528332501082567        0.34013726388511710E-001
   0.20023549107653196        0.78909978497985048E-001   0.55258686616400632        0.29601896426678636E-001
   0.67031961984903965        0.29186102119383966E-001   0.75552014956662827        0.36620390972519373E-001
   0.43682780640820362        0.29786172734951807E-001   0.23759728136687897        0.31185780745758555E-001
   0.89876002657927601        0.30151957348310655E-001   0.93472706097558100        0.34078950851057686E-001
   0.42323881848153821        0.80133716203449654E-001   0.96760154364083173        0.35171048274559372E-001
   0.42350221074481353        0.31155041751753133E-001   0.46964710130230186        0.36515994254308834E-001
   0.40802374194489321        0.79535608552040754E-001   0.41635092398596035        0.34871545359313971E-001
   0.28408741073151883        0.79935672650524203E-001   0.35408151982825237        0.34570876903171538E-001
   0.86181880125378285        0.29384251795527040E-001   0.39217465178192373        0.33997127486499044E-001
   0.30526026915819710        0.82587403170186868E-001   0.66915247558361413        0.35912797320920044E-001
   0.13372638150904451        0.80271319349193210E-001   0.66822009516030456        0.32269075505571787E-001
   0.11241073689243603        0.29999182110148483E-001   0.76317088117903209        0.33575484110886879E-001
   0.49044471523512639        0.80184260363780707E-001   0.15834507945369621E-001   0.33751308095641530E-001
   0.36531338108399281        0.80653735743329458E-001   0.31944277691755385        0.37029581344057351E-001
   0.15782968932390135        0.79137314239311335E-001   0.74474227590746034        0.34463431558328268E-001
   0.73750706489084250        0.30037962279057293E-001   0.44340108484240709        0.34382434518055435E-001
   0.93115637381654737        0.80093462454050940E-001   0.10423853386933685        0.34046186557299331E-001
   0.13577736231643922        0.79816165680315632E-001   0.13018682154052369        0.35109211859510728E-001
   0.13812324535293441        0.79983471551271751E-001   0.28943868474218132        0.37419760623104939E-001
   0.62222336163180048        0.79556953073030942E-001   0.20356486918870231        0.35066114934383948E-001
   0.87624118080592384        0.29928606190054392E-001   0.85689736051359189        0.37666131565692811E-001
   0.41278995995765205        0.30759441919976444E-001   0.62750597548484754        0.31938107245720847E-001
   0.65389667405266616        0.80227601143203126E-001   0.36651355037691974        0.34995123230025509E-001
   0.90790184019730835        0.78808808328700158E-001   0.81074367667309366        0.35065192932833021E-001
   0.29814338420400299        0.30420473837740394E-001   0.99930886070509720E-001   0.30841752180064567E-001
   0.86943275992407942        0.80022767080506332E-001   0.97496747539672879        0.32345014374406171E-001
   0.84871350178644689        0.79947238329748538E-001   0.59741604251387492        0.35199579821676610E-001
   0.89017386984289049        0.29411571099557235E-001   0.75717608389840307        0.34292941972332160E-001
   0.94313493619577349        0.80081126239174183E-001   0.24316947193792071E-001   0.34773444077642122E-001
   0.41538160242705380        0.79614643075232694E-001   0.19205871988273548        0.33234524136253295E-001
   0.32048666126521552        0.81063538446963651E-001   0.23051554705664673        0.33534740898951414E-001
   0.72136352605839549        0.79902094962949533E-001   0.83771444799850847        0.38286537262713534E-001
   0.47782835116124300        0.80034880322176177E-001   0.22169200494341262        0.35167983138999249E-001
   0.98994113836354181        0.80046907850232385E-001   0.81586831663111881        0.34344758843033202E-001
   0.63389995117259523        0.80187503583032838E-001   0.94559189720751446        0.33614125945597588E-001
   0.23719996596364815        0.80117072005621459E-001   0.25615230351497204        0.33646515931463242E-001
   0.37285007603148301        0.29819122485480250E-001   0.21584658670039808        0.36371869790959618E-001
   0.59752124575670036E-001   0.30071257192704509E-001   0.59759677467389938        0.34769815237256883E-001
   0.63117709227579666        0.80160575346900950E-001   0.43264974455443961        0.34917284163077510E-001
   0.73205508307281675        0.31015965666376821E-001   0.28083742593979588        0.35015313939828423E-001
   0.45753345719209426        0.85036255999469887E-001   0.83177706589160905        0.34850105478312639E-001
   0.92598188556409070E-001   0.29922505445228682E-001   0.83043945010722897        0.36181256017499087E-001
   0.22080567246379793        0.79930581604084255E-001   0.32411902078781213        0.35264763713887010E-001
   0.60188625249566907        0.80104318706076649E-001   0.13396259965627830        0.36080094136718699E-001
   0.60840947724776639        0.30270967841376346E-001   0.38848635289540245        0.34907873542774810E-001
   0.49787382809215125        0.30322191443160715E-001   0.64477108804671696E-001   0.36177049492310133E-001
   0.65679407133430212        0.79870057568448852E-001   0.64229266069653912        0.35554218174360629E-001
   0.17115905535648848        0.78602030918184462E-001   0.22644485125178318        0.33238781065249912E-001
   0.87604141288460913        0.80065307132716992E-001   0.42016965855986320E-001   0.34595089948771376E-001
   0.25950587812083442        0.79325654634599729E-001   0.72208508000422722        0.33890268059699163E-001
   0.65015382737629668        0.29872109150730387E-001   0.59264631059363415        0.35197673986678529E-001
   0.76983022398651713        0.79848086953983932E-001   0.60717092077385681        0.35890914627616691E-001
   0.85738113419947623E-001   0.30088870693633349E-001   0.14474948351869868        0.36880934031337811E-001
   0.51520892482187708        0.31206059457415076E-001   0.43039576270987140        0.35005104757844352E-001
   0.55167827774815370        0.30182164369591209E-001   0.11459313028138070        0.37235763876133782E-001
   0.88372663997939971E-001   0.28938385012498853E-001   0.31237681350672714        0.35571832371198604E-001
   0.62894811084120117        0.30141664885894155E-001   0.89718851887874085        0.36060429841900415E-001
   0.49535948128755708        0.30135553645424230E-001   0.26832011643962989        0.34905297358515525E-001
   0.46976206553778939E-002   0.80071906935442236E-001   0.74816480770379534        0.34921817171006432E-001
   0.34605156846935592        0.80714279201090644E-001   0.98906532817288312E-001   0.35755044742531585E-001
   0.85313422988981447        0.80385783874651465E-001   0.91034975392143813        0.34252440831509308E-001
   0.99465919076047293        0.29923825638435105E-001   0.56196778944584247        0.35906218205099177E-001
   0.91018302835700027        0.30477474279206343E-001   0.45597581884669242        0.35973214420274104E-001
   0.19970556694346508        0.80020548324071156E-001   0.16261877237875766        0.36400520645465742E-001
   0.23559633255782914        0.79731527322735266E-001   0.50061914749268865        0.32984425484600621E-001
   0.16918270408271602        0.29639083371053400E-001   0.80044087293048882        0.34252316605053575E-001
   0.78649364412375811        0.79844221670368518E-001   0.79142274463141427        0.32651794008759734E-001
   0.38765211068534483        0.30632811054900434E-001   0.36739805795500652        0.35660968778397077E-001
   0.95370062603594341        0.79842062588886986E-001   0.34060482316877760        0.35155506885921360E-001
   0.80742522329582256        0.79900012471423962E-001   0.53891913949800918        0.36328069683796704E-001
   0.71766191214920555E-002   0.30037010724220783E-001   0.38401632089898219E-001   0.34990483373794276E-001
   0.35816627233492088        0.30409750203356619E-001   0.67196433899528918        0.34734804213197773E-001
   0.41308396845760537        0.30244641029394698E-001   0.30186410822805554        0.33799480484541622E-001
   0.21813873465945219        0.79554871821236939E-001   0.78410961478445729        0.37542289504497894E-001
   0.23407434256778364        0.80149255064776964E-001   0.17616140768042965E-001   0.32297194336854872E-001
   0.23989568794647584        0.79460665780384729E-001   0.64313915432052748        0.34430924522649488E-001
   0.13954296654782530        0.29993779316740622E-001   0.40111468914433562        0.34137307739573922E-001
   0.12291115109080432        0.29870335335963213E-001   0.84738729315234157E-001   0.33630731736212061E-001
   0.25205064310491987        0.79754173595131067E-001   0.42208943276980931        0.35942584571374225E-001
   0.77509528071526635E-002   0.29123797070468423E-001   0.34445800146333611        0.33007277877630394E-001
   0.49876651873492267        0.80171633245413793E-001   0.77644575651291525        0.33294988182081341E-001
   0.92049187819336631        0.79871899227966836E-001   0.88866590854214023        0.36228550167492879E-001
   0.58231947467713374        0.80197371005896190E-001   0.99327950899696082        0.36613929288273506E-001
   0.50553903952368573        0.30471333945593371E-001   0.81886722021391478        0.32374023114310306E-001
   0.29049929486401521        0.80037819791567100E-001   0.13956411172246905        0.33080169982305653E-001
   0.35771532181302530E-001   0.80630658987405776E-001   0.12618026716581937        0.35535983223211443E-001
   0.45908398925231142        0.29616471136486106E-001   0.17448219123429864        0.35455110819994085E-001
   0.77953701591370261        0.80036542309918440E-001   0.24817377249881339        0.35160445023851294E-001
   0.18666919802159929        0.29982254801751713E-001   0.11221308232633180        0.35705674809390922E-001
   0.56120909108359596        0.80425810366405143E-001   0.40914156574537869        0.34137044225762553E-001
   0.82437422092282264        0.79844846182937190E-001   0.84742088417731543        0.34919473668091339E-001
   0.44946051551122676E-001   0.79881641347182494E-001   0.54948550240911131        0.36016005546976329E-001
   0.49113957670817165        0.80276189298517861E-001   0.94551522863887205        0.36088727087986244E-001
   0.86139597804707635        0.29970975410052364E-001   0.64603742699073896        0.35630873578401029E-001
   0.80489802797292243        0.30008484871349536E-001   0.43000262131332873        0.34292606107807239E-001
   0.48909564520998727        0.29495215204096398E-001   0.49330071330535108        0.33075271392686692E-001
   0.90316092136276427        0.29775995410348186E-001   0.33569061961324442        0.35956838740051851E-001
   0.10342651831603185        0.29817288690109058E-001   0.90106715108983182        0.34137607691774791E-001
   0.11926560186268834        0.29940734576946418E-001   0.97282725466465669        0.37121100261327346E-001
   0.48153251302140754        0.79079303581775048E-001   0.12933057901259973        0.34064379985005958E-001
   0.86474571186221483        0.29951684036556077E-001   0.55030194284684630        0.35335850793201194E-001
   0.35484805605205028        0.80344874120365520E-001   0.80673351408288718        0.32334089254523607E-001
   0.47007727606634919        0.81198162794495030E-001   0.44892939911869395        0.34845289632187637E-001
   0.30092581760916748        0.80647432843866620E-001   0.51420259940695656        0.33734206037823081E-001
   0.69605525689553538        0.29971096433678335E-001   0.52414492791466294        0.35160932515038643E-001
   0.27714031879740131        0.79518278840788312E-001   0.82920335133150247        0.35582946139923542E-001
   0.86310939226366046        0.79379958744378809E-001   0.43802644715978023        0.33822434349340090E-001
   0.48664641610935519E-001   0.80113701020335992E-001   0.15271056420301925E-001   0.33853856039906663E-001
   0.32394662761528387        0.80013990368596091E-001   0.99561756954393699        0.34920546511393251E-001
   0.32716548234393084        0.30225233370875737E-001   0.84495415725715528        0.36306047631231832E-001
   0.88839048999218895        0.79935415406861651E-001   0.50111753704048356        0.34059762035818043E-001
   0.51895061604683224        0.80375616559306945E-001   0.31947516775460838        0.35477899317788900E-001
   0.56492426489498336E-001   0.79949635174851083E-001   0.86671678607686942        0.35349979253459479E-001
   0.68507967037323070        0.30071711489172211E-001   0.39392722464293727E-001   0.34450751173259200E-001
   0.96741082247909094        0.79837891925366999E-001   0.24529391657452104        0.33947247255856752E-001
   0.14322234092812378        0.79972319749436527E-001   0.51834715301602241        0.35073901733645420E-001
   0.81381424371117772        0.80004056573084653E-001   0.38215280675492580        0.35477431150395887E-001
   0.96605202593057071        0.30101241332156792E-001   0.98258937364110355        0.34249806175399633E-001
   0.50943586747857617        0.29959657443957767E-001   0.62813173201725148        0.34396939269715814E-001
   0.45528094025126908        0.79929779903393838E-001   0.52885078132160335        0.36517080606522062E-001
   0.94668840013284850        0.29658887694925112E-001   0.39339734472711685        0.36261064925423241E-001
   0.21849229903817810        0.30024102827169930E-001   0.21142817994279578        0.35929754581648092E-001
   0.38189814263712446        0.81048157947336608E-001   0.50378437039398472        0.36860780788206038E-001
   0.77715645574332681        0.79854664159234298E-001   0.70848714472725227        0.36227549643254628E-001
   0.98080051758737641        0.30111882287399711E-001   0.63003004559887499        0.33532821845256210E-001
   0.30464241391169339        0.30588822290291758E-001   0.18508115093152214        0.34911319925546073E-001
   0.55305375261597134        0.29815469467672669E-001   0.68105771259055226        0.33967357569145831E-001
   0.95864425379198182        0.30043500068128517E-001   0.29220572798838379        0.34454812165105764E-001
   0.23541552149721612        0.80118491985872425E-001   0.10324141814504682        0.32883608780907084E-001
   0.30951239451779422        0.29993792738158467E-001   0.94762896238563621        0.35820541074750592E-001
   0.36299850172239567        0.29516640871104002E-001   0.43301639462303154        0.34203773416132399E-001
   0.41425749602737955        0.80286839120062847E-001   0.78022890510858123        0.32608878916181604E-001
   0.71092410749676227        0.80106208282026081E-001   0.23378916079631612        0.34930114939502127E-001
   0.12212939332126700        0.30009743033462846E-001   0.24020293867221559        0.34526242463360439E-001
   0.31971363153427849E-001   0.80043314103909691E-001   0.68247516367574523        0.35574470756466380E-001
   0.77684396899791763        0.30065929331373510E-001   0.49959298235920169        0.34033135408033460E-001
   0.90157705710110358        0.30087880123103747E-001   0.33820180198891416E-002   0.33467116121927022E-001
   0.22700302269632627        0.29539777779284678E-001   0.84046519977199818        0.36069120098046345E-001
   0.45632221491412089        0.79696900517486999E-001   0.29286164756048200        0.32356679582669481E-001
   0.58497082498284814        0.80412732076887081E-001   0.34307085675286064        0.34294386102496924E-001
   0.82051953714089254        0.79963871769842168E-001   0.17713090096765016        0.37517337095157387E-001
   0.15093526176825989        0.30004153235928067E-001   0.17698903468990765        0.34827706261694437E-001
   0.92706599277307178        0.30101259500686890E-001   0.15326057044443905        0.36066929252178172E-001
   0.74924086502412821E-001   0.79866487907910816E-001   0.94190526458356383        0.36359596520469536E-001
   0.88545529566411962        0.30059202718950864E-001   0.89806094281180207E-001   0.35172908208822407E-001
   0.35411252927531517        0.80424443980440935E-001   0.72294573370360837        0.36761179076440442E-001
   0.15058301980528212E-001   0.29257320106901033E-001   0.25203524529372828        0.34742970996114605E-001
   0.47248607889171584        0.35498497334311672E-001   0.87438590369553759        0.32169147385730318E-001
   0.17562952544455637        0.79496431191452097E-001   0.61366288757535725        0.36240490119034588E-001
   0.16041199884210131        0.29497219552959864E-001   0.56504898068373710        0.35057593344240676E-001
   0.94909108269932307        0.30165828276430825E-001   0.84441273467423283        0.36088951890664925E-001
   0.73042458660305620        0.29959152979713563E-001   0.89401676686420495        0.37505976060429609E-001
   0.33499769187630113        0.30088484405291094E-001   0.47231119772299227E-001   0.33127365135161062E-001
   0.70215094640996234        0.30179195023226357E-001   0.34793744172316715        0.36726458154632144E-001
   0.34377318077560320        0.80777232735937204E-001   0.38689384504677199        0.33541755538335077E-001
   0.26002824386405449        0.79235123489526715E-001   0.95342432773270880        0.34030528466658445E-001
   0.17006473469147362        0.29788161574426930E-001   0.88284187063559449        0.34906917613927169E-001
   0.13083139694618034        0.28819604737821275E-001   0.62407871610133825        0.30825154484208351E-001
   0.95770382491307338        0.30161608125014401E-001   0.77423801542608139        0.34354393211248418E-001
   0.18756319949890599        0.80009334714706892E-001   0.38899916427622716        0.36226454632281337E-001
   0.97959795089428725        0.30078001547438921E-001   0.70718991527226172        0.34397409597049226E-001
   0.52889589253551117        0.30424536046612334E-001   0.91121675266174862        0.35210549423234996E-001
   0.55217746089817543        0.81359150836359528E-001   0.73457993324673720        0.33733833473963117E-001
   0.23192133312566113        0.30030045526727302E-001   0.60030188561374584E-001   0.33191449320466498E-001
   0.47418071441868548        0.28315093044616532E-001   0.33066733419778821        0.30751766596617540E-001
   0.74844561040809909        0.30064815124779810E-001   0.23706141978671873E-001   0.30734165126500342E-001
   0.38789567373387829        0.30934258146434329E-001   0.83874015365536236E-001   0.30724509480124330E-001
   0.64517487976483531E-001   0.30009164649446043E-001   0.20899924831806405        0.30780797905434094E-001
   0.74175365124714354        0.80089564679378042E-001   0.52145009556404187        0.30735250528010676E-001
   0.27633932213292423        0.29986370164388862E-001   0.24462683992575779        0.30742196873512363E-001
   0.38930660055814786        0.30116412727950570E-001   0.15076779124427581        0.30739247612271720E-001
   0.20047552911235195        0.79448629587260011E-001   0.69529409678707155        0.30816286205601163E-001
   0.17303124156240296        0.31110677362981027E-001   0.34546507833820567        0.30785135582049705E-001
   0.41009798745580361        0.31051024794582119E-001   0.53956114227746677        0.30762397285535727E-001
   0.18169117045131453        0.80050068768434818E-001   0.98245632862540300        0.30787680245083576E-001
   0.80753207023171425        0.29846110405499972E-001   0.58414911699693683        0.30801218714797584E-001
   0.22828665599732059        0.29671801925202763E-001   0.60115003023577807        0.30719847406170096E-001
   0.68099668723951357        0.79701697344059172E-001   0.71033502203118548        0.30725771641411558E-001
   0.56700090946183557        0.30124183474322649E-001   0.58774344076571738        0.30735676731129785E-001
   0.91974324745270875        0.33035319399112577E-001   0.67846048965967454        0.30724288214402803E-001
   0.30453407121660003        0.79482934702240882E-001   0.76871698471851058        0.30714404873527258E-001
   0.99182162879403180        0.79867499557594535E-001   0.88119955176317344        0.30796789317907688E-001
   0.83559172308794361        0.29983502241878131E-001   0.13307768232404729        0.30783271281200019E-001
   0.75004519446465134        0.30047798327224508E-001   0.21642298507075322        0.30814960848833457E-001
   0.17325550876149112        0.80988443980115843E-001   0.45930708662013736        0.30658415227785316E-001
   0.72375388914687788        0.79958869010882519E-001   0.56061419988180317E-001   0.30761774483929642E-001
   0.16451880837722047E-001   0.30187773246503492E-001   0.84856897731420211        0.30780614355250813E-001
   0.84044708515278177        0.79979891550867210E-001   0.97046564846096167E-001   0.30787281751206916E-001
   0.60188861866396248        0.30447064452698985E-001   0.63855821357153331        0.30685708185980997E-001
   0.20519726660708637        0.33079985394937797E-001   0.43364061356145783        0.30737459390485167E-001
   0.51046401430005084        0.80019119446224529E-001   0.58566948601312285        0.30680700350863375E-001
   0.71629788894012214        0.30137671470615690E-001   0.16484075581954996        0.30756956656472465E-001
   0.68182092099994629        0.80056201957225070E-001   0.17490128344940309        0.30718152184659678E-001
   0.96259246908460727        0.80009092972826185E-001   0.59272372052990041        0.30780028565148922E-001
   0.80717180436352631        0.80093564143040308E-001   0.47161272581950819        0.30711542538621982E-001
   0.65891743823459151E-001   0.29637567264478373E-001   0.38681407211087654        0.30681444950766093E-001
   0.84624631851265234E-002   0.28961715469138661E-001   0.41967711291064308        0.30741487692542466E-001
   0.80627145238695896        0.79750096923672506E-001   0.97709448265420751        0.30764288398240094E-001
   0.65263078946072239        0.80025290012214811E-001   0.52881040436456084        0.30745394958954533E-001
   0.82311526689718295        0.29989944797602048E-001   0.33966239849969093        0.30778034325761244E-001
   0.81599705879391138        0.29736870419092357E-001   0.88949946013115055        0.30807363992897206E-001
   0.26197406945891255        0.30161169725021572E-001   0.90087239586120371        0.30828388792242319E-001
   0.85902624146411655        0.79731665865021020E-001   0.33365886498728442        0.30696043302357034E-001
   0.51773280238985364        0.29821762181402069E-001   0.55044942757120374        0.30747320599308521E-001
   0.52870110601862245E-001   0.30176420659795242E-001   0.85634182183345606E-001   0.30711222518015828E-001
   0.72319569768423875        0.29938099028756798E-001   0.61958233942781371        0.30692392987112804E-001
   0.97035473417241058        0.29968966838925377E-001   0.20417603588034267        0.30718809501669882E-001
   0.83505632529670659        0.30268053932517577E-001   0.94802412096429711        0.30741796589482211E-001
   0.34547264890059759        0.80354030429473977E-001   0.56077724578332200        0.30714815901560662E-001
   0.90587140829356394        0.79937328900471338E-001   0.56357911845271658        0.30662966697245955E-001
   0.26204301819726072        0.30363378898710248E-001   0.30966263828149376        0.30707548793013947E-001
   0.24301081217749923        0.29668519567835411E-001   0.53993418815550021        0.30819106738612451E-001
   0.67078972272245896        0.29452204500671576E-001   0.41019873955317981        0.30662201422186997E-001
   0.97699363904123770        0.28290650088641702E-001   0.47352752759088174        0.30760114154850880E-001
   0.44349757717297028        0.30244715908894250E-001   0.11003232623737662        0.30706594419125811E-001
   0.43422032857864917        0.82723143970031610E-001   0.89495619286474370        0.30792339175175456E-001
   0.80675009631406081        0.29962247367966044E-001   0.78388098761317804E-001   0.30856444491121678E-001
   0.19849647446911249E-001   0.79562505790454860E-001   0.20668467306628246        0.30811455929918095E-001
   0.35896231370819304        0.80374365816055976E-001   0.62959519224070426        0.30753351188696820E-001
   0.58138168703441173        0.29988655345411803E-001   0.38717072936761875E-001   0.30752391222785967E-001
   0.30174826152739304        0.28489733583057342E-001   0.72627190133016029        0.30685913039395541E-001
   0.12371637516914283        0.80795808064570346E-001   0.19486456407728732E-001   0.30673163479243478E-001
   0.34677305344157822        0.30313706987752327E-001   0.76847297739743792        0.30731586399872023E-001
   0.44853214511346817        0.30151669511972651E-001   0.93240554301003031        0.30759985809472708E-001
   0.72684270204599566        0.80013051089906764E-001   0.75296584149865398        0.30747035585821585E-001
   0.55107036783943020        0.31357072531827172E-001   0.77522155571296258        0.30702375037752874E-001
   0.77770745759030757        0.29963885208979642E-001   0.15874057570335240        0.30766203440441731E-001
   0.25923110162217711        0.29491370340640650E-001   0.68089892581743983        0.30750486886085220E-001
   0.15333935799303178        0.29473195252555696E-001   0.70268905123957415        0.30688514115407396E-001
   0.19350704617293792E-001   0.30674899766409847E-001   0.16673100325654905        0.30727544215719989E-001
   0.39192938115720199        0.30015508635415203E-001   0.90778878017301634        0.30736855967203741E-001
   0.12765346643719333        0.79701640432218723E-001   0.80254262977812219        0.30697653933835476E-001
   0.66338856244360500        0.79201650671517965E-001   0.80018654011207113        0.30744438197577870E-001
   0.85961289058336277E-001   0.30066916413918982E-001   0.32055476968476097E-001   0.30677163198355763E-001
   0.94754725860609879        0.30109760608501325E-001   0.66401948621899951E-001   0.30698721860815105E-001
   0.60586828077985810        0.80744429235593690E-001   0.58993670672057197        0.30777177163586439E-001
   0.81474316982144024        0.30044611314214476E-001   0.22344400514434754        0.30795811927711247E-001
   0.74897195658450710        0.79962206519344436E-001   0.18022563795280025        0.30756950251299035E-001
   0.62298563651498706        0.79861569015662340E-001   0.75368114195082625        0.30823001445934649E-001
   0.93503843253052055        0.80133109755864726E-001   0.95459400878208545        0.30668281997764914E-001
   0.45292930988064301        0.30350226348780082E-001   0.78411500962848890        0.30664872817631875E-001
   0.43008512972217128        0.80049202453725377E-001   0.35282152158926983        0.30701395107384791E-001
   0.33721743256398812        0.31050366457462508E-001   0.49444859376376893        0.30792881114287556E-001
   0.58738074231077519        0.30030276250487094E-001   0.17597006094628068        0.30755547976890191E-001
   0.81898979391127014        0.79968284583699895E-001   0.65629874156492685        0.30652403305140404E-001
   0.79885511328286390E-001   0.80061365270790177E-001   0.63500118017661356        0.30763456027771720E-001
   0.31625894722570373E-001   0.29605505767456387E-001   0.50597104697017958        0.30690373313385821E-001
   0.92355281603520412        0.79952361338900352E-001   0.19767532586169553        0.30787341323915880E-001
   0.37577020624862560E-001   0.30132162545961697E-001   0.97580215500358058        0.30696224884273350E-001
   0.26019064396446800        0.80262817175296056E-001   0.19581734775530707        0.30729780005938064E-001
   0.90289878927479461        0.79515261356548184E-001   0.38371268624202853        0.30771463393402008E-001
   0.96584317205233827        0.80109658601449169E-001   0.66763288877587623        0.30775909431397259E-001
   0.53970217295703959        0.80260275432257791E-001   0.15924618411231994        0.30804732448751801E-001
   0.74950130397445902        0.31597137917805287E-001   0.56291672626505107        0.30780392131359770E-001
   0.45814743075712966        0.80371207912544942E-001   0.72536933988860308        0.30714107789743525E-001
   0.59474202029300671        0.29950691608854180E-001   0.73065565255694787        0.30761652808848863E-001
   0.12255088325489587        0.80047153671324228E-001   0.86392195311937814        0.30763394337100736E-001
   0.77751571605412817        0.29908149011664345E-001   0.75323908634504499        0.30823079963667770E-001
   0.49916851995330364        0.77811941770642712E-001   0.38544209594407164        0.30749759596801044E-001
   0.99025546249913288        0.80087243064392313E-001   0.77734904331779389E-001   0.30673736196224159E-001
   0.60222451618927031        0.79885482782273864E-001   0.49170444416760983        0.30777404518227896E-001
   0.92658479816308270        0.30032694171316321E-001   0.59272585349687967        0.30717486248914731E-001
   0.95223438765650603        0.80193650934963001E-001   0.44155812757106611        0.30646496045387699E-001
   0.84802083803306283        0.79798177012124244E-001   0.75293001297822781        0.30693957339757116E-001
   0.32488154363356592        0.30016337557746964E-001   0.34339944415086393        0.30759265676763774E-001
   0.18022051915355239        0.79677203249218301E-001   0.84108842141457352        0.30847520403452351E-001
   0.74202985137446642        0.80166840764214070E-001   0.32575064024423600        0.30813457469230147E-001
   0.98416607536950251        0.30582900174383122E-001   0.11603890166638155        0.30664995574102131E-001
   0.72420853697723964        0.80091474836273976E-001   0.94073617771234164        0.30764993127617969E-001
   0.85237456645282178E-001   0.79793482549697758E-001   0.68635688822718990E-001   0.30683581732941636E-001
   0.88186796519884236        0.80169695916719005E-001   0.14701113564328355        0.30758346044014999E-001
   0.31007538800320111        0.30320126927765353E-001   0.55454018994572996        0.30765797776169383E-001
   0.21687201286475645E-001   0.30028867583532987E-001   0.78728809573564085        0.30702317738981615E-001
   0.72815721300523606        0.29843334835287168E-001   0.79031385396077136        0.30859667349715153E-001
   0.16786991264640272        0.79971666298963212E-001   0.72461338177974996E-001   0.30788691739046043E-001
   0.58825854122221388        0.30265643060705352E-001   0.23753589310648837        0.30727793026148687E-001
   0.40912970962597395        0.80167058950005629E-001   0.12055260738575903        0.30796911743675492E-001
   0.80179313804343522        0.80090423612063921E-001   0.31051281656903434        0.30791539254100234E-001
   0.56440420800760105        0.81989694766453847E-001   0.81019337548973092        0.30737365239297810E-001
   0.36001755993983747        0.30336717828418899E-001   0.59350554265416000        0.30761437296290290E-001
   0.30821261392629624E-002   0.78936815759521273E-001   0.38426129641323054        0.30736042146351918E-001
   0.60965806688452001E-001   0.29211974420915832E-001   0.45183395468973941        0.30784501997059607E-001
   0.29272746083381557        0.80782209570427838E-001   0.28916295561116334        0.30692591978674764E-001
