 3 HS poly
 400 2
 121 279
    1.0000000000000000         0.0000000000000000         0.0000000000000000         0.0000000000000000        0.10000000000000001         0.0000000000000000         0.0000000000000000         0.0000000000000000         1.0000000000000000     
 T T T
   0.56632364778033684        0.94311887945023903E-001   0.18923075283242471        0.34364734126931737E-001
   0.63532077751138316        0.94267626025431830E-001   0.19875908733033620        0.35167643225368160E-001
   0.94689895163202187        0.96672881606265221E-001   0.58912079067248013        0.33230697365688996E-001
   0.93869320139877110        0.94031793011930792E-001   0.22091397333209899E-001   0.35056877533491473E-001
   0.41277548309893025        0.43316539257701930E-001   0.89186309777056705        0.38399324987326816E-001
   0.35588808599173843        0.94499313796074583E-001   0.23174506586658408        0.38367668791319386E-001
   0.51741874368349750        0.94937187119624789E-001   0.27067094641869505        0.37256556160474366E-001
   0.49470553185286781        0.94491153820316712E-001   0.19238120080005622        0.37145975019142428E-001
   0.37554976319887684        0.44074608712590710E-001   0.82509742041166345        0.37786166247734614E-001
   0.53182162899319552        0.44364680100350010E-001   0.15520881848519147        0.35161883671481910E-001
   0.69004657369439271        0.45915432266353973E-001   0.32384469353841788        0.37115337170643269E-001
   0.81531248966555669E-001   0.97242209893102685E-001   0.55753082089675121        0.33735617298686300E-001
   0.78345837011122998        0.94758281981725603E-001   0.68585780853449196        0.34721538754871044E-001
   0.97697683059843798        0.94386074365645348E-001   0.96053713465699775        0.37428038910855381E-001
   0.89415926112653379E-001   0.44671491177405931E-001   0.28490402512825841        0.37155042707444956E-001
   0.97762740637500989        0.95747315392698762E-001   0.45145763794052307        0.36440038698907273E-001
   0.27832488982864956        0.44844213219900925E-001   0.25656312764687000        0.35653088531136287E-001
   0.11483470454851276        0.44215475415431034E-001   0.73673450701730236        0.39259845727084984E-001
   0.72308280794445512        0.44851334068878951E-001   0.48584368426743568        0.37798519125482329E-001
   0.68199783866535024        0.44793128627148238E-001   0.62143458559760434        0.39174256153519785E-001
   0.81578661799670826        0.98607801674305190E-001   0.96928927569466128        0.33944664548286090E-001
   0.61124415808954113        0.38232759967601365E-001   0.59963084537255240        0.35093744223198602E-001
   0.57289152931165099        0.94024833725171675E-001   0.10694990897837907        0.36965800586810892E-001
   0.91572929166639644E-001   0.44812351541166653E-001   0.45071545377779154        0.37712243159255414E-001
   0.16841824916257372        0.44325275192728192E-001   0.62636988278089012        0.37012642305947259E-001
   0.57401975657798543        0.94567002683458190E-001   0.54735870924914753        0.42202066727090870E-001
   0.87282597143566243        0.44352963091654096E-001   0.73964102908610108        0.35295514580103021E-001
   0.15306221309797807        0.95019190999773795E-001   0.74506291388211424E-001   0.35251231907950924E-001
   0.79335122696228125E-001   0.94726443180430150E-001   0.22339900084510134        0.39077765148628325E-001
   0.81201589185119938        0.94467192800669689E-001   0.83188354993080937        0.37163579572867741E-001
   0.25539124566482224        0.94869238187127711E-001   0.36587821917357918E-001   0.37277021818770593E-001
   0.60530941572713648        0.44000810273930754E-001   0.99051749987272264        0.35422372392793167E-001
   0.44308958880268545        0.44476760462750391E-001   0.32043372234679335        0.39538730300721726E-001
   0.90617858087733671        0.95787858011030305E-001   0.43061885408375705        0.37914311907327740E-001
   0.78784948729673898E-001   0.44775587945162600E-001   0.16399114474336515        0.38519736647019166E-001
   0.63123902390790620        0.94283737173434135E-001   0.88352038100436470        0.35634380459957926E-001
   0.40517518774310773        0.44223877663783301E-001   0.50956565097758488        0.37254942739449834E-001
   0.60918397279321863E-001   0.94573233701891732E-001   0.95347872267843659        0.36598459698693471E-001
   0.18763555892854192        0.44417815448994778E-001   0.19616128325736712        0.33353227599704251E-001
   0.25945171696753633        0.44548929237231055E-001   0.42424199403936597        0.36490854562145798E-001
   0.68577121608253869E-001   0.93939752090399509E-001   0.69514778364868113        0.40125848854636582E-001
   0.43048171407027436        0.93390723607676362E-001   0.48186768385045124E-002   0.36475210256192291E-001
   0.28745141332526597        0.94380933303518946E-001   0.65151687248655432        0.37597766731630684E-001
   0.98145059891070718        0.94548567881346940E-001   0.23660491922317181        0.36676423477236174E-001
   0.70978335739823706        0.95954026947305537E-001   0.37464256625295178        0.36777763306240996E-001
   0.63827649177135791E-003   0.94567382793767737E-001   0.38056759831597536        0.38099203127996722E-001
   0.33614402701245166        0.93244714839361684E-001   0.70888517379896632        0.37616442882321362E-001
   0.84198102743328074        0.44614738412342508E-001   0.58916699252788929        0.37488401939538667E-001
   0.42822744040668398        0.44409088245709619E-001   0.41802613597997557        0.36359972136517107E-001
   0.97710371471163279E-001   0.44763868188800210E-001   0.37729348336566515        0.35906683153878523E-001
   0.11878933260238815        0.94091291083109277E-001   0.79730285394440759        0.39266938605639151E-001
   0.14210493849617428        0.94759040756819179E-001   0.27433658647119480        0.36061494706546821E-001
   0.20097232636353649        0.44694963725123937E-001   0.26971359355037966        0.41231434636535266E-001
   0.43237416129604045        0.44258913522566744E-001   0.77504060752152593        0.35650230194936461E-001
   0.40390636014633918        0.44513626951536531E-001   0.25671640579683336        0.35234796965923285E-001
   0.89137988717882433        0.94388337669984099E-001   0.27694796711365560        0.35495905540199373E-001
   0.20633454329018516        0.94209544054794078E-001   0.44548775315426697        0.37826774778239466E-001
   0.38475974373752114        0.44494670291995164E-001   0.18315298599485755        0.36975791063565668E-001
   0.39504473042979166        0.94183342401699177E-001   0.56513618921508779        0.38125902417512333E-001
   0.74933339585808145        0.94510313477322083E-001   0.76827188440055738        0.36843357371188171E-001
   0.47263369538674926        0.44266500366825556E-001   0.47731884860489343        0.37433772926938863E-001
   0.20042197955300531        0.44855870682385002E-001   0.49078660855964018E-001   0.37996303007906296E-001
   0.16957322108646361        0.45755134409096343E-001   0.12651502532245951        0.38045935221644879E-001
   0.31372296615602296        0.94160793153232947E-001   0.52786380884928752        0.33178133473873932E-001
   0.14082297011911210        0.94356470643579687E-001   0.67907063324582495        0.33877641230565636E-001
   0.17252875784759450        0.94299183659803013E-001   0.74281819868465104        0.37257319613862548E-001
   0.70190379951299731        0.95070646479463533E-001   0.22174128521302644        0.35223278671212679E-001
   0.75791004995018896        0.44796765196808530E-001   0.63856115539992853        0.38590733123907497E-001
   0.75965884292222374        0.45560314039748105E-001   0.35066988536976240        0.37433894904036563E-001
   0.39410857182833553        0.41352925945093870E-001   0.45636763953513709E-001   0.35841725766789609E-001
   0.33333022398155353E-001   0.44182589152081085E-001   0.57603187343532182E-001   0.35916860560531075E-001
   0.65406313727619603        0.44637150678687239E-001   0.45743875972225745        0.36523154317810017E-001
   0.19386407067218295        0.94805442372460760E-001   0.98913589785301481        0.40295674686428896E-001
   0.47349003322179492E-001   0.94253382167551913E-001   0.76956798786409608        0.37247404978377210E-001
   0.54591759799325568        0.94532051830638356E-001   0.38429130099017239        0.38890822163674142E-001
   0.85794096767218442E-001   0.94134670230331841E-001   0.47554326287573022E-001   0.37174398437894114E-001
   0.62381218817098671        0.94975348008301694E-001   0.38592563638651441E-001   0.34698668858308079E-001
   0.63474034317597516        0.44632510157360993E-001   0.53059597002074144        0.38069591954571977E-001
   0.28909592704896242        0.94483346847218749E-001   0.16193487090869393        0.36407024856693865E-001
   0.96410701369870466        0.94493590114848383E-001   0.81586650562536533        0.36369401398087683E-001
   0.65495758850103836        0.44072784208689757E-001   0.83594498859835353        0.37141801813836167E-001
   0.59923232170263840        0.44677649723545376E-001   0.67181492710317470        0.36651085269558611E-001
   0.67166641603882216        0.44418363860954213E-001   0.19117259700999780E-001   0.36796208012391696E-001
   0.31492832694620465        0.42075912951118274E-001   0.43039577716701090E-001   0.37536673612558517E-001
   0.90464921022660238        0.94058611875744033E-001   0.87371048639958274E-001   0.38538333350207142E-001
   0.82891802189466146        0.44664910246971515E-001   0.66044948287438765        0.34959346920389087E-001
   0.97297080646813405        0.44526294980678428E-001   0.18187071135609595        0.37881583444217937E-001
   0.38076005707501043        0.44195734666727472E-001   0.36143395572810011        0.34968180529637551E-001
   0.43643831165726332        0.94857989103528939E-001   0.72098416401175713        0.37592270621182589E-001
   0.96095993911889055E-001   0.44561592109113764E-001   0.91891910064186366        0.33591474307295310E-001
   0.54039680968659631        0.44519233752989607E-001   0.59749378913920692        0.35999777815615454E-001
   0.36504213078564850E-001   0.44526612079696375E-001   0.33757697515339019        0.36936237392544896E-001
   0.73974240153941873        0.45288772206589785E-001   0.48992674496813500E-001   0.37478829317218763E-001
   0.71121793685659718        0.94114086996955240E-001   0.85281854289893366        0.37125921579380036E-001
   0.82938694075722585        0.94502271940587954E-001   0.76190527577553879        0.34189864627425806E-001
   0.56241458063585981        0.44198243010342975E-001   0.83686211890183115        0.39575351244097459E-001
   0.94639550435559550        0.44525894047754588E-001   0.76510665929663191        0.36918081981141541E-001
   0.17286736883772680        0.44735591193985597E-001   0.40264388839602172        0.35449421346039039E-001
   0.70126178939904371        0.45220758046045369E-001   0.11163854674280807        0.35926709382340723E-001
   0.89629390463853298        0.94472797724464805E-001   0.78689234457253021        0.37093986433293688E-001
   0.17260075122148802        0.96072058710867658E-001   0.50913068138042916        0.32952739547897000E-001
   0.73667326383647413        0.44579475142099576E-001   0.71294596868653282        0.38727785489387906E-001
   0.92899078081483211        0.44627732359926647E-001   0.24208836786703111        0.35919514033810246E-001
   0.65045568793475173        0.95293807962011146E-001   0.12800308323370144        0.37151745675613537E-001
   0.97429625258980268        0.47149565679781756E-001   0.63079787325844339        0.36557724906319193E-001
   0.69067175403394365        0.94784022077932253E-001   0.92252669321912995        0.35455354626049360E-001
   0.21936003809091517        0.94685074384637594E-001   0.10015891783340343        0.35771124951649587E-001
   0.28943896941505715        0.93899938681035966E-001   0.76261163671104226        0.33536892432440762E-001
   0.54112245843604423        0.41049242552107540E-001   0.95466889404979771        0.38001705669653996E-001
   0.22842880450465355        0.45866864198728617E-001   0.35496616252537988        0.37741784045086671E-001
   0.35927890111101389E-001   0.94588685394349031E-001   0.28450078605436935        0.35861779736375402E-001
   0.80799086342237858        0.94598884880933362E-001   0.54370294270841413        0.38146688666039770E-001
   0.24375759844264778E-002   0.45746603828538068E-001   0.49757944454907749        0.35958109198046512E-001
   0.31624615205840767        0.94206095000477497E-001   0.43288501665771917        0.37151536628336763E-001
   0.49268679196885455E-001   0.94724694038760909E-001   0.11372252062661704        0.38193644087973308E-001
   0.22635922381066673        0.94367780117126931E-001   0.79359077757566732        0.36725973392250193E-001
   0.37989649478358439        0.94018429863273523E-001   0.76948973260654596        0.36848703428479873E-001
   0.78078330949766417        0.95052185526054836E-001   0.17750954439478270        0.35963996498500739E-001
   0.22119437247982526        0.44334083984823879E-001   0.84493115322028989        0.35090040746676210E-001
   0.14837634114515369        0.94665835013084773E-001   0.90738092050479302        0.39561430081501696E-001
   0.93330751188501793        0.45632832286945896E-001   0.47688500824748509        0.34873380637489140E-001
   0.66567278879074365        0.44437185301995752E-001   0.69107956352277355        0.32344568081598885E-001
   0.78534115080484024E-001   0.94389249909169248E-001   0.62343397470414208        0.32260745750807188E-001
   0.24229987532747223E-001   0.94245790959926135E-001   0.11937764770464397E-001   0.32337218618236116E-001
   0.80660525353760237        0.48145033106625858E-001   0.69622773965018134E-001   0.32440423919830735E-001
   0.92542272255435110        0.94516065870369093E-001   0.19574061227751086        0.32250202575894636E-001
   0.91856931070281589        0.44523319888576357E-001   0.54247461674414377        0.32323284985656113E-001
   0.38203644219781413        0.94166599430158815E-001   0.40662312408128959        0.32328376343812595E-001
   0.22168932811258715        0.44778599487761923E-001   0.49328130720930252        0.32349891706037470E-001
   0.49979876540502316        0.93503485040553364E-001   0.56265364568634554E-001   0.32272195090881542E-001
   0.95581650290537046        0.96852035030565845E-001   0.51894477379621085        0.32310854470391004E-001
   0.47106898141373466        0.43634198563271609E-001   0.95996945456627492        0.32298853226497871E-001
   0.53284229295505781        0.44524864005012176E-001   0.33497973836128364        0.32368922137770928E-001
   0.77120720978549095        0.94436587949084605E-001   0.88821665613755307        0.32365703497027498E-001
   0.52612749638151068        0.43714445130942359E-001   0.87981050255898141E-001   0.32302888280481723E-001
   0.79325585005871591        0.44499660630629143E-001   0.78734378820801498        0.32315422211112881E-001
   0.31116516212347811        0.43997360893456045E-001   0.85556488289089139        0.32351786134831577E-001
   0.55186622494330628        0.94190865672269114E-001   0.88764855225590122        0.32360872471522299E-001
   0.30397627278973893        0.94029584134308897E-001   0.90533547434439365        0.32281470467756541E-001
   0.71218356153925266        0.93889514223129467E-001   0.66599786928171278        0.32303826906687330E-001
   0.72812761953821914        0.95276327910085820E-001   0.59694924138426686        0.32320915699292158E-001
   0.13464764418954858        0.45661027009027841E-001   0.52960090402084570        0.32261318460450945E-001
   0.26875296710481339        0.92957181297832814E-001   0.84853533386729540        0.32348019831985250E-001
   0.42415856032544791        0.94334749336480755E-001   0.13811030539820410        0.32352695266909912E-001
   0.13379564181166770        0.43867358326410449E-001   0.85395561587003521        0.32297104837718325E-001
   0.59665156402212105        0.40050328061359004E-001   0.77319097948662818        0.32385029585709289E-001
   0.42496073205005447        0.93798626208901670E-001   0.82195533212827054        0.32302584480472990E-001
   0.14874824953784557        0.45491646742871684E-001   0.32202333452666831        0.32291245535065585E-001
   0.57195367310117973        0.94392803094983241E-001   0.63249237646165601        0.32295596601926414E-001
   0.81556556487463661        0.95561999414590704E-001   0.11683819856868970        0.32408372584417047E-001
   0.85103507351818242        0.94501982809288079E-001   0.91290922351213455        0.32370790442485170E-001
   0.71607221281529798        0.95182861883039468E-001   0.15570989116527739        0.32307006821575140E-001
   0.89466670275843041        0.46375443200525265E-001   0.67524709276398243        0.32429306791995884E-001
   0.74575826231872755        0.95193765036552580E-001   0.97589274720129807E-001   0.32333813432099845E-001
   0.80619145689303806        0.95554988443364020E-001   0.33635557423669049        0.32336292497469575E-001
   0.60599754785196558        0.94311923104113321E-001   0.26182797846295691        0.32350023105284877E-001
   0.92001878570273843        0.44219435016774174E-001   0.13554259822874365        0.32387531224146116E-001
   0.84435245755369814        0.98958772812651086E-001   0.50289411642251015E-001   0.32381502073173363E-001
   0.87701898543550705        0.95323263465562705E-001   0.99441054025463960        0.32309738573842506E-001
   0.12092133607215559        0.94762428492719750E-001   0.98740263241323045        0.32324443440919608E-001
   0.38938376564317645        0.44518539781573517E-001   0.11370719850377894        0.32340720327718835E-001
   0.42674269139084187        0.94546125687862623E-001   0.20724521888641476        0.32396860276224508E-001
   0.50862300790615955        0.96156371143959640E-001   0.83295775567291985        0.32393276631075114E-001
   0.11734802208737302        0.94780579342445229E-001   0.13189375674953760        0.32262539755803718E-001
   0.59071578872690733        0.44806530791740767E-001   0.42891792723758199        0.32298985412259763E-001
   0.58132003696272472        0.44609790047101305E-001   0.54079734451304012E-001   0.32381237968218700E-001
   0.20423286203076871        0.94328592470847142E-001   0.66030305036178716        0.32232611484022344E-001
   0.28905899590499263E-001   0.44651908904307668E-001   0.23169627241416396        0.32340751026605906E-001
   0.29943481456511947E-001   0.91599925462278020E-001   0.83695853924507935        0.32363286449092296E-001
   0.71228885644335205        0.44746270484471627E-001   0.96300948330839875        0.32301323535393264E-001
   0.50881674045779146        0.45396580342845570E-001   0.78860498641881560        0.32202939618173866E-001
   0.85430891232993478        0.44633137970727876E-001   0.51975489671723096        0.32362965230755832E-001
   0.29160614217706698        0.44522141573334173E-001   0.32404673514633148        0.32327390024218673E-001
   0.36183582295015765        0.91390442749291839E-001   0.12227626988899790E-001   0.32348116976977176E-001
   0.98014307974452031        0.46461103723751875E-001   0.56212009504863603        0.32326749408284852E-001
   0.17077019271547267        0.43612483920734912E-001   0.79851258703160777        0.32340140663371403E-001
   0.76693331358667138        0.95172396880605470E-001   0.46229794138501201        0.32406742293240302E-001
   0.34783800481103944        0.43619471948824325E-001   0.66088493966146267        0.32387681061368016E-001
   0.19461731951721714        0.44279619105694168E-001   0.55515444371047440        0.32406885629343150E-001
   0.87794045175199387        0.96551790232491969E-001   0.85391548803611617        0.32346605854808606E-001
   0.13736736716663434        0.94842786623043865E-001   0.43225143983882464        0.32384096427627247E-001
   0.89239851658450864        0.94833498370391303E-001   0.50033843718301030        0.32386300074471679E-001
   0.25436622837561390        0.44889954801214514E-001   0.98783620227623181        0.32360381917569771E-001
   0.64598814207472918E-001   0.94880990566854798E-001   0.40982927964285054        0.32228771355840249E-001
   0.73559164863727111        0.96192952751057881E-001   0.30649027327089878        0.32350410114126385E-001
   0.32671130021490941        0.93848742636197274E-001   0.81702847428401826        0.32390604183733136E-001
   0.73828025796765950        0.94858357637985391E-001   0.53293239561824157        0.32265126419660180E-001
   0.27724374105310517        0.94349221748372014E-001   0.58235383502968041        0.32309867752135610E-001
   0.48512237728873420        0.44720352685476333E-001   0.37915350868416187        0.32346445521288257E-001
   0.21179099056883827E-001   0.44935762044110594E-001   0.43023141584020941        0.32391541791997200E-001
   0.85559861245130875        0.44317346400605688E-001   0.24789954657944893        0.32410300926402527E-001
   0.66350397297350849        0.94484659346786959E-001   0.57266993906181873        0.32422244266787068E-001
   0.40056961998864160E-001   0.44046481768719052E-001   0.65084139417815545        0.32258044979851325E-001
   0.15767008194209262E-001   0.97139336699684706E-001   0.60767696727463738        0.32363553862491685E-001
   0.57618066766791187        0.94462487768902106E-001   0.31959330144742853        0.32299203578205281E-001
   0.53051520768329474        0.44688898052827219E-001   0.66523144824329250        0.32351475232408104E-001
   0.88696187941334964E-001   0.94338235201303591E-001   0.86434102881686659        0.32383736173997389E-001
   0.28746452368335584        0.43876855506010531E-001   0.71969117503373603        0.32363986907057690E-001
   0.15922522696146418        0.46089471605241600E-001   0.46909479125200199        0.32388800436046125E-001
   0.14654112267491412        0.95723612844506270E-001   0.56902729112111916        0.32273552100506635E-001
   0.95024090791809346        0.44160661053377397E-001   0.65900135874484109E-001   0.32284039395023369E-001
   0.14322086434884473        0.94773880563060922E-001   0.36763894459000396        0.32374642465231786E-001
   0.70523565610329367E-001   0.43987287111835596E-001   0.81509041180965924        0.32379732257312048E-001
   0.42496965802793513        0.94389696831263872E-001   0.46519127034024643        0.32331855207747347E-001
   0.34659225489392692        0.44172560708794203E-001   0.55448023133433100        0.32297508321647843E-001
   0.64411091451850577        0.94687497556407513E-001   0.65586262710100485        0.32308317968056895E-001
   0.90665379692732562        0.44495168347850222E-001   0.32053563669930840        0.32381670109575753E-001
   0.50046935509006318        0.91041797004308575E-001   0.92678628696819365        0.32193737321374122E-001
   0.91978743455297929        0.44633605119424317E-001   0.83260553299735651        0.32346590193470123E-001
   0.88987426825923244        0.46631126777619950E-001   0.38311393937616467        0.32337030870006292E-001
   0.39515050576319088        0.46011863885449242E-001   0.61665292911585257        0.32310472830968377E-001
   0.96163085470377208        0.94642192132902578E-001   0.13351749060145232        0.32350953166280214E-001
   0.46056338670614821        0.93523920055560220E-001   0.87619484848446794        0.32283628440782981E-001
   0.89506966181631487        0.47214301951769094E-001   0.89261286683274643        0.32348693138817664E-001
   0.58971320118802117        0.44224857063524560E-001   0.90382593546725820        0.32355818971936533E-001
   0.18162121541415430        0.44391066974736264E-001   0.69473024580246578        0.32381806854187983E-001
   0.84256572022087128        0.43779314260052306E-001   0.31135800325275104        0.32344231289853760E-001
   0.24856026968258357        0.94840121261755991E-001   0.29532905734044662        0.32279972802220600E-001
   0.38476493114264487        0.43188542291472024E-001   0.71757078050425915        0.32402715528459428E-001
   0.77240370547926984        0.45461540102613308E-001   0.98724434775103787        0.32319551325718343E-001
   0.44696484063020736E-001   0.96988598773128779E-001   0.47192006584659058        0.32347678712741364E-001
   0.24549896958538331        0.94365991279766012E-001   0.71336201590393877        0.32286470848406162E-001
   0.91056980238111607        0.93448825105040267E-001   0.93902043538176949        0.32360028160835060E-001
   0.83357801684160671        0.48784849612553187E-001   0.99420637396106428E-002   0.32443747647773899E-001
   0.86920270221234108        0.96169809395253492E-001   0.63294110918431623        0.32326868216391386E-001
   0.17579930759030699        0.94399865213074405E-001   0.84084002651805057        0.32395938412706035E-001
   0.43105274758594277E-001   0.47246298085698843E-001   0.57703076673679332        0.32252239103279283E-001
   0.95492324542486939        0.44372072343596004E-001   0.91709943769229141        0.32342648861077863E-001
   0.49807126048631206        0.93798236416157560E-001   0.99138500927618478        0.32316739237645394E-001
   0.35908599658896767        0.91330616365753459E-001   0.77208067300797309E-001   0.32379053247357514E-001
   0.67406523865070633        0.44159074722961163E-001   0.17477951115084508        0.32325839035500847E-001
   0.61044036859973494        0.94106847519950618E-001   0.81694460243317135        0.32348308224013848E-001
   0.21839714994556134        0.94334014671997035E-001   0.89031401303923563        0.32476952489446854E-001
   0.31742654975515072        0.44447035755552304E-001   0.19971407142932773        0.32337645379481993E-001
   0.48838107243539391        0.94735257701844849E-001   0.66855317094274525        0.32429091880102616E-001
   0.10455550077643933        0.44378899448530032E-001   0.65515806592533476        0.32340809842063410E-001
   0.31185720406274198        0.45016805011449758E-001   0.48359515701491718        0.32332080326754692E-001
   0.36306631628196162        0.94271120102396064E-001   0.48466741087078746        0.32318006488184225E-001
   0.64636030078664097        0.44502870286963689E-001   0.93525563480974550        0.32328166486542999E-001
   0.82539595959268841        0.44875645605966880E-001   0.16335336783147480        0.32328271443011793E-001
   0.79116107324504392        0.43635631822016269E-001   0.92538931789474366        0.32283652611544124E-001
   0.35217927260046106        0.44673919764413109E-001   0.30046449168027672        0.32311485142266706E-001
   0.77522293207034787        0.95574771106702733E-001   0.39700709760884850        0.32349610001205606E-001
   0.36349069221002817        0.94336752948512292E-001   0.87334708701601127        0.32394595266056939E-001
   0.80693310843701116        0.44517744714789510E-001   0.72416974761018560        0.32316463333922428E-001
   0.56150288639648127        0.93988905258980848E-001   0.44918922771056448E-002   0.32322330610553729E-001
   0.80549678771242694        0.94698974059835489E-001   0.62178322836445021        0.32355842132832949E-001
   0.30281481535832233        0.91484944457363979E-001   0.98571106424664889        0.32336487650967846E-001
   0.68916551015867289        0.95500442679518086E-001   0.66172866270434380E-001   0.32288513086675893E-001
   0.62223790347951979        0.94000254083908830E-001   0.72703634555188079        0.32372843842990148E-001
   0.51455288432459079        0.94236244713905473E-001   0.50195575561548611        0.32282383614521556E-001
   0.14546453424816450        0.94500843616710933E-001   0.19006088224713522        0.32272480203720318E-001
   0.39212092702547241        0.94798118428617087E-001   0.66696061599835554        0.32250894636449104E-001
   0.21145128978752958        0.45010427623838785E-001   0.93784759840584353        0.32272720020967205E-001
   0.35946811037651388        0.94577830164082971E-001   0.14216152888387210        0.32339920807244231E-001
   0.82558301329637063        0.45564051354053267E-001   0.37375112183863363        0.32324770251691816E-001
   0.19017215627928125        0.95122258798683870E-001   0.32303731770826660        0.32307147016703334E-001
   0.78344017322535375        0.44714327903024847E-001   0.28499757089077760        0.32392669372559253E-001
   0.79239132564230463        0.44634197262606638E-001   0.49648995255912454        0.32312672738612498E-001
   0.91727802835276151        0.91518681542467617E-001   0.71994516739465819        0.32327704334633986E-001
   0.46204113643324890        0.43404806896806536E-001   0.40071272840320873E-001   0.32326321367512068E-001
   0.87085947823198917        0.94125911666694220E-001   0.34205340644614513        0.32403452886730341E-001
   0.26674377427512369        0.91602390833780009E-001   0.48166560921848717        0.32355449808841724E-001
   0.65946018538038509        0.45377813485171975E-001   0.23992938583877843        0.32319434083367057E-001
   0.32181533171248167        0.44611115410090330E-001   0.12569348626755650        0.32335577431861072E-001
   0.63814699012468268        0.88012935945497681E-001   0.34583955816185785        0.32381217774939908E-001
   0.98953669810287836        0.44589751060562330E-001   0.28351253939926824        0.32296950299049644E-001
   0.25319178127884789        0.44459695498761997E-001   0.19247980087249453        0.32274664726015298E-001
   0.56530335452965330        0.44981202025471706E-001   0.27876960113417559        0.32369819187616701E-001
   0.13046084454400367        0.44525730421671017E-001   0.22866192302930302        0.32407679128134977E-001
   0.33739022569191107        0.94357035545073367E-001   0.34833955566023012        0.32381737191306353E-001
   0.46248862276168562E-001   0.41960190225773138E-001   0.87534316654712241        0.32339574394882449E-001
   0.85987457163355607        0.45799422724337679E-001   0.44800028645145279        0.32401189315443321E-001
   0.95379541997233697        0.94761540630314001E-001   0.30434120620685223        0.32346850650486307E-001
   0.76758159175878593        0.45117606883068873E-001   0.13259504791286697        0.32311900240813492E-001
   0.98351272795390254        0.44439946551359966E-001   0.85900490157222087        0.32383692392273275E-001
   0.16687945243174011E-001   0.96227969871169605E-001   0.54254141432588354        0.32410232590676019E-001
   0.84210532577021746        0.94442331777127464E-001   0.20818610662833595        0.32413993736448342E-001
   0.26337753107609840        0.44129041740566990E-001   0.89941522163417764        0.32306308031634173E-001
   0.34469811179942816        0.44009270597214607E-001   0.91081496772824166        0.32251500885468250E-001
   0.93031679220841057        0.96284582829911328E-001   0.65421818504654883        0.32287305081967997E-001
   0.67972427259225796E-001   0.47264083500027566E-001   0.51656263320993201        0.32273190052562691E-001
   0.55796577440847428        0.94671435266471815E-001   0.69573020964279242        0.32304857314513588E-001
   0.71044892713592558E-001   0.43856220352648606E-001   0.65695967436008279E-003   0.32326697912424783E-001
   0.88515566882118613        0.94616724780393069E-001   0.56653008873053279        0.32318309938390133E-001
   0.17736385002723641E-001   0.44521049738044216E-001   0.93360119549475340        0.32346580364392315E-001
   0.61523246677118670        0.94566980279474411E-001   0.48484978804476137        0.32399888495781515E-001
   0.25660662581626158E-001   0.44033379040734975E-001   0.72541551227614443        0.32248793953256714E-001
   0.68790304387252965        0.94594202968280541E-001   0.72645890313307127        0.32398252805159886E-001
   0.49274997322765185        0.95880639042503657E-001   0.58611823905570648        0.32306664381714943E-001
   0.43431884296206452        0.94016451020559486E-001   0.74286574835780772E-001   0.32273252600777937E-001
   0.29591414739871219        0.94517441553257267E-001   0.93375549981549816E-001   0.32426097440281118E-001
   0.40634266568508620        0.43377217105512844E-001   0.96396058034153875        0.32331158155019718E-001
   0.44780800404245580        0.94536000479500962E-001   0.26889425556043833        0.32354397640793044E-001
   0.34922725434285129        0.94223383958922990E-001   0.61863268683445316        0.32282293839969167E-001
   0.10793270565666861        0.44773710445024026E-001   0.91575400296121282E-001   0.32291134784332612E-001
   0.23007761290254891E-001   0.93934252205207264E-001   0.17923207306573238        0.32278559104883177E-001
   0.72267275524668184        0.44910213113609376E-001   0.26246557982111168        0.32370354029120474E-001
   0.62912496787322469        0.94731991444875041E-001   0.41456155729308675        0.32283445028563069E-001
   0.82359733781209010        0.94411440044393433E-001   0.27403948114760601        0.32336785233350901E-001
   0.23201125710682410        0.94621688847193547E-001   0.53621499989885713        0.32299168993287330E-001
   0.88451974707513992        0.44660527485739746E-001   0.18976902670783691        0.32425013244098966E-001
   0.90839669918621246        0.47732826163782507E-001   0.61058785001969929        0.32358740152116726E-001
   0.70166326763656772        0.44688847013322333E-001   0.55263074870807016        0.32337690450571173E-001
   0.45365260853187306        0.95487326995088648E-001   0.52390261065202037        0.32449424447501027E-001
   0.78574064397250037E-002   0.44297547067063389E-001   0.79775446215508206        0.32320684832035061E-001
   0.59358199593895400        0.43506270369609704E-001   0.36438612223759725        0.32241365732138316E-001
   0.47956139344693283        0.93533723530968421E-001   0.42741365978077228        0.32300753803502461E-001
   0.95278513017725563        0.47825537138602048E-001   0.40749710531230687        0.32342322106250855E-001
   0.67708943602386562        0.94715491027023979E-001   0.50431494134007415        0.32439959294000412E-001
   0.59286109311905710        0.94177896830055507E-001   0.94490543713511765        0.32375413053947956E-001
   0.52440795742468005        0.44373110486294227E-001   0.43053722606142897        0.32305145467216315E-001
   0.71676182478754991        0.44454904134559659E-001   0.80366856627309036        0.32417567238628792E-001
   0.50822639260469915        0.42042539308210371E-001   0.88411422055033451        0.32320580530791836E-001
   0.27383665593967099        0.43784354776041590E-001   0.80271356411995387        0.32316205495189841E-001
   0.76428277057773741        0.94967184562643289E-001   0.24800392714225886        0.32407857558748122E-001
   0.46414975273152848        0.43540952956149327E-001   0.83528776209360989        0.32393641041073694E-001
   0.43275689345479978        0.44855751010045408E-001   0.67214667099433456        0.32343179738172669E-001
   0.65876458234950586        0.44610422968231069E-001   0.75551551693767360        0.32280812266507614E-001
   0.36358725895934968        0.44267587012063139E-001   0.44346518960339648        0.32356474219390599E-001
   0.73658108260145616        0.45013022775487826E-001   0.19219939756355089        0.32303271040250263E-001
   0.24319777507936177        0.44346294498139899E-001   0.67251502470264402        0.32289605142839961E-001
   0.85731694263640545        0.44480144824633312E-001   0.81522726426724135        0.32298615547987061E-001
   0.34269214827904998        0.41482920637296201E-001   0.97556732649308908        0.32395781980342160E-001
   0.92651143289408100        0.43311076287956829E-001   0.97717127255054426        0.32363795415421892E-001
   0.31646361012088858        0.44238365195787471E-001   0.38436755230497288        0.32346434019788622E-001
   0.45269350344893672        0.44474720817372637E-001   0.16849093763420089        0.32351864803565139E-001
   0.64946810026331869        0.94366224152271971E-001   0.97655304001124699        0.32428027360218624E-001
   0.79707553847205737        0.45516367957006226E-001   0.43198220471334936        0.32369547205449947E-001
   0.83817793845072031        0.95565293249113836E-001   0.41275523296921474        0.32296619497948216E-001
   0.76582099699780293        0.44531464596169051E-001   0.84632581882320201        0.32277988175144344E-001
   0.55619311186763598        0.90177996973801994E-001   0.78176370363643854        0.32385086053396586E-001
   0.43638296221097139        0.94391445691516876E-001   0.37163753904432206        0.32275011765720361E-001
   0.83068884107472074        0.95771647436479770E-001   0.47698152865592197        0.32299096076803660E-001
   0.10907842128771914        0.47203182720113382E-001   0.59075864623038132        0.32248431021645853E-001
   0.71792316978676440        0.94996996452920021E-001   0.47194807648964811E-002   0.32315267391037808E-001
   0.37113836668411809        0.93377063717534278E-001   0.94297737647852564        0.32293258484949898E-001
   0.69906639739138121        0.94686709628506588E-001   0.44283148293941926        0.32257704990517923E-001
   0.22081671434032199        0.44312548558338029E-001   0.74623365119495255        0.32321508432228814E-001
   0.95560417075653659        0.38376575939505574E-001   0.69663226120349664        0.32397095000997564E-001
   0.79642126065286012        0.44943761456284204E-001   0.22158078848201679        0.32338026022810225E-001
   0.60440022521276415        0.51158972227836198E-001   0.15550871335742433        0.32309424812708987E-001
   0.44442679851175021        0.44185625138254359E-001   0.57127926913645510        0.32378385337281580E-001
   0.22005794711998172        0.94447591083559213E-001   0.16831174476512045        0.32354222484324617E-001
   0.25715248078205866        0.44543085881738088E-001   0.12705753603584771        0.32281583700153757E-001
   0.24487192747371078        0.44293810760758404E-001   0.60775863606450742        0.32360574815994081E-001
   0.47865590603828639        0.46335701433401960E-001   0.62671002112118257        0.32247457616749631E-001
   0.64033970730217549        0.45355076123279658E-001   0.80751905117601261E-001   0.32306363016355880E-001
   0.73122805779909572        0.44653031017858079E-001   0.90098626223040879        0.32329458343413983E-001
   0.10807787392760283        0.94769830336217581E-001   0.49702981368602661        0.32364235288080530E-001
   0.93767020914587806        0.94407142946546785E-001   0.87948699230781502        0.32400183109717727E-001
   0.27443559128002315        0.95858651542665180E-001   0.37363516521427897        0.32372333456760029E-001
   0.50098850253871008        0.94439548044182156E-001   0.12167553600557060        0.32381519351932397E-001
   0.13102357679708979        0.44693294811904101E-001   0.29179773853456874E-001   0.32283476806470646E-001
   0.54469382660652177        0.44691173326372097E-001   0.73464245469509204        0.32361350573595925E-001
   0.52449863416783860        0.43801233500860015E-001   0.23096997051375790E-001   0.32334175830411066E-001
   0.48447693643534806        0.45176183454946464E-001   0.71080653955291051        0.32220657243356092E-001
   0.98278226127348134        0.44312982489885654E-001   0.95645363012747189E-002   0.32359451321970344E-001
   0.96693878382629284        0.44530374255816241E-001   0.34407872419950902        0.32334970623450955E-001
   0.57442165414200663        0.44664229320596022E-001   0.49195875900347080        0.32333238289334848E-001
   0.98591122824923549        0.93885342905110136E-001   0.73622441702599950        0.32392421462848646E-001
   0.20560725635434535        0.94246122273442062E-001   0.59523718956850002        0.32357488511620763E-001
   0.46339353299040920        0.44265428078162777E-001   0.10469529324576828        0.32284137939203157E-001
   0.67697927875634401        0.94596024550863883E-001   0.79223317972805452        0.32357860841962093E-001
   0.33198034527308834        0.44022343150072009E-001   0.76934424308728455        0.32340232774957109E-001
   0.78383383277302676        0.95169645858501073E-001   0.27289477920445882E-001   0.32345678141201394E-001
   0.99963331840136815        0.96983421045627100E-001   0.67145619410273860        0.32430325660959450E-001
   0.85871654128705577        0.44087708517768366E-001   0.10796864095188079        0.32308120525337027E-001
   0.85637913533639898        0.94704772802395421E-001   0.69637577387437766        0.32396392979911287E-001
   0.25721166697910171E-002   0.94549114616281252E-001   0.89551516448107193        0.32276935256606416E-001
   0.87136827504574743        0.94156539353288993E-001   0.15000336117896573        0.32373602374901937E-001
   0.55822885853936799        0.94719522954088878E-001   0.45434824305723515        0.32217383044775158E-001
   0.73402587518786888        0.45999904352389473E-001   0.41645015604618613        0.32247881565452899E-001
   0.27287665593451998        0.44590763796518641E-001   0.54110285238267963        0.32353372698763552E-001
   0.75248149125492392        0.95737468528235475E-001   0.95017251363763655        0.32234358816057351E-001
   0.59617428651345417        0.44332352960516325E-001   0.22188085173487332        0.32354663264755446E-001
   0.62313075556636299        0.37904605976561340E-001   0.30707348045878885        0.32328020743923845E-001
   0.49175146303867640        0.94498300455619688E-001   0.33760454125497180        0.32284213937663953E-001
   0.76450215596042215        0.44672911401806577E-001   0.56791373093001474        0.32322064200010422E-001
   0.93151504583376543        0.94357152258189053E-001   0.36516563582172507        0.32284030518146871E-001
   0.66807116161640723        0.95621229645729888E-001   0.28044452362660288        0.32390431873894045E-001
   0.83265500401292925        0.44449187632986872E-001   0.87566011422819612        0.32367346367624901E-001
   0.53151196376786558        0.44492768249715486E-001   0.22359594055666762        0.32328172277698741E-001
   0.15042836306344384        0.44764504045435763E-001   0.95904054337807787        0.32288472375561372E-001
   0.99933947607023277        0.44734977149480312E-001   0.11679732337443502        0.32319753476672305E-001
   0.50166745736706497        0.44128995888097787E-001   0.54096643266248234        0.32322208423411485E-001
   0.30962025629789697        0.44331404230771393E-001   0.60769872954000070        0.32335594382032568E-001
   0.23894836761955854        0.94464645242647152E-001   0.23092626524906593        0.32353735963768428E-001
   0.84290059176119425E-001   0.94688152598931069E-001   0.33283990287091808        0.32237081922500681E-001
   0.31288631837393938        0.94652071615141678E-001   0.28820210182019029        0.32405928495528868E-001
   0.99021721562318055        0.94218572900377856E-001   0.75146020151895268E-001   0.32332237358930323E-001
   0.39341965550350028        0.94599185831128071E-001   0.30548742329026124        0.32385267530823311E-001
   0.43771402120840652        0.96384013938010174E-001   0.62119086270578039        0.32347838970241703E-001
   0.43665378659235393        0.93352327052618755E-001   0.93627458499188743        0.32334452729094576E-001
   0.46704126460857948        0.44560083277374679E-001   0.23219819469763106        0.32408804831458242E-001
   0.50087679731150814        0.95166867828789622E-001   0.74825026558433405        0.32354993801867564E-001
   0.25213029110930985        0.95309447810968409E-001   0.94568017777573987        0.32348655977766719E-001
   0.66145840056905114        0.44667276097195292E-001   0.38855927713889876        0.32338096375285279E-001
   0.89357507427468730        0.43760428127567391E-001   0.34335232146325882E-001   0.32394784152503894E-001
   0.86504710990966738        0.44321236256681669E-001   0.95329685585304946        0.32333013269614151E-001
