 3 HS poly
 400 2
 121 279
    1.0000000000000000         0.0000000000000000         0.0000000000000000         0.0000000000000000        0.10000000000000001         0.0000000000000000         0.0000000000000000         0.0000000000000000         1.0000000000000000     
 T T T
   0.38515610101526854        0.84680896686444906E-001   0.45795837312587440        0.36844537481058197E-001
   0.68271739491559447        0.84424095605910479E-001   0.36266764321811557E-001   0.38490461262407016E-001
   0.20792411980950058E-001   0.84679974283276338E-001   0.62617277910193198E-001   0.37496172954451734E-001
   0.63328807870957238        0.34528544700181435E-001   0.25279699987926774        0.38900196488162356E-001
   0.10810322772392705        0.84715477719085636E-001   0.78936547280359037        0.38098986486142190E-001
   0.12135284642178910        0.34610587651388351E-001   0.52110488265595645        0.34645453484051410E-001
   0.77740137179739222        0.34661465193133484E-001   0.31027483286060115        0.37901554395291866E-001
   0.53006266585477679        0.84491626594091596E-001   0.79343526384012864        0.38879471471407280E-001
   0.48362890830398386        0.84686359017828353E-001   0.73309461271725451        0.37222101539131219E-001
   0.93545727000197310E-001   0.34763760445315074E-001   0.14612131421791627        0.37467564976739524E-001
   0.83398285095715829        0.84028282018636172E-001   0.94933866314123294        0.33981090610121834E-001
   0.52567500240451936        0.84505300943501560E-001   0.63177507974250494E-001   0.37863800211909743E-001
   0.10186082723515569        0.84420513722273646E-001   0.69952284408021725        0.37609048802102404E-001
   0.84787873982811990        0.34476899176188250E-001   0.52821312067515003        0.35608018346253024E-001
   0.68290786580176255        0.34568316111029396E-001   0.77431342352868937        0.36337093835117622E-001
   0.16112929321069175        0.34342248489525731E-001   0.24847393183124764E-001   0.37148109154553473E-001
   0.81994585362176353        0.84167026248318330E-001   0.26597415697073756        0.38740208521686623E-001
   0.52479345412630829        0.35464352187108264E-001   0.61775773691957436        0.36159731642407968E-001
   0.17148800594076691        0.84594521127470373E-001   0.63452452539043325        0.38683045695616348E-001
   0.29642627593086707        0.84321139691477795E-001   0.32038197088275938        0.37198477080044777E-001
   0.74518703061129088        0.34655136520257000E-001   0.62953629997022331        0.37903870250109807E-001
   0.32109528555455447        0.34856548762959558E-001   0.92891962211397794        0.35630029440864734E-001
   0.70885397570626882E-002   0.35021398796094387E-001   0.35638355197347171        0.36288401123621049E-001
   0.51495771371930077        0.84709912305233628E-001   0.38769887264364661        0.36370972544264933E-001
   0.63536556559403778        0.84652413277101324E-001   0.55926533164729375        0.35484447492453206E-001
   0.32775421028248164        0.34765528497734628E-001   0.74098578079836941        0.37145552128704740E-001
   0.61938927431954205        0.34268682822720345E-001   0.34831016857830649        0.36205425870028063E-001
   0.58199522173669549        0.84672118500227128E-001   0.60955581336058928        0.37657328251376396E-001
   0.82783426717641995E-001   0.34930597473292212E-001   0.35434864815409833        0.39055519703549951E-001
   0.37334327730499306        0.84953636734556887E-001   0.92850902265775082        0.36614894711662828E-001
   0.79284932888489745        0.34333743941112660E-001   0.48582218844471231        0.33816887121885755E-001
   0.12293919800803695        0.34552637426282770E-001   0.59006157396893455        0.34031499046393507E-001
   0.82314103613860268        0.83940323360031169E-001   0.34035513668566858        0.35472739633401092E-001
   0.72193340879673648E-001   0.34547412345371724E-001   0.54921152136785868E-001   0.34427224342999385E-001
   0.99143251351780859        0.35065868905610913E-001   0.49074693811921133        0.34137006954653500E-001
   0.61633131774234511E-001   0.34650188724582212E-001   0.89344772909854098        0.38192708755864516E-001
   0.41086419089493698        0.34438813919757331E-001   0.34872966335289235        0.34616198228862083E-001
   0.65984851070695605        0.34463298163272253E-001   0.41024146152753083        0.37768507185292129E-001
   0.86139486324656078        0.34400384087355469E-001   0.15567573182444963        0.36790969595431003E-001
   0.95266847542510427E-001   0.84943609035609935E-001   0.26300874453499828        0.33474131978574850E-001
   0.56838552375761031        0.34399576241210671E-001   0.29450832888640999        0.37591255710701085E-001
   0.43502884896036043        0.84753047283517860E-001   0.78941449297922994        0.35521898267895952E-001
   0.27673798738501382        0.84040653798487186E-001   0.15224594786227497        0.38653322937214497E-001
   0.63449495020597851E-001   0.35120864594229528E-001   0.21597708620557765        0.38594332022618562E-001
   0.37237052220063804        0.84742622989232019E-001   0.22770255363464723E-001   0.35124379785289581E-001
   0.65796376317305907E-001   0.35010271151122874E-001   0.43284683861625467        0.38675793834630524E-001
   0.82194379455832189        0.84386921622151070E-001   0.11833557221898769        0.37028381816027453E-001
   0.47567982618947280        0.34633946087877142E-001   0.67737401996644397        0.38019546814782243E-001
   0.84763316275162159        0.34121426773841800E-001   0.82584964101108157E-002   0.35216287168453028E-001
   0.84936162946562199        0.84470557232159529E-001   0.58352192272058179        0.35202501432140258E-001
   0.65403299939579296        0.84421058487758729E-001   0.13542216360552481        0.37140080007218162E-001
   0.87268782080421992        0.34216614011122984E-001   0.84552592033749574        0.36946193047753498E-001
   0.36839071737501983        0.83270182136790008E-001   0.52854206418426442        0.35480544263154612E-001
   0.90675837148773519        0.34414624252217557E-001   0.58382683451251349        0.40561012551637375E-001
   0.16576760932332996        0.84635604945419579E-001   0.27621917999373297        0.35668424646073518E-001
   0.38031775889674352        0.84692541635370974E-001   0.73901951085417306        0.34963560126183825E-001
   0.53474725336089501        0.84667314620604534E-001   0.67453455824299602        0.39385854589950413E-001
   0.36016870597506140        0.84391387873123003E-001   0.35977908460788333        0.37341151739734242E-001
   0.48299051336298920        0.84007323739986497E-001   0.85315416267305777        0.37091600502645247E-001
   0.54720774896128943        0.84320339017681559E-001   0.90033874988846829        0.37833340863376912E-001
   0.23837556242019099E-001   0.84466052523302138E-001   0.54102302451189177        0.38400796953363958E-001
   0.86847941149723085        0.84353784355971767E-001   0.73501630696861031        0.35499937217038799E-001
   0.26957288021628673        0.34540891089098802E-001   0.78730559261371102        0.37208830829949600E-001
   0.56627639526154105        0.34740746717917936E-001   0.39716760856827799        0.35862934050417850E-001
   0.73696131667609044        0.84509547120519390E-001   0.11428521127522714        0.34406344855541754E-001
   0.32434465534144763        0.34699896305207645E-001   0.63293164588068684        0.37850390533650989E-001
   0.96800361460124407        0.84289078837186546E-001   0.32315372501719281        0.33611319075577996E-001
   0.70730307583954433        0.34518567978078882E-001   0.85864128470483814        0.33818225926309654E-001
   0.23230397707030045        0.34351712638147562E-001   0.45214124129568344E-001   0.36851669654635683E-001
   0.30632728174654000        0.34457176300222256E-001   0.37591362448312127        0.37842774733301388E-001
   0.77864194262303055        0.34231176903351639E-001   0.87592039609236824E-001   0.35698649996052149E-001
   0.94918706887635051        0.84594568065140457E-001   0.40165114827246613E-001   0.37523055862969536E-001
   0.79947549692587860        0.34520495318721048E-001   0.58023936725820324        0.35407298765852982E-001
   0.91743230217608951        0.34364636791297996E-001   0.49212574144268351        0.35798170598016384E-001
   0.29707623038619613        0.34115061180603937E-001   0.20541314532454655        0.36938492756755606E-001
   0.15796118995317510        0.84618938744867714E-001   0.49267576610193781        0.33464966600998458E-001
   0.11378272742507776        0.84962532777353217E-001   0.40253895028805708        0.36925436476491796E-001
   0.89302404461675289        0.34277554115897245E-001   0.93227013937509795        0.34931626292640593E-001
   0.18404285704848070        0.84588466717922917E-001   0.42679090489989296        0.37389022026021519E-001
   0.42410829930026167        0.34424926801580831E-001   0.91960290139852274        0.34813456884167329E-001
   0.63805091582895634        0.34560423549394363E-001   0.83540164290723884        0.37383460405506372E-001
   0.21157180954456389        0.84483776270323524E-001   0.79040081341396595        0.39326176052443061E-001
   0.34114731127672770        0.84474537560988383E-001   0.90903487399529595E-001   0.37427361780244063E-001
   0.53729503332591866        0.34505040304414869E-001   0.84772690083072944        0.35252949883104984E-001
   0.51612640698325651        0.83617232780304168E-001   0.48701320452665009        0.36573442086681889E-001
   0.42783798084329483        0.34608123843339084E-001   0.33196812453649555E-001   0.40077265562615587E-001
   0.40510121537548266E-001   0.84183294923711793E-001   0.16284727700451476        0.36701765553645536E-001
   0.62777086862179587        0.84617539147728377E-001   0.77940352953201242        0.38079079456943020E-001
   0.64173157475743836        0.34142183909163966E-001   0.98808802669547968        0.41807434831573252E-001
   0.38257879739759754        0.34689186521011037E-001   0.79074278673320619        0.36860067234011050E-001
   0.37871555298840437        0.34652433938103633E-001   0.68582951520384039        0.37941290821862324E-001
   0.14200798228200975        0.84816590520611190E-001   0.12993734489632497        0.33395823087353317E-001
   0.44142867400011726        0.33793362760557041E-001   0.13622054783318080        0.33576833773514628E-001
   0.73145129137716690E-002   0.34354266533809082E-001   0.84462534025630998        0.34529023792517849E-001
   0.55864558444705259        0.84763076222157119E-001   0.99098451136800003        0.36349798307186737E-001
   0.74904425577675582        0.34447770580011854E-001   0.43093298876659231        0.36294043369754822E-001
   0.68750618442748512        0.34622610485138476E-001   0.57206729161758574        0.37833433676352821E-001
   0.82253777143536866        0.84355441971636330E-001   0.19141531450603602        0.35798746679971072E-001
   0.40471552510039416        0.84443513897981617E-001   0.29374746734885787        0.39888467648603952E-001
   0.96754342034427773E-001   0.34290107901237592E-001   0.98716699922248152        0.37382392036547925E-001
   0.49845703059359953        0.88476281250208066E-001   0.13520971385076702        0.39222827590140154E-001
   0.28492674613451890        0.84399657021948016E-001   0.33367522730792611E-001   0.36640731776852412E-001
   0.85295421298811958        0.84190884512109709E-001   0.80149839466394046        0.32372210677744075E-001
   0.27152958524435478        0.34725053287190367E-001   0.69279144697799255        0.36582179236610009E-001
   0.11715934251297484        0.84779964603259830E-001   0.19600119905552979        0.36984776209694377E-001
   0.16957668596181724        0.84556696449848506E-001   0.72774975370461736        0.35752281245576445E-001
   0.67511796427453519        0.84548128668588282E-001   0.71988515712728518        0.37894135053908679E-001
   0.26921968810515540        0.34134253297791607E-001   0.98053689175044156        0.37421837574688262E-001
   0.68466883306710602        0.84765895966961644E-001   0.63256274168905480        0.40525592314775490E-001
   0.74541078695239438        0.84598244610388146E-001   0.57152934289906909        0.38633919249171006E-001
   0.54810371570659870E-001   0.34374291830735031E-001   0.65615750916836213        0.38501897597360071E-001
   0.21412289154353409        0.34338406311529256E-001   0.25148903220702690        0.37901838587398359E-001
   0.63964327097014773        0.34152413273270392E-001   0.78525483173367078E-001   0.39489530809079132E-001
   0.32402446100646332        0.84756960759022615E-001   0.68745741304523655        0.36087098626386295E-001
   0.44716295976866743        0.83591242941009489E-001   0.52592097903217583        0.35752481784262838E-001
   0.51267507276376956        0.84556573427116463E-001   0.29231320896384383        0.36771908685213586E-001
   0.89650376145809463        0.84144091795481851E-001   0.98567578746266837        0.38190998983588971E-001
   0.66357735916651628        0.34530785443714448E-001   0.91512619651017579        0.34309913039600723E-001
   0.28609036231967616        0.34356534825315609E-001   0.95896657777228542E-001   0.37003001411266626E-001
   0.92391696282250824        0.34216572169961539E-001   0.28484313619175283        0.38696503901927581E-001
   0.34819226013753485        0.34628558284153725E-001   0.30791119064990319        0.35497785353049094E-001
   0.71731314231753507        0.34555329971467437E-001   0.69398162145835418        0.32293997061944531E-001
   0.61271187664734350        0.84693837975422334E-001   0.39535046701483367        0.32342075348833640E-001
   0.96671235357772878        0.84747940204329852E-001   0.45364099504117089        0.32286749102413255E-001
   0.84739987785032511        0.84653344420380972E-001   0.40395433386113638        0.32366284959249508E-001
   0.16052937690295763        0.34573305283532474E-001   0.79753933259490439        0.32366529374736330E-001
   0.83006374341535316        0.34094117422028711E-001   0.90403574659253849        0.32343853367893485E-001
   0.90003528208825700        0.84194676645460126E-001   0.18430112695175210        0.32373327083665103E-001
   0.65441979141184881        0.84128769303580639E-001   0.45957326243622587        0.32430099628499152E-001
   0.32213933052326067E-001   0.84333734245303729E-001   0.61129174705011147        0.32338773506706935E-001
   0.11508004540292030        0.84133687940975088E-001   0.41733749613156471E-001   0.32323876566331809E-001
   0.71875547469180578        0.34104557868378176E-001   0.73259832696555890E-003   0.32424298897663135E-001
   0.74003843222107590        0.84936602153112717E-001   0.47785336187919475        0.32364748565894864E-001
   0.64351468583476001        0.34207983907362634E-001   0.51289098986818116        0.32331323663727207E-001
   0.60224796789315704        0.83683235862477556E-001   0.49995921426069428        0.32313785562640272E-001
   0.27091662298808189        0.34725495015835404E-001   0.58627465961531477        0.32255198628561438E-001
   0.46816169967280780        0.84552426845705075E-001   0.23933186362751638        0.32275007752258701E-001
   0.61365363737326550        0.84656827331857504E-001   0.68608106781671896        0.32218607032107639E-001
   0.93804763632107191        0.84491216183122997E-001   0.92852972035578640        0.32257872741257951E-001
   0.43217242353319391        0.37073425801741028E-001   0.73708109305045677        0.32359632359643953E-001
   0.94241253048031992E-001   0.85709922375953471E-001   0.47621309635558423        0.32314303137270614E-001
   0.48047192984622633        0.34439833223355011E-001   0.83106484778413689E-001   0.32288180296682296E-001
   0.18539123317453990        0.84230013925051445E-001   0.21092602884828482        0.32356701451115515E-001
   0.31849779989712036E-001   0.84377475453249112E-001   0.70085176081621259        0.32377037545619790E-001
   0.88043135645968773        0.84415256907299507E-001   0.54282580731251903E-001   0.32246165096429531E-001
   0.16734485240710936        0.84552660837539040E-001   0.91849440948323535        0.32274479379995287E-001
   0.14587639780402800        0.34775408622030740E-001   0.23444309943070729        0.32305458121528283E-001
   0.55043224417719172        0.84723971413254495E-001   0.54690374772746730        0.32454250744777473E-001
   0.86978821835083442        0.84171443500632881E-001   0.89341756118386184        0.32317265168299254E-001
   0.23308843302208526        0.34824621937889953E-001   0.92088249113779419        0.32316406907421547E-001
   0.85236142610118903        0.34081445837296651E-001   0.30483948897124297        0.32332195681538230E-001
   0.94955826923182018        0.34286480595039366E-001   0.81020951704387867        0.32382543220625663E-001
   0.72934355189083200        0.35778366066157599E-001   0.36449281558688218        0.32341234188595788E-001
   0.45186903121159827        0.33799381499732030E-001   0.57219276772936201        0.32298589939786099E-001
   0.98753302076884719        0.84398764334868578E-001   0.97706945403400314        0.32306682912909578E-001
   0.25072708393347726        0.84272923567095953E-001   0.21834333711264373        0.32310979894281527E-001
   0.75561467603572141        0.84422361279580319E-001   0.67829775563424277        0.32380188014909085E-001
   0.80137330443618104        0.84231295027660358E-001   0.72431297066244038        0.32366061199244234E-001
   0.93818209085069559        0.34179299757547389E-001   0.35481453584941514        0.32362769663620963E-001
   0.66561879509640653        0.84073248204444451E-001   0.35797652325592222        0.32371869376384248E-001
   0.37131988460164067        0.34164199560910456E-001   0.57989710535212557        0.32302993076915351E-001
   0.62261719953920762E-001   0.34466109161209818E-001   0.72886323020928523        0.32391150730377155E-001
   0.40421608267791072E-001   0.84899590196346186E-001   0.32309006669319673        0.32307165911132064E-001
   0.97527850768401292        0.84239564705257244E-001   0.65592875745406165        0.32352208912195847E-001
   0.34100962118924388        0.84056012096194746E-001   0.18282479585470143        0.32428139431264456E-001
   0.96454567251835943        0.83754715764878279E-001   0.19086412503520539        0.32262091784871175E-001
   0.82407001777021327        0.33732917941185082E-001   0.76052717263428338        0.32297317540294877E-001
   0.99537056855567974        0.34974168613476402E-001   0.42405154099704517        0.32227520080372704E-001
   0.96843903057223801        0.83119501329180778E-001   0.12461089443697705        0.32282468319547189E-001
   0.93357086481518303        0.34301521567393738E-001   0.87845454804191780        0.32265503777833188E-001
   0.92970543764784286        0.32650180410368358E-001   0.14456702255633130        0.32365517774002962E-001
   0.51753086375278012        0.34191897791746480E-001   0.24424416967837065        0.32399606296010984E-001
   0.27499634745512724        0.85006307945635934E-001   0.63912759363045268        0.32445881289579696E-001
   0.80618182316744036        0.34396918766317307E-001   0.82577088842878776        0.32342891068474995E-001
   0.20506601025593740        0.84462597619683527E-001   0.14897247783453418        0.32443174848728648E-001
   0.88982706086315599        0.84300719284477701E-001   0.32226912186930851        0.32328095309278396E-001
   0.84023795747445396        0.84682603261605219E-001   0.67221403948124381        0.32337188768775581E-001
   0.46322110328484450        0.34854995769223393E-001   0.30045262820368146        0.32314652439034267E-001
   0.56705096057481241        0.33392569320286038E-001   0.19922850280584403        0.32324167916119341E-001
   0.92213732276385108        0.84243164511996385E-001   0.69335419420525135        0.32340544268905626E-001
   0.60835929089347573        0.34800016319188672E-001   0.45789012622961539        0.32320885989929292E-001
   0.65326585066625609        0.34726931950067257E-001   0.67548920910594945        0.32255076547131695E-001
   0.92033697785776869        0.84272897865237242E-001   0.83981242781310750        0.32272708786834144E-001
   0.87045576821818071        0.33226067655955996E-001   0.36720812217350873        0.32369074119199946E-001
   0.35670760996912731        0.34922397995623959E-001   0.24059062717910318        0.32279766932454511E-001
   0.58076369292910957        0.34463711660221018E-001   0.79563575751440208        0.32328392083555958E-001
   0.42794512607595653        0.84645705374968114E-001   0.69101446400017752        0.32399042231716565E-001
   0.37163770331312690        0.35912882159195907E-001   0.87756686740893075        0.32308028971919207E-001
   0.95924164304085369        0.84388527698576299E-001   0.59311844787775314        0.32329537598246014E-001
   0.74554870150870745        0.34549754330034613E-001   0.80285879667400473        0.32374253061769401E-001
   0.13442208996020352        0.37232690590681912E-001   0.45123005122947107        0.32314478318145219E-001
   0.49447467163605852        0.34210478656769495E-001   0.90013309849552081        0.32300015491035922E-001
   0.19455113774184613        0.84837449528452596E-001   0.35781875216162451        0.32367402162516420E-001
   0.30332656142347009        0.84766600874290082E-001   0.48536604063723693        0.32392095999294601E-001
   0.63155975944191778        0.34253154910478492E-001   0.61459910429196463        0.32334131221709896E-001
   0.99265814796107898        0.34504714428246167E-001   0.15960323549160524        0.32312364974264880E-001
   0.26637882050270262        0.34555070818155419E-001   0.50408574611114076        0.32316925404613540E-001
   0.13286849772600259        0.34784063667405107E-001   0.88280841428918802E-001   0.32292413877241848E-001
   0.93101781815590945        0.34409760463619599E-001   0.41900524209247486        0.32224337360695847E-001
   0.81696282286398303        0.84117937916879271E-001   0.42198713512701554E-001   0.32347792879046017E-001
   0.21929513797559963        0.35142922864351528E-001   0.73842389316991008        0.32376942872609643E-001
   0.48290038704488147        0.34095317694170409E-001   0.18856932853451328        0.32305153624755965E-001
   0.23021960950912482        0.84671007452876326E-001   0.59212449326380845        0.32364759206280500E-001
   0.32646288302378795        0.84768605266243302E-001   0.42124426546966226        0.32354435549643644E-001
   0.41698293714276857        0.84399677559795522E-001   0.87501747064568658        0.32402502316535214E-001
   0.97889476280728860        0.34467204700250539E-001   0.92439545620496189        0.32258780317559396E-001
   0.65368102796187144        0.34833853426728061E-001   0.18447384562219979        0.32338778463159717E-001
   0.71140388011439060        0.34412088534223777E-001   0.77322242122839696E-001   0.32261311179530322E-001
   0.23074501263799593        0.33702701683294853E-001   0.63715188327258332        0.32341014905640099E-001
   0.99474758564759036        0.34455643154158624E-001   0.28895035632186622        0.32245458653320597E-001
   0.21530994722804850        0.34647172752470159E-001   0.46400410813036952        0.32274111557629950E-001
   0.41225868712050717        0.84169871124664022E-001   0.58462008968357038        0.32333301699362216E-001
   0.36921171964180910        0.34432575487795825E-001   0.97725093980613154        0.32309367233002227E-001
   0.53708923395525154        0.34792288599512201E-001   0.94911831729145346        0.32294237776448388E-001
   0.84608536484314412        0.34394923655289886E-001   0.76666759217772121E-001   0.32337143098629555E-001
   0.79510474164420486        0.84711042611141207E-001   0.62592292453734666        0.32310868846227740E-001
   0.74841066072198692        0.84243857048968987E-001   0.84402446325576619        0.32212648142785093E-001
   0.47636663941169988        0.84514272671343149E-001   0.13189805418983423E-001   0.32329911071734975E-001
   0.33953815771066313E-001   0.34841922467815950E-001   0.10976036390877199        0.32333552465071601E-001
   0.19569389891881225        0.34380464313737841E-001   0.10840819171972942        0.32334164151038444E-001
   0.42209895694091193        0.84487672124307855E-001   0.39196545309534836        0.32354224970963172E-001
   0.60506995329970314        0.33946863468172626E-001   0.14169635448711954        0.32386796119675071E-001
   0.39227322926787778        0.34747271895003214E-001   0.18029448889107727        0.32340205909962193E-001
   0.26202160410664083        0.84707059761032724E-001   0.73936657303068520        0.32338318844593504E-001
   0.27564232491625495        0.84138093328003635E-001   0.54486063316791256        0.32347371832370936E-001
   0.46763610812485201        0.34854030394889164E-001   0.38443467369101225        0.32401011169265519E-001
   0.22441989345216753        0.34640090966599528E-001   0.84044697632974064        0.32441586484062854E-001
   0.27374984401021923        0.84932636584554050E-001   0.93104304752322797        0.32352878332176066E-001
   0.50700282948259801        0.33229726801935443E-001   0.53785889768703310        0.32284759521640782E-001
   0.72281918075406282        0.34421685743837714E-001   0.20290322521417226        0.32284970109158075E-001
   0.42740436549072230        0.34739982719782618E-001   0.24592447094047792        0.32336563532901853E-001
   0.25680226016515706        0.84659995333344673E-001   0.37777152120289825        0.32369059465188539E-001
   0.89385001300164124        0.84462401486168862E-001   0.53230001826581497        0.32292547503462145E-001
   0.79494596545812679        0.84315994037025291E-001   0.44225978462184717        0.32408488322922209E-001
   0.84680354252051337        0.34470368334800841E-001   0.62966018054684081        0.32301006273416713E-001
   0.41644925207422911        0.34775657616039790E-001   0.62636286324574131        0.32348953081671426E-001
   0.83231203080121288E-001   0.84743596405981197E-001   0.98281756605613807E-001   0.32270298923672378E-001
   0.39242845274368826        0.84519067794136038E-001   0.13819385923373348        0.32272831170799925E-001
   0.31640799046875617        0.84753254375110790E-001   0.25101317213403090        0.32364817086141015E-001
   0.25160500191518093        0.84743702232869533E-001   0.44419568384496305        0.32314062652536016E-001
   0.97348239454077701        0.85108418344813308E-001   0.38936771012181082        0.32289163063918790E-001
   0.93325912540875744        0.35198565866871590E-001   0.65221760025963160        0.32240328401687474E-001
   0.56944762351203893        0.84701632692119638E-001   0.44346028800616694        0.32269114439985834E-001
   0.90201771795000363        0.84578776754265478E-001   0.44817907776687127        0.32335445952663924E-001
   0.31942846138572165E-001   0.34465471764986516E-001   0.96130493914436432        0.32327140850581290E-001
   0.92901924986733397        0.34132457501444134E-001   0.21387024595792822        0.32394710369990788E-001
   0.11241590822726144        0.34358600267075240E-001   0.84073415713595423        0.32273552011038709E-001
   0.22076806426018636        0.84714097811709355E-001   0.88159324333878741        0.32338731535766350E-001
   0.22516014494051234        0.84625363733737247E-001   0.50420158323422570        0.32421844440419144E-001
   0.29810098571185224E-001   0.85192255460642477E-001   0.46893245715197890        0.32460127076521780E-001
   0.38972341073706723        0.34527625146312128E-001   0.95305729060122413E-001   0.32340821027920373E-001
   0.76780866524079072        0.84170353525014605E-001   0.92069219893601295        0.32370080198568088E-001
   0.33164107630597578        0.34567687181252749E-001   0.43093528587046209E-001   0.32273204315911061E-001
   0.59639421850075269        0.34363171913423862E-001   0.90474330815259729        0.32348721799145441E-001
   0.92983527080734665E-001   0.84486100932598188E-001   0.55662744047837476        0.32343441691449329E-001
   0.18696401188604111        0.34708060422199490E-001   0.31722654476884332        0.32319380655497193E-001
   0.17150082397802277        0.34434637283090243E-001   0.87777944785252193        0.32243258545500891E-001
   0.26729520705252396        0.84649123222721320E-001   0.83577889807967254        0.32344480428557733E-001
   0.42779191793211088E-001   0.84992931121192716E-001   0.38774658060427503        0.32378194396651759E-001
   0.57354776534095486        0.34473479387071709E-001   0.50106183640674908E-001   0.32445415055305342E-001
   0.70203067708291778        0.34484578727395451E-001   0.14147962058227490        0.32321877503120829E-001
   0.99013677300280478        0.84311787218468465E-001   0.80359524476156574        0.32304708773635692E-001
   0.79059238541135979        0.34095246277041719E-001   0.95549370377612008        0.32406960211488291E-001
   0.58998088182281061        0.84928599982826092E-001   0.95959570050937457E-001   0.32329744472027647E-001
   0.61178997064202878        0.84474840614979618E-001   0.34602744590101431E-001   0.32364540395036452E-001
   0.28088868217584456        0.35131441956231101E-001   0.27353483096892878        0.32269524760201521E-001
   0.53165234543767613E-001   0.84105433761316517E-001   0.84389632302944129        0.32286834943044664E-001
   0.72855034146135822        0.34760938047331873E-001   0.93668839663680004        0.32363768194300327E-001
   0.72775177798339374        0.85742086670461404E-001   0.32286104784297454        0.32352135879809202E-001
   0.36718995551585704        0.35372236763734369E-001   0.41077001424294979        0.32294169309076061E-001
   0.97569781763156360        0.34448295672839982E-001   0.55543756020512047        0.32324056370548991E-001
   0.84673242731717069        0.84765926548362680E-001   0.48184599640748033        0.32357673575385541E-001
   0.79126467607092565        0.34035488377823477E-001   0.15642539331467065        0.32424082975196555E-001
   0.34478232584599716        0.34682306335239499E-001   0.48351825365274698        0.32270973406772659E-001
   0.42708513982930690        0.34669559115669414E-001   0.43497991755345017        0.32262285728706083E-001
   0.99128250677036334        0.34208992093751056E-001   0.69369715546396860        0.32276227650173149E-001
   0.91084463997382259        0.34534418656915970E-001   0.82151491311608704E-001   0.32456846887524399E-001
   0.68326913278490675        0.84430387031849519E-001   0.21451718633153752        0.32288631062337314E-001
   0.37349147267585453        0.84706832072724392E-001   0.63658329515901024        0.32272136708299398E-001
   0.24969338346841519        0.34186705623146726E-001   0.33442213713652424        0.32336723570747003E-001
   0.23166808414350498        0.34572635644578062E-001   0.18128830881343350        0.32356128520984025E-001
   0.12373890939074481        0.34685704617269365E-001   0.29576035886758989        0.32420160429451610E-001
   0.59842477713567224E-001   0.34240163078162064E-001   0.80288471685771468        0.32321879101730837E-001
   0.43855696454369958        0.84421164150286096E-001   0.90284260893580437E-001   0.32333639846161853E-001
   0.56798100833160718E-001   0.34515762801459286E-001   0.50331724110567566        0.32308205304627434E-001
   0.60872387910800274        0.84270024532808227E-001   0.94400096360406671        0.32266243709994015E-001
   0.56656256261100224        0.83767380046278650E-001   0.15646744690766687        0.32273255787772369E-001
   0.96297601374223996E-001   0.84299161061190397E-001   0.62571160626976197        0.32416737209719326E-001
   0.56125329353092546        0.33606034488795782E-001   0.50211055762249579        0.32294995156804958E-001
   0.68934927546188751        0.87155306736690044E-001   0.51806373877240619        0.32345792878627398E-001
   0.79861456069265890        0.34854226726062809E-001   0.68254771076595144        0.32341555871478564E-001
   0.67947874993262480        0.84111845882076361E-001   0.27895256731683660        0.32257302115854779E-001
   0.95691385564243747        0.84986937236024851E-001   0.51794769697016507        0.32356723264676687E-001
   0.15837423468702067        0.84635205093324076E-001   0.83873803849267536        0.32360451504164334E-001
   0.23028961480203519        0.84244350044559768E-001   0.29826898145026925        0.32298114799746827E-001
   0.70572021042157829        0.84476736796430488E-001   0.90207851783112225        0.32327181065777269E-001
   0.44238336931616007        0.83947167264980416E-001   0.17964946750244321        0.32431654159035338E-001
   0.53150180627716659        0.34503426397707933E-001   0.74162154941685110        0.32259643794974507E-001
   0.12553523872763256        0.34370144305229063E-001   0.92333003426173488        0.32312671997288857E-001
   0.57217792364965292        0.84461043976454486E-001   0.73585473083301700        0.32408055289375036E-001
   0.75255751206901300        0.84094350450019603E-001   0.24296569811118388        0.32331694179461759E-001
   0.40652310585658391        0.33128092241402875E-001   0.50270827703750542        0.32374052599788532E-001
   0.88658067441394606        0.34273977457043019E-001   0.77754400103479471        0.32365839776167825E-001
   0.41960417427088663E-001   0.84502543421597215E-001   0.76480709582082040        0.32367102107802213E-001
   0.46789250274635424        0.84658993170269758E-001   0.43778504698519860        0.32322331229408238E-001
   0.97569662285024139        0.34803416131401331E-001   0.81623219907388384E-001   0.32331947805317021E-001
   0.87880335963661127        0.34021435326844457E-001   0.68896917744543884        0.32292141042403258E-001
   0.54654723157319285        0.35786720460905731E-001   0.11051130463107567        0.32330219040715966E-001
   0.57038941002924504        0.84485774597795757E-001   0.24544583962734695        0.32341266130799663E-001
   0.46721000533680968        0.34352785687293358E-001   0.97231109423194040        0.32424672125774781E-001
   0.99917119903954477        0.34720798335219127E-001   0.18342570658657610E-001   0.32375489719878102E-001
   0.93352004871058036        0.34186907946113849E-001   0.73295215111563217        0.32315707266539602E-001
   0.77002603384273161        0.34189149770775661E-001   0.87965115969355090        0.32313087132693208E-001
   0.86098923504929481        0.34709089771559516E-001   0.44301857238070486        0.32311336043761171E-001
   0.71999437396955468        0.34033598300337281E-001   0.26792248685730014        0.32269848406318219E-001
   0.76833273937967261        0.85492126612886299E-001   0.38022196015599902        0.32290116735678935E-001
   0.18934914393258193        0.34591143910378749E-001   0.58738442676266323        0.32308525602838749E-001
   0.72730897551009476E-003   0.34429404323714101E-001   0.76392200100745278        0.32303141858165935E-001
   0.70896524226445146        0.84427603873416968E-001   0.40613130488848109        0.32379854094830914E-001
   0.92749868225720544        0.84281522513214635E-001   0.77566591881520697        0.32251481155996298E-001
   0.78940663278701984        0.34122615821461373E-001   0.22449619275467608        0.32360673308648176E-001
   0.46243553664040565        0.84911397513288758E-001   0.34142321076246374        0.32278980169980556E-001
   0.75566792117952319        0.84485880064812072E-001   0.17841302438025383        0.32283772926606599E-001
   0.12576441074464306        0.34458136270536815E-001   0.65650998161978313        0.32428515287984544E-001
   0.20895432103304018        0.84081653677401821E-001   0.99653711630953690        0.32299483580875601E-001
   0.23771290658310434        0.84238315198799582E-001   0.92896885634315945E-001   0.32362858018225873E-001
   0.36562260750212622        0.84713902034931121E-001   0.83542656904339441        0.32272535453891291E-001
   0.52151010415751731        0.84234176236491418E-001   0.20285752836221296        0.32302691065498212E-001
   0.69252453726603103        0.84316923209419248E-001   0.96600212193521551        0.32396032022119013E-001
   0.73676388000290371        0.35231435848658947E-001   0.52126823248643306        0.32334194979034642E-001
   0.78099594539179518        0.33983791955361366E-001   0.19515611042295572E-001   0.32304194680755023E-001
   0.32779404174219967        0.85001962879344001E-001   0.58339377006927162        0.32370352291149845E-001
   0.51524450176383796        0.34539413647757367E-001   0.34026689195446330        0.32390150507423839E-001
   0.27914911987536511        0.34520373296042899E-001   0.87528998551866155        0.32369940472210687E-001
   0.48034859758470294        0.34814976502889443E-001   0.78197273960489866        0.32293915983457148E-001
   0.75738515155944641        0.83508852836597522E-001   0.98470374158544283        0.32292878162826423E-001
   0.15318793594884683        0.34778488255405471E-001   0.37384682178521977        0.32391052836398204E-001
   0.81042586922279503        0.84212545456313945E-001   0.86670956230829010        0.32270903840760382E-001
   0.89335183586805222        0.84271530955152205E-001   0.63531437751100284        0.32331769018349658E-001
   0.96530903261407219        0.84144723310806899E-001   0.25555455499734431        0.32335976374411254E-001
   0.61531353980194781        0.84786618140237718E-001   0.19897598903314304        0.32287633945661566E-001
   0.16203311892815830        0.33025065945921965E-001   0.17064992201123000        0.32286898248290695E-001
   0.12556723249202936        0.34507145591413289E-001   0.74246243622976127        0.32337352320707800E-001
   0.17603721402950298        0.84335932138485226E-001   0.71806919940727437E-001   0.32419995731273979E-001
   0.57326002586581458E-001   0.34390881743312028E-001   0.57847183686514847        0.32372325712470638E-001
   0.69410501139178282        0.34443849259671859E-001   0.47229692014169933        0.32365426386286013E-001
   0.78957565799649854        0.84389200963259248E-001   0.78801489220025900        0.32387958057929274E-001
   0.45743729378609277        0.84666786889514872E-001   0.63124639927234394        0.32346769736885703E-001
   0.49489306207234629E-001   0.84368724469257736E-001   0.99880763263347816        0.32343015683434728E-001
   0.32248408417735763        0.84464056844064994E-001   0.97544782422226339        0.32312882554181382E-001
   0.80907252230056559        0.35074342702830295E-001   0.38788070655737478        0.32315132696668913E-001
   0.32500733033723672        0.34801822358746771E-001   0.82966009425549769        0.32311029029202007E-001
   0.99178009832235947        0.34343612633292088E-001   0.61818345617841630        0.32324242764879163E-001
   0.39332320852611402        0.84933812809320178E-001   0.22205693476339730        0.32396110214066576E-001
   0.75259324241015180        0.84195006330296224E-001   0.49410569736792059E-001   0.32320237191199204E-001
   0.20065937295588084E-001   0.84606844752149538E-001   0.92120235699925446        0.32338589240252229E-001
   0.22547488857976988        0.84703444275034276E-001   0.68105552219019849        0.32341717737725567E-001
   0.99294648634028837        0.34603143127775259E-001   0.22437458514753270        0.32349792399188358E-001
   0.15775155455003032        0.84823563031142579E-001   0.55942006454899806        0.32294765247781597E-001
   0.50874138431250238        0.34693971121221120E-001   0.43437640726466231        0.32263385931719429E-001
   0.31987352065676988        0.84499767898096836E-001   0.88144927234398152        0.32362514763910007E-001
   0.88877399092152509        0.84314106713614140E-001   0.24835703177444052        0.32281337843255535E-001
   0.57022525688885051        0.83642977181197453E-001   0.34570557767487192        0.32321576839879428E-001
   0.29278266312142343        0.34756222554300997E-001   0.44497551644414279        0.32389159683228988E-001
   0.90906484585105463        0.84094632515626863E-001   0.38395619905888095        0.32272090990322681E-001
   0.46763937632764468        0.84300331449392821E-001   0.93115195144407337        0.32297202282243982E-001
   0.49287566789244208        0.83648732791584274E-001   0.57707570624273663        0.32331692460931864E-001
   0.29976322706595563E-001   0.85449267606162282E-001   0.25473907049165312        0.32334025066988431E-001
   0.34074850565717468        0.34712658065554708E-001   0.14073091659410791        0.32428714289969837E-001
   0.72911107005112386        0.84679244266601950E-001   0.76481657683565840        0.32297464747426625E-001
   0.80183544961908615        0.84458639103425798E-001   0.52845921161832055        0.32339766846495310E-001
   0.18843512417428301        0.34643329969533489E-001   0.52276133593393825        0.32314267937211774E-001
   0.61701851006803099        0.84410449340964755E-001   0.30104690344270224        0.32360144970663640E-001
   0.58460372399199290        0.83181826217080465E-001   0.83982552119606635        0.32291588265956482E-001
   0.61442821622562671        0.34401428462716710E-001   0.72812662225362146        0.32342689366312675E-001
   0.43694060696359016        0.34030311126843037E-001   0.83693878290486134        0.32378655290331335E-001
   0.58934905945345539        0.34705903924545221E-001   0.56093149316118418        0.32424879620668950E-001
   0.58357093587805875        0.34674769000021331E-001   0.65847329899912832        0.32299412014153886E-001
   0.18446388426191634        0.34658793229854101E-001   0.68389577986558614        0.32322064261658776E-001
   0.31911421669369183        0.84618063391622936E-001   0.78867285424661238        0.32326571429023489E-001
   0.76267611256855949        0.34479021258585998E-001   0.74011622419318956        0.32399239427878625E-001
   0.63212997586283581        0.84534187629726143E-001   0.88372750447792292        0.32359700001395576E-001
   0.82294274941233009E-001   0.84302132788352635E-001   0.94056362247532255        0.32308675027378497E-001
   0.14496505660254111        0.84366638395127619E-001   0.97919808482465576        0.32411119875677866E-001
   0.94636359391224589        0.34275233461778756E-001   0.98080340945705613        0.32386261316266290E-001
   0.13357348925870605        0.84900146472079774E-001   0.33611378242188034        0.32321483114101913E-001
   0.97483523196608579        0.84289871345147302E-001   0.73161869498411591        0.32394905300620190E-001
   0.42222718614877713        0.83133154742847923E-001   0.97721479182522952        0.32345993091667066E-001
   0.21801679491868373        0.34603850337468260E-001   0.39204592938769245        0.32288258466187200E-001
   0.51766218245857565        0.34746287632147120E-001   0.14217013389604193E-001   0.32288780354632743E-001
   0.68225781985558154        0.34114878640851221E-001   0.32029204693972801        0.32235993014590611E-001
   0.18028332038953127        0.34440862906456704E-001   0.95809428572867517        0.32260026928334996E-001
   0.85437531552879120        0.34007778664004187E-001   0.22541896842596953        0.32282158090835823E-001
   0.59531797388914766E-001   0.34998732528889132E-001   0.28674988832503284        0.32281800890223332E-001
   0.68482407429396219        0.84530703537207444E-001   0.82152764379285936        0.32372498223540810E-001
   0.11046701409357718        0.84740744639967155E-001   0.88228112519297708        0.32368734352987955E-001
   0.31854263189848936        0.35415291256969711E-001   0.54255080699939717        0.32322487080183093E-001
   0.89347641363151276        0.84669666011056202E-001   0.11975426876495969        0.32323870743868381E-001
   0.97471382658614736        0.84322568102993434E-001   0.87482716375299252        0.32334201278380860E-001
   0.46875413467886795        0.33639457433469237E-001   0.48508811183465189        0.32264850193022852E-001
