 3 HS poly
 400 2
 121 279
    1.0000000000000000         0.0000000000000000         0.0000000000000000         0.0000000000000000        0.10000000000000001         0.0000000000000000         0.0000000000000000         0.0000000000000000         1.0000000000000000     
 T T T
   0.99529100376809876        0.16371596736351794E-001   0.66995669268099106E-001   0.35813784228127019E-001
   0.65992670044404234        0.66242960021921926E-001   0.59996980933154420        0.35447431873837323E-001
   0.47294562325214440        0.16102967953980901E-001   0.59470861768232941        0.37288933455455690E-001
   0.67703323037565288        0.15859680609163009E-001   0.14514859630818044        0.34745871637460304E-001
   0.54493273042714607        0.16297113550448029E-001   0.60687062570335404        0.35404514064137776E-001
   0.65882989978795070        0.66336091215277213E-001   0.83730544787007188        0.36688808401358540E-001
   0.50260447825537080        0.66421490983556236E-001   0.33391832341663641        0.38060832638214220E-001
   0.58151905854595587        0.16432517743022963E-001   0.47018043152497097        0.36502310038480944E-001
   0.94796291501281149        0.65766846626195821E-001   0.39256301271585353        0.34244232669455650E-001
   0.99213466232082115        0.68900105349162494E-001   0.52324662788847276        0.34761351933774366E-001
   0.27116749281205282        0.65542498662120627E-001   0.94740168949699233        0.38811031851785388E-001
   0.67933029853246243E-001   0.16359923253903196E-001   0.55694593383381799E-001   0.37691158083368217E-001
   0.49319797957998668        0.16310388400760351E-001   0.22570350705929956        0.34186024052602078E-001
   0.15280185363499425E-001   0.16257331346181268E-001   0.13807453460522348        0.35746650057584053E-001
   0.37039220223590318E-001   0.16197622396786827E-001   0.27247307429798229        0.35866074485518575E-001
   0.16764601342859123        0.15952409500717673E-001   0.31096707476125884        0.36491628016456945E-001
   0.84574778756277369        0.65815125048301351E-001   0.20459029665627715        0.39674748117562830E-001
   0.56431671781247017        0.66034837020719869E-001   0.26822542323142523        0.37515964627763639E-001
   0.59279057219107856        0.66529027176358141E-001   0.97160510840429593        0.37837459636051375E-001
   0.79652080523554347        0.66830285877377840E-001   0.59388679599848382        0.36274527564739562E-001
   0.14895825099212481        0.16071229526887786E-001   0.10713140101507901        0.36169692067206348E-001
   0.82444194824112071        0.15750476830834855E-001   0.33745237537818751        0.33601050965141439E-001
   0.71944192624263659        0.16576919770154221E-001   0.74909979898396217        0.35632024660554450E-001
   0.38602306653148627        0.16260354158220799E-001   0.33711298867726613        0.34795427863315589E-001
   0.31232978913832393        0.14532964617057177E-001   0.12475430299181393        0.36070594094583068E-001
   0.75750265790436799        0.15960924442670329E-001   0.35637781049251993        0.35737447251000795E-001
   0.30830596005571692        0.15678060607040582E-001   0.90368252698293672        0.37142449893416640E-001
   0.75168813956885294E-001   0.66158369637770442E-001   0.23570464626281012        0.36738424363840838E-001
   0.42601464490533536        0.66448332008489250E-001   0.13163868630634276        0.36194522426801858E-001
   0.94101484962093596        0.66142397062909017E-001   0.61973770146759610        0.37271348499465291E-001
   0.72236243100106245        0.15698502546659755E-001   0.24606821981943700        0.36358754878012316E-001
   0.36808743679129219        0.65556807742377474E-001   0.99984169742736362        0.36487932369856438E-001
   0.89915094542348237E-001   0.15852166395664044E-001   0.75884585390801562        0.35561444413861019E-001
   0.27104864595961559        0.16035430661628842E-001   0.43624690231266305        0.37418040009154920E-001
   0.24628746094454776        0.15905671122422648E-001   0.15530504446283341        0.36632889105658921E-001
   0.92307537057017308        0.66319915922852149E-001   0.89737791018652735        0.37274149973962889E-001
   0.35516722891548419        0.16290710681236845E-001   0.68518364652382224        0.35593313444528825E-001
   0.41243209766275019        0.16491079882129202E-001   0.47346793305797119        0.34899778434432087E-001
   0.12161705973848200        0.66129183119381471E-001   0.15534285013014476        0.38202246680808315E-001
   0.42302935413508524        0.16246179953449146E-001   0.23925266046198138        0.37045621726678739E-001
   0.25441572332161116        0.16077017129061132E-001   0.55115740291254744        0.36243602062803276E-001
   0.90176468341112559        0.65629586867706979E-001   0.46676499516597841        0.34290080967849648E-001
   0.97104225747974438        0.18702297872508891E-001   0.57065907113307490        0.37147797841148592E-001
   0.84656823060362929        0.66168674392541413E-001   0.67536204118206045        0.36726783815297252E-001
   0.79083188463372145        0.17706798632831530E-001   0.76353015787533007        0.37179393279747140E-001
   0.43523603830148049E-001   0.15126666040455509E-001   0.56031751626407633        0.35915941157354921E-001
   0.19491330987236535        0.65925377749261965E-001   0.13607318293496215        0.37547412690404972E-001
   0.87199711111121425        0.15882559499487376E-001   0.50963444400926927        0.37779435469287234E-001
   0.52188161567879410        0.66037198569975739E-001   0.69785283010407650        0.36796595022569163E-001
   0.95135456949415753        0.15590131814388224E-001   0.79253260476626008        0.35230250207777702E-001
   0.33975475052597126        0.65870718234612408E-001   0.30829491303157147        0.38814546234712866E-001
   0.55389559586595072        0.66427117265579150E-001   0.88007546491380728        0.38320807432647000E-001
   0.88340801259199764        0.66480020406134155E-001   0.57661049653958678E-001   0.39404512557536873E-001
   0.35398664806298802E-001   0.22476210776212029E-001   0.34375846622099226        0.35592260252225803E-001
   0.53640482331258055        0.16448119176578815E-001   0.82765606835203154        0.36135949127194790E-001
   0.63021641096986392        0.66299972016508391E-001   0.90630994904564011        0.37410986601294681E-001
   0.99329628228934286        0.15779094813674770E-001   0.64235076812972702        0.37929128275962572E-001
   0.47043801097378951        0.16447324330227966E-001   0.15912381979601989        0.36079424452541260E-001
   0.65247430560831154        0.16332053828718829E-001   0.71803404564165507        0.37923765697723849E-001
   0.20911301619899811        0.65732849990861833E-001   0.86675299012955076        0.38840724843148274E-001
   0.78100252026026173        0.66298494755767851E-001   0.94713758954755212        0.38485598240653597E-001
   0.63355237238278639        0.66077362435223622E-001   0.44831190808868038        0.38507639620735730E-001
   0.74502742092828561E-001   0.65369680338113342E-001   0.87557693559600391        0.37950824460907751E-001
   0.39545625960480857        0.67198416848692086E-001   0.66604932817571863E-001   0.35609368856186735E-001
   0.48326289506908882        0.66447725773917318E-001   0.82636092694258856        0.36746375810548182E-001
   0.93795900040605928        0.66413380035719491E-001   0.97269732854402546        0.39369058790649072E-001
   0.96894641825124062        0.66269638406748696E-001   0.11289939529787234        0.36902334001978537E-001
   0.48580672984236989        0.16550857261904368E-001   0.52155845809211887        0.36750520445487891E-001
   0.44702065965520799        0.16601884761346931E-001   0.86235244516968945        0.34469049012102085E-001
   0.44028511405391275E-001   0.65732194685893253E-001   0.66101490605829893        0.35668073123324567E-001
   0.62787499935070912        0.16366684019888222E-001   0.55248054352570641        0.40395337803741639E-001
   0.57208619533451521E-001   0.65603066340807398E-001   0.80180636883931367        0.37574820474561010E-001
   0.52438316270465568        0.66448870084967596E-001   0.20084999520957620E-001   0.36344013786121766E-001
   0.52663060773106407        0.66326301148373734E-001   0.48277773212418817        0.38316910276565919E-001
   0.70582027470743036        0.66268024594282132E-001   0.92184776393174750        0.37214454351989307E-001
   0.10099119489704608        0.65167658497287742E-001   0.43588733065417407        0.38234396044196428E-001
   0.28207954681143821        0.15239695827245592E-001   0.69500156014800041        0.37579479818475474E-001
   0.36200869629300353        0.66290583243943185E-001   0.37766702976876698        0.33864112491677402E-001
   0.39941193287562576        0.15220401578345588E-001   0.60118083361203412        0.36509323071724123E-001
   0.62787984927388252        0.66073379547195554E-001   0.31714342387147071        0.38067430551004068E-001
   0.30433245212394427        0.16097452149539972E-001   0.76619216924819022        0.37005547444974772E-001
   0.60606999086360036        0.16405048202380101E-001   0.85512298977925261        0.38010276880649896E-001
   0.38837278540051218        0.15521326312952544E-001   0.95172341718876419        0.35746171731455764E-001
   0.89246601325394925        0.16322748095627806E-001   0.94029079320913767        0.35353811232666725E-001
   0.89202682320246662        0.16114264055631745E-001   0.64536174285681380        0.37018556805728769E-001
   0.12056416188138516        0.65868554747251215E-001   0.71599197427329087        0.37014607584202427E-001
   0.74130193914497000        0.66258395181759910E-001   0.12108450450589779E-001   0.37614773906335636E-001
   0.45223225244802928        0.16385193262786004E-001   0.30791496755634368        0.37497839760049292E-001
   0.12274349137126042E-001   0.66108825694975989E-001   0.96417561689664433        0.35384867654454130E-001
   0.25286516174449669        0.65742153495831041E-001   0.26242627620723941        0.36486399799135948E-001
   0.53504587097704837        0.66156735813373141E-001   0.77192188218670754        0.38382845504937660E-001
   0.50741350868081980        0.16413135416849571E-001   0.72925418935675126E-001   0.38138626812382823E-001
   0.97943056815017959        0.65617682772523930E-001   0.75581802776799378        0.32819240465703732E-001
   0.18463414922865423        0.15417171199818095E-001   0.95301488665923850        0.37898346715271279E-001
   0.17701078334397799        0.15566624354229640E-001   0.81452038884838540        0.39088275510546215E-001
   0.19143273701975974        0.15716338173743443E-001   0.37935654562990034        0.35305886047278814E-001
   0.56319296271649422        0.16412333467209782E-001   0.21270564568081876        0.36946334486314514E-001
   0.90580741575087986        0.65739911068762064E-001   0.75723591934911116        0.40017083605507993E-001
   0.72899641495154788        0.66115325897648528E-001   0.85213107703274904        0.34998289248875644E-001
   0.75270559413742422        0.15820794671312994E-001   0.13229917596710758        0.37071687610805905E-001
   0.75497032177925139        0.16317934271307590E-001   0.89712077600451945        0.36856956892397819E-001
   0.94845423531663808        0.15861067657468298E-001   0.72050484755456279        0.35184272113197704E-001
   0.99908509840881432        0.66261037884288429E-001   0.89095734264756932        0.38993678543400911E-001
   0.29724740025653240        0.65348197707093450E-001   0.19605697080278213E-001   0.36945759376520934E-001
   0.33690257911527643        0.16838365354843527E-001   0.19406274328665196        0.37249295134790791E-001
   0.48379257386125607        0.16502258491132033E-001   0.44669535826166606        0.36372250520992792E-001
   0.23247157509561936        0.65626220210468350E-001   0.40131156865254747        0.32913485610759949E-001
   0.80991341341550604        0.16240883912499764E-001   0.65101224054787174E-001   0.37511854653386904E-001
   0.60878081711666365        0.16243406306695959E-001   0.39198278863706543        0.40617504304191365E-001
   0.20005715570888910        0.15753139150989189E-001   0.24282048451069316        0.38782848779289177E-001
   0.72212713570980269        0.66352408086044493E-001   0.30690500075875826        0.39349720444826056E-001
   0.82114296644907314        0.16113842305626225E-001   0.15480663296843591        0.34820172364416827E-001
   0.70998449429522992        0.65849349016818548E-001   0.18970729159464925        0.39861387638490196E-001
   0.51535917386903241        0.16598282609562729E-001   0.91664819442924761        0.34471118344998226E-001
   0.90045271974637486        0.15702444554021699E-001   0.37059029341492239        0.37925529482456893E-001
   0.94595388761802912        0.18804922286136904E-001   0.50116366827401826        0.36710724620983917E-001
   0.68910246901048711        0.16360838588312526E-001   0.42358708678034390        0.37873020844192119E-001
   0.61501015714826024        0.16373432732434565E-001   0.63003076118447665        0.38081122494029951E-001
   0.61453477314214033        0.66474747094675310E-001   0.53998606731766215E-001   0.37454951953254913E-001
   0.43227697886685962        0.66089864712319174E-001   0.55254518401334141        0.39707944697596552E-001
   0.63895693615655091        0.16427015820154222E-001   0.78972931171343352        0.34919715777053988E-001
   0.92234347145342077        0.65542852853700304E-001   0.82770422936783228        0.32354061649681416E-001
   0.31739307018134350        0.66049426310676743E-001   0.45121637256293445        0.32314545684422741E-001
   0.51452720304613904E-001   0.16155658998233645E-001   0.98767883354523223        0.32277537671045090E-001
   0.10457782912950712        0.15306884773873798E-001   0.91488311266298605        0.32311892929817558E-001
   0.31763617608830919        0.16079556351314736E-001   0.49214286860992418        0.32275212072521126E-001
   0.85964472652128099        0.17382540448261603E-001   0.78731936252382262        0.32312737609279774E-001
   0.74865976108755583        0.67969178100974054E-001   0.78769069317749008        0.32304492100759266E-001
   0.80258843001166602        0.15917137642526027E-001   0.69500107394184407        0.32302894661418162E-001
   0.43327767223421476        0.16120499262132919E-001   0.73051194731039615        0.32369832729597973E-001
   0.28973718710788715        0.66714435605013694E-001   0.18041849747379762        0.32262499060643955E-001
   0.12493231566284448        0.15422742799054218E-001   0.39174121817163837        0.32302728688377233E-001
   0.52374403468268077E-001   0.65937933814052593E-001   0.73220601903806715        0.32129923393426546E-001
   0.82621004814923660        0.16392989272618893E-001   0.92504628971656178        0.32272616245637473E-001
   0.58407107305479866        0.66557947510845428E-001   0.58248137898952901        0.32334757706226520E-001
   0.18324334158771766        0.66609754105129690E-001   0.48255676566492511        0.32270263952887707E-001
   0.12198243106207339        0.65275415097962267E-001   0.50323148811950769        0.32300504875069934E-001
   0.26663947798495530        0.64504785293765063E-001   0.11044096460880318        0.32368972634654762E-001
   0.56820902994004419        0.66374053702825314E-001   0.64643583252867309        0.32339393102283218E-001
   0.95816917163079485        0.16243484045089955E-001   0.86066464977122725        0.32310685565187985E-001
   0.61305005641578780        0.15779139077558131E-001   0.26099118738081145        0.32337553013193722E-001
   0.48559718182827721        0.16054081860360642E-001   0.66641570163181663        0.32280497592251212E-001
   0.49634854143423363        0.66818516492488739E-001   0.95740369112566215        0.32298643862043883E-001
   0.65695548952420779        0.65836769846436702E-001   0.25213477297789988        0.32300925198986905E-001
   0.75937122913998234        0.16687051540811008E-001   0.62276051623750428        0.32255631202620171E-001
   0.35585517318155097        0.66864241048625775E-001   0.14754917301743489        0.32303285561641540E-001
   0.24407796469907964        0.65282063464341872E-001   0.66434587973435377        0.32253689881392947E-001
   0.69195200216594910        0.16295242985741094E-001   0.12809352613528236E-001   0.32318858069374443E-001
   0.87080615730009270        0.15214280536283920E-001   0.71770014871652443        0.32255930558446798E-001
   0.43788694771680092        0.17198075068010962E-001   0.84555990377749746E-001   0.32315318679382234E-001
   0.22300429909876997E-001   0.15120429747891927E-001   0.20579954427993979        0.32241116992386368E-001
   0.71696706751150274        0.16417846165756794E-001   0.52476373081365435        0.32326091720922837E-001
   0.51893349439125569        0.16356457862174999E-001   0.28703994232096036        0.32317439258270013E-001
   0.37504847715464246        0.65397087282610303E-001   0.64198354672762503        0.32321613576848832E-001
   0.20084217426548742E-001   0.15895303387988641E-001   0.70766230252563722        0.32209686642651579E-001
   0.38126714456555011        0.66474810292598635E-001   0.44101084609367930        0.32323759827800592E-001
   0.23692460064644030        0.61172264556530576E-001   0.59980244454890908        0.32277272531512004E-001
   0.34461628175259579        0.66410492746292779E-001   0.87001487187211168        0.32342468991627252E-001
   0.34404169637807525        0.15442776511883312E-001   0.41464129292303219E-001   0.32307326289158694E-001
   0.19412601793126638        0.14369908260914692E-001   0.58362289276106716        0.32247935175208013E-001
   0.76304800240779302        0.66217815106326128E-001   0.78618893874080373E-001   0.32284619703344057E-001
   0.24981738233813133        0.15811120727725732E-001   0.83627100543049315        0.32339221260744788E-001
   0.82563541269273599        0.65839110108996499E-001   0.52949923732635684        0.32264298608513105E-001
   0.92885024733784771        0.68821650213200622E-001   0.54557982393277094        0.32279818881211966E-001
   0.24848193516686179        0.66219103131863730E-001   0.47974086848138259        0.32325922557043626E-001
   0.31587985940218366        0.16588793439964229E-001   0.83459463770898845        0.32358973588542006E-001
   0.43049700552869674        0.67346052252549124E-001   0.35342683689865351        0.32271735148848013E-001
   0.40738376616575012        0.65928624999742044E-001   0.28580066404425275        0.32227224753564106E-001
   0.66019483306218796        0.15630599490397891E-001   0.21085698089524182        0.32321641556336364E-001
   0.58297882885092756        0.17067294406879874E-001   0.92249635583171286        0.32273987653756490E-001
   0.29613050856690126        0.15989891076957946E-001   0.28221561652325322        0.32292178265640188E-001
   0.95957208469293620        0.21232332603474697E-001   0.22052976816296396        0.32295835414770713E-001
   0.98277734373831060        0.65813318876841984E-001   0.69068255818648505        0.32345446015611241E-001
   0.33322329042157234        0.15209535545392125E-001   0.62053627773112452        0.32414851736963651E-001
   0.62748075708458295        0.16592179791948474E-001   0.66815223996044464E-002   0.32304440840680647E-001
   0.93700901862040642        0.66133394338147009E-001   0.32568770178577655        0.32283912211973791E-001
   0.43763750777441363        0.67117163304036595E-001   0.98541023911600689        0.32286909118928023E-001
   0.30108150917887377        0.65888176829599299E-001   0.59174520453685719        0.32303177964591472E-001
   0.47906504059871879        0.66253901836223331E-001   0.26711716602578400        0.32200631019783273E-001
   0.20202590826865394        0.16675811689047634E-001   0.44624128082456960        0.32245619536771450E-001
   0.71969341796697772        0.66602605854693492E-001   0.63324415269905421        0.32323792192196471E-001
   0.21511355817256664        0.65473072065266466E-001   0.99184791536317796        0.32251090821330451E-001
   0.23632579398061379        0.15749729326152043E-001   0.30678558169598241        0.32281206858059422E-001
   0.96833400448290208        0.16242671566026056E-001   0.35245343728552997        0.32285607672260144E-001
   0.76939241609522049E-001   0.15250419670816782E-001   0.47955262795197867        0.32255820994236094E-001
   0.72397262613379664E-003   0.72023723449946744E-001   0.31237561305053207        0.32264413566241441E-001
   0.16174257329934369        0.15719211459881591E-001   0.88466208811396352        0.32303473174168304E-001
   0.23874562159942866        0.15754127256752987E-001   0.90823864326140624        0.32305929890638005E-001
   0.96690035604286950        0.21323340182515763E-001   0.28779159118181830        0.32306812895362851E-001
   0.32053560535484825E-001   0.15538504477767334E-001   0.84437584881847549        0.32357347794655912E-001
   0.57406922826966300        0.66311094861973716E-001   0.15220832885615085        0.32285493190584852E-001
   0.80041291948784510        0.65985022042564886E-001   0.37335904393030478        0.32285817598460165E-001
   0.31942688692854243        0.66773813920680922E-001   0.23928337818035453        0.32275061158530065E-001
   0.82524603958219575E-001   0.16214243105698096E-001   0.12432584729999760        0.32317417657791059E-001
   0.55438429190766081        0.66517085293112566E-001   0.89836387208066637E-001   0.32415239678152297E-001
   0.45584112709266650        0.66493416749462353E-001   0.48456996592835355        0.32201824825390073E-001
   0.82751763204418605        0.66221167576246465E-001   0.11048325915091940        0.32207584668810726E-001
   0.34077741969382069        0.16093566638564809E-001   0.41748696725827672        0.32309476362741910E-001
   0.21431419983283301        0.14962379204410851E-001   0.71224170738827552        0.32306091877274005E-001
   0.37950262422364189        0.17785218986194725E-001   0.11239228406101519        0.32252514710003163E-001
   0.17132775172166395        0.16062381714842134E-001   0.52317628698970575        0.32269990036775088E-001
   0.38339782763673580        0.16383218253119610E-001   0.53413648926234492        0.32296834754529692E-001
   0.15192030393889163E-001   0.65812122163547981E-001   0.59794087039144717        0.32261292713971157E-001
   0.40352610152924628        0.18727393038937053E-001   0.40195887914610740        0.32285331106475204E-001
   0.95467006541119048        0.66328582494915495E-001   0.44586530730528616E-001   0.32303669130206623E-001
   0.70149074334416195E-001   0.66135785284256440E-001   0.30492303118471592        0.32266960678679929E-001
   0.38540369928690775E-001   0.16778127988639334E-001   0.92387907727927499        0.32228896661970277E-001
   0.96786777371713673        0.68503337184112209E-001   0.45827808125085273        0.32351404829384645E-001
   0.47608164830190830        0.66630920645583611E-001   0.89595823885004955        0.32356781961391072E-001
   0.92073044783436531        0.16335198574064878E-001   0.21351269603127838E-001   0.32396579927284917E-001
   0.67936943763043278        0.16089177629989609E-001   0.88062835510535065        0.32313280924776394E-001
   0.13626013904898629        0.14511271250713168E-001   0.39823584507235929E-001   0.32233729969986837E-001
   0.19458503874209920        0.65962410378676603E-001   0.76625351356185012        0.32301284144206500E-001
   0.88634029154112459        0.16959588872091307E-001   0.17061475836752776        0.32236148232311503E-001
   0.99486744974180730        0.22425542090292478E-001   0.42137617289626567        0.32187222060559628E-001
   0.23536332196520962        0.15562866716715987E-001   0.77329518813462028        0.32265096465782003E-001
   0.50539344705284250        0.66088758435252970E-001   0.63065597136283846        0.32270170667639236E-001
   0.51544195451014096        0.65131904518528391E-001   0.56260341532313618        0.32337242139339244E-001
   0.57782448725264424        0.16285796314600684E-001   0.31593874591484822        0.32347791008497558E-001
   0.14459538516357798        0.14746163479737265E-001   0.67041497343742051        0.32294680561799106E-001
   0.20012457407120857        0.15581477626737873E-001   0.30078054873123844E-001   0.32248304681929345E-001
   0.41356401616990274        0.65581566662695531E-001   0.91300266373061711        0.32255258515774043E-001
   0.32278621081521464        0.16007863502416023E-001   0.55660789197952609        0.32332870351204343E-001
   0.35738222665851294        0.66078297649854317E-001   0.50208483830969963        0.32269291840381409E-001
   0.84803066825404977E-001   0.16137099704243315E-001   0.18896910092673136        0.32351248884883568E-001
   0.20822583547044218        0.66125008980493075E-001   0.54211537300896173        0.32304544318280615E-001
   0.83354706239138765        0.65580586243195418E-001   0.46372336440895784        0.32291999509724667E-001
   0.87545448667033376        0.65576747633487240E-001   0.27017981403603525        0.32320900157159917E-001
   0.91822221228256840        0.66151047824988748E-001   0.68577278132203956        0.32270913164437143E-001
   0.89671828777638518        0.15559327247912686E-001   0.23519590761744480        0.32286964308887958E-001
   0.25573775939586818        0.15476334011220248E-001   0.99557198782530931        0.32243907368481685E-001
   0.99700137689668164E-001   0.13764723275760882E-001   0.83125587360295528        0.32272028973922694E-001
   0.81772229059977442E-001   0.15804572273916424E-001   0.68755245677988797        0.32306190597484505E-001
   0.66317141463841500        0.16019757542525815E-001   0.48887574223754909        0.32319831492270225E-001
   0.58878490717722609        0.66366737759645175E-001   0.51701541469249934        0.32295242702823912E-001
   0.86829428046258894        0.16305436021827751E-001   0.10698237062339314        0.32312758755662349E-001
   0.14057548392835376        0.15175780500025089E-001   0.46610870649719910        0.32315745036882434E-001
   0.82968646801086232        0.16200638068564411E-001   0.84736122242473366        0.32235325857033544E-001
   0.56934578422264359        0.66322014626497561E-001   0.35630389037185195        0.32310686889692554E-001
   0.39195160322856398        0.65684188355104492E-001   0.71549596541122296        0.32269117304206590E-001
   0.76942839092617576        0.65725881670023412E-001   0.24984709268971708        0.32311437085065814E-001
   0.70776798794341761E-001   0.15541893482608713E-001   0.62304330542536435        0.32389014738390266E-001
   0.14326210047020332        0.64679119654588571E-001   0.35328795663290580        0.32256719689371910E-001
   0.81699091338028706        0.67440030749654309E-001   0.80693832934345744        0.32271533971292364E-001
   0.86719955676558813        0.65723901765211937E-001   0.33424299438974447        0.32243067688716688E-001
   0.37210377447586118        0.15681867157707027E-001   0.75154583236170902        0.32305955558065001E-001
   0.72697471790845059        0.65873572954498402E-001   0.39135619925673171        0.32281389981343118E-001
   0.40151118497052674        0.66380204040370636E-001   0.78156572972709815        0.32267977906750463E-001
   0.15070360730858673        0.64810556202465425E-001   0.11697658739459034E-002   0.32327662476016997E-001
   0.77885409242598036        0.65737851372957457E-001   0.66065010174896255        0.32252659537223304E-001
   0.79430438533539771        0.66101070881906851E-001   0.86904921706646276        0.32270412080728637E-001
   0.13034625514393444        0.65669211953173739E-001   0.28138544959667255        0.32315917247415026E-001
   0.76328914902220235        0.66009505630036588E-001   0.50308500431690728        0.32217546682229030E-001
   0.98955950560066053        0.64204310847657861E-001   0.82022578468037333        0.32371663830556792E-001
   0.25214940631500801E-001   0.66004923157297404E-001   0.30732570264283943E-001   0.32325142430176500E-001
   0.18140485172178453E-001   0.15631052888068021E-001   0.77220782584411518        0.32261603722339029E-001
   0.23563948698461640        0.66771716778207299E-001   0.53098670097031113E-001   0.32345770447364600E-001
   0.41084129200662922        0.15824040055490173E-001   0.20861172246251673E-001   0.32308786325116787E-001
   0.43989822164960890        0.16225425355261121E-001   0.79582760472375669        0.32214830278569855E-001
   0.90178291437830893        0.18908065907536464E-001   0.57654250799452567        0.32342164163234426E-001
   0.38334015478079808        0.16504196071870012E-001   0.88386241934926180        0.32291213277310563E-001
   0.46106657514759442        0.68131859155610153E-001   0.48556182452555878E-001   0.32301280898048124E-001
   0.44185310642924291        0.68864813202210370E-001   0.41775677249151810        0.32337899184244456E-001
   0.45626801484091717        0.16917767525380833E-001   0.94768555639492247        0.32228895876763315E-001
   0.66221365225145445        0.16336542912261342E-001   0.94302754067244576        0.32330901045526626E-001
   0.26862419541680799        0.65929482125743080E-001   0.79928301219540754        0.32314024020273079E-001
   0.11556121426806334        0.14746112026480102E-001   0.97858404098590335        0.32322698458508839E-001
   0.86442360495137061        0.66027726993191135E-001   0.60507148409517053        0.32290102202165445E-001
   0.78921534063373289        0.15684998774437586E-001   0.21396158390439543        0.32299588647875160E-001
   0.68454696403630422        0.66276806305483854E-001   0.53082385482278324E-001   0.32284330882753377E-001
   0.10941812808333325        0.14803912697987753E-001   0.54283016098273551        0.32259580628867392E-001
   0.56844605667487957        0.16451874845641212E-001   0.37449437910154593E-001   0.32426894885811526E-001
   0.58199502112489465        0.15937583345640563E-001   0.75372537400958461        0.32301078713467747E-001
   0.13998498458766065E-001   0.72502060937831889E-001   0.38497874332580012        0.32325956876551216E-001
   0.53557318249843111        0.16365621282425972E-001   0.13782536072587445        0.32313000902920226E-001
   0.32681890479638742        0.66241149494326607E-001   0.72216060241839497        0.32245850103943860E-001
   0.14007263014304880        0.65514619743618926E-001   0.84964017615909537        0.32272331579584902E-001
   0.63784992821052566        0.65401608232867281E-001   0.12207336998488307        0.32285633473873546E-001
   0.22626057684503573        0.65965564080629049E-001   0.19887274897870047        0.32370673438026694E-001
   0.31173902196342779        0.65142518493885970E-001   0.65605828623221152        0.32315212893369680E-001
   0.82314541328700042        0.66287328311382038E-001   0.18093755377394990E-001   0.32337397969769963E-001
   0.67032363950191742        0.15857552878575248E-001   0.29106187738411360        0.32341855367597518E-001
   0.81569071042391117        0.65641611705421612E-001   0.29518361384392056        0.32363637834867273E-001
   0.94935492395880117        0.16121576497151260E-001   0.15700174794323557        0.32215532909747699E-001
   0.28023641941443700        0.65685996581136705E-001   0.86400237785630118        0.32260918156072391E-001
   0.46615857674765399        0.19028565424122415E-001   0.37918935059713932        0.32242957427525094E-001
   0.16778186361648792        0.16325791274679032E-001   0.17711644483580402        0.32282511216342562E-001
   0.31508036851836563E-001   0.68948739057292804E-001   0.44713491427410834        0.32248729434888261E-001
   0.18293660002524367        0.64893115101232787E-001   0.68558520726134053        0.32317071029379779E-001
   0.86684168998038311E-001   0.66431247256633061E-001   0.10388476576226316E-001   0.32279220204886182E-001
   0.77485388970929037        0.15639342404677046E-001   0.29059681299957918        0.32289027448476677E-001
   0.29467942676113507        0.66037751606204426E-001   0.52640149726177576        0.32325653673395460E-001
   0.13350497292113536        0.17205896110727266E-001   0.60632366572865160        0.32351325273384697E-001
   0.42058327985756716        0.16351437510642924E-001   0.66677673153321260        0.32311955182474400E-001
   0.76288975423441041        0.67853656177012403E-001   0.72324678465349834        0.32336322659403359E-001
   0.12293169147644081        0.15714905213499979E-001   0.24114878635302492        0.32231817631608713E-001
   0.78023171039819050        0.66110356720950961E-001   0.17311652561675864        0.32295039354582548E-001
   0.36251842537792656        0.65637369147536012E-001   0.57075978253580029        0.32327409554851798E-001
   0.66123711871711166        0.66289534484367849E-001   0.38269807116999488        0.32380183219068590E-001
   0.45527522095114542        0.66500670750570992E-001   0.20330325586622658        0.32265017232642100E-001
   0.49741788785395680        0.16035599847928666E-001   0.73881516945415682        0.32303666764286094E-001
   0.15862336998530666        0.15866488825938777E-001   0.74544854537877125        0.32321142174530332E-001
   0.73277293857766990        0.16772078593732528E-001   0.96273188615010385        0.32279111030687695E-001
   0.77807762341652195E-001   0.65139405035929063E-001   0.94631267471286407        0.32355081909367277E-001
   0.66243307731388279        0.66272223188112489E-001   0.98433129662346919        0.32321535211801047E-001
   0.29643408297436347        0.65840390047215550E-001   0.38856491268566296        0.32300509144949648E-001
   0.46257258981541266        0.66092455994849239E-001   0.76040269461424581        0.32277238235577689E-001
   0.27785447481239228        0.14152648029224852E-001   0.65560974030536401E-001   0.32309898757158069E-001
   0.86685633309249976        0.15542969424082337E-001   0.43961758642736964        0.32371094542107792E-001
   0.59393670760711670        0.16388000757730156E-001   0.10288960080978454        0.32412800437780463E-001
   0.85356135951294088        0.66267882652575674E-001   0.89463010210489502        0.32191921208310791E-001
   0.70845459686422108        0.65806751059072674E-001   0.11319672787137411        0.32324344890237146E-001
   0.55312341987747415        0.15535015787339871E-001   0.53948587811461590        0.32328789122873049E-001
   0.98312792422703466        0.16399972884242570E-001   0.99970641817105532        0.32252883532417807E-001
   0.64560516627063524        0.66369353360775804E-001   0.66901374224984544        0.32270490644000054E-001
   0.57057476252890216        0.15345597661871421E-001   0.68950170553709889        0.32187879157460464E-001
   0.33913035930791263        0.65890945021064726E-001   0.79965313088181911        0.32322095881767883E-001
   0.51756268248288728        0.71115161332827304E-001   0.18334636185038838        0.32338953993625720E-001
   0.25799741108896035        0.15572269078805795E-001   0.36772759130521332        0.32246491703442140E-001
   0.89350795370520331        0.15459483763720753E-001   0.85742805562216073        0.32278262242070178E-001
   0.35704967063855231        0.15951107721011226E-001   0.26065591393230081        0.32296598002557013E-001
   0.60208696849223975        0.65939200819172802E-001   0.71711949912583517        0.32316617792463045E-001
   0.37813275969014454        0.16405122896495483E-001   0.81602374979147330        0.32314311886093662E-001
   0.25333929035734015        0.65371918346697575E-001   0.73468830064746515        0.32307097203215923E-001
   0.77593225363044049        0.16366703531419276E-001   0.55107323111494333        0.32239874500470632E-001
   0.13059782984485754        0.64827873437021899E-001   0.78518321036115524        0.32256963278452559E-001
   0.72254740108379700        0.16498684901316410E-001   0.69742403499960096E-001   0.32300739704058598E-001
   0.12593079159971992E-001   0.19041913837320276E-001   0.48336203100548886        0.32256082902572140E-001
   0.85101742831955030        0.66393138816582514E-001   0.95959190892041712        0.32288609881227490E-001
   0.68949121100891042        0.16279631543629967E-001   0.35284560006541266        0.32311871191909772E-001
   0.13711584215300649E-002   0.66113754177914028E-001   0.24257078643691624        0.32337850255455859E-001
   0.67539124794246774        0.66447228192931862E-001   0.76334794996014721        0.32317002935500987E-001
   0.17453442880253198        0.65335765881220309E-001   0.62139099863139569        0.32203804438410068E-001
   0.67668351843941610        0.66348732855815315E-001   0.53216412204199881        0.32252666351488206E-001
   0.58147989331807017E-001   0.15647989794517689E-001   0.40898723868718634        0.32372127334323653E-001
   0.73896697365461195        0.13947105656901089E-001   0.68392500042938065        0.32249760569528434E-001
   0.68271652767501434        0.16596613436583356E-001   0.65103940923051262        0.32331099893713418E-001
   0.59696689897192479        0.66509977033049422E-001   0.80636046379999049        0.32343573681737757E-001
   0.34512294189141951        0.65667493370148808E-001   0.93481303018779616        0.32267866118338061E-001
   0.31991520630607306        0.12227286056927918E-001   0.97293778584070190        0.32300172976166809E-001
   0.80744739244923136        0.16184049555373069E-001   0.41399531923099697        0.32223285984821638E-001
   0.27156517232240751        0.65505289373162703E-001   0.32875868291674970        0.32335847615434211E-001
   0.98332346010105620        0.66000724342911987E-001   0.18053733727170848        0.32244978243779525E-001
   0.80372388120573535        0.16116474623155689E-001   0.49279254774275771        0.32263957114772097E-001
   0.92946980766102916        0.16420974819300133E-001   0.85480562427002554E-001   0.32324536338050644E-001
   0.54376472874186055        0.16429604751700921E-001   0.97715197431853318        0.32331400374089755E-001
   0.73577400065319842        0.66115148360773299E-001   0.56180699966547210        0.32387235716436098E-001
   0.20740265038171046        0.65922878260824810E-001   0.33651498335175295        0.32263775328107293E-001
   0.70103484960163753        0.66112039332954883E-001   0.47180986815759662        0.32403029626455422E-001
   0.65506173372737131        0.16272488010660613E-001   0.81520764217509908E-001   0.32315676736953826E-001
   0.70196701773470782        0.16199151553940892E-001   0.81527150123908110        0.32307745795345101E-001
   0.49796275356842079        0.66477458876406395E-001   0.12156325118241985        0.32190401058148042E-001
   0.90206513649641440        0.66636875589892605E-001   0.13119855786462994        0.32295438142993564E-001
   0.61122680787271599        0.66208638681016549E-001   0.20625540226522551        0.32259501632286851E-001
   0.53221002333122724        0.16308137027074298E-001   0.37373108026611362        0.32265117400114146E-001
   0.14488776405602061        0.65358923632558810E-001   0.92331930524832284        0.32348126991274623E-001
   0.83743545910654671        0.16705617631749256E-001   0.57063207729901144        0.32299015379016950E-001
   0.10184590413577752        0.16099336810993226E-001   0.33127208655926749        0.32307340489020855E-001
   0.85978168207739902        0.16378184507078258E-001   0.99951360729079453        0.32262846987284079E-001
   0.56667236102387741        0.66229629047340408E-001   0.42443386958328100        0.32324542660460670E-001
   0.76767441088411070        0.16103649268782907E-001   0.82903658446550688        0.32287181069894644E-001
   0.70438731477967553        0.16134505536609396E-001   0.58885292199207928        0.32255296780033887E-001
   0.50513459170724151        0.66311389538694185E-001   0.40443405575855201        0.32331247889969009E-001
   0.14661601723065459        0.65341320741742995E-001   0.56318181076508311        0.32317734813078744E-001
   0.61299545632737706        0.16290325838763702E-001   0.16470294602940369        0.32199585388779810E-001
   0.47722571792848945        0.17879772684289263E-001   0.89154816345605962E-002   0.32255197643697234E-001
   0.40311343063535765        0.16610826311355902E-001   0.17266972947974016        0.32302067627036524E-001
   0.93872306216946377        0.71206657166495185E-001   0.25759436928704571        0.32284564640045824E-001
   0.83478916357049204        0.67694210976703861E-001   0.74351618458166369        0.32310516665173469E-001
   0.43900176289436466        0.66329429175561880E-001   0.62972113586618983        0.32322609215964394E-001
   0.16962036000415057        0.65726155362000438E-001   0.41939423422659022        0.32338820681874124E-001
   0.21758899239465818        0.15616606558097299E-001   0.92470289826299193E-001   0.32219754329751840E-001
   0.78788985777499210        0.16272838236332042E-001   0.99698728929579850        0.32314423859610239E-001
   0.27193944123758551        0.15733618361075685E-001   0.21931803562405480        0.32217869032471723E-001
   0.26871019681564279        0.11196975924679687E-001   0.62603099230868298        0.32403221355014965E-001
   0.58654720501372638E-001   0.65083314041982906E-001   0.51628554216735867        0.32225191143274372E-001
   0.70111773063897886        0.64908265136488133E-001   0.70322270195141057        0.32364032734960899E-001
   0.85990232899870556        0.65548628964210487E-001   0.39907215758963616        0.32337199513348257E-001
   0.10730026035185378        0.65984794880321912E-001   0.85705124264744470E-001   0.32238798960469536E-001
   0.92015643837648287        0.67231356699441386E-001   0.19520458201939431        0.32284181861141702E-001
   0.38328828004653792        0.66401220938428623E-001   0.21110625370227615        0.32358839411325606E-001
   0.84801242920199957E-001   0.65991829860278628E-001   0.58342028785896727        0.32226012847419258E-001
   0.20604333706663422        0.15260918523863361E-001   0.64765905895571452        0.32300986739028710E-001
   0.97420593544695255        0.16079572748465856E-001   0.93560617604219531        0.32347952230700652E-001
   0.45259310451580193        0.66552999459677256E-001   0.69308688718512734        0.32306549823106913E-001
   0.15655446654511274        0.65747809213486663E-001   0.21711731014497662        0.32278712995292794E-001
   0.90330273861506494        0.15614336793764283E-001   0.30027469969442322        0.32285437096173826E-001
   0.37423733075147222E-001   0.66215329202271508E-001   0.94354199833378186E-001   0.32331669442118807E-001
   0.93142737050326496        0.16023588644705860E-001   0.43369032588757328        0.32294565523664914E-001
   0.40525557425833075        0.66654355165804355E-001   0.84716804839665838        0.32340779789349648E-001
   0.47631767602868975E-001   0.66202218946343108E-001   0.17143320078048699        0.32292464813711931E-001
   0.74469945100341728        0.15800422767425746E-001   0.46642507155173191        0.32241558083145917E-001
   0.17127294083222000        0.64650677123845438E-001   0.64090091396788687E-001   0.32229611947723377E-001
   0.77336172832588423        0.66163271810422752E-001   0.43657205321928094        0.32332643790154159E-001
   0.32907902885931639        0.64463318592912211E-001   0.81159164834885597E-001   0.32263352677049072E-001
   0.78927485491211147E-001   0.68691421246873094E-001   0.36891948060037488        0.32361981825360361E-001
   0.11049209062831339        0.64839038107009445E-001   0.64556580239729500        0.32308634996570357E-001
   0.82319528243647022        0.16269503165698872E-001   0.63368471281009409        0.32333196516799639E-001
   0.83586674642435044        0.15609034621338931E-001   0.25913272117567154        0.32286380189400214E-001
   0.32148496552879463        0.16051671017040192E-001   0.35573343624503251        0.32261891105784979E-001
