 3 HS poly
 400 2
 121 279
    1.0000000000000000         0.0000000000000000         0.0000000000000000         0.0000000000000000        0.10000000000000001         0.0000000000000000         0.0000000000000000         0.0000000000000000         1.0000000000000000     
 T T T
   0.39498773202617726        0.42126518656312090E-001   0.67459818071885258        0.34838677927378853E-001
   0.60736260634779171        0.42436027157391629E-001   0.40425743003266679        0.36041518384098900E-001
   0.10982347441722802        0.42353160432567608E-001   0.45211906635016330        0.35810279176918515E-001
   0.61006666650862962        0.91774302598416083E-001   0.94616362080473460        0.37547105898108078E-001
   0.56113232504768107        0.42280450107322634E-001   0.62356960434734177        0.38149250527704098E-001
   0.28786383663000070        0.91545180505061566E-001   0.82429846313968791        0.38520512172846084E-001
   0.78536179749525992        0.94080487841386728E-001   0.45440938473504178        0.37026009738420886E-001
   0.99329719482519474        0.92050777278048487E-001   0.33345935585330772        0.38508815666458418E-001
   0.40174045088830312        0.91571810995595762E-001   0.79078241380350256        0.35298966505611887E-001
   0.56229204060373028        0.41924599368596077E-001   0.83636705781814413        0.39319679013182333E-001
   0.13462108043529022        0.92243933270400022E-001   0.33453553888175791        0.38168708910989869E-001
   0.95102526803461629        0.42084450380831896E-001   0.91898001000069474        0.37945872850758032E-001
   0.22406704346805870        0.92275041928670976E-001   0.64092443657712506        0.36195832341983487E-001
   0.32486742350178277        0.92155063397058243E-001   0.32934776861334653        0.35041033180508628E-001
   0.31089270032308264        0.41472012270951465E-001   0.87530636252394667        0.36449260486996246E-001
   0.85537887317405803        0.91909939030009269E-001   0.36252541628991614        0.37285678826109926E-001
   0.48174919125598531        0.92166729575541895E-001   0.42480119607378347        0.39286541372323909E-001
   0.77363400325391640        0.90009383582413435E-001   0.96603636703185192        0.35283454369514938E-001
   0.72026088075703765E-001   0.41603575564937330E-001   0.16362852006500718E-002   0.35449085839458397E-001
   0.71667354088213930        0.91803327771387541E-001   0.58755766372476217E-001   0.35708914515604068E-001
   0.17148837790392032        0.41533132741282286E-001   0.89385100080898872        0.36522630787454220E-001
   0.54902318085393464        0.41817173268879071E-001   0.45611783397778320E-001   0.37252516074687568E-001
   0.55051982350127482        0.42520052349753250E-001   0.25288078124084379        0.36663585286609887E-001
   0.46758405998252262        0.42314221989139610E-001   0.10404423765952471        0.37945857658937321E-001
   0.98469289055617826        0.42099127393023822E-001   0.63996047231908115        0.36812604197818198E-001
   0.90243234725781896        0.42029966517817846E-001   0.77331989990560857        0.37982446532495606E-001
   0.14867486079124817        0.91136439192030780E-001   0.83505163503060287        0.37023341302259039E-001
   0.79125182200186883E-001   0.92312880779249526E-001   0.41031316531369061        0.36099206684526985E-001
   0.47552454826914431        0.91656191393142100E-001   0.70475799730512678        0.36479659391683315E-001
   0.86180639051788599        0.92051417689949872E-001   0.66169911782429447        0.37663512329676865E-001
   0.35919787588450275        0.91604132292010740E-001   0.85023041852453818        0.37366070183754638E-001
   0.31255353598304431        0.92436424342134588E-001   0.19533947964402315        0.34555264749704995E-001
   0.53936767015199105        0.42332567389752850E-001   0.11670779253217169        0.34486320070335107E-001
   0.63388364923703677        0.42299802341556905E-001   0.68364630044102193        0.35219405438137751E-001
   0.79142000028036896E-001   0.91130592324872417E-001   0.19372443474551385        0.36937606915498328E-001
   0.84944410517610325        0.42053732750462321E-001   0.61177117938791903        0.34057162204956332E-001
   0.33106325412803533        0.91550284989744782E-001   0.92415958730889380        0.36207928406187750E-001
   0.43753183951787195        0.92335983273335531E-001   0.19693849254480472        0.35851580160244576E-001
   0.61401219556086728        0.42456301265831262E-001   0.16911510783118353        0.36124185283929196E-001
   0.69587319762946409        0.92155804230648231E-001   0.51239442185210649        0.34381722025880926E-001
   0.89139304733271452        0.42032274741458063E-001   0.84997845096754421        0.37227577626802462E-001
   0.32764061554444246        0.42286883015703297E-001   0.13458821931939810        0.37451990402283600E-001
   0.13720949848946151        0.42672303895983997E-001   0.19190451980558051        0.37767531168665977E-001
   0.41515733653814824        0.42040151107520976E-001   0.60498320838096387        0.37538683628359958E-001
   0.41877047982836391        0.92175530417757459E-001   0.11725323339203722        0.33051206673313557E-001
   0.38994208220332789E-002   0.92546875547081145E-001   0.40924108449498259        0.37793436812277752E-001
   0.22540762703105982        0.42114337724097367E-001   0.52245007147926059        0.37484004499502718E-001
   0.42921206503401704        0.41751224707677920E-001   0.45747795797866231        0.36239875482229053E-001
   0.66705158599858949        0.92717878863841988E-001   0.26394497168543563        0.34193283580166982E-001
   0.67548621925301233        0.42314757517567747E-001   0.37204176285407092        0.36744535585868925E-001
   0.59606663528652659        0.92210597383415527E-001   0.57751333395683957        0.38189608538888545E-001
   0.39960808410950677        0.42069764269428024E-001   0.70721797615700285E-001   0.37523677872587195E-001
   0.81410296229423584        0.91970187112863422E-001   0.76048186813202479        0.39006942527441531E-001
   0.68220317400215347        0.91697213954141377E-001   0.92514614279247132        0.36901353500625428E-001
   0.62273463398424089        0.92298979211721408E-001   0.35079122697922716        0.38624702342852653E-001
   0.15792303035485333        0.92436150602523692E-001   0.42648028667526106        0.38052853126037088E-001
   0.63524036878550327        0.41847553002952488E-001   0.89606638623007384        0.37467265134418774E-001
   0.20212991012956077E-001   0.42605991143137879E-001   0.50578211721488120        0.37373056747358135E-001
   0.99746911535838878        0.92006220229538027E-001   0.89427628246651958        0.34461737109346434E-001
   0.81941851625780826        0.42000288018650689E-001   0.81842283207439304        0.37611759669733541E-001
   0.72576332126739573        0.41716597488985215E-001   0.70997129724036179        0.38509263301631035E-001
   0.71253294928384059        0.42367295953848812E-001   0.28516690787583937        0.36385515190925581E-001
   0.66133071034150970        0.42301438416841461E-001   0.46771419543756398        0.40807433198108735E-001
   0.78514102447038536        0.42146331052920268E-001   0.58509288141068738        0.35050796695914807E-001
   0.15017046366947545        0.42415159488161928E-001   0.27748757478654895        0.39154567955013715E-001
   0.11120595848126590        0.42741920470565777E-001   0.79276191040609567        0.36589669805167570E-001
   0.70674984069863567        0.41827344293995289E-001   0.80703406906753017        0.36042442521888256E-001
   0.90516241879369352        0.92327000403411713E-001   0.52572170060292278        0.38518850874831125E-001
   0.76100897547897373        0.91881768553056326E-001   0.82122380516008897        0.39047103371750089E-001
   0.23289771549027843        0.41495926349860164E-001   0.75388270770694177        0.36559230941600462E-001
   0.90961844726299912        0.92064636296991673E-001   0.95119918143364635        0.33902136715789885E-001
   0.46084812273834147        0.91690000189906556E-001   0.49896389817514386        0.35881464566824124E-001
   0.64995968476825317E-001   0.92612266253996642E-001   0.47967743667086343        0.34614227492611116E-001
   0.30987161431578824E-001   0.42118864485022230E-001   0.85206515557431795        0.38959968135380371E-001
   0.36185538199833767        0.42457905548955614E-001   0.20853244557361930        0.36837081741438578E-001
   0.39666615418091627        0.91590726460423169E-001   0.95642566690937569        0.36888613029760063E-001
   0.37877382987986657        0.92057050086257183E-001   0.47320702983694424        0.36262137598041831E-001
   0.49770416488660052        0.92216992756480889E-001   0.24473646485037065        0.36267371423526623E-001
   0.30995243150091262        0.91641341527750164E-001   0.99255215508611827        0.35318618530891924E-001
   0.24520362233469570        0.92025934025256426E-001   0.57169123082450790        0.34940722076742654E-001
   0.98296603779000036        0.90930105364026945E-001   0.16245106158410455        0.36248005258720899E-001
   0.25954053495356483        0.92037418077421385E-001   0.40170168709098547        0.39220918121171303E-001
   0.92361071744069223        0.92830518889403260E-001   0.41124431282332602        0.37447139894322391E-001
   0.26509707271163513        0.42152677597092660E-001   0.61458349872609519        0.33538487586513538E-001
   0.89790848589249128E-001   0.41292443706407611E-001   0.93397534938538851        0.34288081789188872E-001
   0.21982376692015224        0.92454004369102283E-001   0.46825335082539737        0.35118217164709406E-001
   0.40986176075268416        0.41549729511389334E-001   0.84394974068527051        0.33962899139187291E-001
   0.33942750609173028        0.92261723213654057E-001   0.53786905086599490        0.39117920270441864E-001
   0.88717194902867447E-001   0.92041804870654387E-001   0.62402776568437290        0.35442906996847420E-001
   0.82777182448015618        0.42292096117667356E-001   0.20125950131421450        0.35341779938314916E-001
   0.58278421534061042        0.93712596806521997E-001   0.20986599086629631        0.34238196059480877E-001
   0.51229164818139683        0.92022219045506448E-001   0.79373353423125251E-001   0.33111525821789146E-001
   0.49980979900674272        0.92242780607970254E-001   0.15202698289799974        0.38318795322580562E-001
   0.97581725245943818        0.41954133020673551E-001   0.77484011047788914        0.35417975892381451E-001
   0.71620538487042407        0.42148778660866804E-001   0.55922435626723421        0.37021048332269268E-001
   0.77836843896774721        0.91712723917844796E-001   0.69519534367068647        0.35365192960269451E-001
   0.59757968464827127        0.92492226180919943E-001   0.27959275515882370        0.36875642083682381E-001
   0.26668907140166981        0.42213838275429183E-001   0.91023296985819291E-001   0.36760944732760162E-001
   0.21808490770973110        0.42380353578967883E-001   0.24120043181239278        0.37802752114228177E-001
   0.84536574452023505        0.91552535667591195E-001   0.32162050194286668E-001   0.32733170530077224E-001
   0.73738523904028574        0.42069656655480486E-001   0.48516392905118982        0.34413886067950802E-001
   0.10480420827108769        0.40987998197529185E-001   0.86534088570367917        0.35941207901359927E-001
   0.72545444189770425        0.91928362920940809E-001   0.13338935947481234        0.38367339494731457E-001
   0.40090445060658980        0.92084394249517698E-001   0.40553247851794816        0.34914475415289303E-001
   0.60942997032834023        0.92179245059602510E-001   0.72782385426359020        0.35610716148462243E-001
   0.11110568899026593        0.92485104823568906E-001   0.55694998845677213        0.35173451207334588E-001
   0.51364110655205752        0.42092866724160599E-001   0.37088528519886405        0.40416171526465844E-001
   0.24665368901720594        0.42375607954381930E-001   0.68473802158467290        0.33941832545293468E-001
   0.62644135075637697        0.92309558994145890E-001   0.51149849380721690        0.34198940613364565E-001
   0.14030941100131197        0.41615931452652286E-001   0.29657216126704550E-001   0.38261152618611481E-001
   0.36715667235950927        0.42089243375471964E-001   0.29288453245425244        0.39598513733975431E-001
   0.52974196624592262        0.92281339593642708E-001   0.31209177278189837        0.38284329520189939E-001
   0.81505213725779435        0.43036453603346125E-001   0.40185118269033071        0.36595168540961537E-001
   0.78306441128003268        0.42265797952743711E-001   0.27496472515521242        0.34470783055150181E-001
   0.81234357519574252        0.41861238886328589E-001   0.64508376765159081E-001   0.34720653710887700E-001
   0.49480553022476059        0.41770398812683407E-001   0.96395128701133781        0.38241760176470220E-001
   0.36724506148814706        0.92204006709287689E-001   0.63138607970873473        0.36388649974112119E-001
   0.74690995576218833        0.40607998800300790E-001   0.19377692989621717        0.37073411434546420E-001
   0.48249961955079640        0.41980425444878830E-001   0.65022870506101105        0.37587330469833882E-001
   0.93967579602843143        0.92055230331241966E-001   0.66957011603845051        0.36543568528722807E-001
   0.53934298158816840        0.42552479522057478E-001   0.44243310159995675        0.35557247155872038E-001
   0.18944844286739226        0.91988631679626329E-001   0.16856336287331519        0.32280367101602550E-001
   0.67887504180973455E-002   0.41579317853111704E-001   0.58167173137465021E-001   0.32310623795769745E-001
   0.75846609083147165        0.92155310740175800E-001   0.53608171155548079        0.32325848446263648E-001
   0.68947123573965052        0.91808206334238474E-001   0.85074486750676614        0.32420563587529920E-001
   0.18998935411623796        0.91503893204468195E-001   0.93752716838049588        0.32274885251462077E-001
   0.30576925931338383        0.92016057449429839E-001   0.60082776157958917        0.32261472272670677E-001
   0.16331706537157073        0.92045360136005130E-001   0.74561087019777164E-001   0.32384019105795345E-001
   0.79902438745617488        0.90673441643864719E-001   0.63067162208966687        0.32362825315611667E-001
   0.89013880547305257        0.92206158092028839E-001   0.59527767421120614        0.32304032867069975E-001
   0.50783233994659105        0.42332485142765067E-001   0.50287161591771468        0.32305781258805427E-001
   0.71202433669583898        0.92998751637679219E-001   0.44762525975454753        0.32323460044787478E-001
   0.68258843982841533        0.41674183426495710E-001   0.27309511127816835E-001   0.32387680920844382E-001
   0.28795527499679341        0.42371508154448290E-001   0.23306068486787110        0.32312583565603223E-001
   0.10255681119132730        0.92501832582280508E-001   0.25897531505413046        0.32263307433581655E-001
   0.16909607878128841        0.42544724112749496E-001   0.72741545444217270        0.32401143239079465E-001
   0.64931712069733638        0.92527674776412994E-001   0.19981940764280584        0.32281206203106608E-001
   0.97466771645959183        0.94460148231839985E-001   0.25226435496479759E-001   0.32297958094950910E-001
   0.32611316443371102        0.92112032419642609E-001   0.26112411814223757        0.32448097025735770E-001
   0.26829925357189971        0.91532510366447634E-001   0.89605931239487413        0.32303463387353563E-001
   0.85827928251904928        0.42325126083760357E-001   0.54399462836991752        0.32363913145840958E-001
   0.93183990885574641        0.91245002659309987E-001   0.21136082594082559        0.32306551746441751E-001
   0.22004109713087328        0.41547827188395614E-001   0.98578032293149143        0.32375248210972873E-001
   0.27325979029388675        0.91638126145325016E-001   0.51044286849432863        0.32307442743509870E-001
   0.74783355148968345        0.43518074470291761E-001   0.41847226618981181        0.32274405125016441E-001
   0.87934002567815195        0.44135328460622597E-001   0.12948083141645086        0.32250024146290968E-001
   0.16073268920490977        0.42383009133081961E-001   0.37698530022198551        0.32288140185727558E-001
   0.35746652976058296        0.41625248598313659E-001   0.80174703803172354        0.32279981806165391E-001
   0.40162621999857429E-001   0.42443901217712160E-001   0.71627759013634473        0.32326762212209953E-001
   0.34723067631627630        0.91423507741790547E-001   0.69766990032735632        0.32333594582323891E-001
   0.68358809510137053        0.42439915606768991E-001   0.22269468738100051        0.32410571789941632E-001
   0.32225786624211100        0.42196125899733976E-001   0.64800670932251936        0.32306107478127614E-001
   0.45022473718475842        0.41546715984269615E-001   0.54444249593724159        0.32313125553018143E-001
   0.59050305480250620        0.91826687417548999E-001   0.79323439030255871        0.32400911401302822E-001
   0.82840341767389553E-001   0.44508562317725403E-001   0.30343591479008036        0.32290451179713554E-001
   0.10019752787189382        0.91381235633931440E-001   0.59993203703796884E-001   0.32373363211094665E-001
   0.11592007254927464        0.89800658277887968E-001   0.97968578663135619        0.32370649862568920E-001
   0.15503576661563894E-001   0.92268326582084018E-001   0.67703080010333205        0.32325770052034110E-001
   0.92245048304076127        0.91973475796522181E-001   0.34148134666026153        0.32322132164337970E-001
   0.57262125722628665        0.92016087974093427E-001   0.88706049417277311        0.32406982199950585E-001
   0.12897236412773147        0.92365551164693097E-001   0.14193780960837277        0.32347324972525737E-001
   0.19888987337175512        0.41889396552288551E-001   0.60088720930203254        0.32307595546575543E-001
   0.14537884660228505E-001   0.90990523718550390E-001   0.22330001583884626        0.32265672157709244E-001
   0.52999124223500349        0.41126424407576322E-001   0.90251668321336254        0.32273220549716340E-001
   0.89479309935347540        0.41605935721731185E-001   0.19211135533152907        0.32298979523416788E-001
   0.63103095657737285        0.42203897446060006E-001   0.61287223129482826        0.32313698295662510E-001
   0.12671995702625125        0.91376275139358587E-001   0.90942546348679654        0.32253316754181145E-001
   0.79586206730538356        0.42177869973166110E-001   0.51839777494554373        0.32463160879706070E-001
   0.84288099407809583E-001   0.41125772594087756E-001   0.14604602361467620        0.32233089089367374E-001
   0.43288523351921793E-001   0.42017588784571708E-001   0.78092639907626593        0.32314558856222531E-001
   0.39123121133553107        0.92146028792435081E-001   0.24698069389849617        0.32319215197456994E-001
   0.78600365117607027E-001   0.92670584193454419E-001   0.69142017282186852        0.32314191483754889E-001
   0.21056120832671457        0.91520162049589945E-001   0.86689933326139790        0.32352505170982322E-001
   0.40367323241598911E-001   0.91595420636219865E-001   0.34700803318664084E-001   0.32308939434026442E-001
   0.98116100311037369        0.90791229112644353E-001   0.91548422605158539E-001   0.32369080265516346E-001
   0.54005674238542489        0.91824811941213599E-001   0.94304616823081611        0.32294884531351709E-001
   0.62415604766404564E-001   0.43814530823902499E-001   0.24180830034995676        0.32312688491525750E-001
   0.83628531704350673        0.91976284200404171E-001   0.50872533734960623        0.32383728360653063E-001
   0.17995569597959640        0.41268478352246216E-001   0.79812488398642567        0.32380739784570484E-001
   0.57454360592226639        0.92365736685265501E-001   0.14380182673658989        0.32338301176282357E-001
   0.58393024165447338        0.91872182007811526E-001   0.79407985874020495E-001   0.32380638687633037E-001
   0.85332099279788998        0.94955369431627246E-001   0.96614495493372504E-001   0.32248324387999357E-001
   0.92129096663921661        0.41157167390357255E-001   0.25115136818551714        0.32385521200436675E-001
   0.71312985299212314E-002   0.92082194795056915E-001   0.74136888243352894        0.32265803712334097E-001
   0.66214433235778969E-001   0.41164202226769177E-001   0.83471606165082646E-001   0.32256313800034880E-001
   0.28928521510731026        0.42688370953249857E-001   0.55243895342215976        0.32310173518376076E-001
   0.65739445662653850        0.92362117082000622E-001   0.64456858233126380        0.32350336930689019E-001
   0.34716442615677284        0.42206857394609401E-001   0.58838477235426878        0.32302649447507943E-001
   0.17830821080785758        0.92138404231988644E-001   0.56507014923435706        0.32280236211786190E-001
   0.94263360534818319        0.91904757162448780E-001   0.73938010126076614        0.32234084017034245E-001
   0.48572391109099738        0.41678848959481193E-001   0.81039547180639382        0.32382113713148766E-001
   0.72954206333721316        0.91387801458847895E-001   0.23990026504960826        0.32421125049283475E-001
   0.87290497574193127        0.41575776222339780E-001   0.49854549028131682E-003   0.32350214238830811E-001
   0.21031825678092089        0.41719533567227178E-001   0.41904302705581575        0.32365560441930077E-001
   0.13423893665822276        0.42480595697796546E-001   0.59615357707373939        0.32351213177470313E-001
   0.26499607562873256        0.42661242360626128E-001   0.46014522874451469        0.32346393799867285E-001
   0.43327919643374085        0.92164570501809207E-001   0.65043553882848226        0.32320690970586610E-001
   0.76400878398414840        0.41989984504329725E-001   0.76964284486228673        0.32337394825511963E-001
   0.23494376923696877        0.41237889690982410E-001   0.92049032863610813        0.32294017314687139E-001
   0.91029580246270925        0.90848296658136013E-001   0.19683489512595433E-001   0.32364742868419276E-001
   0.96639955705709029E-002   0.92128877538381337E-001   0.80589781006156624        0.32309364558243771E-001
   0.40911231365090278        0.91942656739878073E-001   0.55562280893362004        0.32378831433850876E-001
   0.55650172398811815        0.41886415869651188E-001   0.54659166650163904        0.32266587640535520E-001
   0.43297401308820932        0.42417474676071647E-001   0.24490269203888670        0.32370658107331238E-001
   0.69600517743626977        0.41558805879090728E-001   0.62666871717652939        0.32372431620562636E-001
   0.89060557148036415E-001   0.42463361030050988E-001   0.51733067707643565        0.32293974728986034E-001
   0.62036059451857528        0.42570999999858479E-001   0.10076931730542193        0.32341127417397565E-001
   0.39187707768996688        0.91901792010119596E-001   0.33864158053018845        0.32365010742132112E-001
   0.62912887284831509        0.41820091103161511E-001   0.80754282205266170        0.32329806279575803E-001
   0.57904808613584446        0.42027555897526561E-001   0.32522944033707551        0.32323468762883216E-001
   0.74811847775934126        0.91647379685920669E-001   0.90343034176291237        0.32338654578978741E-001
   0.65546831124268079        0.41670032663543619E-001   0.96504513550490512        0.32392317395464207E-001
   0.67544141117613266        0.91824141291411990E-001   0.70684767698794049        0.32365858159367489E-001
   0.20044437033485196        0.92387321403936309E-001   0.28732735362080514        0.32383387947936750E-001
   0.23729346012367359E-002   0.41515474007488076E-001   0.57315719692037281        0.32263242180944209E-001
   0.42029226039889782E-001   0.92224680307741197E-001   0.28180585758869819        0.32376740768403002E-001
   0.46284108036170485        0.92382749759600272E-001   0.59196112032843884        0.32355027878463713E-001
   0.95983914455875508E-002   0.40992229780228838E-001   0.12346215811939087        0.32359472530920690E-001
   0.97335095461442211        0.41353070042313228E-001   0.21221309566621943        0.32313661660742142E-001
   0.12894829915969716        0.42025316464943646E-001   0.99378466915936312E-001   0.32358597953983478E-001
   0.54067574233499294        0.91636671174479073E-001   0.72703686050547633        0.32353361538429375E-001
   0.90199289536768046        0.39592759646752573E-001   0.45878038201953636        0.32275749356542573E-001
   0.96055992562724635        0.42092794334832255E-001   0.84092731729023873        0.32306401989810121E-001
   0.59460790564920429        0.92271816621179698E-001   0.66050341420836611        0.32420459571857234E-001
   0.48405305269902560        0.42248324616779138E-001   0.19955847097970408        0.32425377150332890E-001
   0.42774892516606176E-001   0.42305550135584555E-001   0.43976779316075559        0.32320708406291539E-001
   0.48477174953927710        0.42107030514055517E-001   0.29002936533333457        0.32284041372509509E-001
   0.91571111534631477        0.93950002515302500E-001   0.14871679999212797        0.32328489778438448E-001
   0.61835193969392066        0.41276530443173566E-001   0.35855204906132428E-001   0.32342779970170259E-001
   0.74649019682430939        0.43002144266913955E-001   0.34975118519925164        0.32303762961343928E-001
   0.27866065074067270        0.92337480936895755E-001   0.13739997747062663        0.32387122800543393E-001
   0.72376826555661278        0.91839226565199591E-001   0.76028171725473093        0.32327604387516182E-001
   0.96404002115248344        0.42792440983527941E-001   0.43847665792565360        0.32293675988444799E-001
   0.47548389907987232        0.92124742126531739E-001   0.91736298127714788        0.32321817461295282E-001
   0.29843616860790811        0.41602382923568403E-001   0.77509724186490669        0.32324623066849439E-001
   0.95913063702650458        0.42589905072416466E-001   0.37397104480627152        0.32356832606418577E-001
   0.22492289744935369E-001   0.42009777001891166E-001   0.93115090447651427        0.32466095020595560E-001
   0.96827184357655333E-001   0.42242965813756944E-001   0.36692788687663719        0.32341213756057578E-001
   0.78488426640297571        0.93030919371404008E-001   0.36503433892448567        0.32413827617274370E-001
   0.14986311820832945        0.92649881496952954E-001   0.76430729534542985        0.32384585220337055E-001
   0.64708873999530825        0.42286264140177138E-001   0.55027806317212657        0.32299698409388712E-001
   0.17474652362875007        0.42377513762536512E-001   0.47311269930452859        0.32299233098192749E-001
   0.97946048345143721        0.92278319283856991E-001   0.96018376187154253        0.32263113807825448E-001
   0.52766851297174150E-001   0.42060874611545881E-001   0.65269724048883915        0.32402909632435944E-001
   0.82514466095428729        0.92196070446094347E-001   0.29098944776348523        0.32278434681121571E-001
   0.41070317024838843        0.42225002235590621E-001   0.15880395428581021        0.32370417755785079E-001
   0.78759274997970563        0.90659913669513412E-001   0.16743607287857140        0.32420570031398914E-001
   0.21663192814212634        0.42391661167612033E-001   0.32513933567897774        0.32352506188950775E-001
   0.94893746458618633        0.41996467553118311E-001   0.30973220712945682        0.32365062307293087E-001
   0.81482043950179239        0.91865961336461521E-001   0.86812883227346216        0.32337457134380979E-001
   0.51814624886817007        0.91767760377565802E-001   0.81443996205161472E-002   0.32381345051531174E-001
   0.87860663116581128        0.92004151329398431E-001   0.72986527451060323        0.32389740793358372E-001
   0.30708828839391844        0.92134846075577023E-001   0.45521728602997841        0.32345289920694957E-001
   0.86757483516115996        0.92195314991361549E-001   0.22412418724828798        0.32342256778345693E-001
   0.48059380438609700        0.42029947139369972E-001   0.33100792119644944E-001   0.32274682563985420E-001
   0.44307952750736890        0.91771929778143788E-001   0.28667504003708494        0.32364754305091503E-001
   0.41675896223554088        0.91707455307225405E-001   0.88983011092596054        0.32406669906051337E-001
   0.68168191028151581        0.41853386797945154E-001   0.15782364244622848        0.32380218527515076E-001
   0.62034530885145900        0.42479445010824901E-001   0.23738916288149789        0.32348184465535432E-001
   0.64143139365653790        0.42637526036732487E-001   0.30159650723563303        0.32381853496246601E-001
   0.94363057509173909        0.43777592779588738E-001   0.11827848835710238        0.32309544952421498E-001
   0.45491873868338489        0.91590593391644062E-001   0.99419097863202732        0.32362088429905893E-001
   0.23656071878935644        0.91458132017478391E-001   0.38244580638863393E-001   0.32320074643297281E-001
   0.80825483411202204        0.40086937603389737E-001   0.99608686103143229        0.32338206843230972E-001
   0.56682293207151069        0.41817643863213572E-001   0.75913926199316473        0.32416021985459322E-001
   0.25131142324096933        0.91339182537202829E-001   0.95856646938931911        0.32371511511010025E-001
   0.35937692783470793        0.41879727205803338E-001   0.36442383684627805        0.32349823469416360E-001
   0.33348260428660503        0.42224256075367388E-001   0.48698567503604573        0.32353998970678706E-001
   0.74527969395903926        0.41922215765270721E-001   0.10965906593218680E-001   0.32366925552470407E-001
   0.47152050559917874        0.41236387190323825E-001   0.87355328404944732        0.32322103351781720E-001
   0.93654173242259753        0.40842857424481932E-001   0.98772036362089577        0.32290179370001657E-001
   0.98181084963868825        0.92583546937140215E-001   0.47586006607829212        0.32391815192583849E-001
   0.29221085679610215        0.41485783192851677E-001   0.95043978191914635        0.32276859493747610E-001
   0.86869874378228529        0.42098788286049835E-001   0.93592187122792447        0.32364405715603992E-001
   0.80422761595947956        0.39182292797209167E-001   0.92941303649835461        0.32394360561155008E-001
   0.75684602822171015E-001   0.92963713674169238E-001   0.82509560863103559        0.32393924837651480E-001
   0.82881648493583615        0.92144738784004865E-001   0.57308117910059098        0.32357732033764741E-001
   0.64868039683468404        0.92804624232067784E-001   0.70342120765548452E-001   0.32347290947580147E-001
   0.81485174562306861        0.41629661676592079E-001   0.13480182632507096        0.32318569196366442E-001
   0.55994934197452684        0.92804765606673389E-001   0.39847744803265728        0.32277927753251376E-001
   0.24366513486849856        0.42367552538069515E-001   0.15909720900766255        0.32343784643555779E-001
   0.72015668796142884        0.91714214206601141E-001   0.66011631190236908        0.32307987492602434E-001
   0.35701846248106739        0.92216299873527460E-001   0.95503515461352259E-001   0.32412471503605524E-001
   0.72242942871111582        0.92788503353168461E-001   0.38371485286838891        0.32364635976298975E-001
   0.58288765681376142        0.91805926281494407E-001   0.11046556256830353E-001   0.32310867382816300E-001
   0.59948870218857342        0.92393562199565987E-001   0.45028699704194752        0.32323917854410814E-001
   0.16953248766789328        0.92408270481243934E-001   0.23010631649096602        0.32370625022973713E-001
   0.54695311728573448        0.44172793010739259E-001   0.18326000865731476        0.32425638905009373E-001
   0.73025224829195401        0.41191647957807581E-001   0.94797425440445426        0.32369806430980412E-001
   0.37790709468946354        0.91685346735790541E-001   0.23837630021143145E-001   0.32415648213047266E-001
   0.40812674685125944        0.91995758485894141E-001   0.71963183454728852        0.32364121339456105E-001
   0.15286517480739639        0.40546420457266044E-001   0.96003481568069571        0.32225475517359325E-001
   0.41414503429920480        0.42055132167116732E-001   0.22944433543001944E-002   0.32300842783105820E-001
   0.71023854824102162        0.91814296290603337E-001   0.98942746082301947        0.32293037390897159E-001
   0.33779036131886397        0.42048256162710351E-001   0.38317889301381768E-001   0.32253930228952767E-001
   0.20861428708126428        0.92389659466883906E-001   0.71195016392667054        0.32323012840232486E-001
   0.70008096260303243E-001   0.42941658501673863E-001   0.58071072944660296        0.32315876432785814E-001
   0.24576722379226817        0.92402071555467924E-001   0.20040433497133711        0.32392805462120776E-001
   0.87371212760087735        0.92088690861249697E-001   0.89513073303507062        0.32308457812652326E-001
   0.93432754761291104        0.92103353531635013E-001   0.87247016249158382        0.32324120479206180E-001
   0.18715266064889999        0.42060115219737286E-001   0.12762012666305381        0.32306420326753994E-001
   0.94085656829118236        0.92037088293430575E-001   0.80474573800499594        0.32397459125735467E-001
   0.96038778925655188        0.92359986504957303E-001   0.26958016561223469        0.32367242092708581E-001
   0.31918429911199191E-001   0.41145551830148834E-001   0.18424518082773883        0.32351388226085923E-001
   0.22326317029341826E-001   0.92228918590233591E-001   0.61029484713047322        0.32299636662647048E-001
   0.22115525575225223        0.91245661832309088E-001   0.80012060756174463        0.32347894600935095E-001
   0.29420264433767035        0.42373525134631967E-001   0.36318667646807579        0.32303037971406628E-001
   0.43128307914917807        0.41841210711364422E-001   0.32643474747259771        0.32374351991064844E-001
   0.95033107760090885        0.42248285686826051E-001   0.50314806319291416        0.32410734303276269E-001
   0.86727350128228042        0.92051270379126596E-001   0.80806217041263295        0.32302457245837191E-001
   0.77351382161565740        0.41689962987032238E-001   0.87117735666071083        0.32318988003557814E-001
   0.46311648857816934        0.92112313619233915E-001   0.35339828188163153        0.32341673649477452E-001
   0.46708717339151762        0.92057475136427036E-001   0.77313477560098398        0.32360627800499822E-001
   0.89379336647995267        0.91989750131263134E-001   0.28323846012187065        0.32303938156003832E-001
   0.96900435705622945        0.42212342374542050E-001   0.70733117315610505        0.32325564506013246E-001
   0.33858917992687920        0.91413012344568612E-001   0.76508402954332599        0.32298833388927008E-001
   0.87926502169045395        0.45003044938908887E-001   0.64823828248378568E-001   0.32275137685373816E-001
   0.93534649251128588        0.42192373709213804E-001   0.56651015968990182        0.32281966534506983E-001
   0.95496178694756162        0.92253631471550634E-001   0.60246035099040851        0.32276677831561615E-001
   0.27807876803704151        0.91442156275856473E-001   0.73922171885785581        0.32359976268712766E-001
   0.44752582549589887        0.92155134743129918E-001   0.58459305293379532E-001   0.32318020476927181E-001
   0.52989021943576531        0.91967952447464404E-001   0.66250810974503138        0.32270393956552110E-001
   0.75040069929908015        0.41852712629112554E-001   0.90078743297634239E-001   0.32182679800871646E-001
   0.14325753573550440        0.92560847911772853E-001   0.69478221497188741        0.32387274074140202E-001
   0.45334562304965903        0.91412340046241713E-001   0.83636652026349356        0.32341875150915418E-001
   0.63528138374185694E-001   0.92234415008934659E-001   0.34287164313631002        0.32323598230070097E-001
   0.66089582286995396        0.41821853734952667E-001   0.74562645005413763        0.32369373447905012E-001
   0.19932221214670895        0.92356574552977799E-001   0.36279182589101905        0.32413169478321263E-001
   0.15618876003372023        0.92410763325610101E-001   0.63113427796899568        0.32380996838494436E-001
   0.85202236600246173        0.93334419750594325E-001   0.16124289834327379        0.32357218154559858E-001
   0.43032680485004610        0.41974061739177920E-001   0.75428665709179565        0.32378136456527762E-001
   0.27451454668858816        0.41540829433964803E-001   0.21946440723954134E-001   0.32448574207335580E-001
   0.43464642995973918        0.41677719520084276E-001   0.92699631119161641        0.32350728807123641E-001
   0.10447370065380894        0.42342064374031797E-001   0.72417721580665650        0.32299722556079886E-001
   0.33328625782416449        0.91858029506493910E-001   0.39612422142409709        0.32228337293704341E-001
   0.56615594349770404        0.41620326582202861E-001   0.69415096800014187        0.32400962976081721E-001
   0.67364244215069635        0.92075994777623543E-001   0.58192759214273815        0.32284785602033648E-001
   0.85707091994612883        0.41798222473034968E-001   0.26438839362601063        0.32357516929475319E-001
   0.25751656025282899        0.92338675110244031E-001   0.33011206944828525        0.32304147372865251E-001
   0.74235710591987958        0.92142890955002582E-001   0.59945815760976551        0.32272154723886129E-001
   0.58801297334423186        0.42385693207566688E-001   0.48990234278314670        0.32391446890319635E-001
   0.18209330967632487        0.91640029182954982E-001   0.23457420552077664E-002   0.32363474689410830E-001
   0.66461809356473744        0.91823675072305488E-001   0.78666932555489055        0.32410966202354521E-001
   0.39013606080043528        0.42033016853462939E-001   0.51892269437242067        0.32410823633146790E-001
   0.36248436915740995        0.42004100295451992E-001   0.42908772002189760        0.32324244265996990E-001
   0.36804106976258516        0.41559512316202717E-001   0.73632256386235573        0.32350164852674342E-001
   0.50319057583656657        0.42331879665895689E-001   0.58327935925739127        0.32397679455508741E-001
   0.36957579123197654        0.92284249108528518E-001   0.16035474420853241        0.32341156891749004E-001
   0.75371285274824540        0.92397813343624569E-001   0.30827621802179184        0.32285125810512967E-001
   0.65395152673353851        0.92280377523118573E-001   0.41474355451902395        0.32383883609639959E-001
   0.18307061312008685        0.41991451252904710E-001   0.66417155839425901        0.32270840462331529E-001
   0.52735486575589581E-001   0.91655196650489323E-001   0.95980882201759887        0.32337392179133194E-001
   0.78006676411348297        0.91887111672258104E-001   0.33434046404584319E-001   0.32377468062461820E-001
   0.81682776172287275        0.42072658990824879E-001   0.33280599797365584        0.32375879295703798E-001
   0.52604844111319404        0.91983607372474824E-001   0.79982109914539667        0.32323830329705400E-001
   0.13702574946729340        0.91394116642932441E-001   0.49408424794655353        0.32289439947039054E-001
   0.94256994264772365        0.44847726635917295E-001   0.52012079289794157E-001   0.32281541833994246E-001
   0.97493932674255945        0.90732733125187467E-001   0.54050728237974777        0.32400904512691953E-001
   0.30291574088424167        0.92129474270546338E-001   0.59828317534682728E-001   0.32320394984538051E-001
   0.82861135883475223        0.39643496912277414E-001   0.70803879418325955        0.32333585532474389E-001
   0.64639861219807349        0.92506527839707933E-001   0.13513509270721213        0.32377006696344190E-001
   0.91684588208270168        0.94883379378013388E-001   0.83999248326798337E-001   0.32377571401982157E-001
   0.54668272674775131        0.92546893563186627E-001   0.48798177622530287        0.32341364830999621E-001
   0.17022566779791616E-002   0.42427934231363817E-001   0.27050717815114250        0.32445546268981933E-001
   0.28692165311792689        0.41638942609262611E-001   0.29860041825184830        0.32326005763135192E-001
   0.37474848451921539        0.41655241524070553E-001   0.90196500119802425        0.32268149513473295E-001
   0.28820430056264679        0.92231036242205217E-001   0.67117578332285188        0.32324503297829286E-001
   0.62461269483090975        0.91770763357776744E-001   0.84840605152346837        0.32349050349013975E-001
   0.22085383305092199        0.92159977792787326E-001   0.10423449768200019        0.32241279462725744E-001
   0.30650056642868077E-001   0.42236059577676920E-001   0.36742808085426676        0.32307513678220330E-001
   0.51230233180867162E-001   0.91196705023008515E-001   0.12181063459369974        0.32343092760581539E-001
   0.79383089124240314        0.92285891742728818E-001   0.23190631216997629        0.32359856670025583E-001
   0.56875448677016793        0.41853254532407957E-001   0.97247759330630679        0.32350238732069131E-001
   0.83618811476460475        0.41999623527924829E-001   0.46755340674552964        0.32366074471684853E-001
   0.84164526366351411        0.92049336006195762E-001   0.96715447047960323        0.32309270630127333E-001
   0.64743112855076379        0.91620625786615284E-001   0.55779857942579100E-002   0.32433254506516039E-001
   0.78679816122443985E-001   0.92309040723685426E-001   0.75628115396875040        0.32443932971863786E-001
   0.78911521130615170        0.91842282291500724E-001   0.10265144205328437        0.32275538401585639E-001
   0.68981369953472460        0.92315287243998026E-001   0.32657706127402297        0.32328369168558219E-001
   0.88500125998178936        0.41984484010466866E-001   0.32375303668326860        0.32340513270295079E-001
   0.44324894598270637        0.42161102154130770E-001   0.39006141710578385        0.32323114707913853E-001
   0.30840205791719938        0.41398859284314166E-001   0.71120409869708467        0.32336651359980963E-001
   0.68458175664012233        0.41996663151778531E-001   0.92601244216629533E-001   0.32370893019424501E-001
   0.15171719610675852        0.42121639616011008E-001   0.53381081518594664        0.32374333816297861E-001
   0.11819603730309677        0.41979102959247380E-001   0.66087779806861724        0.32337902041747010E-001
   0.35233487593223378        0.41600920678849608E-001   0.97514196134904818        0.32437596793400691E-001
   0.91551438457621315        0.42102784662301197E-001   0.62838079015914505        0.32404278782786788E-001
   0.26133124624472626        0.91996083721457733E-001   0.26537979692750929        0.32305666386291607E-001
   0.50171839674245922        0.41577377908994281E-001   0.74588469895906617        0.32441059808715894E-001
   0.51222982572047149        0.91828275892908762E-001   0.86355579117734282        0.32339365815937687E-001
   0.20336745233475254        0.41856255347538070E-001   0.63481037666293885E-001   0.32287463140079201E-001
   0.23934773405640769        0.41541088700693049E-001   0.83751648550337598        0.32370843230123798E-001
   0.51355916805741697        0.92347102226520858E-001   0.54351497365620438        0.32306888152508664E-001
   0.76146325758349409        0.40630505974001675E-001   0.64831505872268491        0.32443125742121617E-001
   0.85700601929234388        0.92054645473716834E-001   0.43208572094738829        0.32283777555400003E-001
   0.43756910216572853E-001   0.92823585189605429E-001   0.54883928703040019        0.32421295797921315E-001
   0.71051058139842416        0.41805174984444471E-001   0.88620654185313608        0.32365450838223876E-001
   0.89891806244321770        0.42043993300753368E-001   0.69396683062191811        0.32387675851597283E-001
   0.64244222830270786E-001   0.90831995324011844E-001   0.89240697978869943        0.32346342107328160E-001
   0.42512583587576832E-002   0.42625297063453874E-001   0.99348303315024955        0.32416843194135840E-001
