 3 HS poly
 400 2
 121 279
    1.0000000000000000         0.0000000000000000         0.0000000000000000         0.0000000000000000        0.10000000000000001         0.0000000000000000         0.0000000000000000         0.0000000000000000         1.0000000000000000     
 T T T
   0.21776645339714415        0.55745278594463044E-001   0.61573815073342830        0.35691164952345381E-001
   0.33841270166192788        0.55893833084416734E-001   0.12301105904237852        0.36588104013124421E-001
   0.28091753983236745        0.55690195441447925E-001   0.86266999263793842        0.36843162018470939E-001
   0.89863511343193037        0.55579124055473317E-002   0.10224365124501036        0.35939689986876237E-001
   0.61060630016165007        0.56288939295648299E-002   0.82141687460625923        0.34526666525860381E-001
   0.68568334711364753        0.56135734956216814E-001   0.38402358066807024        0.37143543323320517E-001
   0.91992527452032813        0.56851846073969620E-001   0.24464611884633580        0.36455031752263903E-001
   0.66777230881499821E-002   0.59398528876475343E-002   0.43524342864071175        0.36209444245824680E-001
   0.45778321117095522        0.61027479366825817E-002   0.47231937257144802        0.36337302206396076E-001
   0.72422650503113339        0.59878873993680437E-002   0.42452634759050545        0.37752743830957732E-001
   0.70880480236658006        0.58103200022000976E-002   0.58920476952179734        0.39947980313732756E-001
   0.48579761044814090        0.55508287785149659E-002   0.22827161803384982        0.36322063991866278E-001
   0.99298468187505151E-001   0.55286216983125774E-001   0.61279685299785454E-001   0.36065442019144786E-001
   0.46973541068456465        0.58911535323488591E-002   0.77711733382668990        0.38315489255820852E-001
   0.90035036152209780        0.55633285496339835E-001   0.58339572846003340        0.36358698285665542E-001
   0.17610193883310946        0.55636970257562250E-001   0.77653458100098338        0.38681691316510038E-001
   0.86184353688020798        0.62160110720735949E-002   0.44283225897906991        0.36125265579768896E-001
   0.56557504528868263E-001   0.53643134568929964E-002   0.88765254007132588E-001   0.34995293512629803E-001
   0.16776860590053566        0.56024808433680134E-002   0.61990994777847597        0.34703390939937497E-001
   0.25657713662186921        0.55977173157731902E-001   0.40566807151232137        0.37651583830330224E-001
   0.81025751000687218        0.55071608028621670E-002   0.95669360937776415        0.35638358141355887E-001
   0.96152647417278214        0.58101389054468428E-002   0.70109351906714223        0.36654943786005000E-001
   0.33011335310747247        0.55906467649452396E-001   0.49268044862652643        0.35360267778016423E-001
   0.16168875869585461        0.59519804751629671E-002   0.51012006319704051        0.38121037862967957E-001
   0.38187884992149262        0.56796012806294635E-002   0.25214637379208221        0.37417611681850781E-001
   0.43420739520612595        0.55643521668375565E-001   0.23920250079910524        0.36046948668321740E-001
   0.52882295007064695        0.62749975312039394E-002   0.94709697083428313        0.37567756648050725E-001
   0.36207668061560644E-001   0.57395253468871194E-002   0.71320623053422405        0.37636785457200173E-001
   0.74721103184026871        0.58270968892322056E-002   0.87113718254301242        0.35109901615665677E-001
   0.56480331705076170        0.55010704104352437E-001   0.30859799545218342        0.35670908468696416E-001
   0.24736911129309164        0.56179685331621987E-001   0.57380665270856277E-002   0.37785046616248992E-001
   0.40614054240927300        0.55917949025810168E-001   0.49788052232178848        0.36958129162227606E-001
   0.77575032762665397        0.57419994036853654E-001   0.26856634642017652        0.35327512006529838E-001
   0.55618414246173942        0.56082230305620873E-001   0.47911296692426486        0.36104591488073663E-001
   0.81859888471750730        0.55084262623398541E-002   0.88409246195765867        0.37440308286629802E-001
   0.33778072131993453        0.58201087765151144E-002   0.85564788040028905        0.39098385820722691E-001
   0.36379113086667841        0.58777064022223066E-002   0.53301696913882879        0.37101283077269218E-001
   0.20492138142506908        0.62037034786608779E-002   0.39109981682547965E-001   0.35778985703797755E-001
   0.46358261393227601        0.55551869639836021E-001   0.35682401554285942        0.36005530270488764E-001
   0.73434566750244190        0.55477165393686440E-001   0.51743668733925691E-001   0.40138589106777027E-001
   0.79425712641075630        0.64617215750200603E-002   0.37683087778085406        0.36837412873435879E-001
   0.84969377846008887        0.57369452274408123E-001   0.20769522028655318        0.32632706881372618E-001
   0.83304034233258506        0.55543681586108007E-001   0.35808882975993698E-003   0.34459000301779973E-001
   0.56851474350726816        0.59577101842516111E-002   0.58896497188741825        0.38682328902830805E-001
   0.88084850429851214        0.55757820423782984E-002   0.82283817851171825        0.37247016557160693E-001
   0.55625029390958114        0.55595360979668842E-001   0.15804932810421538        0.36624041871906349E-001
   0.58187859368893069        0.55639220496726254E-001   0.69716875615283558        0.36139937440711555E-001
   0.24774955720945888        0.55886432825960411E-001   0.14128083591590820        0.35180669371080948E-001
   0.83465982199284261        0.55783252488649543E-001   0.55272650100895215        0.36010108591219378E-001
   0.30436338902412979        0.59800188154679416E-002   0.44200928688352814        0.40287741313221929E-001
   0.61255965158565950        0.56613616245322976E-002   0.73980930539729350        0.36288434722358362E-001
   0.58237338206811329        0.55479474382961594E-001   0.88414726208286928E-001   0.37697972904060698E-001
   0.11257522294306295        0.52631569702479382E-002   0.69359981837167206        0.37101097012127549E-001
   0.98718688852951275        0.58076649365684414E-002   0.50850483865748430        0.36425716312492931E-001
   0.91086337402999744E-003   0.60768166917373728E-002   0.35931809204617227        0.36803390596366420E-001
   0.60194418283722340        0.61140888430037408E-002   0.45333600687798919        0.36289823704756273E-001
   0.13469255980171080        0.60071187825880756E-002   0.10211718413104280        0.36960064180937835E-001
   0.71067066790247202        0.55538753558373503E-001   0.90622647248929888        0.35864653410050941E-001
   0.83628854977063904        0.56413803162518476E-001   0.40179495810436544        0.33023546347011122E-001
   0.51002308409282593        0.56876200690105560E-002   0.33555128657377176        0.35338263909778976E-001
   0.60908226513778030E-001   0.55553908132325469E-001   0.19619853999935810        0.35549650274274550E-001
   0.16502327508396253        0.59367898292814391E-002   0.30710518920855623        0.37739046786450743E-001
   0.56379881103504792        0.55374138827202470E-001   0.85066256740087831        0.39622279849012669E-001
   0.38299420681789531        0.55714972357900960E-001   0.30887708001992648        0.38154368710057868E-001
   0.36173909792785869E-001   0.55842213910349886E-002   0.15470595134204410        0.33946358835512953E-001
   0.96900762465206935        0.51449139258265544E-002   0.12715046318213113        0.38599230303171111E-001
   0.91975240226920374        0.55470128550949363E-002   0.35767953978144584E-001   0.33746252327827117E-001
   0.17244767545525192E-001   0.45551736528913955E-002   0.28962746955891583        0.34547624328532499E-001
   0.68483034832243425E-001   0.55600901372365660E-002   0.19114408700716162E-001   0.35639413201661044E-001
   0.61298603783778050        0.63556864401268778E-002   0.89391560718533547        0.37984891044447466E-001
   0.11604479057005285        0.56012260388520134E-001   0.41187867634266040        0.37666591118838709E-001
   0.25480331847560134        0.55828466205927130E-001   0.54936416764179075        0.37279701008787025E-001
   0.52426460562848394E-001   0.55961811883977190E-001   0.33543118091036950        0.38773286675658263E-001
   0.60307083093620850        0.55578598285258476E-001   0.98417783057617447E-002   0.36599823859141435E-001
   0.39150586860727166        0.55480911195318096E-001   0.99318636389147152        0.35556276213448375E-001
   0.67976307685313075        0.56716498231042948E-002   0.16118140877456164        0.37835151023524520E-001
   0.55787620092407331        0.55574899207196582E-002   0.38215012640546900E-001   0.36442323069470040E-001
   0.69043238497025028        0.55971583758622932E-002   0.73014582392274519        0.37234682922365064E-001
   0.26721343580670304        0.55728406001416202E-001   0.93443506129202814        0.36195815223591561E-001
   0.76480486433611017        0.55457430194570473E-001   0.98164855051525957        0.36282026111743165E-001
   0.86190197558620441        0.55631848399576939E-001   0.13967659394680207        0.36465648331806877E-001
   0.65679479248420358        0.61960823873992849E-002   0.23536009449195427        0.39673878866396201E-001
   0.10497529730884936        0.55389210910485633E-002   0.16911670328696246        0.36335421686449168E-001
   0.21089398812088003        0.55891996496209184E-001   0.20334525072142048        0.36990069051314710E-001
   0.59951431432903612        0.55524633364021594E-001   0.23996002618060158        0.35856844261394218E-001
   0.32826390294837016        0.55852832301068647E-001   0.79998085947004205        0.36231714723731497E-001
   0.26991876529797204        0.59386547515842686E-002   0.60283342682672669        0.37347824508031514E-001
   0.46456604688252184        0.54422849189864168E-002   0.91115621358779786        0.35990553383151581E-001
   0.94988646921712760        0.56821861915259128E-002   0.57019734664655697        0.34463378747160975E-001
   0.16750337389826583        0.55377137499300344E-001   0.67467781647570402        0.39275098743702282E-001
   0.38264370634891776        0.55828491978453104E-001   0.64306772035548110        0.38992496560673183E-001
   0.74875489419256425E-001   0.55721183692125621E-001   0.55224073832065190        0.35219820509036111E-001
   0.49698513923723675        0.56555307906294150E-001   0.44157113974440565        0.33875213149721570E-001
   0.78989359235891843        0.55543509025200055E-001   0.13333468979793564        0.35805426523430404E-001
   0.85243294654799251        0.55807771965320748E-002   0.60299030787675745        0.35415951848238064E-001
   0.68793284444563851        0.54844595527603285E-002   0.86806115695344369E-001   0.36470431265213474E-001
   0.65406227941534256        0.54933792470307722E-002   0.87563405114924329E-003   0.35310158325499962E-001
   0.41293081578456854E-001   0.55772011725488901E-001   0.48319774119352199        0.41029462808772614E-001
   0.95536127433356655        0.70224236486820454E-002   0.20231841119159713        0.37768580306474696E-001
   0.43355576637381571        0.55517455551042955E-001   0.87210799952134876E-001   0.34854419297879073E-001
   0.32131947063533295        0.56908425970579055E-002   0.30649550023167355        0.38274709442814824E-001
   0.43705985291840482        0.59067529226120167E-002   0.54262973546172455        0.36771386605446439E-001
   0.57804095672802336        0.54923339386828080E-002   0.35991438059211045        0.36825890492581288E-001
   0.16426170728797271        0.55945943456163806E-001   0.56370803817995330        0.35211679676835923E-001
   0.12416282869618792        0.55871008874142550E-001   0.26750843263845731        0.37929986332609654E-001
   0.49512623122841959        0.55693254984953811E-001   0.28328528680070303        0.38461549583590514E-001
   0.11211880280708438        0.55941071424413194E-001   0.61804419610592798        0.39871490736483099E-001
   0.84699255828192460E-001   0.55706778875171253E-001   0.74355862530739703        0.38190034925770187E-001
   0.38834180185553629        0.53007134101963858E-002   0.11069570750358376        0.34536151420078626E-001
   0.23645445064743559        0.56109844247307448E-002   0.89235364267181050        0.35543409596940211E-001
   0.67517129844410262        0.61304323498055221E-002   0.47893820815594401        0.34973347545117849E-001
   0.96862583184759410        0.55517186017527677E-001   0.15200364757733226E-001   0.39047745420670056E-001
   0.60766325690073641        0.56061211992526217E-002   0.13893807199963379        0.37569293510835239E-001
   0.54350088270151475        0.58142192358417825E-002   0.79503992566216541        0.37552532624983107E-001
   0.30580308002108841        0.55841882168762735E-001   0.19060542197137548        0.38311387999508680E-001
   0.67880807656804187        0.54839410033766089E-002   0.80266176173156190        0.36200626649992643E-001
   0.96004048811812215        0.49945118294011364E-002   0.90732693897333694        0.32703687372755863E-001
   0.33321562552089262E-001   0.56888341687751122E-002   0.91590493418323216        0.39840086382071260E-001
   0.69082219727427474        0.55754569354535245E-001   0.53515432080103331        0.35804426471054369E-001
   0.53063669859856022        0.55668998131936577E-001   0.38119940672533870        0.35103248000535235E-001
   0.41306121169508880        0.54870738985447094E-002   0.40453961744999260E-001   0.36536387133285567E-001
   0.26198651483904795        0.55707667142713427E-001   0.66764957069523556        0.32465615787571407E-001
   0.42792932445712317        0.55668513619070688E-002   0.83430082870074773        0.32404750728830443E-001
   0.29644586013603930        0.58070356668552901E-002   0.23969847286749910        0.32355389617156283E-001
   0.94973398344853133        0.37796377177200437E-002   0.83428912161852042        0.32401344705726982E-001
   0.74328578791921873        0.58436930707016889E-002   0.22311605203774285        0.32406981069162809E-001
   0.42303241795308894        0.67099762280827639E-002   0.19221154314874286        0.32418492507444947E-001
   0.72743607407462108        0.71464959398703943E-002   0.35380609016680886        0.32406842072792062E-001
   0.86501199246827365        0.55550765993354678E-001   0.86867040261276973        0.32385261378103915E-001
   0.33347873779677101        0.55751734910182038E-001   0.25786932586557026        0.32352175895427215E-001
   0.62141246404736616        0.59177270684754356E-002   0.67130825746718936        0.32380675493925551E-001
   0.49958024375525778        0.55996321580444534E-001   0.81740750309488930        0.32381324696231992E-001
   0.63356043095111336        0.55510371517467363E-001   0.94316562427332085        0.32439400479296616E-001
   0.67441729151159938E-001   0.55712231218340451E-001   0.67499183688163378        0.32421247585860909E-001
   0.77346741833915045        0.56217736925921108E-001   0.42032000431910271        0.32376826260371042E-001
   0.10474547571782948        0.13341176366270142E-001   0.89271475118787846        0.32450945333636266E-001
   0.14149488444179431        0.55607102267202647E-001   0.19926222828593465        0.32433358719319988E-001
   0.67437174009536383        0.55268892641498592E-002   0.93585052342581188        0.32409640722114420E-001
   0.96225139550075300        0.55797938285352178E-001   0.61351697664431715        0.32450512292313875E-001
   0.99692773176686933        0.58350420828005116E-002   0.63615320412494725        0.32415381853378847E-001
   0.63384535320953306        0.55420721088557147E-001   0.18096351554052631        0.32387733817572831E-001
   0.53323261620161233        0.55863245110681560E-001   0.22323425027069757        0.32436931171468210E-001
   0.92837345184497322        0.55278470490654930E-001   0.15823096785678492        0.32291969628903364E-001
   0.32366034904821933        0.55728640542283096E-001   0.56011131444962059        0.32349963688035464E-001
   0.53334098224531290        0.64281403139191734E-002   0.10274004697723771        0.32417054376783494E-001
   0.15870209770498173        0.62792156648923229E-002   0.96461389266362063        0.32328532974535223E-001
   0.27836136710925663        0.51037648346476963E-001   0.75292523141622258        0.32421865642387769E-001
   0.17365143252250795        0.56429650202648937E-002   0.17246505380330235        0.32377212188545702E-001
   0.99280571592072320        0.55669318490051871E-002   0.60271842622137493E-001   0.32377931508628700E-001
   0.66416883052176134        0.71834358019316064E-002   0.32984552730998634        0.32396865040063505E-001
   0.97020881379860525E-002   0.51592729714447253E-002   0.98429908457331006        0.32394694736598097E-001
   0.95073587792414671        0.68730093535095049E-002   0.28071199426190863        0.32235617644275835E-001
   0.65230265231969808        0.55684969005869549E-001   0.11817972106655072        0.32330299167504878E-001
   0.21621286219618438        0.60065534031740553E-002   0.37730208155026118        0.32492692778562413E-001
   0.49337759665408754        0.59352449345079720E-002   0.63824190632634348        0.32327195386715718E-001
   0.33028786307147640        0.55840271846851301E-001   0.35593215883673313        0.32451702569950037E-001
   0.88809343551258607E-001   0.57708586154687968E-002   0.50849778584650984        0.32375558924279881E-001
   0.82483225146134309        0.56661984927791759E-002   0.75081939262502206        0.32382626711537445E-001
   0.74999942534483077        0.57777338899827248E-002   0.15834367368743502        0.32407168527439287E-001
   0.42427784114298583        0.48486901338219484E-002   0.61094268029061172        0.32469776716149985E-001
   0.29162812866165616        0.62080817194295505E-002   0.98413082923687223        0.32371413862844922E-001
   0.76769147887490641        0.56194954549151216E-001   0.33648180363682539        0.32413937772516131E-001
   0.77889512454740040        0.61636897200426045E-002   0.46913888146510252        0.32338169676561890E-001
   0.49642900751348307        0.56466547685393415E-001   0.12161042565113210        0.32409346253633960E-001
   0.91588054296291976        0.56681669632987972E-002   0.62816084435881481        0.32449044909778221E-001
   0.14913731606657762        0.60827648383241636E-002   0.37537628127164291        0.32333891893347434E-001
   0.43122328489123968        0.55874655520423380E-001   0.43297755383856318        0.32413430525398246E-001
   0.36029127338746103        0.63583780868056994E-002   0.69681771968390416        0.32418798644964372E-001
   0.99084884694684439        0.53312375681780322E-001   0.74410930713136680        0.32386871658011275E-001
   0.18004363544438856        0.55888160542839883E-001   0.86125728654102041        0.32400395660021231E-001
   0.92415978879613492        0.60994511560319258E-002   0.48056128141943111        0.32391998351333356E-001
   0.22566205987286148E-001   0.55230232592941731E-002   0.22228230181971073        0.32329972364037660E-001
   0.65788503333856285        0.55778052874453025E-001   0.69331910837052679        0.32439583873603073E-001
   0.29502406570814760        0.58531671700720895E-002   0.52214667478216015        0.32397669472960980E-001
   0.45542328911966318        0.55665922100693446E-001   0.86525269173196806        0.32307183063303824E-001
   0.49901187478021480        0.61017076980174733E-002   0.57355617218955912        0.32452976329276316E-001
   0.90806135268932620        0.56228059361436447E-001   0.37723582843229525        0.32467033461864934E-001
   0.98855978434080616        0.54328778294394947E-001   0.94612428015765027        0.32456699057637248E-001
   0.37081010405472070        0.55479008345507098E-001   0.62094434528395942E-001   0.32402516342253523E-001
   0.79947810069005387        0.55731319436508477E-001   0.65360765198861936        0.32384316647157844E-001
   0.35643956741828048        0.55684517653180936E-001   0.43005457324984719        0.32432280767819219E-001
   0.76063154593419080        0.55770730428593908E-001   0.58177086419129764        0.32403614943362184E-001
   0.83454261699320620        0.57210286204142091E-002   0.50562932764705970        0.32348366540070540E-001
   0.87260901559528803        0.68599574818739260E-002   0.24310186612833057        0.32384661896082800E-001
   0.80808037485788742        0.74694179643694271E-002   0.23619168122819278        0.32392110755461660E-001
   0.70733835651034405        0.55678305787449811E-001   0.25158762987349537        0.32453029068044731E-001
   0.39861329358852010        0.40684773354327138E-002   0.89304359241521014        0.32313521428452348E-001
   0.89174516281675864        0.57876071615846261E-002   0.53675950075449375        0.32430663046996593E-001
   0.13369872111361616        0.56372785002886276E-001   0.93159721577474330        0.32318118400761334E-001
   0.88974941793390461        0.55877768452008087E-002   0.75288201413481037        0.32359952058783593E-001
   0.41857906476503842        0.54449956342117294E-001   0.78785249618055253        0.32341674841347888E-001
   0.95250793697159108        0.57371342929605001E-002   0.76957545785857817        0.32352785852835630E-001
   0.26684319819364291E-002   0.55811296316371245E-001   0.67709078265286016        0.32369347785214428E-001
   0.99577094753236850        0.56167867321950442E-001   0.17261466373684128        0.32301393273027369E-001
   0.62312515711681404        0.55438487558619680E-001   0.50230033250966932        0.32283345504758400E-001
   0.92253964134415123        0.55739664354504705E-001   0.79776858923469218        0.32384782197486701E-001
   0.27255545898456435        0.57412706809013905E-002   0.48638951463215466E-001   0.32365912481770308E-001
   0.91995111963832832        0.56981213638573613E-001   0.93451253980423421        0.32369846630843760E-001
   0.93415257101444293        0.61874904015130870E-002   0.40936123012884490        0.32391230959652462E-001
   0.49561978218684369E-001   0.54258952697716356E-001   0.96892523360020677        0.32479595072349703E-001
   0.81167328590248755        0.56885235703462121E-002   0.81445302936713937        0.32399136191616773E-001
   0.28222251312636470        0.58491438885758624E-002   0.81047576864560922        0.32398806605169972E-001
   0.86528139464422482        0.67634152827700583E-002   0.30764658164079828        0.32375507933031122E-001
   0.32191334546132333        0.30279697933545454E-002   0.74972727115016768        0.32378748443528102E-001
   0.20970796685475113        0.59466779611748221E-002   0.56748475232077611        0.32345311975785412E-001
   0.50874967178754982        0.55487740506284860E-002   0.16315451077729506        0.32393202182270729E-001
   0.82026538559639550        0.56385132015434061E-001   0.46539690905903280        0.32461761248381439E-001
   0.92615019525261766        0.55870050787937144E-001   0.73303214044071596        0.32355680322058884E-001
   0.66194223263048324        0.55447325967416874E-001   0.45909672865657725E-001   0.32329510936527847E-001
   0.86042352046223153E-001   0.57087095939471885E-002   0.23543958490675063        0.32412097423745054E-001
   0.13648142026400786        0.53757322537363542E-002   0.32702166145391148E-001   0.32371322105941534E-001
   0.84914641762773913        0.55855644946222929E-001   0.78498525845308531        0.32467157903797256E-001
   0.87629841271420594        0.55650373725113139E-001   0.49824994397262262        0.32422723326304879E-001
   0.84388951352285246        0.55335198954535965E-002   0.43502242101104982E-001   0.32313813791767176E-001
   0.45186891675155283        0.66075450303515193E-002   0.13190078870875549        0.32436934652849150E-001
   0.45501396447599646        0.55475104939283142E-001   0.17905080457867765E-001   0.32503198609636755E-001
   0.63825971329322151        0.61371804236157734E-002   0.39482795492930184        0.32476315556102843E-001
   0.44485325216746047        0.55912407836645334E-002   0.28482512302972307        0.32385178622272852E-001
   0.71951798567938674        0.53630422653770098E-001   0.77165176168422500        0.32412146243070941E-001
   0.41835702131608138        0.57038341991539551E-002   0.34403774810742466        0.32381419031481541E-001
   0.92969801395808216        0.53829336305232116E-001   0.87041733253731235        0.32328843255273236E-001
   0.23492490179092590        0.55975685025901258E-001   0.74797755464504873E-001   0.32327473879747493E-001
   0.18647049099717786        0.56639493376297805E-001   0.40867693394546967        0.32388927248472275E-001
   0.37548705945956157        0.55770502205960151E-001   0.20364907946471270        0.32405337675972652E-001
   0.22692009014937928        0.61558437204277516E-002   0.96030773851289819        0.32458544546642008E-001
   0.70557616631815889        0.57375458725035966E-001   0.31733473952052865        0.32430543765606723E-001
   0.41430523648398443        0.56666481875115075E-001   0.15170506370375747        0.32401697534853113E-001
   0.71643530655496102        0.54867292043403119E-001   0.83642726738793205        0.32363231376119961E-001
   0.53916576771014191E-001   0.54543583082672244E-001   0.26388172483197281        0.32421057274550254E-001
   0.19579169913540032        0.55834501807732577E-001   0.47331096582430271        0.32420058007881544E-001
   0.69075845205701192        0.55463333022711038E-001   0.97375293615541003        0.32355227120432789E-001
   0.17681804960752154        0.56188066880668130E-001   0.21302099250278934E-002   0.32445946542702220E-001
   0.64763486331091491        0.54727311617355050E-001   0.28829970322158704        0.32351881755965754E-001
   0.11857646661091623        0.59054062907280130E-002   0.56608745809803318        0.32450147008719510E-001
   0.82788935778314532        0.55002465508437364E-002   0.10643609844168704        0.32416103691289673E-001
   0.73349321124379929        0.55477272993909602E-001   0.70646286473114939        0.32479590344960264E-001
   0.87931564481713087        0.54470037787184202E-002   0.96015500361200645        0.32355382637481264E-001
   0.11408851470772272        0.55616695536660633E-001   0.81144441221549213        0.32391495178348842E-001
   0.79737184639602321        0.55045910965956416E-001   0.71858884518705601        0.32411092205351481E-001
   0.63799366826325865        0.50360640935975245E-002   0.60403178216849440        0.32372691646861886E-001
   0.81341534612280927E-001   0.55115786645722413E-001   0.12764073238984405        0.32466343788513784E-001
   0.83255775620897410        0.58804605005467803E-001   0.33648056794419878        0.32422879755284024E-001
   0.76058432250715158        0.46572677150854827E-002   0.73996786088431887        0.32489680963480025E-001
   0.82136493201699134        0.85216382519174884E-002   0.17213158989761143        0.32406088530576999E-001
   0.62377472575338044        0.54651221691877083E-002   0.61786310023553927E-001   0.32368894859130616E-001
   0.80037142430507324        0.72572639964793078E-002   0.30748318996393109        0.32503663939836502E-001
   0.98541544401484760        0.53731536854894638E-001   0.81333539644501329        0.32413126800343466E-001
   0.59380415369570916        0.56375434479534137E-001   0.40632446734782374        0.32386863246171078E-001
   0.31856812687818890E-001   0.58296463325196906E-002   0.56778460211276183        0.32430726691006426E-001
   0.35267815816263681        0.57181430702636293E-002   0.16891919693453017        0.32375828375147866E-001
   0.17560852312001168        0.55949953861156101E-002   0.72599158793990182        0.32364033041253133E-001
   0.89549887188037314        0.52942171896530662E-002   0.89721875595526979        0.32398183149766176E-001
   0.77698459444579496E-001   0.58768599727934568E-002   0.44333677705924102        0.32468937017271902E-001
   0.39238935477610642        0.55704142902995041E-002   0.45099177788535533        0.32439283237844944E-001
   0.14358890681293252        0.56862798645187108E-002   0.84109866985609227        0.32437844519113100E-001
   0.93326344259149963        0.62445477615327575E-002   0.34430627052808660        0.32467998364564807E-001
   0.73278972136842702        0.58424971281759407E-002   0.51462829537543608        0.32405462479127248E-001
   0.79743329334002119E-001   0.59697328724083844E-002   0.37836520476515695        0.32452646470543245E-001
   0.47554459149618966        0.55073925175242004E-002   0.70858959596344445E-001   0.32367107446756423E-001
   0.26207739157115312        0.19379621208005138E-002   0.71371337761667275        0.32386108004205834E-001
   0.31222920998337023        0.54756752504663157E-001   0.32546343117160627E-001   0.32385004251632654E-001
   0.12576895662527626        0.56272488915424905E-002   0.77191611283558714        0.32398206060041429E-001
   0.89979231184406461        0.55317623343147597E-001   0.99606129670693511        0.32390990211720670E-001
   0.80684458059504749        0.54550713832267506E-001   0.63830427855245980E-001   0.32387816740994682E-001
   0.54357310425965433        0.58800245245786082E-002   0.72489912540517842        0.32419669860663497E-001
   0.90886883886154846        0.56100998284816177E-001   0.44213533846973424        0.32377633459636172E-001
   0.67967278705316114        0.54210027873937520E-002   0.87128637204938075        0.32328597168288876E-001
   0.42184106417640072        0.58860537190750135E-002   0.67600183452159401        0.32455689517495404E-001
   0.51526473719175769        0.55462332658922392E-001   0.59283084756955796E-001   0.32393452850424061E-001
   0.21410077992200605        0.59016263560631053E-002   0.11041354318442252        0.32390052428427032E-001
   0.25597297394460478        0.58761255548150154E-002   0.18601899705804423        0.32391518764635467E-001
   0.45386710166439531        0.55885559064726545E-001   0.64995919178244010        0.32376947553668031E-001
   0.84341274277551870        0.56792840971066363E-001   0.27250832626609045        0.32431009344962548E-001
   0.55484155889403275        0.56379936243494974E-002   0.65877221882318782        0.32425286553991378E-001
   0.15265522001225875E-001   0.54526364384370344E-002   0.84517032637860168        0.32454393697780852E-001
   0.86671469948143542        0.63533134143733466E-002   0.37245356479950453        0.32400067852414387E-001
   0.22584516519579667        0.57154919175161183E-002   0.76733340585880239        0.32323814221359951E-001
   0.41990232052945797        0.54431626443471548E-001   0.92957249181794444        0.32482060832168189E-001
   0.82561146057943824        0.58021765063149969E-002   0.68597737575725992        0.32397451128398293E-001
   0.86433012152820488        0.52610715063553797E-001   0.65069584803324088        0.32354765068304633E-001
   0.60573736546446466        0.56246322530046744E-001   0.63236216502315068        0.32455889467401286E-001
   0.44970061840790571        0.57081107291815494E-001   0.72899823850407675        0.32351594264881177E-001
   0.78479818721963035        0.56902840784133539E-001   0.20136606040285146        0.32381470911479339E-001
   0.60605547477311372        0.49323140759965330E-002   0.28708887519669474        0.32422857954977957E-001
   0.20753174311017900        0.57777169400307412E-002   0.83019919254048080        0.32403644745594776E-001
   0.49637926972369600E-001   0.55570103674934770E-001   0.80488945987585292        0.32376384562092936E-001
   0.47881679532718963        0.55581561932264427E-001   0.95679499506309240        0.32403740935182633E-001
   0.40962434226122424        0.71310260483194348E-002   0.73972755743582808        0.32416476228682788E-001
   0.53768119292711447        0.55314680328109538E-001   0.54556438729213930        0.32391444912159638E-001
   0.48187714796872233        0.71282812452150906E-002   0.70322037342895549        0.32405471445311626E-001
   0.89058815202516173        0.56991488814180464E-002   0.68808703783406533        0.32317460342293582E-001
   0.88886814443394746        0.58091767871554737E-002   0.17955254058278139        0.32496986811216669E-001
   0.22320522362017206        0.57314632772946491E-002   0.44207524957842015        0.32402228227083059E-001
   0.39442203004959014        0.55173318896405102E-001   0.57255772490397938        0.32445623662172768E-001
   0.72179172483323528        0.54428027910532716E-002   0.72639577088227285E-003   0.32343168578741387E-001
   0.46204920263288686E-001   0.57434126682967206E-001   0.40668163054597856        0.32320813741836846E-001
   0.19853592370000916        0.55761787130003786E-001   0.92946561095585023        0.32475416368028968E-001
   0.19994519154332216        0.55973480342707396E-001   0.27244311179135028        0.32381969692410389E-001
   0.93653417913182357        0.55206561824778337E-001   0.52241930564249894        0.32356708694442349E-001
   0.35520938885288283        0.57343449272292152E-001   0.90550297457834417        0.32353464565190594E-001
   0.54406184924694223        0.55063617155047574E-002   0.26549095968685127        0.32465737096336891E-001
   0.34973048376686283        0.53414977327658000E-002   0.12905327293286606E-001   0.32414608347857476E-001
   0.72128711777912113        0.55820385842566433E-001   0.18812781247412577        0.32366568497017065E-001
   0.74425443212504905        0.55123879793946440E-002   0.93861527676281298        0.32401077561497599E-001
   0.94846806301969747E-001   0.58633304733054737E-002   0.30744015950029868        0.32417687386131377E-001
   0.31324544191387571        0.59536001622766104E-002   0.92292562572379067        0.32479766447949331E-001
   0.58447377362524221E-001   0.55651538919274705E-001   0.86955112605231122        0.32432727210266916E-001
   0.59708745877522029        0.55831434268090096E-002   0.96272201828097059        0.32344318987763902E-001
   0.33157152400824041        0.53173885575568923E-002   0.75292805729082340E-001   0.32368347797532136E-001
   0.50906826760776391        0.59563927277382876E-002   0.85810415976504673        0.32335054795633374E-001
   0.64800565251462794        0.56042597760670602E-001   0.44251609799932945        0.32408114736675132E-001
   0.73563843159775444        0.55502989679574913E-001   0.64155892725809205        0.32379489857726075E-001
   0.64444326283811648        0.56295832693294941E-002   0.53890900173131118        0.32376959743080740E-001
   0.32146975933999740E-001   0.55603003843607737E-001   0.47924136357904039E-001   0.32390349149954541E-001
   0.51810277718327269        0.60137347706298678E-002   0.50683013751244543        0.32459445577533060E-001
   0.72074179318384557        0.55957738389133455E-001   0.47375926360758236        0.32456536660930194E-001
   0.29081420448658829        0.59987896801594583E-002   0.37033776972029825        0.32402252007076228E-001
   0.52160994604979383        0.55989707780724686E-001   0.60835022600816591        0.32358153775891810E-001
   0.53539143957494606        0.55817845293278073E-001   0.99611024955593430        0.32385082750331133E-001
   0.51438509347246963        0.55894259327353472E-001   0.75408989773797375        0.32396087419246357E-001
   0.16762132603054003        0.56218862044279318E-001   0.66699980076722745E-001   0.32415928570327782E-001
   0.35062665824989098        0.48172087919120176E-002   0.60192764903913065        0.32443908177574879E-001
   0.57172202960727569        0.56038039988367996E-001   0.92240149723173570        0.32361524197978657E-001
   0.32945108181686056        0.56802892295216727E-001   0.96509644537323613        0.32385782531299590E-001
   0.76407267776424492        0.55504211291543407E-002   0.94970430476561646E-001   0.32272664878455162E-001
   0.61488761680865733        0.55644654166588606E-001   0.56795704649781598        0.32410033498499226E-001
   0.53841219706621035        0.68351537194486769E-002   0.42725534313620500        0.32384001725261097E-001
   0.97461838324464567        0.56006900294250428E-001   0.39955610436507055        0.32449784204417305E-001
   0.98912494013745078        0.53734978509521795E-001   0.25286133243477399        0.32440947061323909E-001
   0.97199210740278219        0.56341647970302500E-001   0.31953783089492316        0.32408297389686827E-001
   0.47239362873133223        0.63239893432153558E-002   0.40374053615878774        0.32391256316869212E-001
   0.39597464268940208        0.55711769053979822E-001   0.37858992138100206        0.32373869224746908E-001
   0.92693858762605463        0.55781157207585114E-001   0.66818984933684544        0.32447002928299100E-001
   0.38893022107598429        0.55444151190340532E-001   0.84877295979266831        0.32452716236228016E-001
   0.36851365498956173        0.57010465665578859E-001   0.74422939647804964        0.32348035378154914E-001
   0.49558266973297271        0.55034994448433430E-002   0.88738623805708818E-002   0.32389941712759454E-001
   0.47187606891783623        0.55639818848609982E-001   0.18195266270015420        0.32412191659508420E-001
   0.78389677724093321        0.55253231188248930E-001   0.78232136237942929        0.32356537037893748E-001
   0.73373673440246701        0.73696314557299449E-002   0.28722497161437499        0.32358308981410878E-001
   0.78130874687554686        0.49501982258877246E-002   0.26508500939851354E-001   0.32477997954234124E-001
   0.77399009690542298        0.55934850449390297E-001   0.51103478027120675        0.32385307067220231E-001
   0.62519843202374936        0.55678822071280477E-001   0.34938269435138614        0.32478099110288754E-001
   0.99385252129394897        0.55607693640414659E-001   0.88111519704033747        0.32405594659070350E-001
   0.59075143878703651        0.55603951459046203E-001   0.78164680658627028        0.32289178491297359E-001
   0.20356775794042831        0.56014550039536162E-001   0.33788741678364070        0.32382473745237936E-001
   0.79160648581700188E-001   0.54696159107619543E-002   0.83371145142634617        0.32331528785692239E-001
   0.30357273972850030        0.59195509522807091E-002   0.66408773681562339        0.32403867440733244E-001
   0.17644362554974002        0.55365187700227386E-001   0.13103480984872179        0.32393107480113446E-001
   0.31887948704046104        0.55947515144759555E-001   0.70244231039974880        0.32404493006464641E-001
   0.23214296091456224        0.57781949501369556E-002   0.50632923279715170        0.32430476947162529E-001
   0.11262492632167026        0.53188282238256571E-001   0.99352579909901950        0.32377225250246083E-001
   0.96969593003312005        0.55940775272453835E-001   0.46441717926651194        0.32387135062002873E-001
   0.26280643985919050        0.56162656424014079E-001   0.47756169177646440        0.32355885146229148E-001
   0.51641726628199947        0.55335029186810263E-001   0.67514660149369721        0.32388326441535088E-001
   0.99244026297270138        0.55854394198360004E-001   0.55550473593482252        0.32362394395518891E-001
   0.23528537735245245        0.59591588084930182E-002   0.31126007262245731        0.32351562694332668E-001
   0.90670939252373184        0.56363418218992815E-001   0.31238873695222114        0.32390033106717897E-001
   0.67186448240327967        0.55021696354303144E-001   0.62802430468672177        0.32415952725356405E-001
   0.69692185625858938        0.49815481686604005E-002   0.66080148043406284        0.32364931219067763E-001
   0.58188419704706795        0.60851216549660690E-002   0.51907395475490092        0.32396661253447430E-001
   0.16319893212960453E-001   0.54961945403928210E-002   0.78034603218343412        0.32345486570518174E-001
   0.22000316016921551        0.58859587406917685E-002   0.66260117901680649        0.32345575975125052E-001
   0.64233719564649605        0.55607724117096871E-001   0.85292405504801361        0.32437524760069537E-001
   0.84931175214367083        0.55498696121409390E-001   0.93176626188316880        0.32382091741423036E-001
   0.12499294810283799        0.56240182757668102E-001   0.33817583614968050        0.32307713676509954E-001
   0.29086721831281664        0.59793310685182580E-002   0.12607864339049035        0.32381663399781123E-001
   0.78594553122086497        0.55773693697840791E-001   0.84710783655522726        0.32428209021565041E-001
   0.45912337664433661        0.55855288790194635E-001   0.58526973871271881        0.32340644770672042E-001
   0.77882719789184285        0.54671865024063196E-001   0.91390185823804071        0.32329750572214426E-001
   0.74742757619270961        0.44906193480660416E-002   0.80361912808053237        0.32366004111051352E-001
   0.15809930786190290        0.68884416903278838E-002   0.43971403686430716        0.32374528342272633E-001
   0.23207357097250095        0.59236149240519519E-002   0.24660844523426328        0.32369299590688683E-001
   0.72057845907640450        0.56111197667575274E-001   0.12309745177881150        0.32461375687268333E-001
   0.16660495304859629        0.42556795823257198E-002   0.23692770906700172        0.32436272284887720E-001
   0.24100764666163976        0.55791180390523089E-001   0.80578856950728794        0.32469673552787834E-001
   0.12061635240243074        0.55873995824108381E-001   0.48191173274243138        0.32411639554120450E-001
   0.94347356979714914        0.57788783091621493E-002   0.97043518636437831        0.32414206128365021E-001
   0.43810597464890821        0.79579067113493326E-002   0.97468567222765712        0.32368690639667547E-001
   0.88244286393592930        0.55557156927065289E-001   0.58518992825621154E-001   0.32426363207026972E-001
   0.35593055857721817        0.57555904002507367E-002   0.38842569910745789        0.32388700190093066E-001
   0.65403386816644626        0.55647805141222279E-001   0.76238891959127097        0.32466396265493636E-001
   0.22148736742933783        0.51919547692861202E-001   0.72179724545356805        0.32411247324991455E-001
   0.76063525721397374        0.55977740796351802E-002   0.67495061612680685        0.32370582490663567E-001
   0.78733288999749329        0.59246777388341108E-002   0.55008655197871370        0.32393901120776100E-001
   0.28644926032043886E-001   0.55878366527188861E-001   0.60934485520971127        0.32478265451813572E-001
   0.31374117414087710        0.55905284689499513E-001   0.62411607949254000        0.32382542605112911E-001
   0.16875252949302710        0.58879969126282086E-002   0.90075801036262471        0.32306320053424230E-001
   0.16961907356161977E-001   0.55217827876238218E-001   0.11120447972122816        0.32387767741736233E-001
   0.37570248479424045        0.59121155638333645E-002   0.79497908464021427        0.32419875894107997E-001
   0.62210710136670906E-001   0.58183719383637575E-002   0.63377700221866273        0.32409731368108353E-001
   0.51070130107424105        0.55681165038044378E-001   0.90038988150347254        0.32379864295585682E-001
   0.47698975725036830        0.55853828146828315E-001   0.51585671143525413        0.32408612244285352E-001
   0.78528127965111050        0.57386524530982233E-002   0.61491551435573577        0.32385836075521930E-001
   0.37140080475217624        0.54517062280065604E-002   0.95175783980481365        0.32372732542131459E-001
   0.26882391855378029        0.55942326155995217E-001   0.33518174357066077        0.32374021123780516E-001
   0.86241653815836605        0.55754779530223765E-001   0.71816206312496655        0.32385270542522264E-001
   0.94282630668828415E-001   0.28626360530561029E-002   0.95597136857301246        0.32463553734287699E-001
   0.57016576256453033        0.55666875157766547E-002   0.20373556549057742        0.32456306635667474E-001
   0.94345464417221081        0.54046851221597414E-001   0.82124617065516173E-001   0.32435456570441175E-001
   0.26713054321337332        0.55870276146249710E-001   0.26918502937476263        0.32401484786909830E-001
