 3 HS poly
 400 2
 121 279
    1.0000000000000000         0.0000000000000000         0.0000000000000000         0.0000000000000000        0.10000000000000001         0.0000000000000000         0.0000000000000000         0.0000000000000000         1.0000000000000000     
 T T T
   0.27045861438633167        0.13794088612434084E-001   0.30432403260556229        0.38494867882544699E-001
   0.61220046726906086        0.87430521752056900E-001   0.21735947795975979        0.37472769450007146E-001
   0.84590746244446957        0.79221294457369251E-001   0.87911099858818165        0.35676164149402508E-001
   0.38201962186418287        0.63955080858363655E-001   0.32727912857192920        0.34819841188661917E-001
   0.49028354366762922        0.36848113113403191E-001   0.53566522743462054E-001   0.38364070310362049E-001
   0.90859603245576503        0.78587094103304445E-001   0.92322542258682208E-001   0.39038393380199071E-001
   0.12143034908721459        0.77928068474739209E-001   0.85453702120224728        0.34104733860123831E-001
   0.26596433806193337E-001   0.27917891325790929E-001   0.92433863423822149        0.36536755406837110E-001
   0.86456181520034614        0.78940002452518060E-001   0.95089553728873055        0.38437561343234207E-001
   0.62874516395347591        0.41525184078248720E-001   0.31623167685903908        0.37658346001233765E-001
   0.23171005400880915        0.16525824576657203E-001   0.93445004940730395E-001   0.36594361014533720E-001
   0.50732909230667722        0.93060296860872693E-001   0.33695331546125823        0.36063311291895085E-001
   0.96306794829408504        0.47923068511428954E-002   0.38080007093218715        0.34538383619296335E-001
   0.77960322761950496        0.57221095163733776E-001   0.46132240242475003        0.36862475000428108E-001
   0.62155243224346657        0.36995012839260870E-001   0.57855838053854150E-002   0.37191074818309258E-001
   0.69941271141886219        0.60704290600370539E-001   0.51718224851211891        0.36807395796526830E-001
   0.81356596495134925        0.54684130604163838E-002   0.36981522035033454        0.36511431664268963E-001
   0.87335769418581802E-001   0.65176270446289444E-001   0.21172905296390496        0.39602552426434595E-001
   0.72727767234021889        0.11710414840628618E-001   0.56529597160140788        0.37269800834727841E-001
   0.76099821766584652        0.88830457969221552E-001   0.15462307072795242        0.36945559964638247E-001
   0.40176715799879176        0.36715073599156337E-001   0.18022638896938295E-001   0.37441374161470364E-001
   0.49381809370315644        0.72511374620181299E-001   0.66609829460856362        0.36146832072641563E-001
   0.43280877028589493        0.10775300359509790E-001   0.30577635264468955        0.37513257508087199E-001
   0.40340292270905476        0.13937584860401267E-001   0.37420126703577916        0.36914358045171021E-001
   0.73477579645198321        0.69437242513422596E-002   0.42753070295643680        0.38104740386889345E-001
   0.77472663778848061        0.61369023558661064E-001   0.53562795407656760        0.37531609248952311E-001
   0.26645993687231717        0.70542948943121839E-001   0.51074059545623285        0.35806764098281804E-001
   0.86705585081359871        0.28679911454507163E-001   0.12888171408639962        0.35420484091492579E-001
   0.19867415199365654        0.13681401699736064E-001   0.42276081015335176        0.35525657282408966E-001
   0.59473610716426961        0.86994677913110774E-001   0.54717691579992483E-001   0.37717947835190620E-001
   0.64891419748946644        0.37237361080721135E-001   0.17423391219157774        0.37937556242519863E-001
   0.42428771064544268        0.62369728662385743E-001   0.42645083943378154        0.37152810627984346E-001
   0.65380190976330255        0.11537318931535687E-001   0.68627495135579719        0.34038370429377546E-001
   0.64669794800038849        0.36963191845760121E-001   0.81034223560441127E-001   0.38632091368943515E-001
   0.95559357178167159        0.28094636436953764E-001   0.94422320117125891        0.37128686341942385E-001
   0.78373714384535470E-001   0.27852916922081736E-001   0.82845997628220924        0.36727032992936677E-001
   0.77422676698420301        0.46980510467014937E-001   0.32532431005995460        0.35945424363993908E-001
   0.99942062750901575E-001   0.70767625457389613E-001   0.55627858965701993        0.37573850892593755E-001
   0.79300347549604688        0.17118172513576564E-001   0.71458083930121197        0.36614503322503940E-001
   0.92805737417982548        0.53913287855328298E-001   0.27437157270530432        0.38499740908462726E-001
   0.85650559991028261E-001   0.78077106753644543E-001   0.65884467067131680        0.35831271476657482E-001
   0.42665209291365380        0.28448638769705655E-001   0.91830987747424730        0.36051270140575006E-001
   0.49504298252296136        0.61550424730548427E-001   0.44453468736831203        0.34957415685987647E-001
   0.75815277100677969        0.29395279068634900E-001   0.98763933783873470        0.36265637328582748E-001
   0.30350774652909501        0.64499637794858816E-001   0.44991618250051713        0.35241433284767462E-001
   0.50085888830276504        0.37307322340221043E-001   0.13194198141998387        0.38586453052083018E-001
   0.98435752367105633        0.30377950454991989E-001   0.55411600133497885        0.35909991289322860E-001
   0.46943665049371669        0.61365304274018574E-001   0.51721060616199355        0.38932432591936475E-001
   0.90212090746007376E-001   0.66716740390465101E-001   0.79814131905727115E-001   0.37446842339610993E-001
   0.36376236136628659        0.13916396253569652E-001   0.28031837222719708        0.36112166481511179E-001
   0.32501867652305248E-001   0.16721429982907664E-001   0.88986016983812408E-001   0.39429805515226388E-001
   0.38622725082321535        0.70408959129613161E-002   0.13261068228712569        0.37891380205298947E-001
   0.96485413479927562        0.78666163784823384E-001   0.83007905906571144        0.35150088904277670E-001
   0.24794166092144590        0.13596692514703771E-001   0.19889572579001744        0.35257483604309560E-001
   0.32363127187232110        0.14576446680938630E-001   0.49862862070428454        0.37349816664187449E-001
   0.61142889810039083E-001   0.58179825907944106E-001   0.45014319598365304        0.36743409844888164E-001
   0.98869030601744201        0.53995554638585443E-001   0.42200095295910783        0.34409240152601404E-001
   0.55482090411017493        0.42968225578519051E-001   0.31475122037592274        0.36137261990826300E-001
   0.18988891666506758        0.63804913981496500E-001   0.36845554004225928        0.35220505861157582E-001
   0.71752636476991472        0.17166212079781907E-001   0.77238803161106617        0.37043368442686818E-001
   0.97552754825259247        0.77819395574052930E-001   0.57803849607303198E-001   0.36266912167264888E-001
   0.21573541645973082        0.27323271278285145E-001   0.80463269567504736        0.38402615370506134E-001
   0.95907664446810342E-001   0.27681141186833236E-001   0.89999569038642191        0.36899876049332696E-001
   0.47283827588398927E-001   0.77852205404679228E-001   0.87371032282515759        0.37510785736418542E-001
   0.61844695956414220        0.87170240703294488E-001   0.12913802502354693        0.35876963474389956E-001
   0.37785963500186354        0.28135316387013783E-001   0.85925088605634081        0.36914257420909938E-001
   0.63823262651036516        0.78353869315216151E-001   0.90049215248397008        0.37580197635975719E-001
   0.49445182956300994E-001   0.66377368551010382E-001   0.14497071570331740        0.37059239533983629E-001
   0.65662264778480306E-001   0.67086842622216966E-001   0.28480074959842128        0.36545687636585444E-001
   0.44856670498433820        0.75715550494123596E-001   0.75094117315344744        0.38443833107520177E-001
   0.65814588329707213        0.68623101414779664E-002   0.48047033743075340        0.34776919536752347E-001
   0.14973948492101186        0.14293106206170903E-001   0.20789966864767803        0.39817144312129203E-001
   0.70998745722570422        0.79353350364996647E-001   0.88108835461416313        0.36733780757255835E-001
   0.37671967255264249        0.64618762616875533E-001   0.48517478168609640        0.36526624036553053E-001
   0.13985451935392579        0.16395858506894796E-001   0.10621121834998383        0.37527497169690401E-001
   0.12263692846229561        0.70713225316648712E-001   0.48644483969287428        0.35703755573669123E-001
   0.80320669751577800        0.29393835738427659E-001   0.62398551413475757E-001   0.32989836204276021E-001
   0.47381488057232579        0.36621339053444259E-001   0.97701478084215743        0.39670395209695744E-001
   0.12577547175807324        0.27964099834070662E-001   0.74918877182255006        0.34757666482214782E-001
   0.21248313517680573        0.18144821051664931E-001   0.41912798288225184E-002   0.38437003679164021E-001
   0.20692226906991701        0.13876338283413423E-001   0.25855800164557069        0.36251697613168883E-001
   0.91745096313319052        0.53992666495144261E-001   0.41277614020694975        0.37299922054484867E-001
   0.62485163198273097        0.62373106931061323E-001   0.58206500606514322        0.37538875526217597E-001
   0.17751806416119911E-002   0.77891153602472674E-001   0.96925264214420925        0.35080213426981102E-001
   0.47289829316654663        0.11557539513073367E-001   0.39829836311007122        0.36632994317561507E-001
   0.83137261652420513        0.28910568670646578E-001   0.99738973019197974        0.37445471967851834E-001
   0.34455148700728709E-001   0.70638964263340584E-001   0.51819570793055980        0.36958972119903372E-001
   0.86457810033038440        0.13011191312946089E-001   0.58623650624176282        0.34449673884888565E-001
   0.62409545122877008        0.72323597183614682E-001   0.82990712974399183        0.34650888645145414E-001
   0.11788184441956143        0.24695356453671657E-001   0.61253612333242391        0.37264425391231148E-001
   0.29557269402239561        0.13932836448506179E-001   0.39876691822053179        0.36242404732814919E-001
   0.75606720304517139        0.67248267755412663E-001   0.67958378845855194        0.34562665480914197E-001
   0.12543343548412617        0.18000106843968033E-001   0.96652179435915120        0.36461100410601049E-001
   0.31161750516432485        0.76857647915248239E-001   0.80050420629145169        0.34831337020079359E-001
   0.24645552680519636        0.63896554457804719E-001   0.40941278748997834        0.34614743794920820E-001
   0.57270862549995150        0.37071667973197046E-001   0.10453489382811845        0.36128521617985472E-001
   0.91410189002370190        0.53217672362837226E-001   0.55215113641808466        0.37812840974620468E-001
   0.32888621046686502E-001   0.77837254796400426E-001   0.80099076090789756        0.36078431872025543E-001
   0.75472172001228599        0.29391456018748430E-001   0.91395900537032482        0.37146543323132442E-001
   0.26278452891357790        0.26728821281360466E-001   0.70291531686238351        0.36512965195975591E-001
   0.71872960617423576        0.79441886623785068E-001   0.95310041119701594        0.35805792385976247E-001
   0.76108062484769623        0.61417288735796188E-001   0.60869221567858101        0.36721544238214256E-001
   0.35057432215590634        0.63945206972074356E-001   0.39345506128423613        0.38260167424728361E-001
   0.93843076311561568        0.28305582066347923E-001   0.14123963288341396        0.36708957611989342E-001
   0.11964260298472285        0.17546236242741247E-001   0.36958035162162992E-001   0.34080203628102955E-001
   0.51915920938541493        0.21832726879822913E-001   0.56016717710996466        0.35468095178697721E-001
   0.15777175461161952        0.64024448427901379E-001   0.26156720721733218        0.33678612752152844E-001
   0.88844318554476265        0.39778502351223355E-002   0.36374438706122314        0.38479088422693569E-001
   0.24496109275104894        0.63607960336294331E-001   0.14922260282225178        0.35185383770522785E-001
   0.35736641180657190E-001   0.40133154157013674E-002   0.39479187698255630        0.39379962466757810E-001
   0.52210225248379716        0.11660281209072806E-001   0.48862489367731338        0.36821885399539143E-001
   0.42238032674965481E-001   0.28074568798606023E-001   0.63046011780569544        0.36135069132705797E-001
   0.84673582126284730        0.53965937400987520E-001   0.32582287706379481        0.36859544647460170E-001
   0.57685141867211820        0.37250039950385970E-001   0.17960559781759008        0.34316741088333873E-001
   0.73763475464484596        0.96924421408167427E-001   0.28925810495138871        0.35690414623965536E-001
   0.79149127845468903        0.79332960614446044E-001   0.95007049890150497        0.34543751916862313E-001
   0.17115290489276344        0.67879992237600537E-001   0.44762034040862785E-001   0.37888428050767003E-001
   0.23062935198906070        0.27086436492365237E-001   0.87933590800716854        0.37681990216045430E-001
   0.30888791802386351        0.73018466342499019E-001   0.66450471356048457        0.38577986877829887E-001
   0.88350870753266766E-001   0.17035219222534086E-001   0.33748327721646937        0.39496729438361126E-001
   0.25959579168190516        0.63718597247139575E-001   0.24929741493494126        0.36582295204653378E-001
   0.15347291581418115        0.76784686542428246E-001   0.64877557427478416        0.32238341527186173E-001
   0.96061838711859160        0.37965203478501695E-002   0.31273723703320078        0.32238413614153957E-001
   0.82164332618025115        0.72900555816509671E-002   0.43835995237270320        0.32211027821784033E-001
   0.91031409594139900        0.53215610722886365E-001   0.48204707728326995        0.32273650281335095E-001
   0.83030170110699142        0.63168708155789052E-001   0.61487333374789566        0.32298176559393078E-001
   0.92629406694271865        0.22073049712533935E-001   0.71868422698929657        0.32258953321434317E-001
   0.88122201983978765        0.84034243793400243E-001   0.23066745808322198        0.32220947515113223E-001
   0.37478049631428334        0.83532615152412878E-001   0.91263602285184187        0.32234269334205708E-001
   0.41607440516645666        0.79143365368993496E-001   0.96447255477156568        0.32299025232253691E-001
   0.56045469174702867        0.76761834622785158E-001   0.85137448720056685        0.32290529214417059E-001
   0.75237483566331109        0.97236578354499267E-001   0.22287675975619692        0.32295187315169692E-001
   0.40288156168131828        0.21951096656396010E-001   0.60682127424216314        0.32286529046220862E-001
   0.33586442800221755        0.27141017072258813E-001   0.71852330750269389        0.32239506180651557E-001
   0.95467443695977094        0.72237934112491034E-001   0.68848353834827292        0.32274016237767010E-001
   0.32908785983734518        0.78648434269116725E-002   0.91722682978023218E-001   0.32374833543607991E-001
   0.93083419824416158        0.27795514293056031E-001   0.43505576920524994E-001   0.32256381670726475E-001
   0.42654242516298990        0.21771131309509098E-001   0.68241379707654759        0.32306573657737495E-001
   0.79599061256894510        0.28885606603069498E-001   0.78342467026222762        0.32275117766781186E-001
   0.68332324187073401        0.28894319316196973E-001   0.92126414482095709        0.32272264447974937E-001
   0.94975854831258777        0.92269023753136892E-001   0.59913503349516706        0.32287575907445132E-001
   0.42412855025528839        0.78135220853646131E-001   0.87138770479799843        0.32279186448774935E-001
   0.54574828862063374        0.17765182997771044E-001   0.69027335706649884        0.32270820066925041E-001
   0.29914093162237387        0.57239230068469718E-001   0.19302144024026763        0.32266443129323946E-001
   0.80010271964173429        0.38830521086430252E-001   0.12698423944609757        0.32277001693104816E-001
   0.18817880233681417        0.66351066711913001E-001   0.11285884518209624        0.32283589531868460E-001
   0.43405483932805400        0.57124230932316625E-001   0.14493535456723988        0.32269563884403323E-001
   0.45228384888364515        0.11947307190828402E-001   0.56628089751901156        0.32312374316448136E-001
   0.17108702573413068        0.79388091420174750E-001   0.77545312091730001        0.32182704650500979E-001
   0.81117162029626133        0.11172880628638186E-001   0.50271910368895556        0.32254058735658835E-001
   0.79203191590446875        0.40225015334171860E-001   0.19320228155248331        0.32205591968128160E-001
   0.22531750277320572E-001   0.72344366993753573E-001   0.73359253947705250        0.32214453161838651E-001
   0.82536660877885115        0.67114082743940859E-001   0.67975539163334975        0.32257045783522890E-001
   0.25461332125002328        0.76928908279697686E-001   0.83665635294120944        0.32181183814841315E-001
   0.97755017197218308        0.18239585322861317E-001   0.23747791779500979        0.32264381016759602E-001
   0.93981783711696576        0.32366481852775333E-002   0.51025803018243276        0.32212887675398379E-001
   0.46400280785057829        0.22308222919062717E-001   0.62954041493128876        0.32223184060831328E-001
   0.24131261753906802        0.66687779507539444E-001   0.46792267906709803E-001   0.32263905241642049E-001
   0.48277441813790456        0.93507787996320979E-001   0.18475132347968171        0.32260236560842960E-001
   0.69128485625996161        0.61551822826929739E-001   0.66398682676511267        0.32254910521638966E-001
   0.73640679018754296        0.98974586974327053E-001   0.35728463184031778        0.32353097602540723E-001
   0.72341502230157695        0.11361000650197310E-001   0.63815551451887753        0.32356849410136813E-001
   0.89511880651750386        0.63336129717313214E-001   0.61905862728011218        0.32340241694509698E-001
   0.37512624406428485        0.14549449338353235E-001   0.43770548645163998        0.32331136518218846E-001
   0.41084967421542051        0.60140626443413614E-001   0.26163057891776209        0.32216607573000086E-001
   0.22452762095397691        0.71268544898441699E-001   0.63502515554940420        0.32294936344275958E-001
   0.67048647903478920        0.87497433554731663E-001   0.28391427929633700        0.32279407335031603E-001
   0.31383725725088374        0.33925575524445327E-001   0.99329311636960449        0.32190149193476951E-001
   0.74105020807848176        0.29220511530070371E-001   0.84446327609261473        0.32229072469738600E-001
   0.88072529784159026        0.29642446216465630E-001   0.84798773948491912        0.32239228231631716E-001
   0.29010405243944698        0.13568162891680570E-001   0.14443978926284323        0.32290176010257410E-001
   0.13108972781260886E-001   0.78412516184344250E-001   0.59347388903892584        0.32291047077093175E-001
   0.82986869246630435        0.83545114518012498E-001   0.16315487252310981        0.32353653469512862E-001
   0.33820564951843762        0.14164892171912561E-001   0.34421989131865005        0.32321770271938929E-001
   0.13716917520049809        0.65155075973444124E-001   0.15642118171943881        0.32271117892918207E-001
   0.16403234843877037E-001   0.78010924681769775E-001   0.66957230857891414        0.32235378341779287E-001
   0.35588369604766612        0.26801873413414442E-001   0.79346784252977620        0.32256824362598385E-001
   0.55581949654141716        0.71762184625541542E-001   0.58754333700701200        0.32242816514905792E-001
   0.10984935927444849        0.11884829765502309E-001   0.43384505778499410        0.32213642463387621E-001
   0.52072138493064013        0.72569282527209775E-001   0.72983998808196571        0.32253308679435634E-001
   0.95203260704589421        0.39699542127015234E-002   0.44681279643367078        0.32334169955417429E-001
   0.92137887638439142        0.14869883703816490E-001   0.65304946809829867        0.32357654659151337E-001
   0.23447439323610497E-001   0.17388558259941754E-001   0.30680174214546274        0.32260227691803159E-001
   0.32376177488617480        0.64556555791300763E-001   0.54731872708104512        0.32307080125683466E-001
   0.83019164924612343        0.67249778670299409E-001   0.74429461886856108        0.32279700712694780E-001
   0.29777136693152145        0.76728103822006788E-001   0.73473451641001952        0.32264901179504583E-001
   0.33039499189665728        0.78035245241841911E-001   0.86515187720406272        0.32194071588830316E-001
   0.46773257939500273        0.91081179828081449E-001   0.24849178847371309        0.32170093820448449E-001
   0.52831970296875652        0.17088097193079965E-001   0.62718944462198911        0.32275206412466680E-001
   0.66158921903796775        0.86923505139124377E-001   0.32951782427530947E-001   0.32273660034259924E-001
   0.78936212203129386        0.79412474462726743E-001   0.22810416167417292E-001   0.32254820853799313E-001
   0.82422044789268090        0.29312931849827042E-001   0.92001453693073476        0.32325467054274172E-001
   0.54292355729846298        0.88130220622016864E-001   0.20922626875087821        0.32225050917409154E-001
   0.32449363909542495        0.21605421798003857E-001   0.60708215420785738        0.32333311117664416E-001
   0.10593886026292533        0.77869975660561461E-001   0.78948977495045936        0.32280671061007328E-001
   0.27550210455621510        0.77054658249010283E-001   0.89920841297267962        0.32284217386987835E-001
   0.98757959835399522        0.27893975442486913E-001   0.12197776838099800E-001   0.32284808302905081E-001
   0.86415733483608315        0.27204809184275643E-001   0.78429452454098136        0.32240538122863135E-001
   0.56089604562622353        0.67089684875822952E-001   0.65162177533606869        0.32152682635053734E-001
   0.15268896201656645        0.77992765468134773E-001   0.71346498071153297        0.32279201182681024E-001
   0.36378687650429264        0.14454627600837598E-001   0.55600771696636897        0.32232118607586589E-001
   0.95929461583650133        0.77741669966662208E-001   0.75265427330052270        0.32291228887129542E-001
   0.19167734775610276        0.28115757356500383E-001   0.73401547615418961        0.32185638274719562E-001
   0.17202778005292341        0.68070015096306821E-001   0.97456398500588393        0.32267342222603392E-001
   0.89978730126670836        0.79747850681311808E-001   0.81166940185851588        0.32267662433308753E-001
   0.46489640351406808        0.87325679555168928E-001   0.96980484137630912E-001   0.32204212571923449E-001
   0.23551987051530876        0.14083447197107746E-001   0.36587039616380596        0.32209335692759029E-001
   0.16379482012145344        0.70819341417977827E-001   0.58520323450961043        0.32313377243388480E-001
   0.46296805935070451        0.28071777914202789E-001   0.85857032301957104        0.32244874913199911E-001
   0.42615569278714205        0.37477125834868015E-001   0.83476876522092527E-001   0.32282998870885080E-001
   0.14522743416369971        0.74746303377487680E-001   0.91631418064481540        0.32153594072628411E-001
   0.74310646618112564        0.10484986864139035E-001   0.49736134708903512        0.32245607959624292E-001
   0.36355806918591854        0.71589883899081733E-001   0.61940814347525541        0.32263908030930884E-001
   0.53065812334459606        0.86814965619290932E-001   0.83195203260045841E-001   0.32363153021192345E-001
   0.66573842713965037        0.27655652308518117E-001   0.85841456586500597        0.32320305809065107E-001
   0.76209689447836715        0.79265378201417699E-001   0.80949132429696291        0.32203100972109822E-001
   0.60134822625473905        0.85124234500690826E-002   0.41104564205327410        0.32197999695301099E-001
   0.65199648170865498        0.22091852768081691E-001   0.79483655204317061        0.32263752908920758E-001
   0.84726944516851044        0.55522870937828761E-001   0.40357628035772292        0.32298016087846347E-001
   0.32052058883616619        0.63929429629114937E-001   0.29821898507943401        0.32327088073876534E-001
   0.95728706319820644        0.78211826909228399E-001   0.18515239518847038        0.32304403074612270E-001
   0.52979363356520863E-001   0.19349769954346636E-001   0.98754951018192128        0.32208315729331617E-001
   0.97562116304609225        0.43654984607602379E-001   0.63300792600221523        0.32208898250495666E-001
   0.59065728583922283        0.72554715607861572E-001   0.77164257210572207        0.32322431721651571E-001
   0.62561891436140160        0.57146930369996289E-001   0.51243156256332101        0.32257199185371413E-001
   0.38069256982274235        0.57035468560396756E-001   0.18169327868546864        0.32343379168654207E-001
   0.93167577590646988        0.29728229137350910E-001   0.78614614456367760        0.32260157897372292E-001
   0.62541386214792138        0.55932237053176653E-001   0.44766019391459833        0.32239789173122022E-001
   0.94109317393749858        0.77212215856578503E-001   0.99853129028402077        0.32256122395367751E-001
   0.64928454255634438        0.37420893405134444E-001   0.24869437604798830        0.32208875573927660E-001
   0.67208188605043773        0.97432157063593039E-001   0.34904070320643699        0.32278220156571884E-001
   0.45494535351836807        0.11688292005106196E-001   0.46553325850929828        0.32327945125447739E-001
   0.72091883893531439        0.41025375339569875E-001   0.18651398903145194        0.32252895061383346E-001
   0.95723412325087423E-001   0.15629412918881966E-001   0.16025323219407686        0.32209989901643990E-001
   0.32702545630816782        0.28315814476014063E-001   0.90632906265656865        0.32356599683079475E-001
   0.27310738056804096        0.83805297088417163E-001   0.99221628032561726        0.32214914310751498E-001
   0.89482555335247727        0.70848053285511414E-001   0.74788390617200806        0.32288399233265951E-001
   0.11060485425575382        0.16850206865351779E-001   0.26845902671805044        0.32308358206212383E-001
   0.54388363608850876        0.36599997520556669E-001   0.96066517238945315        0.32267479182432654E-001
   0.69002046952298313        0.57161725765303942E-001   0.44889207147682553        0.32152244783224836E-001
   0.49172354468123708        0.71348461130715080E-001   0.59764226927636654        0.32265814650565314E-001
   0.85666597528358268        0.16671900089534005E-001   0.65243878975113434        0.32216104990757451E-001
   0.45031912075723884        0.86879641923342979E-001   0.23487415288689976E-001   0.32318670976225893E-001
   0.58313062001067972        0.22563529281212032E-001   0.81191667569841752        0.32265480437081204E-001
   0.58962525292450552        0.12349926181573125E-001   0.54839122893404746        0.32232271616177040E-001
   0.53770188699731203        0.81942160087415030E-002   0.42141587859288293        0.32181283198810140E-001
   0.42449489319421629        0.71936386383464654E-001   0.64143434080503858        0.32206682967997349E-001
   0.89457402114813178        0.28863156302727219E-001   0.91104027242663466        0.32129873021288141E-001
   0.84382566325264385        0.62136918811924471E-001   0.54610524579264741        0.32242713866345606E-001
   0.36881392828790677        0.34510371851032826E-001   0.95522808857176122        0.32219435924921103E-001
   0.16069991861930674        0.27099827930244208E-001   0.87569837544228646        0.32281240650064512E-001
   0.20246047163197378        0.20911019428380820E-001   0.59999971185644263        0.32318450025617958E-001
   0.70144539704169229        0.52605416436227903E-001   0.38552812865889824        0.32200402284486805E-001
   0.77051214935751122        0.56940973676221453E-001   0.39272794126155880        0.32285919631306136E-001
   0.98314715253156382        0.78451636623513232E-001   0.90405096831803089        0.32313704209531467E-001
   0.58255511915268621E-001   0.28507176994910718E-001   0.69701359435679955        0.32250374348884822E-001
   0.87484654127118255        0.92609566132207510E-002   0.51350797550897043        0.32347883158511150E-001
   0.79249860750071144        0.12079535532738170E-001   0.64576421722300070        0.32368791288026270E-001
   0.72464882227740790        0.79502236161349868E-001   0.20956120319666406E-001   0.32301436996675398E-001
   0.27350097595812051        0.25075696603235109E-001   0.94258668589274186        0.32233771552036765E-001
   0.39880299985923950        0.26453843806813038E-001   0.74064912688000029        0.32318354714262129E-001
   0.73787503535972510        0.29493824434064043E-001   0.59602397190517929E-001   0.32251992589058739E-001
   0.63589472169463568        0.57084221744946567E-001   0.38405828975514478        0.32207837812412390E-001
   0.95462463787853424        0.28382555904512052E-001   0.87476804371066874        0.32206507641097351E-001
   0.39271654315498167        0.77078648097223992E-001   0.81178260704347061        0.32240473169647968E-001
   0.71302359528709858        0.46907681691178531E-001   0.25029096762850628        0.32251994714920698E-001
   0.98354735905605495        0.78306939062493877E-001   0.12594615767362380        0.32342177998079778E-001
   0.21955761865585383        0.64126290389507068E-001   0.30541144708423851        0.32216431813680432E-001
   0.16870854279193606        0.20740363684884237E-001   0.48324755638748790        0.32336942695516138E-001
   0.77834210173988916        0.79505450219217288E-001   0.87184277708315505        0.32226876704327397E-001
   0.19134227308645019        0.77093220412512695E-001   0.84864010889112351        0.32199850728957605E-001
   0.86850651876079754        0.28691015554438062E-001   0.60685130694249162E-001   0.32259870925684518E-001
   0.69006636703131896        0.31255551586198957E-001   0.99565244171619571        0.32223723464459036E-001
   0.27661546977486279        0.20514064438456620E-001   0.55622633325721771        0.32206689248693916E-001
   0.65973365477635615        0.12742404763643920E-001   0.54733154569149556        0.32336580101245987E-001
   0.37819983677610421E-001   0.62634051898607171E-001   0.33523751429687415E-001   0.32270473940885884E-001
   0.75793869513150791        0.67109905344662421E-001   0.74638127028873635        0.32200015914280580E-001
   0.44488652559911290        0.46447233510720602E-001   0.20778936102601844        0.32347567276300275E-001
   0.70367123619991023        0.46447989686784458E-001   0.32127256187422881        0.32297803712945390E-001
   0.21379616433429000        0.64433485406497557E-001   0.46781914330112689        0.32247449451528465E-001
   0.49071067810488761        0.46582397782326833E-001   0.28938331699105968        0.32357018961357738E-001
   0.72403291685606808        0.37827535105927519E-001   0.12211382695794007        0.32295235617483778E-001
   0.12604774751145925        0.28035862365045253E-001   0.68178213612018246        0.32370825545036785E-001
   0.57710478804090748        0.87367798396688678E-001   0.98631326845278511        0.32208226876320578E-001
   0.65220991665221884        0.86774286995389555E-001   0.96839678579689925        0.32198534964006716E-001
   0.66577508986867684        0.62527653191439287E-002   0.41323380344011612        0.32289808341636535E-001
   0.80580645940084550        0.97047401962320493E-001   0.28988451856257846        0.32264967776144397E-001
   0.68522297541508281        0.93525630364001813E-001   0.21537398209826356        0.32194466394786125E-001
   0.56142239756136381        0.58246437492586539E-001   0.45482009928764144        0.32180465394629383E-001
   0.39515410658257799        0.71200010171713294E-002   0.22000931250292829        0.32202745965633911E-001
   0.59661938245947443        0.28178207340535777E-001   0.87473988280484627        0.32189804115634199E-001
   0.59367829637073344        0.72546543512271841E-001   0.70699665274256784        0.32256853683989423E-001
   0.22716543036326067        0.70806509525334335E-001   0.56698678481615350        0.32237470298859830E-001
   0.50022977352366660        0.78254400349667394E-001   0.87559057668800377        0.32248421517089516E-001
   0.93526273894975964        0.54020474846856514E-001   0.34502624647973668        0.32280292054411935E-001
   0.55941320578563480        0.62170621818000552E-001   0.51957221579694612        0.32326502452247108E-001
   0.28491762947092669        0.60229695211250017E-001   0.94833743261216519E-001   0.32238482280245978E-001
   0.50604043928388232        0.38262864844582412E-001   0.22719098701478216        0.32219710329062200E-001
   0.19021376848324159        0.26735171756753086E-001   0.66691002272068112        0.32300210659488598E-001
   0.81653343742797524        0.90426363679088018E-001   0.22605749916626014        0.32286654857789025E-001
   0.86553803279544844E-001   0.78161032091689106E-001   0.72706822556583972        0.32298169695711101E-001
   0.83717591655229573        0.80106832652366289E-001   0.90875869785930430E-001   0.32257379991366887E-001
   0.85701428410916991        0.33692600944267348E-001   0.19577146633021777        0.32219168938857824E-001
   0.34699567611470195        0.63611152313374858E-001   0.23648190082913209        0.32223254681793746E-001
   0.81112565807761672        0.29635440238433369E-001   0.84711158366978934        0.32204653548801997E-001
   0.51469880462754858E-001   0.20663977728823637E-001   0.56305010080961904        0.32306542953741642E-001
   0.43179583758513579        0.27124386704056765E-001   0.79997815946710471        0.32249099441978776E-001
   0.83066258866712372        0.77984746462615759E-001   0.80922836100488349        0.32241453286886129E-001
   0.33665669611570709        0.57146404666567563E-001   0.13336109863865028        0.32334231773377256E-001
   0.98332479604181872E-001   0.66064916235033161E-001   0.38926863554888108        0.32321433752541054E-001
   0.12225297773837726E-002   0.54111043482085841E-001   0.35652005823378108        0.32250150772135701E-001
   0.91387042836936372        0.78431288054451029E-001   0.87472959269715533        0.32251303763542273E-001
   0.52989282197940313        0.76512253392011564E-001   0.79362304847053466        0.32300240609244239E-001
   0.10119793250024678E-001   0.27991485799846134E-001   0.84185397644443472        0.32275242888563815E-001
   0.50905976057982461        0.86618910329879395E-001   0.93907824459071965        0.32309664356576964E-001
   0.47010982463115802        0.78142209656824446E-001   0.81830778491469858        0.32281865461818535E-001
   0.35970086187016087        0.76543648261000977E-001   0.75265727676035876        0.32193990367083709E-001
   0.55456302213697395        0.37234850363418462E-001   0.24311990103088273E-001   0.32245489493706564E-001
   0.99496056444852743        0.27674120204819037E-001   0.77336596798866253        0.32276008483455979E-001
   0.77772360817357722        0.48532541387010741E-001   0.25711953042703795        0.32320428669421378E-001
   0.93509377897954452E-001   0.67991198301983566E-001   0.13567376072443603E-002   0.32261156488532651E-001
   0.38682062118916266        0.72064959498516476E-001   0.69437483354350171        0.32203611855834390E-001
   0.52251139151268855        0.26515477429130074E-001   0.83376912277331039        0.32242970629570947E-001
   0.60738472282197586        0.28224918534830990E-001   0.93837190112386037        0.32212233780835473E-001
   0.13831703038519999        0.67024537502703832E-001   0.32507186326578474        0.32246835916625860E-001
   0.14884827825542058E-001   0.84107622154379023E-002   0.46342152792052554        0.32361128134541561E-001
   0.22952636516782146        0.72354278735622876E-001   0.94482856630679479        0.32288869950224348E-001
   0.18016173146572029        0.70780061227907046E-001   0.52270051138457907        0.32256497538413746E-001
   0.28287064699321934        0.16095698563931775E-001   0.47248970183406999E-001   0.32184760080747055E-001
   0.43008098452216287E-001   0.16799314465304211E-001   0.24212385026295527        0.32288426066745202E-001
   0.44839794041240422        0.63188746256853695E-001   0.35506447060823765        0.32268778239265876E-001
   0.76868208904025570        0.79394595655936304E-001   0.86492330518668892E-001   0.32256479787049687E-001
   0.88500516020055175        0.32614446916915049E-002   0.44966396223479649        0.32249811284504305E-001
   0.69271532360579013        0.61500030380184395E-001   0.59947198175551042        0.32255107344343267E-001
   0.69877649661290386        0.85018275524652798E-001   0.85797015934149012E-001   0.32151585317042181E-001
   0.62604749332535525        0.61889344711902133E-001   0.65183198571725742        0.32238969806397511E-001
   0.30651363824354361        0.13644955852235574E-001   0.24256584539222684        0.32253638894338840E-001
   0.20251681515509859        0.64231015551240708E-001   0.20843707620907970        0.32210978021829990E-001
   0.87790985786256315        0.78766771116984421E-001   0.20672031098753835E-001   0.32348163252861793E-001
   0.55351304614075514        0.22630264256851353E-001   0.75427682754109093        0.32275439813560139E-001
   0.18198004836503573        0.14614228063917859E-001   0.32279096629943071        0.32211764801736244E-001
   0.33989572733716228        0.71102825970531863E-002   0.18665821742909591        0.32229869565295631E-001
   0.31899189808955131        0.78380866676927979E-001   0.94686235879626124        0.32223930662003464E-001
   0.59822896188951043E-001   0.26875026146402466E-001   0.76154760095772078        0.32260499867217872E-001
   0.69296286026525800        0.67936914897452530E-001   0.81487554457902300        0.32331504826753531E-001
   0.59110475606460089        0.85485476627484205E-002   0.48359711141907347        0.32271465396972565E-001
   0.48410302528847238        0.22528536514781310E-001   0.71174191804650910        0.32188745062649363E-001
   0.40630840500851501        0.64368996149960209E-001   0.55561496309108416        0.32228635998138633E-001
   0.90030471152414204        0.28674724897298533E-001   0.98635529431800473        0.32218999154092993E-001
   0.28447776774165762        0.63829374857156729E-001   0.35275350018327928        0.32269968330823837E-001
   0.89007656739101915        0.65512146001554597E-001   0.68354836697287591        0.32312424327890013E-001
   0.89555187021879312        0.78323345841220596E-001   0.16612472728312336        0.32224684004434970E-001
   0.15253029668957804        0.63761817152973355E-001   0.42520315294542271        0.32266782264049949E-001
   0.65729099903531241        0.11533692496901121E-001   0.61987404586625194        0.32296972057791480E-001
   0.27810249734967751        0.26868102787216960E-001   0.77075953971585165        0.32271282652633834E-001
   0.54945665212892036        0.87131527879653198E-001   0.14502972338095141        0.32223121024741584E-001
   0.70902483775930725E-001   0.77678339696729715E-001   0.94155371170671065        0.32261430897373211E-001
   0.81794258316812227E-002   0.16975987171077185E-001   0.17143248072853462        0.32231885303163565E-001
   0.49205090511140731        0.26225363423742855E-001   0.77696785029858484        0.32199106757168888E-001
   0.14565483607764454        0.32030459612391822E-001   0.81309895790975073        0.32270071476876092E-001
   0.71800336980705082        0.17435499599151052E-001   0.70297981578017332        0.32334842842945473E-001
   0.80531744597383201E-001   0.20615662994437546E-001   0.50517934746796611        0.32193388876587049E-001
   0.66889055187926516        0.75258634721611373E-001   0.74123512749301590        0.32268013527616601E-001
   0.52773900361146164        0.96603125796205391E-001   0.27157610510486946        0.32329447132273439E-001
   0.15174321623895452E-001   0.66741263952618243E-001   0.21206446221642317        0.32305935653959103E-001
   0.59262334024986185        0.14667186007440901E-001   0.62175384664361832        0.32282441290330831E-001
   0.97468913683630176        0.53206266432742594E-001   0.48731724273253019        0.32307227336627546E-001
   0.19704432756504484        0.15865156944367451E-001   0.15341809027298614        0.32287752050845095E-001
   0.99034320972422896        0.22397438712488126E-001   0.70860932881016370        0.32213996113725191E-001
   0.88165167078739104        0.38881270549380436E-002   0.29318332397259311        0.32198166062290652E-001
   0.84616086881683694        0.61191879106906870E-001   0.47993728923203804        0.32342125196254547E-001
   0.57080238871522904        0.78488049843247309E-001   0.91968319058107761        0.32210776523203005E-001
   0.99760748093194407        0.67342199700704750E-001   0.27465980281303365        0.32144468179071087E-001
   0.21567641680743202        0.76662633515730841E-001   0.69898431174439868        0.32243717008605260E-001
   0.28412774558091247        0.71618109151577458E-001   0.59783492471297039        0.32216281880074617E-001
   0.22131634373316247        0.20800380780638689E-001   0.52181588308989280        0.32244862728238836E-001
   0.86192177736238307        0.17651124587398585E-001   0.71768449770380760        0.32242505448681902E-001
   0.53548606158644940        0.28182064584417490E-001   0.89698972862919868        0.32299314910712140E-001
   0.29492474372267519        0.27027215484355240E-001   0.84272879300395442        0.32252259599889706E-001
   0.59153712386230228        0.91576121835307264E-001   0.34869918436734065        0.32316124854694039E-001
   0.69187148934020437        0.87246078498682433E-001   0.14991394076674908        0.32313710666328849E-001
   0.36289469109922196        0.21519125202635603E-001   0.66021906569985767        0.32214258185975293E-001
   0.92057047228542421        0.30029419552436404E-001   0.20806813533957985        0.32333380042501192E-001
   0.84181397697823257        0.40436555667762365E-001   0.25812369141287234        0.32227314110416037E-001
   0.18753249646617468        0.20199179524853807E-001   0.93408322612964356        0.32270865530514052E-001
   0.41337879972818120        0.14612310217979494E-001   0.51481988749511165        0.32182636737320199E-001
   0.35746929600080474        0.86702624174648676E-001   0.99795196811397258        0.32270643864131941E-001
   0.79835582787600579        0.11260657053254360E-001   0.57840211894489835        0.32200402325849760E-001
   0.61714580309667155        0.22555590016041509E-001   0.74050509583672730        0.32255511741097351E-001
   0.56952063677737619        0.40478957103264358E-001   0.24643629041757592        0.32269605383684299E-001
   0.54642232872388030        0.58164137758219270E-001   0.38128335011012177        0.32297235586552550E-001
   0.59109014446485930        0.92048274787674758E-001   0.28369609745654223        0.32291806982688333E-001
   0.14785708987361990        0.20806843213033499E-001   0.54757573726668463        0.32190689629955943E-001
   0.38819445633733568        0.86568601513594412E-001   0.65333216722254242E-001   0.32317477214417148E-001
   0.23799381119296947        0.77185021864957126E-001   0.75961056785896586        0.32311273630632700E-001
   0.33219137221834405        0.57779121664370249E-001   0.50544790653042064E-001   0.32291720443315623E-001
   0.14593774443855126        0.13822920189610583E-001   0.38016048601504959        0.32241942836274781E-001
   0.51556718258523238        0.86706788910227206E-001   0.85589837410923811E-002   0.32362235028978559E-001
   0.25724766850747449        0.15181883264332003E-001   0.45850425711118409        0.32220318064509819E-001
   0.26581359474849392        0.21585280324177503E-001   0.63434515246722978        0.32261622571351282E-001
