 3 HS poly
 400 2
 121 279
    1.0000000000000000         0.0000000000000000         0.0000000000000000         0.0000000000000000        0.10000000000000001         0.0000000000000000         0.0000000000000000         0.0000000000000000         1.0000000000000000     
 T T T
   0.65789585992808375        0.29824657687728118E-001   0.69803697635066120        0.37715245741205411E-001
   0.25218660450976643        0.81784734548405638E-001   0.79773559162442720        0.35284389337492110E-001
   0.91506818973768056E-001   0.64361837592658191E-001   0.39735471321087723        0.35947789335363869E-001
   0.45550616049959430        0.88190410657685014E-001   0.37111738206205042        0.34297426638877755E-001
   0.62190242066678403        0.30524742260360383E-001   0.28422593477005853        0.38511040491439899E-001
   0.37563094180540724        0.82056518993107674E-001   0.51247180049507712        0.39943711456930736E-001
   0.85362264943360289        0.27051831389533938E-001   0.17080489281961410E-001   0.35360432336225926E-001
   0.74998714360796770        0.78235788600452674E-001   0.83464620174010018        0.35452187209020929E-001
   0.11502553340792300        0.13211607043534253E-001   0.34626271257316177        0.38284951409870149E-001
   0.10921321544345644        0.73814579712698516E-001   0.64520356799120959        0.35974737530999175E-001
   0.90766412971107202        0.76817169108737107E-001   0.16997747582797582        0.34107717505035440E-001
   0.43405728865530568        0.37725078616014679E-001   0.24561393267952775        0.34304139108231942E-001
   0.98351165952790731        0.73287029904198997E-001   0.45858482378828364        0.37314862243871073E-001
   0.28381298860492604        0.15067244242116746E-002   0.33564615910666179        0.34118998164777432E-001
   0.39239896466735752        0.33013596917266699E-001   0.88423486447913840E-001   0.37583553603250573E-001
   0.49982319816114823        0.32365103214059596E-001   0.99375821060533398        0.38434058130488100E-001
   0.54742745381569446        0.88325152286653330E-001   0.37827888983224872        0.36899062854483820E-001
   0.60704502395567045E-001   0.23820050688331151E-001   0.62371078058161600        0.36814369355037284E-001
   0.37836930762317739        0.31716723296071878E-001   0.80045896719860543        0.34795100875362035E-001
   0.50493253895345813        0.80770715771762730E-001   0.66985382396688631        0.35654877100221048E-001
   0.64302048153254787        0.31522134442280109E-001   0.87376848639751536        0.36931580451681281E-001
   0.27089866762563913        0.74376423190672711E-001   0.62144424450305646        0.40060737328639996E-001
   0.28858572779513825        0.54814010862710150E-001   0.28421142789756593        0.35482806477820206E-001
   0.62551568325430562        0.82139229116578005E-001   0.98306913486509018        0.36445963057747957E-001
   0.31159565415405499        0.32022751212604332E-001   0.96499876414519947        0.37016509668495179E-001
   0.46065109216560446        0.31470851063956203E-001   0.84273878407628000        0.35657230996266158E-001
   0.39257174453058069        0.37754350604103676E-001   0.18817091401383984        0.36045719272715632E-001
   0.25695959837655027E-002   0.64409157723598315E-001   0.37156851515629391        0.37042784597071492E-001
   0.62271851807905641E-001   0.63398613592616657E-001   0.32842725437931380        0.36424698366624653E-001
   0.33332559271261580        0.31776396300143020E-001   0.86031603136294454        0.36750522098881987E-001
   0.98210660236087849E-001   0.22973835887748366E-001   0.45518444348709836        0.35388068250306937E-001
   0.93180712940470689        0.28470751066569128E-001   0.84009159806550948        0.36980446501732572E-001
   0.25668073824431820        0.31312071404701811E-001   0.74384782911597191        0.34585247367155625E-001
   0.94181952452753925        0.95692356957885107E-002   0.12107478449043370        0.33847987974513639E-001
   0.98520735026553152        0.32009193190279124E-001   0.96831364578972645        0.36323385753823663E-001
   0.71435047187703837        0.31133014451427479E-001   0.46068858195874154E-001   0.35722533534557815E-001
   0.88581976229662784        0.78292181080331619E-001   0.66492239019160271        0.38287056935453465E-001
   0.16912836573797904        0.73798625138136606E-001   0.57816491406822201        0.37423835707366328E-001
   0.21558550291761083        0.24394067507947575E-001   0.60645303112260729        0.35966104314501438E-001
   0.46071033897171187        0.81125193372709375E-001   0.72830544529705454        0.35444682933651724E-001
   0.30632945876461448        0.81489324747695768E-001   0.75085105144842657        0.36011195108404483E-001
   0.86251291554457576        0.77215770133971462E-001   0.26731577574596388        0.40652066455692061E-001
   0.51354636420544264        0.30878718660124989E-001   0.62022599880459972        0.35148354707549595E-001
   0.85771396580925618        0.27413689002986311E-001   0.32691757096971502        0.37065444930259171E-001
   0.58266323414551890        0.81430944345634484E-001   0.78059459764678740        0.34349943823205491E-001
   0.19324103405058565        0.86185307785219736E-002   0.21603911615871588        0.35925398265950384E-001
   0.56954804946547788        0.82292748555471640E-001   0.26000203829894741        0.36668844626323575E-001
   0.62815245515590246        0.80091031500554175E-001   0.48932985074313706        0.34863786761069757E-001
   0.13853012373008221E-001   0.30767373967653229E-001   0.36595065914971123E-001   0.37608261759477978E-001
   0.92115066232143095        0.22140983095555733E-001   0.28870646923936572        0.36243064852716902E-001
   0.66649844819457837        0.80748988968105173E-001   0.72815272416835636E-001   0.37762990291421071E-001
   0.59241564286379800        0.30650111131226860E-001   0.73058144984232454        0.35366104064050191E-001
   0.34739741460001339        0.31962042707271564E-001   0.71529846635161787        0.37487347067980466E-001
   0.76336065401399233        0.76928421771092076E-001   0.13217728885496965        0.37082504342129168E-001
   0.63671146830995773        0.29862664553063981E-001   0.43753356404238780        0.37464338651146026E-001
   0.72221662469047010        0.79672906891188916E-001   0.59974200684347856        0.37384442521861336E-001
   0.81934771646586879        0.78416321442305204E-001   0.85631318826685499        0.37178672385584921E-001
   0.97469100220997884        0.23056432270845348E-001   0.51396767856375125        0.37630665049662906E-001
   0.84316804912534993        0.28365324534884113E-001   0.80867012556486884        0.35841148152742398E-001
   0.53703171493637580        0.81202388416907120E-001   0.47769276180224657        0.35099392113375920E-001
   0.17219111395813436        0.72923861176099739E-001   0.50677603179730613        0.34035445200842701E-001
   0.91760019641046087        0.73811123522779604E-001   0.42448651630435968        0.36886669553917853E-001
   0.56717378362954940        0.32461565522321510E-001   0.78117165050715739E-001   0.35390264894029591E-001
   0.86966875556241707        0.78117240187500103E-001   0.55562664939512496        0.37247471010718548E-001
   0.73363558041485100        0.31482159823624588E-001   0.88661789945238578        0.36303473394123174E-001
   0.65673493060468402        0.79660843160857836E-001   0.64388588135981306        0.35883782103734080E-001
   0.27779443240691859        0.49056822139399256E-001   0.39241015530575962        0.39005736964392565E-001
   0.53233921303145293        0.31080762683671007E-001   0.52905362688803159        0.36604123081575887E-001
   0.55255693686124907        0.31496872469955153E-001   0.84803260125573920        0.37873905957115497E-001
   0.50015389935444932        0.88190529147238211E-001   0.31471122261448459        0.37591947238212915E-001
   0.33596869721759387        0.49231219930514859E-001   0.33804409427789817        0.36389184517917450E-001
   0.54444225722849282        0.82218844943241665E-001   0.18400534991599279        0.38389010916748734E-001
   0.13132306529869228        0.80792466876442259E-001   0.87015581241409123        0.39493592723013886E-001
   0.43129729797291616        0.81615550034059792E-001   0.79712337796741062        0.38007856137305611E-001
   0.26533887904085552E-001   0.73755902861710160E-001   0.52564850589471890        0.34848599404757215E-001
   0.75871883073757562        0.79661397983483900E-001   0.40927161815059038        0.38332170829559954E-001
   0.80094692626277120        0.27037093263038520E-001   0.92499120290653422E-001   0.36865105334719955E-001
   0.55630801554531983        0.38245094901374094E-001   0.32314989274445743        0.37998242237268554E-001
   0.62211309461272024        0.81715016578645078E-001   0.17961922411068457        0.38856210803498333E-001
   0.80740448751197114        0.26917590664249109E-001   0.16622795016568551        0.36987829526031621E-001
   0.37885992888704773        0.32828042182252742E-001   0.91825194298838808        0.36814150389230298E-001
   0.22414080980955076        0.24452287189888521E-001   0.67846958705658367        0.36540796661262469E-001
   0.53606904626242811E-001   0.59155928715950358E-001   0.17617132034046912        0.35259652174447306E-001
   0.82842985351329101        0.78438942722472066E-001   0.61582253533166553        0.35685898126788407E-001
   0.32476611807841421        0.81806070688234325E-001   0.91279992146299405        0.36221094080340639E-001
   0.23522854414731845        0.45641115480462699E-002   0.27992128841089930        0.37558934064575986E-001
   0.72966991852778273        0.79723137289426302E-001   0.50224517885931275        0.39366553120435396E-001
   0.88761722573670276        0.26911854948354193E-001   0.21479153914255883        0.35884827323831484E-001
   0.50682627759708598        0.81422760635973576E-001   0.81175384478948942        0.38895047501117615E-001
   0.13453605550361467        0.30687641862939399E-001   0.81748389846837699        0.33109446630886254E-001
   0.19955545979540959        0.31848599721589821E-001   0.78859972867379835        0.37789387509154143E-001
   0.49055477770763345        0.32352375064660599E-001   0.20003882473357495        0.36613667666760150E-001
   0.44881108368558464        0.30796129221712900E-001   0.67428554498743409        0.38846659162435217E-001
   0.39327513475021236        0.82799006924910948E-001   0.86317740510593766        0.38205757542154294E-001
   0.62840578315330159E-001   0.81894002815061845E-001   0.73295774270556524        0.34714160657586535E-001
   0.10992786177093013        0.31850987729052690E-001   0.75227671513345984        0.36589669512870696E-001
   0.33460823658238720        0.83208791863935649E-001   0.76171289984284699E-001   0.39640891513950158E-001
   0.45151428362491597        0.82314729320011853E-001   0.87380063757380028E-001   0.39390668926231637E-001
   0.34055218373899909        0.87848315565050905E-001   0.19192279158789349        0.36050613869174471E-001
   0.24635378217980403        0.56458690552830232E-001   0.22500563866367981        0.36110474006026703E-001
   0.39664615300290706        0.82502253280067342E-001   0.36866496378881897E-001   0.33723472911133680E-001
   0.66713108036082847        0.79762806584766061E-001   0.54966184043495103        0.36871351245719004E-001
   0.80104161023941511        0.77526466239212541E-001   0.34318727140223260        0.40133191380237035E-001
   0.87700098540611182        0.28463428615687427E-001   0.60978387151491031        0.34059256738763019E-001
   0.85186576196295202E-001   0.73627312757075736E-001   0.57196436170370635        0.39027858033636509E-001
   0.69374454150244635        0.78624942580479737E-001   0.15616699112142499        0.36542642392822559E-001
   0.43164418734870626E-001   0.94740912302410524E-002   0.22699565445701456        0.36531785639349189E-001
   0.95979044865307950        0.81445873224306076E-001   0.88386342617034278E-002   0.32397639343845618E-001
   0.71200966350139117        0.79744852585599768E-001   0.69082485224028467        0.36255437985531429E-001
   0.64670445224056050        0.30796244455977263E-001   0.12514359915715387        0.37191329036265527E-001
   0.57519036093572828        0.32399071379397987E-001   0.53258957925572696E-002   0.37716349953330716E-001
   0.81163638452277964        0.28324941138316125E-001   0.74395059530023355        0.36045728703819203E-001
   0.24735200535189553        0.99781721455169947E-001   0.44213863781642121        0.37211983040105187E-001
   0.14381717346582598        0.58728492363324697E-001   0.19893472984774738        0.36323886795640400E-001
   0.68816563746508530        0.79846165069754629E-001   0.44126720758122806        0.34358985945889202E-001
   0.69238470347247894E-002   0.80789305143984635E-001   0.78013399254039728        0.38450025073536301E-001
   0.69434843674246749        0.28004661670870453E-001   0.26844974780886061        0.35603716289358954E-001
   0.29616899117047030        0.48986073405917561E-001   0.46541063808903976        0.35884132258840129E-001
   0.17303901359867868        0.63193291218771985E-001   0.35263414757403339        0.38543850155656700E-001
   0.36516008951950124        0.82015468591315296E-001   0.97380326306534515        0.36752582717015085E-001
   0.44258520083081948        0.82050951946363859E-001   0.46973310228349119        0.37253142085519213E-001
   0.10354093426343586        0.80970117765944441E-001   0.95664868264569669        0.32299493744715566E-001
   0.21828804897679277        0.38071246008416659E-001   0.94004035703141797        0.32215402120080477E-001
   0.18507085043870181        0.58723933589842486E-001   0.26187713906922749        0.32315819768070006E-001
   0.65960512116099013        0.29793948072202682E-001   0.59686843867906059        0.32251003918274845E-001
   0.67523218127737183        0.31978566081554319E-001   0.49927495477859951        0.32256607229677978E-001
   0.81992129842038697        0.27887905167017536E-001   0.23460063454004706        0.32255839769765808E-001
   0.28852115292776839E-001   0.81923278782607620E-001   0.98651125755918123        0.32284939214756919E-001
   0.85024508548909561        0.27987016395516096E-001   0.51104780893788937        0.32233886735936766E-001
   0.50284244401137147E-002   0.82108338298810049E-001   0.92555024962977073        0.32302176790865340E-001
   0.24267181253926842        0.90091537358522128E-001   0.37101052791551181E-001   0.32290859034382946E-001
   0.66679653949309858        0.29929893034936785E-001   0.77144383559424801        0.32319028510378843E-001
   0.19810569894344449        0.81751981179716438E-001   0.83871575148604127        0.32325118309444449E-001
   0.65348938011318891        0.32109909624242788E-001   0.94481362065623453        0.32391931947952993E-001
   0.44119501006726120        0.32260971227839857E-001   0.13911153303218277        0.32314754339245570E-001
   0.43463314612090909        0.87894930888587089E-001   0.29004758929114416        0.32319298469103669E-001
   0.90329057962160564        0.29524910684660677E-001   0.92681332903891533        0.32342060834044270E-001
   0.76166106978094783E-001   0.80959358743320997E-001   0.30691148876963135E-001   0.32285486352519738E-001
   0.84460931773274395        0.76987596812579384E-001   0.19659418000239637        0.32287828132001442E-001
   0.35225902604183268        0.33593635060800410E-001   0.24801610538906581E-001   0.32312326713672346E-001
   0.44956148208965491        0.82214857110768091E-001   0.99683329278376942        0.32378702972987027E-001
   0.57189534464165825        0.35291248105039391E-001   0.58544554342578270        0.32379846371048543E-001
   0.69029210866012591        0.81106423856567009E-001   0.64570531782026539E-002   0.32338294565394721E-001
   0.59688835154322384        0.38511960321120815E-001   0.38068355675810367        0.32359692239611527E-001
   0.58145575030666219        0.31822272242617765E-001   0.14932384530197007        0.32239490728077441E-001
   0.77394749394907958        0.76959101921707185E-001   0.20078147482480455        0.32332572274818616E-001
   0.88730106498230224E-002   0.91434917447273910E-002   0.16726934938677457        0.32260653113665043E-001
   0.81869031176305640        0.79646183139460175E-001   0.98362296415406258        0.32330371325220902E-001
   0.40540003907067546        0.44333138625370375E-001   0.37111144874094382        0.32282839975337443E-001
   0.60188265440518196        0.81513936837270873E-001   0.84901519346332832        0.32248256810938299E-001
   0.44028133760497495        0.32294056836985094E-001   0.37069970238792133E-001   0.32376565737710659E-001
   0.38234547784745460        0.81880859663710712E-001   0.60586098855414272        0.32404709606627134E-001
   0.86309941524420508        0.73789680672901634E-001   0.38060704992843664        0.32288769616124965E-001
   0.10635437005934255        0.30883820667620212E-001   0.91543049968475598        0.32306768997930058E-001
   0.13429060086826258        0.46022282420474118E-001   0.50465873855630554E-001   0.32339966248377150E-001
   0.24396784408962024        0.99218335752837616E-001   0.17140805740229945        0.32283541515774776E-001
   0.47383873873632520        0.30377947161184790E-001   0.56548313476262502        0.32218852403841536E-001
   0.82328685017214998        0.28322267339264642E-001   0.56984886800529888        0.32253222674337133E-001
   0.34741374953766463        0.39401910870506908E-001   0.23974426720649097        0.32326665609572827E-001
   0.55025564695486617        0.82456288866123009E-001   0.96228139450078487        0.32302626590726455E-001
   0.95623222580682704E-001   0.80742223095245147E-001   0.80135892949440501        0.32202286976138979E-001
   0.91173339477986348        0.73295037805743909E-001   0.33742635579931957        0.32386807614439517E-001
   0.35711601211485366        0.48940141109242066E-001   0.41411023469481184        0.32311374639616169E-001
   0.60043388400991349        0.80519293214180457E-001   0.68470532287388641        0.32225381234898341E-001
   0.81111706952824580        0.78020515409433361E-001   0.49902529679126711        0.32345301059204815E-001
   0.86719956483356031        0.97246918792382904E-002   0.81118114344044506E-001   0.32348781885510519E-001
   0.75399597319373701        0.81407018788283103E-001   0.99459696330148895        0.32360047681886536E-001
   0.18854810182864251        0.38779598594601172E-001   0.15813381246230128E-001   0.32278298236394297E-001
   0.48806948693027064        0.82135689160149405E-001   0.94491014544580221        0.32248788472964321E-001
   0.29486967362762712        0.38297552079676209E-001   0.18016408302436029        0.32358616972024988E-001
   0.40861597785339772E-001   0.80448253006030659E-001   0.84371015500741475        0.32311956119444131E-001
   0.90511663548994048        0.59633516202681119E-001   0.97833786812269175E-001   0.32322552534490907E-001
   0.20102043139760267        0.22899988019860835E-001   0.53957703930450496        0.32321312055632372E-001
   0.77930335088277747        0.31556482234332064E-001   0.96197910071129522        0.32247724625610250E-001
   0.12682277392597174        0.99227786255153383E-001   0.94814935923208762E-001   0.32351563603143417E-001
   0.25012955369318701        0.40299116129290075E-001   0.99619358364316601        0.32361727345555959E-001
   0.80085625214691869        0.28402167330584645E-001   0.90099397678856619        0.32365024913375028E-001
   0.69511089707089335        0.81691311790611121E-001   0.93273501201484410        0.32306583040949001E-001
   0.60982520488700453        0.29919024248615179E-001   0.63896626399938494        0.32301254055594406E-001
   0.95951467057125039        0.16381896999346314E-001   0.34593500102820818        0.32359338789822958E-001
   0.70325559018916750        0.29754604520793128E-001   0.64461648325270671        0.32339585108561900E-001
   0.73784791073154032        0.28832241137707621E-001   0.17532736678967639        0.32320590280250937E-001
   0.15279226415869587        0.37827362803853806E-001   0.95992919234496887        0.32313933827136758E-001
   0.66064259190701954E-001   0.81392004794283518E-001   0.90378038237584712        0.32390679803414445E-001
   0.78957050487996139        0.77752507764682066E-001   0.26351244968617377        0.32276335167530062E-001
   0.60525724962084015        0.86499048826747263E-001   0.33770340207518534        0.32254623549098534E-001
   0.57941356646680775        0.80890130162670493E-001   0.53638735183393527        0.32244247303133071E-001
   0.37436922661071681        0.81769582759599946E-001   0.75594141935054671        0.32216148966646915E-001
   0.32869903227745118        0.82643018230729393E-001   0.56827816696483446        0.32286651591398964E-001
   0.39456487301620025        0.32025758708490080E-001   0.46391443566280666        0.32251280041803276E-001
   0.21728304742959406        0.90327327238910585E-001   0.11240926806177481        0.32236907030078629E-001
   0.56109364123579508        0.83552267052926399E-001   0.63148913788802097        0.32301679376018584E-001
   0.65345465043821471        0.29992661468303219E-001   0.34772699394228967        0.32252109549636275E-001
   0.13313331839429920        0.82123272980480333E-001   0.70892305930817989        0.32318548930549057E-001
   0.49892302701515251        0.32516840905072064E-001   0.64799624897599495E-001   0.32321403769726857E-001
   0.27850473356389127        0.24027650970396722E-001   0.56920965198666695        0.32345245997676866E-001
   0.92045715223663682        0.78517601030885703E-001   0.60327163693916874        0.32355227129455932E-001
   0.42925732690266138        0.31348814952388705E-001   0.51859377553509389        0.32285176587331321E-001
   0.29863514679830033        0.24381646348330066E-001   0.66586748387397643        0.32293596587057348E-001
   0.58289222084857784        0.30664036858593036E-001   0.48208707585188504        0.32340419711119256E-001
   0.33522802847766581        0.81782526869501881E-001   0.81274407014424999        0.32282027976663331E-001
   0.62010539068239245        0.30862616159843301E-001   0.53488211953018616        0.32215533514350428E-001
   0.23198862149389024        0.84282860336356985E-001   0.89384930403143359        0.32316676455519493E-001
   0.47454791138999314        0.31426472303852433E-001   0.77259837534098608        0.32316376780094552E-001
   0.42931993682055014        0.80221207355849519E-001   0.56084969510125859        0.32318810927665011E-001
   0.12304538939011436        0.61317647042975237E-001   0.29495810356063579        0.32350380211363099E-001
   0.48756636317942698        0.81666601967307573E-001   0.88036651647292019        0.32270289624937748E-001
   0.23268209306658361        0.50929443959500678E-001   0.49053911921592769        0.32321444432884441E-001
   0.21003580465173810        0.88902080167967898E-001   0.98096900051686942        0.32216332342742210E-001
   0.40029507228124117        0.78724577984182462E-001   0.69506958276026642        0.32375129347697665E-001
   0.58808183813619130        0.79875937070489428E-001   0.43370583741909624        0.32275025585708689E-001
   0.64581593204403343        0.80450644276150909E-001   0.38891373214222458        0.32318597606289981E-001
   0.96417437279857399        0.26711548782010344E-001   0.60747094862565132        0.32278171333432817E-001
   0.49564896430704808        0.87590835709967285E-001   0.42443934837875397        0.32354117024325585E-001
   0.30163956595416508        0.82019746699146870E-001   0.11990515346663316E-001   0.32272697289863726E-001
   0.32496445571931717E-002   0.30729692626789797E-001   0.10666107658271740        0.32300151592507292E-001
   0.84288034111679389        0.29715533993582011E-001   0.95025764093719578        0.32355533778302678E-001
   0.89774885771983604        0.75372243260056662E-001   0.35509558816675307E-001   0.32341073914981922E-001
   0.96216740401642382E-003   0.30442664736151349E-001   0.83040862545359861        0.32312237728623516E-001
   0.93553939071103986        0.25310589884161239E-001   0.51698447939519956E-001   0.32337459539179735E-001
   0.34441044821234895        0.43814453316997813E-001   0.13836452910130917        0.32297926321312523E-001
   0.35168231998863229E-001   0.80796133976067053E-001   0.80746287287042334E-001   0.32313078962939820E-001
   0.15226545212245154        0.23939404493299291E-001   0.66284033429477374        0.32228384674686486E-001
   0.97058566075919794        0.73034398305929962E-001   0.56278623002077632        0.32302332476688546E-001
   0.87296257862691395        0.26783449531729293E-001   0.14324669341748145        0.32293180383521365E-001
   0.29837831627714850        0.89178847794292401E-001   0.13805220187835682        0.32312095617120923E-001
   0.76301419330760889        0.80318602259902921E-001   0.73671227649849280        0.32347440286037324E-001
   0.51950075375845783        0.32155937508528902E-001   0.91791524932700219        0.32369687620644814E-001
   0.38764833998975601        0.94485680108139125E-001   0.33403110489857485        0.32286628066231587E-001
   0.71381830564201984E-001   0.23703905366127022E-001   0.52293157668218271        0.32272603647376302E-001
   0.61253155323946540        0.85314534614872720E-001   0.59179826672667146        0.32285079259923730E-001
   0.42397371702652903        0.83503489905022238E-001   0.93746718066936940        0.32276794800098638E-001
   0.27061046170177699        0.95047919865487147E-003   0.50821878876054138        0.32323488307542121E-001
   0.96164303529505279        0.73475765926181755E-001   0.65305694964809502        0.32335031882170760E-001
   0.17602270361324987        0.87764076864955548E-001   0.92602892148778915        0.32262338922445989E-001
   0.90409656969811558        0.23861939240984148E-001   0.37838482314563493        0.32261917768026928E-001
   0.18917761469502839        0.73966758886158460E-001   0.64536125516281329        0.32309233987825224E-001
   0.16983568520503610E-001   0.23534824961401479E-001   0.56971931255723018        0.32317141907126777E-001
   0.96344707299432963        0.30320590985064684E-001   0.90311746704855156        0.32274771865290874E-001
   0.96990414274679082        0.59145034103168771E-001   0.15474142500733579        0.32322209021721338E-001
   0.69466786806541392        0.29876649197261875E-001   0.39752822985734959        0.32328820308437110E-001
   0.91825278675066480        0.23713329867693693E-001   0.47252487972039703        0.32294544577614631E-001
   0.99150107470248050        0.65124993819173319E-001   0.21559293861076073        0.32357551103970171E-001
   0.16418934839825339        0.99968959766208662E-001   0.14785848392079579        0.32203612083070453E-001
   0.14331901053091525        0.72870083709820621E-001   0.44689149052526050        0.32364461228588305E-001
   0.29761287831263089        0.31782140046329059E-001   0.79685344314640982        0.32271100405038160E-001
   0.98225952942708161        0.12367546182438701E-001   0.25906036479673855        0.32283811360691750E-001
   0.19332711744978331E-001   0.32035934639103730E-001   0.72247997067546399        0.32277583886149402E-001
   0.52517771538507496        0.82508642049312880E-001   0.96475883444220853E-001   0.32345186212745881E-001
   0.21877783838523549E-002   0.23480449963466446E-001   0.66051949358324513        0.32310365991888954E-001
   0.55514132061751331        0.34508463047866464E-001   0.67336311002626725        0.32376980871690685E-001
   0.15375577458258027        0.81850532275025326E-001   0.77056331701970604        0.32367545700605016E-001
   0.85855274427839567        0.78865032086866599E-001   0.75941121313363946        0.32379564188035032E-001
   0.26599985160600087        0.82026595499914964E-001   0.94932279683271470        0.32348010235383889E-001
   0.63127156695260936E-001   0.92640463127090251E-002   0.13166172339900881        0.32250456179074488E-001
   0.17279208406567190        0.32993018491505009E-001   0.72353489707108665        0.32288270166542253E-001
   0.80897715649648683        0.27478706613589185E-001   0.39509752902812029        0.32296804320144791E-001
   0.32491046093100417        0.32117467650211812E-001   0.52494109701938518        0.32296951144201447E-001
   0.10604746340799208        0.73674103114430067E-001   0.50104293185913118        0.32344054933558700E-001
   0.49114671305090962        0.31870688401697454E-001   0.47319533020460508        0.32342473586524617E-001
   0.21184519091966680        0.81805778761618486E-001   0.74022158247750836        0.32294992538242508E-001
   0.75524427199307287        0.26809683537954973E-001   0.23750290997892107        0.32264736055096534E-001
   0.76232042980181192        0.81566030493463004E-001   0.92472979677098355        0.32359869558489615E-001
   0.97068472727172905        0.66453625991915566E-001   0.30560972413474952        0.32333500600661182E-001
   0.85989382155001204        0.79670529114738542E-001   0.91281427209135335        0.32336182652954175E-001
   0.45211421851950673        0.38132393092172527E-001   0.41597837606454441        0.32314009701349518E-001
   0.16650918508004978        0.49560687823754321E-001   0.10660732209172573        0.32258081572829736E-001
   0.58496214765709686        0.31884904044956607E-001   0.21421856505353204        0.32263085836196088E-001
   0.65620494748868796        0.81226376580056367E-001   0.81261626742400406        0.32293778427454130E-001
   0.97122390199982833        0.75274363877095518E-001   0.72371955653133882E-001   0.32374857119689043E-001
   0.55571298565410066        0.81832293624959820E-001   0.89758824934490966        0.32348750441273708E-001
   0.71498532327114250        0.29784129960674085E-001   0.55155238821153474        0.32331853989537529E-001
   0.77963174994144047        0.31311198137853748E-001   0.26797909596425456E-001   0.32319689933107090E-001
   0.76981059976775912        0.82261390798262890E-001   0.65070681670120789        0.32322153706073165E-001
   0.87274840585346325        0.78012773991867096E-001   0.47698075063711592        0.32271554103802620E-001
   0.41278842015970163        0.32229698830385282E-001   0.97856076260932734        0.32230124101506767E-001
   0.13114944487196617        0.87871288862468293E-002   0.24471034848358536        0.32335415388103021E-001
   0.79501292905053433        0.27620027560986738E-001   0.46090025989395783        0.32240672359151318E-001
   0.12671219117898463        0.23825510699995389E-001   0.60212365230343845        0.32259092657059188E-001
   0.81461085607876671        0.78369763475106186E-001   0.69717602267321965        0.32300938362719314E-001
   0.52922711124256165E-001   0.32278559948369027E-001   0.95182213459630227        0.32294219108839416E-001
   0.20309273123262567        0.49948025709774503E-001   0.16222723235705164        0.32349809866691823E-001
   0.27436062456598398        0.34636434960855153E-001   0.90361799977765078        0.32356766576803961E-001
   0.83484703428896934        0.76963719814727771E-001   0.12664140234773313        0.32349976631975953E-001
   0.77773753502673248        0.28300945219209513E-001   0.52393054989962906        0.32314021858086281E-001
   0.26884487865987849        0.74434007238880620E-001   0.69413033662539192        0.32310268769669137E-001
   0.28497694608990515        0.81652066640075266E-001   0.85688582397937962        0.32342812779931077E-001
   0.70459417779096722        0.27811554480212344E-001   0.82449004230025935        0.32198766792055439E-001
   0.95319640258088922        0.15549584002976850E-001   0.19954913772080299        0.32307363356732829E-001
   0.83533708293123010        0.28378048515255161E-001   0.66167591565894102        0.32351973765634992E-001
   0.98005816874631557        0.80336704286692248E-001   0.86574932984195951        0.32298080298559691E-001
   0.26811975988557411E-001   0.31670073890293499E-001   0.89008970579865077        0.32203077075079668E-001
   0.51802236788363343        0.32455669322992833E-001   0.13684157791388815        0.32269414486376019E-001
   0.98481606715994374E-001   0.88098958295084549E-002   0.18582375674288884        0.32357875420766007E-001
   0.88247081416297990        0.83898500242956309E-001   0.97328635589183932        0.32289705862502807E-001
   0.77253178424480340        0.32293153061904743E-001   0.60957346699694592        0.32269664136827525E-001
   0.65209791139090689        0.80621236853691436E-001   0.24411015259432697        0.32268478193311939E-001
   0.16692359433705653        0.86890494371906872E-002   0.29862434881099248        0.32282304387583498E-001
   0.43589323764626736E-001   0.74051795261053904E-001   0.66891615703942831        0.32406973641001702E-001
   0.90120507977093411        0.28363099200292032E-001   0.77265497444340792        0.32339815738845257E-001
   0.14896446449271891        0.88349789821307742E-001   0.21305009964072870E-002   0.32326677667500595E-001
   0.52185714439089381        0.32322864848577805E-001   0.26184902244093705        0.32337816678960511E-001
   0.37587736860334819        0.32018268272929300E-001   0.56473374975072077        0.32346330744589952E-001
   0.18661673215602578        0.31166209040451212E-001   0.87895789015804315        0.32354977756102604E-001
   0.94292481047373766        0.82097557481068589E-001   0.94629185811959637        0.32355893654752999E-001
   0.34058430556840075        0.98521267576666294E-001   0.28969845732422772        0.32397341377716410E-001
   0.71735292768055148        0.28054340368752730E-001   0.11402108629947666        0.32259951926012859E-001
   0.72987309626426633        0.77949404193426691E-001   0.29779497826947299        0.32337999042870345E-001
   0.24472780398857363        0.31403003845119161E-001   0.84505618775159663        0.32348379601815913E-001
   0.13720454639584021E-001   0.73164513638484127E-001   0.61113219490498238        0.32307086692075319E-001
   0.61810928947883970        0.81451825464885760E-001   0.91473293529223842        0.32274153612059819E-001
   0.24833195101728871E-001   0.59627821881142400E-001   0.27086986080185904        0.32280760556911245E-001
   0.73128418100953718        0.29741825107958232E-001   0.45096701776985382        0.32233805354971931E-001
   0.92543888666810814        0.73194037892496303E-001   0.51412664612669268        0.32333135575018795E-001
   0.96338809728379537        0.30922992862968537E-001   0.75479495068076330        0.32298265908427944E-001
   0.46522919156786546        0.82909780165728919E-001   0.61471544601593675        0.32308216703134329E-001
   0.32910177439277716        0.32836164359328214E-001   0.60939198016420526        0.32285380266455665E-001
   0.48352234520515641        0.82364842441161157E-001   0.24702222586643541        0.32306290918640443E-001
   0.78270824493194968        0.78283367985491750E-001   0.56469907271629327        0.32292758362240367E-001
   0.42457196795816665        0.32714893429360507E-001   0.60736507226822023        0.32325212634400274E-001
   0.67309620278453619        0.27805408029549866E-001   0.20167926530275238        0.32409946914829998E-001
   0.55115115584486229E-001   0.30828435110767521E-001   0.79492189129917290        0.32319825334296559E-001
   0.28573130559231552        0.33501769021168679E-001   0.58309587549609201E-001   0.32278080024979380E-001
   0.77115015362128181        0.27650505858223890E-001   0.30006330428299816        0.32246532497247890E-001
   0.45264593324715247        0.38094816802767988E-001   0.32702814349666010        0.32232092087116179E-001
   0.71119777854196620        0.80172771977768190E-001   0.77733672862682290        0.32317023626529252E-001
   0.38071450327885503        0.25001808165009701E-001   0.65428101100089242        0.32341156033553670E-001
   0.97903166500771022        0.82187329688979058E-001   0.71481576568211991        0.32276476297923996E-001
   0.53345707297768130        0.81824722297595132E-001   0.32201683207443425E-001   0.32329445170824971E-001
   0.87349460476801677        0.28428008331902427E-001   0.71403758775167647        0.32394270671805857E-001
   0.24009557128014189        0.51498235834964629E-001   0.33169275437947926        0.32360991053423285E-001
   0.92120293241524109        0.26352957023143844E-001   0.55910209303393976        0.32301970395648326E-001
   0.88831770840861524E-001   0.59526535463340968E-001   0.24009461647894037        0.32268100285871223E-001
   0.91992391406631591        0.33882210183976608E-001   0.98965132474516793        0.32199284999952123E-001
   0.75258639708068800E-001   0.30882368102345039E-001   0.71937262117312106E-001   0.32264762269708598E-001
   0.25220872545025804E-001   0.23259572172582788E-001   0.43381768229655387        0.32282853808658481E-001
   0.60109519396379385        0.82450988198167499E-001   0.47427240728607815E-001   0.32325866664488064E-001
   0.18074996507050919        0.22908834105154437E-001   0.46382042054068556        0.32303040695060084E-001
   0.86897156283524635        0.30175710432493837E-001   0.87188297239728485        0.32317389954378009E-001
   0.59880991242306281        0.82044736536890484E-001   0.11207705471446586        0.32292537809477107E-001
   0.33998137818246649        0.74936705759610520E-001   0.65996114811995710        0.32326273592271110E-001
   0.43737770109754376        0.87681977626901386E-001   0.20161248393870723        0.32334038387423290E-001
   0.39915937547743430        0.82836965480469982E-001   0.13708507434480982        0.32378492026358188E-001
   0.75974685989795521        0.28226271750584800E-001   0.78957117496338036        0.32289036349228889E-001
   0.69063554777591918        0.81500023571496549E-001   0.86732263021711842        0.32342891686724912E-001
   0.58202935816122303        0.32188299986731880E-001   0.93567202117675607        0.32224883064057033E-001
   0.25997241239444663        0.39009060833876362E-001   0.12303505438731308        0.32239292903078663E-001
   0.34047780774603875        0.98950690191707991E-001   0.45166617276278814        0.32286414576798671E-001
   0.80428542596321415E-001   0.13502425600501761E-001   0.28478886003798554        0.32246227847691662E-001
   0.88350295975586440E-001   0.23991544275501209E-001   0.68720997211824719        0.32346397972751913E-001
   0.54712903218328823        0.80719463529024815E-001   0.72408428217712306        0.32331938471653367E-001
   0.66607408233289833        0.80325857817907922E-001   0.30825653768662231        0.32260948115998188E-001
   0.48027634890588039        0.82398568901246430E-001   0.15327290820075987        0.32429160487195414E-001
   0.16370338883394710E-001   0.12983110744455441E-001   0.31506529445160197        0.32319818288041181E-001
   0.64874773856841172        0.31838838242189353E-001   0.24971238100526615E-001   0.32292286703403061E-001
   0.80989858983421398E-001   0.30623790318885465E-001   0.85516212446872975        0.32249074764886872E-001
   0.40328266640340682        0.94302584540419357E-001   0.41207174865359875        0.32338041036149894E-001
   0.29179192605347909        0.64639035522749168E-002   0.23664367759318880        0.32381458434228738E-001
   0.38844055519683629        0.89148043938293564E-001   0.24465686976633594        0.32309121148258416E-001
   0.72154734156713074        0.29884601074620334E-001   0.73691500160150514        0.32273807723976568E-001
   0.52584101066524935        0.81042926684286865E-001   0.57641188395916909        0.32309499987184402E-001
   0.50648095186184616        0.30639877808444058E-001   0.71623128407619907        0.32428229496360192E-001
   0.63742966722575645        0.79789044788619090E-001   0.74257610003609920        0.32276786317386640E-001
   0.93484986895709177        0.24651174397059845E-001   0.68888774463744329        0.32313631715854108E-001
   0.70706430324554748        0.79913349798527336E-001   0.35835233926853260        0.32348237221044351E-001
   0.45472951296976843        0.33532521160243994E-001   0.91041729783163594        0.32249580055567051E-001
   0.10034469338883419        0.31049859563312510E-001   0.99754194357647186        0.32291806459043691E-001
   0.38704985966369337        0.44189187164863482E-001   0.29241111428688837        0.32280097164237131E-001
   0.20918524410012301        0.49532966921838915E-001   0.41202514927941980        0.32285246880260438E-001
   0.75773699104779335        0.81313277607289708E-001   0.62602106083632467E-001   0.32348535711564527E-001
   0.23823196152170409        0.72922138553357288E-001   0.55653279965410540        0.32229437226748092E-001
   0.53922114860129566        0.31413362556762081E-001   0.77250554701864260        0.32346945258229738E-001
   0.10956483974470611        0.54372322836023584E-001   0.13832158857896554        0.32304422407817127E-001
   0.23007756492592246        0.99068299065369153E-001   0.37475045366447723        0.32320941413949797E-001
   0.53750516843999130        0.37758162370585893E-001   0.42598756107981278        0.32357416533405584E-001
   0.91873484492613788        0.78481992659247754E-001   0.88619936913020225        0.32224119721939094E-001
   0.48492546941819259        0.81268810511199080E-001   0.52491714713287041        0.32268395426146436E-001
   0.88471607481662673        0.78406282942973207E-001   0.83013012260470720        0.32368383921480934E-001
   0.96423991812814347        0.23626302266797766E-001   0.41249366351368005        0.32230992902696279E-001
   0.93316732890848630        0.71800872868494278E-001   0.24263619666286895        0.32269237608799219E-001
   0.93726445411143899        0.78296888020095823E-001   0.79232592973520544        0.32258110241361541E-001
   0.22068003739773484        0.40285718221937633E-001   0.71769602371193036E-001   0.32247321111283880E-001
   0.86659332973576664        0.27298451653960762E-001   0.43294321418180493        0.32366769911778247E-001
   0.74818005351020667        0.29812172073189081E-001   0.36031709667554529        0.32244885076934855E-001
   0.76739034998467393        0.32331213480313557E-001   0.69158905333108267        0.32230895365648236E-001
   0.80073522804475927        0.78275543155408578E-001   0.78933122322951232        0.32281629033830576E-001
   0.49987141401621754        0.38299183007816796E-001   0.37198932923892314        0.32267944363893186E-001
   0.15062632595753678        0.22885722403224881E-001   0.40642960373023174        0.32287605496990029E-001
   0.91598751544572987        0.75390917228296855E-001   0.72873191891531630        0.32285826535651631E-001
   0.71497582369729817        0.30881527433022540E-001   0.97187408923808027        0.32319295724759042E-001
   0.82518837341625972        0.77576031323972949E-001   0.43308303445716301        0.32262398880355952E-001
   0.61522298753274685        0.31373261100906290E-001   0.81031028700693719        0.32261573034102632E-001
   0.32839017386877994        0.98920700995748345E-001   0.38489329856656385        0.32311510115122954E-001
   0.82096267044400273        0.77088271318203741E-001   0.48995326392998959E-001   0.32305210994429422E-001
   0.18154118902488223        0.90264920737795365E-001   0.57989603652821048E-001   0.32308005713168234E-001
   0.50578554778745975E-001   0.14318008700920114E-001   0.37506096291331176        0.32274564906520690E-001
   0.13541851570700869        0.21666001181415068E-001   0.53432595403265271        0.32353387089422772E-001
   0.53068673476062443E-001   0.73207826589383171E-001   0.46394899921397292        0.32303752638471524E-001
   0.71291686692370138        0.77445284197482284E-001   0.22239662286198814        0.32376009589006077E-001
   0.41646585567280148        0.31869447759402057E-001   0.74347146072072900        0.32287608729139959E-001
