 3 HS poly
 400 2
 121 279
    1.0000000000000000         0.0000000000000000         0.0000000000000000         0.0000000000000000        0.10000000000000001         0.0000000000000000         0.0000000000000000         0.0000000000000000         1.0000000000000000     
 T T T
   0.45477321806266113        0.54465975031231753E-001   0.30545894015370384        0.35205503500888427E-001
   0.54260830015997885        0.54083107840328430E-001   0.17705289399613416        0.36522202680252559E-001
   0.30680228333347975        0.31835120040709696E-002   0.30149812855797389E-001   0.36776983029842281E-001
   0.64319822472862764        0.40650807940672603E-002   0.97570879806660959        0.38513401758761570E-001
   0.92335526424964387        0.56466856199601859E-002   0.15557655964516595        0.38338289745279835E-001
   0.43432535127054994        0.53618467486099136E-001   0.39613747822470224        0.35843536665465803E-001
   0.30520263225792327        0.54621157976363258E-001   0.28969689215248323        0.36197689652342387E-001
   0.99865818923622796        0.54156259276241452E-001   0.43399805963822730E-003   0.37212930338370816E-001
   0.87868812421955811        0.44172692702426335E-002   0.49746033237128490        0.37398318344096515E-001
   0.76083571256335703        0.41226893619633852E-002   0.71860605914814812        0.38668999661646691E-001
   0.71501696603610521        0.32903649208080332E-002   0.55693400168125115E-001   0.33186401306699947E-001
   0.66434818735374390        0.53649025586182210E-001   0.25709264494438322        0.38726649271588830E-001
   0.50391496318507434        0.54328247617773662E-001   0.53161722970404390E-001   0.37115062918381687E-001
   0.59595699719995976        0.39156235005952753E-002   0.40407405813091463        0.37986914797806297E-001
   0.34681844630998887        0.43116814575694124E-002   0.32701336707646156        0.38384168165772101E-001
   0.70524086552437859E-001   0.35911490964395778E-002   0.35508084374375881        0.35754388613731758E-001
   0.89780088916495637E-001   0.39775800346177311E-002   0.82838173855658415        0.35038214262810695E-001
   0.80650370399512261        0.54236759753741585E-001   0.98208939143755802        0.37312597394754385E-001
   0.41070463239764060        0.32765860782023796E-002   0.68489092489206305        0.39269481154906367E-001
   0.27582174136037607        0.33334605623641885E-002   0.88030179040858803        0.37457407136046734E-001
   0.31398629830073477        0.54423170038323122E-001   0.13478445820930543        0.34823317218159601E-001
   0.36587723728665650        0.53348684754243793E-001   0.81947730839404453        0.38754052306065080E-001
   0.16006327214208818        0.40002478077469381E-002   0.84715996750427836        0.37519493377682823E-001
   0.60707002133423793        0.54385380400333798E-001   0.21185073432562904E-001   0.36165763803369770E-001
   0.81599721889468135        0.54269768524966892E-001   0.73677454559175881        0.37859902764297661E-001
   0.39981113796897333        0.53344416295067844E-001   0.88962296823421583        0.38906266572548101E-001
   0.10435805157561102        0.54180033383640372E-001   0.93520651141520394        0.34495263410569979E-001
   0.64301586315007342        0.40676679592014028E-002   0.80833095532959665        0.35155875830417835E-001
   0.81605287678621996        0.40412076408803434E-002   0.54125628476888465        0.39014144409368061E-001
   0.91299232815967790        0.55364988946339762E-002   0.79019109238370272E-001   0.36108944094779716E-001
   0.18746102081336141        0.31839639140913084E-002   0.12546750738761719        0.38729395189378547E-001
   0.14146464592365074        0.46992285138784508E-002   0.34465571998994232        0.35933775521716359E-001
   0.58872063629198079        0.54003736959357874E-001   0.79176987204188010        0.34952824807594846E-001
   0.70512218801448956        0.53967321160476672E-001   0.55422236942246039        0.35302807881394921E-001
   0.46555419660053532        0.46197556396801297E-002   0.25562855740257984        0.35860311520024446E-001
   0.45738956518271567        0.37307882102627873E-002   0.59555796223616242        0.35951557594520241E-001
   0.21522786181864387        0.35354608540841973E-002   0.75529783164736530        0.35649512813778463E-001
   0.75321515827210206        0.54012885240254285E-001   0.77474371323003144        0.35485704024624559E-001
   0.33767428216452089        0.54480858425914151E-001   0.20571181993458229        0.38604175321064096E-001
   0.34273029996226535E-001   0.31135582833865523E-002   0.66533763544227043        0.34597943522586078E-001
   0.67276138877865499        0.38562378738190104E-002   0.38388501960398957        0.34366621624694997E-001
   0.80542903747164440        0.41058463467737198E-002   0.79465263772093508        0.39224410107976150E-001
   0.83814538069838407        0.39701429636543320E-002   0.23184895186863105        0.37684474211249118E-001
   0.19179303171655282        0.53542004110697344E-001   0.80200035538796577        0.36613308634577998E-001
   0.20987071352132505        0.35949958154085134E-002   0.20487121802573224        0.37392266879831042E-001
   0.11159528827101298        0.98610582042753359E-001   0.43238262085870935E-001   0.32696655108934200E-001
   0.89908171229891787        0.53788374049894505E-001   0.33215354053280460        0.37553656130023198E-001
   0.72550051991912035        0.54127969838697970E-001   0.88455951991299653        0.36792985165618325E-001
   0.77499068021233164        0.41935447939257069E-002   0.95023574630929086E-001   0.38526296555017818E-001
   0.17803013251221866        0.54907183368884872E-001   0.50845497288705088        0.34114498602423896E-001
   0.25041556915260443        0.54649962503012676E-001   0.51230622562692529        0.38246668390711724E-001
   0.53389295531354086        0.54153439894187951E-001   0.96631214809397570        0.34888323274954197E-001
   0.13095495854800898        0.54919907308752194E-001   0.45599523275263482        0.36246475598821125E-001
   0.13773955324683293        0.49164911607804673E-002   0.54399598894772694        0.39220781941563553E-001
   0.81997828220365632        0.54082045290457598E-001   0.56893770379699907E-001   0.38665477158455724E-001
   0.45711326070963287E-001   0.98795322262537275E-001   0.29924227567186781E-001   0.33942635575385703E-001
   0.62665358966697157E-001   0.41569035666115216E-002   0.96229436469333796        0.35691217605337083E-001
   0.70158317615555155        0.40616829520442443E-002   0.76552310183135763        0.36883972042049587E-001
   0.53103305301725123        0.39726192939768916E-002   0.45560406780700557        0.38181428601369846E-001
   0.47793318681685215        0.40786394881798093E-002   0.80906901648537266        0.36627838863688020E-001
   0.85480001565611685        0.37918855883041637E-002   0.30285487057006899        0.35204162911284857E-001
   0.76529409675301541        0.53971306976632688E-001   0.51306752285289425        0.37515767234525196E-001
   0.82256248890731321        0.53740331983149384E-001   0.34645228635310904        0.38517173175268260E-001
   0.43054639409286483        0.35685302291568210E-002   0.96383920623457220        0.35746082032108210E-001
   0.10313804265389116        0.53430574226837460E-001   0.77100104844864126        0.37117952046900646E-001
   0.82210529571319768        0.54075546216460636E-001   0.59191447645630180        0.32387745084196215E-001
   0.26419826051682732        0.44159944790716490E-002   0.45921072732779150        0.35535864436026701E-001
   0.74800936276084418        0.53743074902422472E-001   0.29632677702977867        0.32780989329652045E-001
   0.24228386101239427        0.53279652199144795E-001   0.14137408490858658        0.37090482683626774E-001
   0.31579819433081152        0.33843512763276624E-002   0.79226447379239995        0.36973038018904898E-001
   0.14002383596622048        0.53159169607770368E-001   0.90630700016175805E-001   0.38468572701512702E-001
   0.46685173910514283        0.54159792594229240E-001   0.14195798314738989        0.39304575270481819E-001
   0.50574794065899020        0.53697490817842745E-001   0.61691113289573962        0.36730368577509269E-001
   0.26391817507448806        0.53502613362591336E-001   0.77524340010062298        0.36903559846243529E-001
   0.42788884009630596        0.36540159506803119E-002   0.44529006797734122        0.34410669521110555E-001
   0.78107478552928933        0.40743534891838863E-002   0.24121882641677007E-001   0.32441648387622271E-001
   0.48151894088652619        0.36722650684266282E-002   0.66239809461107957        0.35009307426843682E-001
   0.34123996777676918        0.35256167430569745E-002   0.70834144836468893        0.34044059016965215E-001
   0.15239391101850538        0.52904627409248631E-001   0.19785366817885987E-001   0.32897404380569512E-001
   0.37116776143662816        0.33600909931799879E-002   0.77146481600504850E-003   0.33972655944282254E-001
   0.62693100763789145        0.54050775811634567E-001   0.69254443119492137        0.37661817394879102E-001
   0.55614246088612551        0.53998511559331476E-001   0.72504857552089341        0.38925452617149983E-001
   0.21541078009058340        0.40763932662542376E-002   0.92589891139396563        0.38208468138319775E-001
   0.56124108263169248        0.41045451318727300E-002   0.92003520261676952        0.37316794237155081E-001
   0.32201184527850940        0.35031105474103135E-002   0.63995908062980744        0.36855145626766471E-001
   0.22946568718646992        0.54353305632082953E-001   0.27520343368947225        0.37177303793482587E-001
   0.35805665095961098        0.42806063606733950E-002   0.15545861605103295        0.34774604451310448E-001
   0.41602222683400325        0.36343645538662660E-002   0.53539124045171582        0.37051778356972584E-001
   0.55518620161604348        0.53753714633828380E-001   0.56185196451390829        0.37188114871665776E-001
   0.84480898983512587        0.43369890908279418E-002   0.86542686598294172        0.40676272052395178E-001
   0.16691746366216398        0.53496450018430258E-001   0.73187825525225092        0.37661964546192757E-001
   0.90585232691401352        0.54280410059537355E-001   0.86294662171096770        0.37445434755076244E-001
   0.64475697078286165        0.53754310312800195E-001   0.59402010722523413        0.36971515152474606E-001
   0.91076924944386561        0.42536657482061258E-002   0.91983592691646388        0.38318677398160736E-001
   0.90159518087814894        0.42156188737915183E-002   0.80806045202865950        0.36852697149643066E-001
   0.81533096318798182        0.54097278515597792E-001   0.13433426482373262        0.36699800860912582E-001
   0.99236287796810452        0.53869617692575783E-001   0.46650927849868612        0.38103444843217170E-001
   0.31394778408810298        0.53251546442981773E-001   0.97791818469101788        0.35703041869568103E-001
   0.29651627706978112        0.53433797411682193E-001   0.68669048835702284        0.36086768195558616E-001
   0.64481300945240305        0.53848982732015507E-001   0.43090831845871369        0.36847123045587772E-001
   0.65524047863918899        0.43599165732217957E-002   0.19943539397960819        0.37482216131388989E-001
   0.91388351806891643        0.41169811784494024E-002   0.23085614382193795        0.37401893944181891E-001
   0.15524908877649962        0.36439168222165094E-002   0.61864991470902209        0.37413296872001560E-001
   0.90444826773795450E-001   0.49910103326770245E-002   0.42371050671887933        0.35689808747844907E-001
   0.60937516410383719        0.39728284892860703E-002   0.74466286687603001        0.36593998541489550E-001
   0.56519751803214013        0.43094255210176747E-002   0.59673861045206958E-001   0.39117085407621897E-001
   0.69306405781748082        0.54096204409728822E-001   0.81885197340726734        0.36332682503100212E-001
   0.62728492436405392        0.33635015178901796E-002   0.48117350016925253        0.35700423450409059E-001
   0.99655183965325619E-001   0.53541142216945892E-001   0.31434714994783608        0.34896001768287645E-001
   0.18899773456891494        0.54845988801651251E-001   0.37465754307385551        0.39174776649340756E-001
   0.10859401697917630        0.32986002349148190E-002   0.70943398358703946        0.42201918184410270E-001
   0.75741466462365670        0.53973518131443410E-001   0.60960381964531229        0.34630525668066306E-001
   0.80049607043094084        0.39706170080407027E-002   0.63123015864380516        0.34663816005203248E-001
   0.61555606439575428        0.53979651854212489E-001   0.16264877621557072        0.35897267225428374E-001
   0.70298040964966979        0.54025480372346772E-001   0.70953084001314426        0.38160996166403255E-001
   0.86618557437761945        0.40915593674335712E-002   0.22043021913582955E-001   0.37548734018507106E-001
   0.64473630585180830        0.44153610750735754E-002   0.59463221582841237E-001   0.37184218092107708E-001
   0.62896083451395735        0.53754003890348345E-001   0.35960652747988364        0.36159462482957198E-001
   0.27344263982531647        0.53470224464935212E-001   0.61044128002989584        0.38819578631203833E-001
   0.34384450107740422        0.33048222849446024E-002   0.93642047549981622        0.35778198794948930E-001
   0.26318287809931828        0.54483831299779628E-001   0.21066760969983564        0.35250359133906846E-001
   0.70153027249702427        0.42155012691595870E-002   0.92585964511117902        0.32244967349831281E-001
   0.79992367136073370E-001   0.47711282346041543E-001   0.12753706617595970        0.32207149987426138E-001
   0.96903468361760581        0.51507333642073938E-001   0.33204271977213590        0.32293909523795489E-001
   0.51510673972977650E-001   0.98299581697388755E-001   0.96759603466542957E-001   0.32279842993465452E-001
   0.76993647849028601        0.30892599489981661E-002   0.24781797473380113        0.32239874061183851E-001
   0.35001698438504109        0.53559579588037844E-001   0.60099145341672888        0.32395028417611313E-001
   0.28467134042340481        0.48502884471080905E-002   0.16960118879067879        0.32345789771400395E-001
   0.83233397666829212        0.43345541422269412E-002   0.69014896090118671        0.32300853246397039E-001
   0.93092258962483998        0.53213490918289912E-001   0.65808159264226440        0.32323622755555163E-001
   0.33451568881930495E-001   0.53568917199268096E-001   0.32725739363854495        0.32325184338188692E-001
   0.73545743660068086        0.43756701526811914E-002   0.40673399800077614        0.32361914095306844E-001
   0.27084855382152695        0.34690982591077668E-002   0.55988235820757826        0.32317224612173699E-001
   0.27402357257033716        0.32883043091055681E-002   0.10512983843147916        0.32317109026436350E-001
   0.84463249009952890E-001   0.42413115573359823E-002   0.89549888978431968        0.32262373905843515E-001
   0.78650864914075413E-001   0.53099750718697963E-001   0.66263096354294337        0.32295391178475803E-001
   0.98776294065858228        0.40691091216732006E-002   0.95332599713557209        0.32253017791429063E-001
   0.86343168208036170        0.42751343794428407E-002   0.75029585662439890        0.32270420776638262E-001
   0.51916058366561124        0.39030380416935138E-002   0.86436871717145469        0.32306962605841066E-001
   0.11452454964331846        0.53618092812471069E-001   0.59142282699676563        0.32393042392494319E-001
   0.38806406336807064        0.35905175119961830E-002   0.61678629937093166        0.32341400647601472E-001
   0.93402567795084324        0.39280248676159561E-002   0.29765470320104526        0.32249572209351755E-001
   0.98752266713724612        0.56382731035436728E-002   0.10299220140047446        0.32398327680075389E-001
   0.95274118689211415E-001   0.63573238129397039E-001   0.24796593196133618        0.32316326581459581E-001
   0.67557572969403656        0.51452155833046687E-001   0.49347483576511580        0.32218187626875547E-001
   0.88300098010196648        0.54458412749974150E-001   0.12052706618545234        0.32270197501889468E-001
   0.68149495958187623        0.40330917180803122E-002   0.86448112701438784        0.32261510130010461E-001
   0.72938270060713373        0.53925275100340279E-001   0.44844860751749704        0.32308517527839184E-001
   0.67579243709715786        0.54113298533285392E-001   0.13982797546694764E-001   0.32256874382173797E-001
   0.62537392456408117E-001   0.55022806007524627E-001   0.46052022464640879        0.32285526609377731E-001
   0.32210656574102070        0.53299333479939204E-001   0.89560035131730886        0.32324644206389280E-001
   0.17541709211890746        0.31603692709695937E-002   0.55130988084697817E-001   0.32320850518841510E-001
   0.55270514720422936        0.36877469613192460E-002   0.61043489713806753        0.32150624759757801E-001
   0.88991217548152024        0.31515080911848218E-002   0.66081914665024211        0.32203927976121587E-001
   0.57339104333452251        0.52781435773204578E-001   0.23869596038752433        0.32328635611114084E-001
   0.10695924759721609        0.48639768972883135E-001   0.18614092348382527        0.32257264337771978E-001
   0.57349498797299114        0.43721214426786070E-002   0.98856758907035225        0.32292836525667230E-001
   0.61797241493784894        0.55158730702161346E-001   0.52997861658295953        0.32268327359751402E-001
   0.21136361005568816E-001   0.37449408339017146E-002   0.42541883714965861        0.32309290486230796E-001
   0.25909103164736758        0.54705918310705065E-001   0.35945841538071877        0.32369140065018079E-001
   0.38948712744223030        0.35941737076099142E-002   0.38368451010851978        0.32281299225824261E-001
   0.23840820022764533        0.29167570367132291E-002   0.40388604604713031E-001   0.32282722622834763E-001
   0.47999222134721642        0.52471584440259636E-001   0.44704144708127042        0.32298819227477044E-001
   0.95440685546735626        0.44216264132380381E-002   0.85526185034412883        0.32340464629724383E-001
   0.75622838109729862        0.54406151103062739E-001   0.37126251550561612        0.32290025761776982E-001
   0.74827344720474018E-001   0.48384134367287723E-001   0.63107478624571750E-001   0.32269640248852156E-001
   0.86179692653967888        0.42556624442891657E-002   0.60262751362047229        0.32202524882625254E-001
   0.89812653878717272E-001   0.53820932027928627E-001   0.47720509421682187E-003   0.32287532065889239E-001
   0.67090543142378045        0.40692739616549883E-002   0.67087298912354376        0.32333180812141829E-001
   0.74913584865272920        0.39892873347370499E-002   0.56580822759239990        0.32249281724657047E-001
   0.81286884590688135        0.54461542098553972E-001   0.27622506898683052        0.32323870417262313E-001
   0.84671517512078653        0.42583455118477016E-002   0.95475631632104951        0.32354969820465207E-001
   0.68779862047290874        0.52580245654116411E-001   0.90265385580186999E-001   0.32238438235335017E-001
   0.48274262742511076        0.54394093073318321E-001   0.21201471673932518        0.32296527146502600E-001
   0.15830751761704870        0.46547285265391754E-002   0.41601770932852467        0.32341022552907737E-001
   0.38423022160265180        0.53395567922213755E-001   0.95919261811648138        0.32306644905867175E-001
   0.86732671884388945        0.54606804892810751E-001   0.54541336820628106        0.32271796358975161E-001
   0.97081123445137896        0.42714964756450100E-002   0.40367855643714000E-001   0.32277391447296133E-001
   0.54749893501885549        0.54151131318010887E-001   0.10763942811313847        0.32279827831932312E-001
   0.41021430360219691        0.43455229660049289E-002   0.29562250097026521        0.32348055760920078E-001
   0.71285285634325180        0.41908679094986735E-002   0.98975578750127413        0.32294699351049935E-001
   0.77839564178730247        0.54102578176978312E-001   0.83820225426515371        0.32338934214260921E-001
   0.65054184725459496        0.30794118725798124E-002   0.31038079130961710        0.32295451037768812E-001
   0.37764759744694476        0.55397810203269948E-001   0.11217611484526960        0.32263974787491448E-001
   0.45089246230772911        0.33275436175356221E-002   0.29384197530216757E-001   0.32404185671536551E-001
   0.11497256307390537        0.54561945567848880E-001   0.38405156998649709        0.32226201719327413E-001
   0.91524358363133163        0.54346448518841253E-001   0.76188332853597607        0.32268047169998801E-001
   0.23264676804117954        0.53340890861862278E-001   0.85781637760614105        0.32284348992777399E-001
   0.15966855936561001E-001   0.55904175005286771E-001   0.13333251734493212        0.32308725784961481E-001
   0.27286045870521702        0.53106593070445809E-001   0.63878741923479920E-001   0.32325715249967045E-001
   0.99495482907899102        0.53213576263813858E-001   0.64426178128734546        0.32304123019443569E-001
   0.41134861429197395        0.53162424542696422E-001   0.17871184634447489E-001   0.32231912015172608E-001
   0.74753657163832707E-002   0.76115892175022560E-002   0.72660640545852184        0.32279759543571630E-001
   0.85369643181352553E-001   0.30743301901112949E-002   0.62188829525251577        0.32342834029803695E-001
   0.61391457105873504        0.36881662728773783E-002   0.25583952656607561        0.32268419040434121E-001
   0.39552744982585780        0.54623819491522875E-001   0.34010022485365971        0.32270172916007409E-001
   0.68913853568755790        0.53271739203795888E-001   0.32593200387278265        0.32329574373225055E-001
   0.20396230296689244E-001   0.56479974370501701E-001   0.19849597057510301        0.32221575932235902E-001
   0.53506278093532089        0.38926560939782718E-002   0.36881636638217441        0.32341615212497982E-001
   0.32512942737740486        0.53490406163205433E-001   0.46969577625661357        0.32356972980437659E-001
   0.74805993855514274        0.53635363101932600E-001   0.14996688303613021        0.32316135266883705E-001
   0.17018704424072245        0.49383754469732949E-001   0.23919233704519960        0.32200492834666278E-001
   0.20619064860015371        0.52076290954025210E-001   0.64337591510131587        0.32275981626968188E-001
   0.49313928386045042        0.53632456674831734E-001   0.36164028763780365        0.32318601790508099E-001
   0.28262927900392591E-001   0.53443196385737426E-001   0.26264240808089401        0.32388495947869994E-001
   0.88010718208467098        0.53302532279472764E-001   0.70737501093642130        0.32320824242859703E-001
   0.69732249545614589        0.54240186620430703E-001   0.63916354598902747        0.32310590619436967E-001
   0.48100231060984884E-001   0.53121828627562311E-001   0.60468526110384435        0.32300021295086204E-001
   0.66100788344323957        0.42603062781163331E-002   0.54167909611806564        0.32327809763945663E-001
   0.86724830956347487        0.36009615674553724E-002   0.36926322760291275        0.32215748919051691E-001
   0.94656758198640323        0.54233283755528577E-001   0.95445931827433006        0.32221481724234946E-001
   0.96067102622031109        0.53276350068471347E-001   0.71596814103827200        0.32309550261120534E-001
   0.10813157508593954E-001   0.55536628848137606E-001   0.68873721208052671E-001   0.32288863774712982E-001
   0.40497455268510196        0.53624643555442567E-001   0.73633934022540160        0.32273964648962594E-001
   0.78719445370799612        0.36776847817294638E-002   0.31086132469152639        0.32215450264906534E-001
   0.88298059238941329        0.53702423114648394E-001   0.19241924585967271        0.32298701810963580E-001
   0.51819748533753884        0.40293390394076384E-002   0.13634219673580036        0.32286082143384347E-001
   0.54662579637728448        0.53886076873022062E-001   0.40824615260162955        0.32352478146037353E-001
   0.24849273028334739E-001   0.54150201838111478E-001   0.93586385415098605        0.32317016501310775E-001
   0.38322662493981230        0.34858165112231273E-002   0.77172032928347312        0.32348895646446156E-001
   0.65359728031232944        0.53865583511949477E-001   0.76231979593580379        0.32318010550318070E-001
   0.18645439063059748E-001   0.53989150268829812E-001   0.54551569487801777        0.32202684457948556E-001
   0.26586623138942883        0.53718925096063325E-001   0.92850800388142141        0.32279238270641650E-001
   0.47284268961517051        0.44372902442028671E-002   0.90302811218968132E-001   0.32336073970869676E-001
   0.56029829017457822        0.54127371017741968E-001   0.87154590252358277        0.32306624878967849E-001
   0.20443917220549940        0.57656654855152666E-002   0.31836897092813538        0.32287080495794880E-001
   0.41229325059067345        0.53743740547521360E-001   0.58339487011314672        0.32281842264038706E-001
   0.19321969458162014        0.19557290200189269E-002   0.99281097548954478        0.32269436982514763E-001
   0.77307430013663692        0.43262710001481268E-002   0.94687216818705833        0.32302392306853597E-001
   0.38820110867156388        0.45184256349556275E-002   0.21537508515330134        0.32273388462773750E-001
   0.51345612038392219        0.54734953335638527E-001   0.26903297061902293        0.32340472778871684E-001
   0.37194785247985795        0.35440595088239062E-002   0.48177422498945255        0.32318792411075346E-001
   0.43256191578567649        0.54090985435823337E-001   0.79498686163599974        0.32280536261220114E-001
   0.61702959142994518        0.33894598851426610E-002   0.63371656901409457        0.32324889248008006E-001
   0.57637697464869353        0.53693532206468490E-001   0.64405442400297352        0.32353481249995042E-001
   0.68822977449254097        0.38460099676109563E-002   0.45090165090424233        0.32297996279850617E-001
   0.17020089271279523        0.53308645251084641E-001   0.95688437663357817        0.32325833130241961E-001
   0.61892440481479551E-001   0.13668130419639241E-001   0.22381170079771490        0.32338139530813229E-001
   0.58523451680861316        0.40003830532223837E-002   0.19781585366708346        0.32284247757491898E-001
   0.34147592537826854        0.57337654050376878E-001   0.38436581582348012        0.32356884685098772E-001
   0.85366434995232987        0.54131596763362932E-001   0.81206334783287604        0.32357144431804132E-001
   0.14532246327622383        0.41845970101131507E-002   0.91749176534430310        0.32373039122419879E-001
   0.91959906645304756        0.33018380817018810E-002   0.71825045635998963        0.32258735024473087E-001
   0.95540779422504296        0.53798653137540654E-001   0.19632256037320825        0.32347422952203629E-001
   0.34232272622756121        0.53466741794288591E-001   0.75222058448880613        0.32283148560698402E-001
   0.22331911492841450        0.54466009684600941E-001   0.43730840473038329        0.32249718217077679E-001
   0.28591225199487141        0.54747063199056506E-001   0.41833088583663358        0.32275456440478537E-001
   0.22323409262543653        0.34369734278839404E-002   0.60349935377566821        0.32210495863380255E-001
   0.26778905838489886        0.31078170053049320E-002   0.97315727784651218        0.32260091494937651E-001
   0.89036865069744564E-001   0.50056380254662842E-002   0.49165265093113047        0.32256845967222052E-001
   0.60291122001159880        0.36404485939752402E-002   0.56999407476155695        0.32290967394258768E-001
   0.43952954244047765        0.53430000823403649E-001   0.64226634105934999        0.32263281469176237E-001
   0.23509271219964656        0.52712959218513815E-001   0.99906462155856035        0.32313382755864352E-001
   0.12918376435776938        0.38566398292540385E-002   0.98063861994601464        0.32294470929180433E-001
   0.20991916455379117        0.52652383230091616E-001   0.79029018936439391E-001   0.32372835132451296E-001
   0.83088523147808668        0.54417068728524712E-001   0.48906454525006865        0.32277428176304926E-001
   0.94783646376835184        0.38110335190535308E-002   0.48862367133876872        0.32295954845246909E-001
   0.54504909232383075E-001   0.32601437368614868E-002   0.77068263729858100        0.32320817682778863E-001
   0.25222627445472445        0.99564805029128803E-001   0.66182018813775645        0.32333954778220993E-001
   0.99298588418401024        0.59908421188510233E-002   0.16750582715041507        0.32289830279124951E-001
   0.29666171425207744        0.53384168367784736E-001   0.83622390268561186        0.32272701269574496E-001
   0.82982338035875913        0.38775965675150077E-002   0.44745675102484089        0.32336735155145360E-001
   0.68382388142480866        0.53487014725673535E-001   0.15859240881772321        0.32333847710206053E-001
   0.78443212017947739        0.53813693825059107E-001   0.67322466973573880        0.32273459623995485E-001
   0.36259402725179701        0.53231102240734920E-001   0.66694851750429596        0.32283098738895996E-001
   0.76737270464138496        0.39686852658574025E-002   0.46436142802233066        0.32260711105025978E-001
   0.73997306581905220        0.40451254471969905E-002   0.82363082657321152        0.32318659367490982E-001
   0.71105877343230872        0.37241711405711499E-002   0.27643656592602428        0.32250596479628454E-001
   0.95534902631501539        0.54866289223583914E-001   0.81366444299497453        0.32317597433501724E-001
   0.85313505926129141        0.39768254209467729E-002   0.16346165613940433        0.32321470148446364E-001
   0.73242830577324036        0.54293627108367132E-001   0.95349653028549952        0.32395207546062121E-001
   0.23503794622116322        0.49002869693700844E-002   0.39742222836462848        0.32260252875016875E-001
   0.46669764283961419E-001   0.53189639073498884E-001   0.81134009452764799        0.32248227787226774E-001
   0.93980163759063551        0.38976063079440184E-002   0.61716628831295295        0.32201905979591813E-001
   0.48623295636992886E-001   0.54328699316479247E-001   0.87583561685251576        0.32247497870556738E-001
   0.72944193420814363        0.43714588577449384E-002   0.33976096971385966        0.32325687074481982E-001
   0.99849827643689626        0.47866535555464032E-002   0.29442632370746735        0.32295675789038886E-001
   0.44512263983152028        0.44373583147181454E-002   0.35016205467458095        0.32317722177215041E-001
   0.43301855790488486        0.54194569251048479E-001   0.78736087940929553E-001   0.32362568764320462E-001
   0.27840861796975708        0.34831410659093929E-002   0.72969082694566256        0.32243050446190115E-001
   0.91436082441912525        0.54245907936960228E-001   0.46388733721959369        0.32255743423458119E-001
   0.61086562987472848        0.54143629116460992E-001   0.94501942822514340E-001   0.32331217883045965E-001
   0.74008851034279943        0.54115560487478953E-001   0.20478512914655349E-001   0.32261158130412158E-001
   0.20926347645477050        0.47381087741630136E-002   0.54046656904271373        0.32246973909094666E-001
   0.24214581708973809        0.35180208852345950E-002   0.81786214098767585        0.32246641619418238E-001
   0.58171999384490580        0.41580115425172356E-002   0.83654045150426826        0.32286027003903497E-001
   0.64817571322677736        0.37726530912168010E-002   0.12928413336147310        0.32341279762854877E-001
   0.79624354808047926        0.54141972073374837E-001   0.91275766141487080        0.32286250171907588E-001
   0.62622030087378178E-002   0.30107157322068080E-002   0.60425183597629262        0.32397616364216536E-001
   0.37279729450169741        0.54478352771617992E-001   0.27803608083954856        0.32330743703213552E-001
   0.44476678361645700        0.39852422818250893E-002   0.74822155242360877        0.32252663110687210E-001
   0.96808027984583356        0.31828754548024795E-002   0.67553396029427970        0.32339281237966117E-001
   0.69281284708932267        0.40580016759592134E-002   0.59822393910262339        0.32278810786757678E-001
   0.79195710077411396        0.53865817931545483E-001   0.43128983060035520        0.32342828641505991E-001
   0.54798108988613625        0.41924826676283753E-002   0.67480799861520402        0.32223449017331020E-001
   0.35351268931764557        0.53998731432130936E-001   0.47572050320348308E-001   0.32249580874783412E-001
   0.48135771731255977        0.23362150416546212E-002   0.40495049819364870        0.32354380384333872E-001
   0.58963363726993978        0.36858591670795617E-002   0.33391556484520274        0.32340646697392707E-001
   0.72478471819936863        0.34140860576235737E-002   0.19274318431139656        0.32261737018784584E-001
   0.50521507098731067        0.40886642118950125E-002   0.72540270292183773        0.32287572369737928E-001
   0.84818984002205677        0.53774541594104691E-001   0.65117252168047102        0.32272225780444960E-001
   0.56843750659541270        0.37230003356354398E-002   0.51536434551066057        0.32304078367204690E-001
   0.33722040897590927        0.84923150291940832E-002   0.91838061950493086E-001   0.32207695222124730E-001
   0.14046423289113188        0.98640415993469149E-001   0.20976844273873188        0.32352111579523002E-001
   0.91035162140171677        0.39530736214357931E-002   0.55956731400719306        0.32314133888902072E-001
   0.49534081570150135        0.40284871059248816E-002   0.94273982203259854        0.32384412244416780E-001
   0.52543482117554507        0.53750670068726504E-001   0.81660062119604671        0.32258943683068600E-001
   0.40207667071394065        0.51648437426325744E-001   0.17334914954551561        0.32260366306169179E-001
   0.26904806547456989        0.45925424319097526E-002   0.31947727678673510        0.32291697847330554E-001
   0.73144213990688733        0.53334019939308600E-001   0.23322823160073120        0.32255667670576076E-001
   0.27354320602008969        0.45708186804005336E-002   0.25501367832015459        0.32301995196043286E-001
   0.43136264387682027        0.53711703265244506E-001   0.48964839820138090        0.32266718938121774E-001
   0.71279439364561703        0.35682192592599881E-002   0.12875688815117781        0.32231183581931312E-001
   0.85340713934146706        0.53941133794250355E-001   0.41098080267700371        0.32305479766806783E-001
   0.62916643361172142        0.51857634537735620E-001   0.85722795134818586        0.32208354919104037E-001
   0.95904188529487455        0.73443097538431652E-002   0.76951416989710353        0.32338230068455792E-001
   0.44776549111656422        0.40828915986477182E-002   0.18969979488583008        0.32345767582837949E-001
   0.51490066322598960        0.52473949196278451E-001   0.50448987781788945        0.32231132705019365E-001
   0.14871831852149037E-003   0.57462268800868854E-001   0.76687808830743398        0.32218816543995402E-001
   0.23060338935026825        0.45844250514439869E-001   0.70346013386967488        0.32305756220398447E-001
   0.18482113813741766        0.93191168469799936E-003   0.68197454895245668        0.32356752864915218E-001
   0.54577610732009152        0.37801876067470510E-002   0.77730745690622494        0.32295319510918935E-001
   0.92834629936900670        0.55580333817012252E-001   0.34396942242322773E-001   0.32309415592121880E-001
   0.77292885933252198        0.41303273540610527E-002   0.87924586842611840        0.32233227094211885E-001
   0.97704997443331498        0.40354452032458415E-002   0.54627217848834797        0.32324600746150650E-001
   0.50830267228417636        0.36595439224040983E-002   0.54920842009234550        0.32282309126025692E-001
   0.55358049241596019        0.49796903248381496E-002   0.27934365201267697        0.32334825632588861E-001
   0.50875843970873642E-001   0.53556468510291270E-001   0.39694099930099003        0.32283069847169853E-001
   0.29671791347850163        0.42467108604535599E-002   0.37784796444441032        0.32306091486990984E-001
   0.54804018162998469        0.53693552193899763E-001   0.32719131568825893        0.32333797267284574E-001
   0.96916107808948349        0.54644451597437416E-001   0.89392733360748311        0.32363760093725047E-001
   0.86075530958860869        0.54285638290563425E-001   0.91614432696783965        0.32268958269061808E-001
   0.90282610840715560        0.53962547958870025E-001   0.59989244456450752        0.32270972357529390E-001
   0.98363263208633978        0.33306599440101649E-002   0.23140168201495848        0.32325795742775124E-001
   0.38323212231851683        0.54120324055112017E-001   0.44124826849602605        0.32290194875377404E-001
   0.50341905499447159        0.54029943324031098E-001   0.90228162072415663        0.32264098962322629E-001
   0.98627119622125414        0.52227914541751554E-001   0.39638970811562796        0.32289057861065375E-001
   0.93721186496819975        0.53989284604923041E-001   0.52826842079245517        0.32241031893372761E-001
   0.86547201306482940E-001   0.54975393082111690E-001   0.53271719955411145        0.32347120601463393E-001
   0.11491798755719047        0.54240306483082326E-001   0.86700037313543743        0.32307485945561487E-001
   0.51006371531593278E-001   0.55732705329510850E-001   0.72498783139699574        0.32263123206578301E-001
   0.60444021001268222        0.53702419077717049E-001   0.29559781352608439        0.32298390320372572E-001
   0.14330509764176827        0.53666673780031648E-001   0.66590389098535407        0.32309786022109849E-001
   0.96659279839763113        0.53920296391071654E-001   0.58611194905288144        0.32292480447555123E-001
   0.36944384940701308        0.53481981656889915E-001   0.52280249329302453        0.32309190484758360E-001
   0.45204157671712780        0.40380792322013744E-002   0.89458517898821177        0.32324003345165192E-001
   0.95628897524508871        0.21399844466427525E-002   0.42451365538704472        0.32340104825478541E-001
   0.42288151071385000        0.54437133496400572E-001   0.23720539424217479        0.32254548533598368E-001
   0.11991551615305736        0.98814838624428261E-001   0.14704626211385691        0.32268942303003166E-001
   0.15069552359648841        0.34468874925667695E-002   0.77804213292807378        0.32226119714759478E-001
   0.33811787550579070        0.44863344950904068E-002   0.25617455047739068        0.32282438230229457E-001
   0.49951076478502693        0.42333299151648442E-002   0.31476718524550640        0.32295529380137931E-001
   0.58028487156746245        0.54440186420616467E-001   0.46850886150216958        0.32370711214311350E-001
   0.41572854269907067        0.45735855464339266E-002   0.83930636548403936        0.32253555156846567E-001
   0.46471462658440121        0.53941538274839995E-001   0.54512119854703067        0.32279656981200180E-001
   0.94716301600444541        0.55630438224184078E-001   0.11143841581053862        0.32401902475966617E-001
   0.46090450998443588        0.54518392450756514E-001   0.70375991676035099        0.32326883543808548E-001
   0.17816614800941682        0.54132364942280076E-001   0.89274188109593144        0.32312197249240969E-001
   0.89181344029168574        0.38421021065187136E-002   0.42900447863886232        0.32294969908122445E-001
   0.46979833292239376        0.53765161265385830E-001   0.98886768945052561        0.32312013954977646E-001
   0.46111175040677810        0.54203837316290776E-001   0.85349635466907325        0.32234970169607691E-001
   0.35074929291382267        0.37376229823479590E-002   0.55953975763999275        0.32279629307518778E-001
   0.79308003983616482        0.54056593164267398E-001   0.21241610294147337        0.32251959846230423E-001
   0.58141829762274382E-001   0.49864296819268194E-002   0.56270029278718514        0.32334880642957538E-001
   0.52424891464005985        0.39348611018149354E-002   0.22094309634645320        0.32313153985300706E-001
   0.62641976780938524E-001   0.30974490881997894E-002   0.28755746946471117        0.32227222067760089E-001
   0.66059349263386169        0.54235281643175696E-001   0.92827672138055717        0.32365871808011322E-001
   0.73634542114835522        0.43319253091181524E-002   0.65197769147576812        0.32254407341520859E-001
   0.88405723263148539        0.53989812719831033E-001   0.97659496294059200        0.32269334887606138E-001
   0.31053531431894460        0.53511962660137739E-001   0.54948827493819230        0.32317909167225649E-001
   0.47262021120481834        0.35443616333937183E-002   0.49518014015238809        0.32311311307261933E-001
   0.62821560446120539        0.37299307512621595E-002   0.90117718413469061        0.32256820233738319E-001
   0.16609454654248962        0.55703720505690960E-001   0.30405442697712376        0.32243684462133146E-001
   0.17068118092028903        0.52405831248273672E-001   0.17404050178274669        0.32355274592539174E-001
   0.78608177499497900        0.40240139753107010E-002   0.17205503468912622        0.32335018506342184E-001
   0.25656655012346569E-001   0.42064390012936971E-002   0.50373969135648766        0.32237542213576963E-001
   0.39506905325469505        0.41826698979394545E-002   0.62758391813874159E-001   0.32261668031843341E-001
   0.53061806440575943E-002   0.34584375080207231E-002   0.81487471092040975        0.32349230101260472E-001
   0.51118693128436776        0.43802272019667927E-002   0.54353755204302780E-002   0.32241412037627273E-001
   0.25976252676010161E-002   0.22705662273703633E-002   0.35882158101666539        0.32267299555662710E-001
   0.93758437660516747        0.38922549367562788E-002   0.36236355315698365        0.32270579803612996E-001
   0.13581743632718696        0.69968300105227076E-002   0.27387378662633904        0.32325427507915810E-001
   0.18407434261628300        0.52724107068073935E-001   0.57695338273606012        0.32293972876833672E-001
   0.71666218988186925        0.38922697092872599E-002   0.50888691854514811        0.32266269769785708E-001
   0.84754991956726178        0.42200421136994667E-002   0.99111023405343834E-001   0.32247670189668461E-001
   0.35316927007941562        0.32823934874033852E-002   0.86866990004642775        0.32376994157733117E-001
   0.10404456570820468E-001   0.45231675830806565E-002   0.89180431754899747        0.32302550648452312E-001
   0.58262380382005385        0.41161000173882091E-002   0.12908566831750373        0.32420771958607569E-001
   0.92026817822347695        0.53904639759106802E-001   0.39943424842717107        0.32309559275723029E-001
   0.92883478040273093        0.41644426047916430E-002   0.99122608871720141        0.32235021380707760E-001
   0.19649499704566609        0.46200226399799680E-002   0.46839697138239916        0.32284649704828451E-001
   0.95980634633168127        0.53581500423508559E-001   0.26519678989214646        0.32336511682713835E-001
   0.31110493337145845        0.35163758092104135E-002   0.50841407914103787        0.32360915017312801E-001
   0.41730358451924449        0.54571617458125162E-002   0.12365146652510782        0.32330238325717416E-001
   0.59951086123734099        0.54071122010548436E-001   0.94996289616490970        0.32346430074100298E-001
   0.48901891726880803        0.54088093688761829E-001   0.76291177671394528        0.32280297588686648E-001
   0.87735772402784129        0.54039920051726288E-001   0.26317102262136488        0.32292096174982132E-001
   0.79842467532806183        0.37881568604786705E-002   0.39068265210459446        0.32290496342912048E-001
   0.34029021521420988        0.72992176033089169E-002   0.42552491186796271        0.32335226996762376E-001
   0.56894418599202523E-001   0.97766947342333071E-001   0.16126866820216465        0.32325477892573277E-001
