 3 HS poly
 400 2
 121 279
    1.0000000000000000         0.0000000000000000         0.0000000000000000         0.0000000000000000        0.10000000000000001         0.0000000000000000         0.0000000000000000         0.0000000000000000         1.0000000000000000     
 T T T
   0.89831288210796023        0.72185458425279250E-001   0.63843457741542853        0.35597615347524904E-001
   0.38091266121098882        0.72098734986125304E-001   0.69907099115922999        0.35637019484124968E-001
   0.66128224525076426E-001   0.72065389897978588E-001   0.86061594788197548        0.34685285275246065E-001
   0.51555323245349294        0.22470437886682175E-001   0.81818098870360578        0.33626414395489690E-001
   0.23264072079100462        0.72203073306946489E-001   0.98741311489805905        0.38960252463307816E-001
   0.78782291714541808        0.72161833728842814E-001   0.69849689157828443        0.35103034150348607E-001
   0.62861647228576112        0.71916950276644256E-001   0.38385646243864113        0.40804846988356257E-001
   0.49592584172412219        0.71845639615147422E-001   0.54418845807708094        0.38681982231236881E-001
   0.77165405685558708        0.72050857259736048E-001   0.19552041936021250        0.37023067947271934E-001
   0.49046126825982911        0.72026848071513591E-001   0.28985579580187387        0.35442226587506773E-001
   0.92278773340333176        0.72086859891415292E-001   0.49185755404257075        0.36159986660975682E-001
   0.99794569034094360        0.22102407657091774E-001   0.45868322616344143        0.35635651448919191E-001
   0.80609079048494559        0.21702160975615493E-001   0.78478820986115549        0.37926721632451858E-001
   0.42937228971881458E-001   0.72216539624963813E-001   0.14307563127363929        0.37162172754994074E-001
   0.42345891924747453        0.71733591315837245E-001   0.57118283649867507        0.38505334316448973E-001
   0.82327456163328228        0.22040115515024744E-001   0.19913320408999130        0.34849135035231481E-001
   0.96369962598670089        0.72389415136897020E-001   0.85512157173639483E-001   0.37827283634929348E-001
   0.43856257742426052        0.22606038742050173E-001   0.25474218362735968        0.37508511072042353E-001
   0.99258866826842637E-001   0.22156050673626117E-001   0.53695725256185223        0.36975030641068635E-001
   0.22407037980363737        0.71363015811534591E-001   0.37491577680301374        0.34756881934534273E-001
   0.82368954073371900E-001   0.22092298718756620E-001   0.46648200508968907        0.35344223285588124E-001
   0.77604037576473162        0.72472977301282812E-001   0.49239806016687410        0.37159661989651621E-001
   0.75650073394047990        0.72266549212851250E-001   0.34145844745025432E-001   0.38160089469185733E-001
   0.49570971263991426        0.23626053966647041E-001   0.20877935642978318        0.35694393621971444E-001
   0.89561441189106716        0.72270563036091931E-001   0.11729248584868646        0.35953160506760992E-001
   0.51268496771647143        0.72241154523804016E-001   0.61702763005486150        0.35952087778217512E-001
   0.26721343322208274        0.72208344100657934E-001   0.83066540311171833        0.37764005802870093E-001
   0.61254071176370495        0.21845559593206252E-001   0.57618950106709710        0.37268819415851744E-001
   0.34787670793200515        0.72352979508095480E-001   0.83313908023393157        0.36275150436558684E-001
   0.40317903623757251        0.23714709723706883E-001   0.18837598699584307        0.37442736831257976E-001
   0.67234658965156047        0.72430137729450603E-001   0.90915353953414990        0.36508100398322169E-001
   0.78736701769875794        0.72379477918941434E-001   0.33645767238334967        0.36790332038645762E-001
   0.26091843989369262        0.21990352385610059E-001   0.54827750115323803        0.36999458308288630E-001
   0.86356169177241260        0.22313174323241189E-001   0.47421800645706729E-002   0.37055561611518975E-001
   0.66340602977965080        0.22377977906441551E-001   0.96013588182049170        0.35398188782500006E-001
   0.97397760421924529        0.71706030429449161E-001   0.72596087869457981        0.35452534704216485E-001
   0.79985986418399257        0.92992181283131400E-001   0.26102287332458124        0.37190117115333474E-001
   0.46541600765935658E-001   0.71554876864864378E-001   0.72578558740971322        0.36934844481158122E-001
   0.41357850727962657E-001   0.22173881408546620E-001   0.39732175410055570        0.37169840160689908E-001
   0.97334485331855780        0.71892190570819345E-001   0.65647798837037075        0.33818895471590116E-001
   0.85468159223878168E-001   0.22330697352298194E-001   0.17651920043707045        0.36414562845894186E-001
   0.34076536136657412E-001   0.22167274513059138E-001   0.90019167088915386        0.36558766410586661E-001
   0.91347944074854880E-002   0.21541693160849536E-001   0.76541331358676357        0.36965787175965291E-001
   0.53664832835875143E-001   0.22341384100278899E-001   0.97761432700283279        0.35427312304927946E-001
   0.21529340037964609        0.21969142862675900E-001   0.65145368334055143        0.37934026143057603E-001
   0.17573740871051685        0.21726727041733257E-001   0.87356520685746364        0.36985171953159320E-001
   0.51796212963396382        0.73688120561506226E-001   0.16277809676220320        0.35750237524558921E-001
   0.84528564258027061        0.22449176366750197E-001   0.99537621264880957E-001   0.36904236081433277E-001
   0.78059142250244629        0.22071247621097800E-001   0.13905480974774970        0.38843441544065729E-001
   0.91139434031951427        0.22324843368556911E-001   0.66624179623971422E-001   0.36899329504877044E-001
   0.35115387735732900        0.21954245927370986E-001   0.44230235551144720        0.35253043283757605E-001
   0.26044326349088293        0.72426852798930241E-001   0.28917652483277212        0.36440610475518644E-001
   0.41096626822443572        0.72389339383588214E-001   0.30248055407650393        0.36715782472512254E-001
   0.85904665556142701        0.21864111032697808E-001   0.67340086257242537        0.36673165930695265E-001
   0.64640798566405866        0.71833255937734292E-001   0.53617793491800669        0.35065310579660051E-001
   0.28465146707883937        0.72932765538245264E-001   0.19347732643314147        0.40366534955216450E-001
   0.77387799319967610        0.22348678466431696E-001   0.97047457551284866        0.37721602135485505E-001
   0.70144508329413446        0.21766197346435961E-001   0.63589299464575089        0.36731793958052518E-001
   0.60558431092426583E-001   0.72168669852268372E-001   0.57763603605371583        0.38020808245265686E-001
   0.72976667427100828        0.72289081517963927E-001   0.86756532435296363        0.34097540119280498E-001
   0.98414657007838313        0.71934750209002321E-001   0.58469678610034859        0.38709544990361500E-001
   0.67874129907913772        0.21902178912194162E-001   0.35497415522872322        0.35639926605536491E-001
   0.34474440525281291        0.21882874738440319E-001   0.66151334768083503        0.36107373137605252E-001
   0.82916383834113587E-002   0.72202338080163603E-001   0.30166975788940729E-002   0.36545086614859980E-001
   0.64305271730579139        0.72263027291169096E-001   0.84188079419775996        0.36816111355903146E-001
   0.14647184255897455        0.72150991533400766E-001   0.56375406662060346        0.36819034182125329E-001
   0.79269245172383526E-001   0.72301667357960814E-001   0.93142510970693904        0.37159382486741471E-001
   0.68523160629392710        0.21929119373590020E-001   0.27608201051793430        0.37938245061935112E-001
   0.19601875586167511        0.22127972764571176E-001   0.58056376522697306        0.35473593975042399E-001
   0.65408260539416141        0.71744511274196635E-001   0.61106636162260775        0.36424016050773327E-001
   0.73666123584895349        0.22332292924709445E-001   0.81544903818931713        0.37970606206334682E-001
   0.83352654130642578        0.71152783505596146E-001   0.15135991217712694        0.34034478372221087E-001
   0.13582027122497914        0.71847297610700481E-001   0.34517845969663435        0.35342767047740586E-001
   0.35230514021670395        0.21906272854920542E-001   0.58628478232193337        0.38919954818210700E-001
   0.70922483924380564        0.22137781159783061E-001   0.16283667122648690        0.36159936568571513E-001
   0.70083527273139079        0.22291423898055256E-001   0.22747746943762796E-001   0.37379474951694046E-001
   0.53597520659406539        0.21832414586724025E-001   0.50790912969818747        0.34862617877342107E-001
   0.97298198940470992        0.72295488367883201E-001   0.15937579585133183        0.34232607524456254E-001
   0.84987441041175416        0.72375392979864631E-001   0.47895527365964063        0.37849917631431550E-001
   0.27011062809400749        0.21833750598911451E-001   0.39910360426164282        0.36553308887914825E-001
   0.44410294702987740        0.15848246211045296E-001   0.98438985680632540        0.36861892367865072E-001
   0.43157748227445608        0.72554808068904547E-001   0.90757315361868562        0.38990090779167472E-001
   0.28387193310722364        0.22378288857387102E-001   0.11507628683659923E-001   0.36433373250163117E-001
   0.38178653725682588        0.71869082951147814E-001   0.62993324818766694        0.33491053299340254E-001
   0.60100049355654306        0.72043474072702174E-001   0.69183870539512560        0.38295326726704021E-001
   0.35523885170810843        0.73362606537540495E-001   0.16956547590819249        0.33959374689928178E-001
   0.87596378250873097        0.22411260482261400E-001   0.24520909401054267        0.34741492485028634E-001
   0.19260310557230920        0.22083376961155282E-001   0.94590003973844139        0.37275958848845062E-001
   0.99816857182879126        0.72179299489671903E-001   0.36061296681002059        0.38392617849465058E-001
   0.41673236587137513        0.73691353304535481E-001   0.13617438241614507        0.35970699807906979E-001
   0.90018476763116773        0.71957719044575472E-001   0.71357112187963989        0.39221482046649915E-001
   0.85276914099860296E-001   0.21824799004747420E-001   0.76164198594755361        0.35528813473363723E-001
   0.71702582337529530        0.72321820423125807E-001   0.96877302782218933        0.37842425689495945E-001
   0.57802472858824061        0.22278474455120843E-001   0.93429991107745847        0.33869586542032676E-001
   0.51798551615799437        0.23686111017759127E-001   0.11071994717944596        0.36419043285037152E-001
   0.16394158823884145        0.74600253202781824E-001   0.55052370403568793E-001   0.35025817306504940E-001
   0.55865497938963254E-001   0.72177532460914864E-001   0.22260582992180350        0.37608328549686564E-001
   0.92854462451482533        0.71118273956146158E-001   0.26739976886777689        0.37971676147928062E-001
   0.81615671076370200        0.22404513506490191E-001   0.38467607123260661        0.38103608635214913E-001
   0.38430510372813703        0.71818805858577334E-001   0.40066024314224291        0.37574339414412079E-001
   0.46587639934449604        0.71953337842960388E-001   0.72075297163973662        0.35465446476734573E-001
   0.54663744540594794        0.73593272935436355E-001   0.23514648137152114        0.40357279626341780E-001
   0.31113918373716609        0.22374560558205976E-001   0.31059274923367419        0.37775170161736885E-001
   0.75459846055302904        0.72107008525339578E-001   0.76221403938535703        0.36694464033629116E-001
   0.93822755963944771        0.22211325467033180E-001   0.20254662094552842        0.40174577085305391E-001
   0.32708063536146254        0.72362148123499906E-001   0.25766433860547217        0.36471869909073994E-001
   0.13745730565045374E-001   0.22184744918268003E-001   0.18822395094209182        0.36235387176654768E-001
   0.99296861502361133        0.72105656820888445E-001   0.51017616076700967        0.36267441801411393E-001
   0.78639224072989689        0.72341979345591723E-001   0.56321543678450459        0.34407001274692491E-001
   0.42146594553832856        0.72310607181358372E-001   0.83089854176566336        0.37254864281887581E-001
   0.28427428247690517        0.72272705226566911E-001   0.90332857924300425        0.36820816512339261E-001
   0.76967701907610686        0.72415575594717077E-001   0.41776593300187742        0.37693023287303618E-001
   0.12206017575768185        0.22146844063428837E-001   0.96108460779322002        0.34875838535110809E-001
   0.48111967722001558        0.21777333946865145E-001   0.67116237997992056        0.36463359179631914E-001
   0.27430878806591003        0.30844867089871164E-001   0.85358108460458978E-001   0.38510461754540447E-001
   0.84550361205778204E-001   0.21486493198009975E-001   0.69155296551300871        0.34543828835561646E-001
   0.81943372933699754        0.22336234750397643E-001   0.52515773118177067        0.36563956579937544E-001
   0.60811544071034063        0.73571437648205881E-001   0.18783523326662432        0.37171876899814091E-001
   0.55427280164742809        0.21961645502518543E-001   0.71918157931625126        0.34850538658612477E-001
   0.58332843718162286        0.71838917103161259E-001   0.61952253400431612        0.34652500485903660E-001
   0.38680079573606274        0.22226153056964640E-001   0.87261058473122466        0.36414574567912937E-001
   0.75109356850557729        0.21902191534286415E-001   0.30465225839121990        0.32344771928459297E-001
   0.88860658428173922        0.21733311659088792E-001   0.82200307770952319        0.32288230705595528E-001
   0.11596440503636864        0.71482851066825004E-001   0.72302473067652018        0.32342901197710404E-001
   0.68045824911755615        0.22857169166497240E-001   0.49438664972911600        0.32441231317473104E-001
   0.20467601680220982E-001   0.22210823069220342E-001   0.54837694525871883        0.32314820418051268E-001
   0.96711069293833862        0.72262656967693850E-001   0.42417330986935381        0.32327988950331919E-001
   0.78512450752577123        0.71912186892506821E-001   0.83004664521141369        0.32315188813351936E-001
   0.83616845989469935        0.71785158679871161E-001   0.74555912706725214        0.32314591208893351E-001
   0.53667115517846975        0.72236385443136195E-001   0.92064550288892300        0.32391988913715981E-001
   0.37568446195221827        0.22381825636152569E-001   0.79531196947624894        0.32205403517959974E-001
   0.55875594207001134        0.72568818505043334E-001   0.82361929025823954        0.32386818874817480E-001
   0.10896900431242545        0.21625742371002753E-001   0.89227029220938125        0.32338581572922798E-001
   0.79288079572950909        0.22001370783795549E-001   0.65344405914770221        0.32234680554617576E-001
   0.57686533457581823        0.71809932951704833E-001   0.48909518161457155        0.32392771164483095E-001
   0.73276723297664192        0.72156158523362948E-001   0.12183450815560556        0.32397052631362798E-001
   0.67052116920363314        0.22020269566753292E-001   0.10611082674806820        0.32365904266917128E-001
   0.19017808070453399        0.22425430950616023E-001   0.15619765211263948E-001   0.32273230338205880E-001
   0.75928210873750122E-002   0.21961543300989067E-001   0.62948037901726128        0.32331306237807229E-001
   0.95502280971054976        0.21817487058692960E-001   0.54246245057906872        0.32276074149917879E-001
   0.69247111826136443        0.72389978643581376E-001   0.79277418879311390        0.32357286846599345E-001
   0.85477750951151965        0.72325466411824496E-001   0.35226243473596341        0.32312837557444636E-001
   0.85309603490703190        0.71983296346309650E-001   0.56264661247567294        0.32267413759829180E-001
   0.60515514651467950        0.19267036908335561E-001   0.99458450596146775        0.32240030018249967E-001
   0.47329248146224256        0.73610355335915964E-001   0.95074206529444774E-001   0.32303418405864648E-001
   0.70610098988296444        0.72134324249088638E-001   0.68387377721489817        0.32331712776586870E-001
   0.51585887611452774        0.71552370477112451E-001   0.46732884529873053        0.32326687334947500E-001
   0.32919386788894378        0.71692247774776383E-001   0.29283317606194362E-001   0.32360479660563442E-001
   0.32556710236267122        0.72014399602691057E-001   0.76691258927679007        0.32395737985167553E-001
   0.51701325952598509        0.17706854863470761E-001   0.34278042556065186        0.32238532959917590E-001
   0.46147100730710955        0.23909082627602534E-001   0.15001230520618070        0.32298676189193250E-001
   0.17835879271735378        0.80454685483450389E-001   0.12143291002314595        0.32248856405283986E-001
   0.89067310025877133        0.22246051036565420E-001   0.37244255575401908        0.32357056486632521E-001
   0.30773187949914377        0.72169838669660216E-001   0.55988898548640820        0.32337930774821340E-001
   0.22704146245753495        0.22974172145670661E-001   0.80017683320636612        0.32298591237037690E-001
   0.15987163022597062        0.72240895771363320E-001   0.98752333206935683        0.32336026217063295E-001
   0.19065558503637980        0.81686063446152077E-001   0.18552083713536416        0.32349119780001136E-001
   0.85146468034986045        0.72389100271605986E-001   0.51770965829268517E-001   0.32425237408525300E-001
   0.61856851989197015        0.22262085486041153E-001   0.73907233459846222        0.32366847514118613E-001
   0.61606415133494707        0.21763339972834750E-001   0.50225134795613691        0.32319143208583964E-001
   0.91488481548773859        0.72220366006299413E-001   0.91264062660378276        0.32245390064947192E-001
   0.21839651722310996        0.26198087443235957E-001   0.73408334946506459        0.32359137144671334E-001
   0.38434645494678776        0.72193773679106593E-001   0.75742186411980356E-001   0.32329900197601277E-001
   0.49713216103104568        0.22106258083720017E-001   0.75468662452164648        0.32360098242080887E-001
   0.36545247393100844        0.71135819537138087E-001   0.53047173502648370        0.32306864158493966E-001
   0.14904502505802755        0.22334187135590006E-001   0.45493796374939000        0.32316487316671250E-001
   0.64530982286174909        0.71988686108853103E-001   0.24663141049672482        0.32397319293093252E-001
   0.73380116604583367        0.71933723994251048E-001   0.26727210297064685        0.32314371897802098E-001
   0.89939406952480783        0.21612677543190045E-001   0.30811937676910162        0.32388445802399073E-001
   0.39471937456255790        0.23062020042732060E-001   0.34905358718739127        0.32307734644967709E-001
   0.33530629922311439        0.22313291714802296E-001   0.37648413252052360        0.32389280874396499E-001
   0.44347629826176227        0.71614742847473239E-001   0.36337177632281714        0.32294584060893541E-001
   0.16246176625393957        0.20624083154326126E-001   0.80546719760805374        0.32310833298038154E-001
   0.43127755643086957        0.71087185799677668E-001   0.48868432263632594        0.32300411319491809E-001
   0.53768166824748231        0.72052402819742664E-001   0.76126878523518660        0.32303711990544937E-001
   0.44079401084260239        0.71532192676032336E-001   0.37866042946264583E-001   0.32354249769632290E-001
   0.35172586143946616        0.22018761249563715E-001   0.73485230185099526        0.32356519220292326E-001
   0.92079107674745508        0.71612327857600980E-001   0.84803836296751689        0.32424221692959151E-001
   0.75415959819770484        0.72134694330102805E-001   0.63990714773924129        0.32308550534885870E-001
   0.39066494211329496E-002   0.22239622308722617E-001   0.11438765045648579        0.32294507041282526E-001
   0.42044878533338353E-001   0.72107448897894486E-001   0.44550138251140015        0.32204335283797320E-001
   0.61818907874339346        0.72461011341104317E-001   0.95176577196455259        0.32350829559134681E-001
   0.24344498045542351        0.72223692780516005E-001   0.43912863706064165        0.32280586024265909E-001
   0.87853060861304977        0.22504623978752979E-001   0.16088064998533994        0.32254364215161986E-001
   0.94553283184476800        0.21950401175487189E-001   0.68976260334153039        0.32322004891788103E-001
   0.30945611585989402        0.22977924954287195E-001   0.14666471298518147        0.32400665467498958E-001
   0.19700588985636702        0.71724628327417064E-001   0.83015418041896616        0.32286206424980556E-001
   0.11210362638515826        0.74505075690998609E-001   0.13307673949489521        0.32247630328391598E-001
   0.28662216248490574        0.21845936155375559E-001   0.46612344576671444        0.32263889715127829E-001
   0.48214956064128367        0.23163308862918921E-001   0.50880619237936443E-001   0.32342576854225882E-001
   0.86749945814746032        0.72294085616678536E-001   0.95667393936586476        0.32338940620407979E-001
   0.32963609792378709E-001   0.21853566186702551E-001   0.83046199291363298        0.32298620027620142E-001
   0.35176699850866311        0.72461176145714082E-001   0.33854810290796528        0.32371256084534686E-001
   0.88848371254107328        0.21944418158297660E-001   0.52417505172417167        0.32349051305043341E-001
   0.63863788796899704E-001   0.21143289482464106E-001   0.44675917357164911E-001   0.32335753301266347E-001
   0.41950644797357617        0.22179802440474884E-001   0.72445075332125353        0.32342722526073113E-001
   0.88872748963381532        0.21845586671860481E-001   0.58924459699936282        0.32330908947893283E-001
   0.13272628578821730        0.71735609316775792E-001   0.85155856821941345        0.32398317789473781E-001
   0.44756400566564281        0.71824861729693421E-001   0.63780532861761829        0.32318606244441807E-001
   0.44813225480404234        0.21651044042582734E-001   0.52727324060075098        0.32310963458347032E-001
   0.22582140420121466        0.35556212851884081E-001   0.21513888617097540        0.32404946865801955E-001
   0.27601784320889394        0.21973075896266143E-001   0.61601458941254505        0.32373452714074900E-001
   0.48787199619581695        0.15957487413380034E-001   0.91586051661741830        0.32259738614729021E-001
   0.66639435817818549        0.22148783376126031E-001   0.69545075545623503        0.32313285527465894E-001
   0.59534848444450439        0.22272089061493184E-001   0.84416123500039753        0.32284118300442227E-001
   0.26419535750837553        0.71823844101689335E-001   0.50026463106457242        0.32277036371003473E-001
   0.91757482301716664        0.71798220942676280E-001   0.56008454922716311        0.32222828139482199E-001
   0.24574534002314011        0.22239096344944524E-001   0.87494304566722503        0.32321720922364634E-001
   0.98960875395026604        0.72173706690573478E-001   0.91638274391870844        0.32251982602747177E-001
   0.43981173610768098        0.22230954385857284E-001   0.78593991863268831        0.32368542572753824E-001
   0.10372096534271796        0.72070587585087498E-001   0.42600266669429238        0.32374140452686107E-001
   0.69957949462261804        0.22163447330341486E-001   0.75178246490868417        0.32311179985696256E-001
   0.91049240818229193        0.22224285518468233E-001   0.95346331239717896        0.32428586783772584E-001
   0.43229866883167878        0.23666999259427342E-001   0.92157670420276075E-001   0.32337971360525401E-001
   0.60184204551525033        0.23351572447222302E-001   0.24244903817092225        0.32366992798201349E-001
   0.13492022550270355        0.22195989274990609E-001   0.61016335323242166        0.32306438182331254E-001
   0.17797152686481532        0.66476689487915228E-001   0.70208663690393580        0.32411715338034837E-001
   0.95418738558907190        0.22403826574977151E-001   0.38486412543972770        0.32304032944865779E-001
   0.62091087305439319        0.21836824186743844E-001   0.64550921157029262        0.32285420424865520E-001
   0.11591072780178485        0.21860466757271692E-001   0.38640497823860670        0.32341491834122139E-001
   0.82412614051607169        0.21753448329137875E-001   0.59423384170242133        0.32372739612240582E-001
   0.59397131833365691        0.71540416624477951E-001   0.89054964826859662        0.32274103141686411E-001
   0.12712191992312316        0.72136600108490004E-001   0.19924300115623408        0.32313742023179479E-001
   0.44960794981049079        0.73739843054896392E-001   0.20444304043167177        0.32310542215044646E-001
   0.54789252991887849        0.23512745802122738E-001   0.29333896721349374E-001   0.32266060004954175E-001
   0.34251952893963755        0.21752796143011670E-001   0.68341585875521624E-001   0.32361307068068335E-001
   0.74192380537892755        0.22431448585181937E-001   0.45812950537532698        0.32275381655157136E-001
   0.98898003968312787        0.22214321337548984E-001   0.95735445496053717        0.32352874251139606E-001
   0.61271606773989218        0.72310969953632440E-001   0.77978074748280402        0.32289222023238862E-001
   0.52676228111300993        0.71920697831936303E-001   0.68383009883858470        0.32219914773949282E-001
   0.31320224532225266        0.77483149250194339E-001   0.70361845253921729        0.32266751351566696E-001
   0.56963766798891147        0.71839266708322011E-001   0.55347265845181037        0.32378120784275738E-001
   0.39897476892001210        0.21590960487431487E-001   0.36583962786804411E-001   0.32311425081235190E-001
   0.82865095987916637        0.22066464650605348E-001   0.85136554530421349        0.32333989111606086E-001
   0.59725558067821594        0.69747436997340928E-001   0.35683828039480586E-001   0.32365775944032636E-001
   0.72171010749537162E-001   0.22146198042345255E-001   0.62580723595347454        0.32326398561308867E-001
   0.84096146681936468        0.72058514248313291E-001   0.89057238668935168        0.32356520885927109E-001
   0.90956244936889041        0.72271702013018344E-001   0.18738653241413189E-001   0.32259989308154650E-001
   0.61540598800790318E-001   0.72129332606060456E-001   0.50716780639587289        0.32353140842345210E-001
   0.24493697756170466        0.21651725208158664E-001   0.33483312929333264        0.32423611162306416E-001
   0.83302039514114612        0.21573083986177306E-001   0.93174739338097812        0.32325218296488135E-001
   0.45541386325081978        0.22355010206417569E-001   0.32263345971139756        0.32264670454866078E-001
   0.12414702355585304        0.71055832740442554E-001   0.49042239264913068        0.32343599476696391E-001
   0.71816616177329318        0.72514257100142518E-001   0.58608753039655526        0.32320681095971290E-001
   0.80556672739309720        0.22139531681343659E-001   0.42862649884564320E-001   0.32296624096683803E-001
   0.41582202272417643E-001   0.72539692459146751E-001   0.65620275767492953        0.32328808857788278E-001
   0.21465961076437973        0.22455521024512294E-001   0.27752940488941558        0.32299526856001140E-001
   0.63641265415995008        0.71807457194031324E-001   0.46364653134792672        0.32357938273096298E-001
   0.39030362800193186        0.21387099292700495E-001   0.49748619843612490        0.32327621969288213E-001
   0.13926705946763857        0.24617305056170352E-001   0.92921979598828738E-001   0.32352836968109117E-001
   0.66488057626044483        0.72052167509960588E-001   0.14751544721723753        0.32341879695205557E-001
   0.87508211458194307        0.21818005427366893E-001   0.75832659022040416        0.32258309637210415E-001
   0.69765122812095737        0.72175328127761146E-001   0.20837087666021836        0.32418370086650668E-001
   0.60484955020457518E-001   0.72096529710886689E-001   0.29293918546329112        0.32295317877298037E-001
   0.55318153332020992        0.25505484496680136E-001   0.28936388326071177        0.32373148533921051E-001
   0.10761931044503133        0.71252145089651206E-001   0.65186851870217022        0.32328653874384973E-001
   0.79799905265429560        0.72227954816627887E-001   0.91139096887131385E-001   0.32260153211731375E-001
   0.57089770912534288        0.17920581791165645E-001   0.37990655251820493        0.32321700223180636E-001
   0.20533003636253810        0.22135219948652831E-001   0.42290349428950669        0.32354233629596774E-001
   0.32768752953310004        0.73059192650556423E-001   0.10916903754219048        0.32382641937074297E-001
   0.57532186086104642        0.73579104010821891E-001   0.12613736783471721        0.32245233688692386E-001
   0.20838326989955472        0.74413775209579328E-001   0.53271546705417649        0.32320735520982205E-001
   0.20207840485372216E-001   0.22122151685532113E-001   0.25664988449490428        0.32413189505195061E-001
   0.65488197494738598        0.71805588480954738E-001   0.31543662121179872        0.32339349936337865E-001
   0.48328715547916695        0.65872390821804336E-001   0.95678458108797193        0.32370493052789641E-001
   0.56117069726964330        0.65755437399731206E-001   0.98184211702177515        0.32250515228753406E-001
   0.24208170710696009        0.77354037731397596E-001   0.69868847114054367        0.32321252996716329E-001
   0.50591949794444091        0.73395055232237091E-001   0.16992762130836260E-001   0.32334234751092490E-001
   0.93988568409463735        0.21103158922335351E-001   0.75990754786635972        0.32367263141046695E-001
   0.54268715150267965        0.73664690213000636E-001   0.70333890478257083E-001   0.32370325792665966E-001
   0.97834521618103576E-001   0.21792249347671051E-001   0.82845931276738460        0.32392252089078040E-001
   0.27915719663726823        0.27537939688854332E-001   0.68048661433497726        0.32386592905256438E-001
   0.65459288563286966        0.72632104647190082E-001   0.55135534186387374E-002   0.32430650387660069E-001
   0.37092774930711125        0.23965110352961345E-001   0.12643177473624409        0.32319857268716001E-001
   0.98548536306761092        0.72107423240131169E-001   0.22584517893246273        0.32358782589109750E-001
   0.33598552326855335        0.22613742786967959E-001   0.20983320320611931        0.32329392650047369E-001
   0.48029433439714631        0.72299719346172533E-001   0.79322421491578177        0.32294941509675476E-001
   0.78287671925788749        0.71889250282125047E-001   0.92165346028411710        0.32361715068242307E-001
   0.28834347973369900        0.72350878307577707E-001   0.35433033026057498        0.32351581523249726E-001
   0.99828448469513931        0.71847739506912353E-001   0.85232835127247186        0.32320648378742101E-001
   0.99575302514220032        0.72035125473875625E-001   0.28989747691089979        0.32331741765221217E-001
   0.59609354812526860        0.76881983889926578E-001   0.28856596990806538        0.32423062270548725E-001
   0.77152902373956544        0.21979285510777442E-001   0.88186573457663942        0.32286090337412601E-001
   0.16628401384579866        0.71925234135894384E-001   0.40903086633210661        0.32336613760751587E-001
   0.99916205268217162        0.21933432109725912E-001   0.49876882279943059E-001   0.32304432188663530E-001
   0.71822300417823259        0.71606359232151570E-001   0.33035364303430798        0.32401433076042561E-001
   0.20341311557619665        0.30902422060981562E-001   0.87744271299044871E-001   0.32284413235954719E-001
   0.12326009215301864        0.71830789836377862E-001   0.78731215972831847        0.32287581392731080E-001
   0.93115221893492017        0.22009910699073001E-001   0.44558105000530079        0.32415255245138323E-001
   0.16644226430989004        0.23043106000381217E-001   0.51932490880762050        0.32320663054442325E-001
   0.81605819479442310        0.72250847821268879E-001   0.99602816807338146        0.32404637554057085E-001
   0.24031046671544629        0.71838339131482007E-001   0.59490929028108286        0.32332548470408430E-001
   0.58169566824692487        0.23841842377782141E-001   0.84413110224928409E-001   0.32355103841834015E-001
   0.67424413472138833        0.21251021875584111E-001   0.42394884637224056        0.32268741865499287E-001
   0.69263940518931222        0.72343115876126060E-001   0.70849303991262547E-001   0.32356123932677949E-001
   0.26235663972236911        0.22111026333507477E-001   0.94599891379617385        0.32335443898133601E-001
   0.69035838457632462E-001   0.72065725972690467E-001   0.35757317579794601        0.32357000907768822E-001
   0.73479486102638725        0.21981888668342969E-001   0.22631977094463471        0.32240584946806816E-001
   0.94078258709832585        0.22121072696191454E-001   0.12926284282228939        0.32240601870444030E-001
   0.90607034305890433        0.71803684224691175E-001   0.78494506945376863        0.32296663542916874E-001
   0.47351109068694247        0.21548159471446490E-001   0.39124081855132259        0.32273008959027114E-001
   0.28775506838809128        0.24400431585792953E-001   0.74459601821753774        0.32352327373721700E-001
   0.74463208136462511        0.25078449508830793E-001   0.37247737120039487        0.32318219180867677E-001
   0.88198685812368272        0.22038826821593388E-001   0.88796200573074691        0.32318700399222515E-001
   0.15546315634714125        0.21878733522037300E-001   0.30355380493195477        0.32357169269171558E-001
   0.53368975506604147E-001   0.71824773901125016E-001   0.79481873563815530        0.32308165372459986E-001
   0.46999424528516665        0.22387870828706039E-001   0.59306036193536993        0.32412443009662201E-001
   0.55019809396647079        0.21755279854166004E-001   0.64956042862386376        0.32351630732815148E-001
   0.41852952562144002        0.21697775624232585E-001   0.43620528110338419        0.32345460988337071E-001
   0.96074362972655847        0.21558279070526695E-001   0.83383355917824098        0.32310059768056232E-001
   0.83095944203823779        0.22671972864879014E-001   0.31582378079681750        0.32310771056287380E-001
   0.84746739567058516        0.71539060871650920E-001   0.81263442070262815        0.32374499382323153E-001
   0.45937616162615924        0.71609310237812182E-001   0.42985756678932813        0.32398558534497218E-001
   0.60834526154777324        0.21745542146158460E-001   0.43339721345423005        0.32282931645594669E-001
   0.15004539424363186        0.72295483394123838E-001   0.91611230602549709        0.32325694996827609E-001
   0.73930010546598990        0.22191049067534725E-001   0.80992606444230897E-001   0.32396873520945203E-001
   0.63691742787014771        0.20839960865055473E-001   0.50828221235183442E-001   0.32331081519713131E-001
   0.95315204331521086        0.22145519892253582E-001   0.89802861093238517        0.32256978790066039E-001
   0.21496176083573601        0.72219209888552099E-001   0.90231374442241696        0.32374485171917954E-001
   0.70393515133344942        0.71901888609003900E-001   0.39356641196336484        0.32317332013906068E-001
   0.35029880200661312        0.21656722880426353E-001   0.99373639201047881        0.32268846516159563E-001
   0.94920888949158500        0.72211123872445923E-001   0.96751979485952844        0.32336745914312938E-001
   0.94431248307043469E-001   0.22065897224616281E-001   0.32521680377141010        0.32375345635990038E-001
   0.65480677821406041        0.22636911898066020E-001   0.20484576237904417        0.32209628880679693E-001
   0.56799157574630732        0.71642573053606412E-001   0.42494186690061864        0.32311321005157885E-001
   0.86759998443452768        0.22406243533623142E-001   0.43291690499790003        0.32351596338026117E-001
   0.46220128025921292        0.22358120669630582E-001   0.85696257344589566        0.32263109233906101E-001
   0.75115024940697839        0.22740357061022370E-001   0.53402835660700798        0.32250308413968212E-001
   0.31810800959897689        0.22277552624310117E-001   0.86957860064454773        0.32316845744979700E-001
   0.18470272630361137        0.72385633330249541E-001   0.24939467667633033        0.32366091040055063E-001
   0.30510163246976413        0.72345417659659059E-001   0.96924019030991027        0.32287577526545888E-001
   0.53512886866668663        0.21863534152152371E-001   0.57588381857435089        0.32294434402749386E-001
   0.25068530494790148        0.80861728474662040E-001   0.12968513139717353        0.32334932869065205E-001
   0.17048004572081177        0.72114359158965788E-001   0.63058972579654060        0.32265261907479442E-001
   0.94287395796069162        0.21845902653876301E-001   0.62509427738585099        0.32312713725770194E-001
   0.96338927308015165        0.21819360776388158E-001   0.31992513219857055        0.32404219079680524E-001
   0.32451680082512591        0.21847022094809126E-001   0.52065666719169135        0.32288440985042487E-001
   0.19598944218489950        0.72459417877662496E-001   0.31400460746489972        0.32320636673725721E-001
   0.23179618631857926        0.80916326359895055E-001   0.58231683985768605E-001   0.32314707758023434E-001
   0.55985905539016401        0.23561291068698510E-001   0.18308969048698179        0.32252463697565917E-001
   0.39063009741473642        0.71990434476490603E-001   0.98364483131233016        0.32265771028460233E-001
   0.14594646763277888        0.22345795199337465E-001   0.23583316937234339        0.32210208358355523E-001
   0.92737855396615387        0.73198947237603465E-001   0.34935573021039673        0.32333378877255389E-001
   0.47477870502178032        0.21608204620370726E-001   0.46829119385796258        0.32326399684493155E-001
   0.61498462293952905        0.23649556322133617E-001   0.14001954243850012        0.32263474989334372E-001
   0.18543951808156092        0.71621565023051018E-001   0.76652914032920749        0.32302220899043790E-001
   0.51451255626615333        0.71559952822533912E-001   0.38815762730075493        0.32424474415274199E-001
   0.14871921474907746        0.16561585720572952E-001   0.67309576748890254        0.32276466252590202E-001
   0.12684259447958823        0.24664719444437651E-001   0.28703585923553331E-001   0.32401952451889648E-001
   0.40377510701196850        0.72514966828373120E-001   0.76355839968647599        0.32344719183910346E-001
   0.50322521495820705        0.72140423811724211E-001   0.86144853836611335        0.32313722467929420E-001
   0.17772757236443068        0.21829076648687468E-001   0.36446709468827576        0.32236769337589920E-001
   0.65142857622708761        0.22267499597360130E-001   0.79487798503203200        0.32269924166451136E-001
   0.71854988265581288        0.22558283284811114E-001   0.91943075421859011        0.32234112388471750E-001
   0.70085178625747646        0.72533238943498238E-001   0.45812954761840202        0.32311651967406332E-001
   0.36007637005689946        0.72243723377043115E-001   0.91154752088626112        0.32281747434556494E-001
   0.15119326707877354        0.28121407614837841E-001   0.15707454817813446        0.32318390192425314E-001
   0.39235523277853562        0.73583913209642193E-001   0.23597618466967912        0.32314705663207009E-001
   0.31614964295733600        0.71912588227971933E-001   0.62456995893577794        0.32255615478682276E-001
   0.86122039325961808        0.72629563834459093E-001   0.28781709177701742        0.32370393115402213E-001
   0.52189656367319615        0.15800791075272529E-001   0.97070072241928129        0.32247409976860403E-001
   0.88508360137477649        0.72407295825050871E-001   0.20139392559074204        0.32310070353690476E-001
   0.76235122399989322E-001   0.22242877989519620E-001   0.10811962248200307        0.32291701952025895E-001
   0.68559477913115507        0.22397297189341213E-001   0.86373019764760950        0.32275973945671894E-001
   0.32541797138022932        0.71925401786250884E-001   0.47969937618511405        0.32257990789841449E-001
   0.66067699772641941        0.72036403490085124E-001   0.73627090448783317        0.32397148844257671E-001
   0.54099579727724412        0.22108129724543540E-001   0.87906810163870275        0.32310934494485334E-001
   0.24981567883118869        0.75013501961943035E-001   0.76287655201533788        0.32250262592943162E-001
   0.75939714674665648        0.22316284118015586E-001   0.59825462442813770        0.32317641328710962E-001
   0.86387038953316814E-001   0.22173395918343913E-001   0.26092687160920314        0.32384298310051692E-001
   0.94936218694797336        0.22244573883769686E-001   0.86308170530675042E-002   0.32358398290930436E-001
   0.80652770943864716        0.22420790254860254E-001   0.45472647073948552        0.32409582188165871E-001
   0.30983727197909183        0.22387876912434816E-001   0.80542566434913510        0.32268545951587520E-001
   0.39033948128105384        0.22896625884930449E-001   0.94132584400004327        0.32279856872081139E-001
   0.57196964669954364        0.22203690692755147E-001   0.78396767198637851        0.32246885358250973E-001
   0.52707823789085084        0.21647174668526864E-001   0.42767403270937709        0.32310775148415571E-001
   0.15276208129621971        0.21472093827267266E-001   0.74132281306612058        0.32357979063331752E-001
   0.71220176180939876        0.72744184865118897E-001   0.52176005653722035        0.32267280858390361E-001
   0.31513773437378589        0.71947400093449507E-001   0.41440219856236898        0.32361554521447213E-001
   0.74257594016605499        0.22074536868042817E-001   0.70338670245545931        0.32379209522517216E-001
   0.68404598723095977        0.21849812801586800E-001   0.56131594395160089        0.32269835876301556E-001
   0.18702531249089485        0.72048243717802593E-001   0.47131094477412577        0.32334911188747734E-001
   0.29350623933386649E-001   0.22306937830643692E-001   0.32095041723973794        0.32326592185203867E-001
   0.12513298341704421        0.72054991343896521E-001   0.27527197650495677        0.32367128898608571E-001
   0.55783002299848050        0.67715136197177950E-001   0.34012674598353454        0.32328357925699470E-001
   0.97030945105052568        0.71548225889166650E-001   0.79385807097094518        0.32396049182120079E-001
   0.99878843918238137E-002   0.21950715968787005E-001   0.69421008812494989        0.32267320765080244E-001
   0.62990726399871177        0.70832974198096949E-001   0.91599683171041849E-001   0.32352779860050369E-001
   0.37161122387863965        0.22219121111260075E-001   0.27472232760720672        0.32345414001432905E-001
   0.32583361925339754        0.22306765271145647E-001   0.93389112900486659        0.32239720135466110E-001
   0.98006773789290791E-001   0.70986501808515748E-001   0.70074335886611896E-001   0.32306543176445122E-001
   0.82994540836480712        0.71955859551150123E-001   0.63550311205544763        0.32357969435516928E-001
   0.22480177988639707        0.21952536458027940E-001   0.48745834865551796        0.32298429591710788E-001
   0.90332511173194840        0.72207219840555462E-001   0.41202042338187905        0.32286332600583625E-001
   0.61361879143952125        0.22783839263175096E-001   0.33124041305834934        0.32376288414756149E-001
   0.32884984286200229E-001   0.71918868048814380E-001   0.73677609404966579E-001   0.32353930287581170E-001
   0.28095970559049521        0.22435943439930287E-001   0.24654960847475393        0.32292243391870409E-001
   0.95327878805387858E-001   0.73570025083563848E-001   0.99978435415174016        0.32363166765337743E-001
   0.21562811022423350        0.30804119162659245E-001   0.15132992727470970        0.32382003497545338E-001
   0.41321736299672207        0.21796861552744941E-001   0.66013024696523748        0.32283975494128259E-001
