 3 HS poly
 400 2
 121 279
    1.0000000000000000         0.0000000000000000         0.0000000000000000         0.0000000000000000        0.10000000000000001         0.0000000000000000         0.0000000000000000         0.0000000000000000         1.0000000000000000     
 T T T
   0.85565186068500609E-001   0.58624167381414349E-001   0.97458425018084016        0.38264110207253121E-001
   0.52752689676232933        0.58258723359412179E-001   0.65249566484535004        0.36342948207439968E-001
   0.84871105416685422        0.79654167081965720E-002   0.64630798132945666        0.37878973968795103E-001
   0.59543088670540978        0.62459338939308731E-001   0.67696833565038028        0.35953096503326731E-001
   0.23189700224509413        0.86883249813969887E-002   0.85301434145192578        0.36034094228944005E-001
   0.68053680198390720        0.64237625542103646E-001   0.63869767343322159        0.35517198257224464E-001
   0.58474587640418285        0.58341236878285602E-001   0.26934412481470471        0.36774923589264999E-001
   0.69356916583063455        0.84432834933054826E-002   0.12088196524428925E-001   0.38324413181092504E-001
   0.14131900955459056        0.86524432067674496E-002   0.66262859330527890        0.35790177666754339E-001
   0.51611238747774546        0.58515115195229894E-001   0.48174801419949020        0.38223522663789485E-001
   0.23329692347337536        0.58663604578543319E-001   0.72875223557566360        0.33481500396332971E-001
   0.24807992006951779        0.90967372720019979E-002   0.74647031480451737E-001   0.32776083307766539E-001
   0.90677735724189901        0.58553306283207644E-001   0.14111372816221407        0.39207286686755924E-001
   0.11057303508258277        0.89381347294112175E-002   0.20898778082395351E-001   0.34038439788242593E-001
   0.40531176433200389        0.58416978405800679E-001   0.57631826761556992        0.35963732966603823E-001
   0.12030712424229624E-001   0.79525743668533624E-002   0.61599612100231593        0.36110405695660798E-001
   0.31896925108429752        0.58535227639269827E-001   0.38520301589513961        0.40302266135576796E-001
   0.36360928755959249        0.83940540476714048E-002   0.34534373831699222        0.37581301111184830E-001
   0.14994783129354713        0.84067269030612349E-002   0.59200464997903712        0.35317276301094283E-001
   0.94416332948987769        0.87688676040944304E-002   0.82346397600506849        0.35551836244426205E-001
   0.94335492573299773        0.57879153537404852E-001   0.72769712272076614        0.38928362656539553E-001
   0.83847606812640230        0.58936910312137838E-001   0.26242294560203611        0.35461790148657531E-001
   0.41498239621056293        0.85934839167915913E-002   0.96683181268337359        0.38531449446850698E-001
   0.30287376020259638        0.59084293362206920E-001   0.98232686034862238        0.36790333944812147E-001
   0.37134110067444648        0.58171078552747571E-001   0.47984974649999534        0.39899535425563383E-001
   0.75926882904508985        0.64314192878476839E-001   0.58970492705078326        0.36076995018305281E-001
   0.60016496508168804        0.85828959032030454E-002   0.69391681294104918E-001   0.37233419491091185E-001
   0.52730666365145773        0.58894703893480872E-001   0.22070736204026131        0.38359299581404535E-001
   0.18661466848839361        0.85970764802127762E-002   0.74527180117620984        0.36842278292807840E-001
   0.64539067635296399        0.58709825193700396E-001   0.40534573658245802E-001   0.36011964743861161E-001
   0.96953131804282144        0.57923138616346084E-001   0.65213438731187112        0.38730354049453956E-001
   0.57916483852924083        0.84960802817190904E-002   0.15536602525013715        0.33773990320287453E-001
   0.11213793770609171        0.86518276379066363E-002   0.73145333344883601        0.38904944445347603E-001
   0.98748533253081161        0.85615279025133759E-002   0.19936301660091477        0.37876848832622524E-001
   0.28131682980470391        0.86227831768590554E-002   0.93485199305920808        0.35050524687167815E-001
   0.82682492504974781        0.81964045345373476E-002   0.46711332988008691        0.35853758268091222E-001
   0.47089167974171459        0.58626902602767872E-001   0.85691574588368979        0.38389333179272338E-001
   0.65657243681908495        0.58314781608398904E-001   0.41716499988351396        0.34517656052605594E-001
   0.50122178938000272        0.85515954315108830E-002   0.42500440311798898        0.38796011661920822E-001
   0.30444368866473798        0.58277582620788727E-001   0.24644388572961798        0.36186050902037518E-001
   0.41496817488468334E-001   0.80011771401122655E-002   0.47988355910014141        0.38676085210754489E-001
   0.45825004395870389        0.58537994719019396E-001   0.93091328835789056        0.36675074909691130E-001
   0.18928180607674100        0.83901310934222841E-002   0.45089551585810295        0.39667642977483063E-001
   0.21267443827040136        0.58276990064536099E-001   0.27058675830805379        0.36817782243074387E-001
   0.39370798459183226        0.58316987755882982E-001   0.40514254583403320        0.37042439237315282E-001
   0.58114460579691296        0.84844091778073071E-002   0.85246049903832699        0.37118490277927775E-001
   0.21359988485498002        0.58179804672774650E-001   0.50149999878520435        0.35101528880533674E-001
   0.80103913675013239        0.58515966112638630E-001   0.24160341799376872E-001   0.36552508773181600E-001
   0.25453833094853778        0.85564798454364054E-002   0.77381896607474321        0.36817504303094953E-001
   0.46392154850688601E-001   0.86331714278979552E-002   0.93488010024856860        0.36629736136592851E-001
   0.13585762919164848        0.86361176424037903E-002   0.95173103887766219        0.36228564716357173E-001
   0.73902210103715160        0.58850390405589204E-001   0.89077853177948885        0.38272370516705859E-001
   0.66294082864108650        0.85852343871595359E-002   0.80247363466358879        0.36423558508470948E-001
   0.82569907366415207        0.86254471949309668E-002   0.73509529403870011E-001   0.37772688344668119E-001
   0.61626483027418077        0.58648785909421991E-001   0.12179840169468453        0.36691484841444875E-001
   0.22876177649920876        0.84372537461563143E-002   0.14341394668927956        0.38451620576477837E-001
   0.27353130962938915        0.86313906590821717E-002   0.70420762728864839        0.35197107099723339E-001
   0.38758397957188834        0.58855413388990210E-001   0.20362170118957751        0.35760273037832864E-001
   0.87899748366186817E-001   0.57979371571336237E-001   0.45401689402341250        0.34242429310568909E-001
   0.30262417437070793E-001   0.87154843213456748E-002   0.69921314140428861E-001   0.34286356384369221E-001
   0.91776428400319132        0.78784374198681076E-002   0.67637623949193149        0.37130148043426937E-001
   0.85638270143796630E-001   0.80764785993096954E-002   0.14585524157422680        0.37872531059925142E-001
   0.83466683336563663        0.58070992660659126E-001   0.58610573254940379        0.39593680771940670E-001
   0.55008774899894675        0.58587444648323717E-001   0.58294867338152256        0.36717218298286780E-001
   0.50139379685529628        0.85485454867707898E-002   0.90231915536195495        0.35257122316240126E-001
   0.22086794225205872        0.59052430198098541E-001   0.32537726273373195E-001   0.37495337150230706E-001
   0.26059745363494136        0.82863429350696401E-002   0.47902613027645313        0.36926690858939938E-001
   0.19606980653968659        0.58325919351685046E-001   0.57075324511467851        0.35862900332914630E-001
   0.71428905023374012        0.58505136161496045E-001   0.64462725449345851E-001   0.36885877543723210E-001
   0.59867747870247590        0.86194847076387342E-002   0.56046983166738895        0.36509458953315754E-001
   0.65098925527002061        0.82736567297507658E-002   0.36730593742510043        0.36282990516533400E-001
   0.42644596284013125        0.86253059748151242E-002   0.88892871353631953        0.35764702055918134E-001
   0.61422045867870712        0.58402889882729729E-001   0.89694005209014949        0.37387952404225967E-001
   0.89936257068251846        0.57962815346315900E-001   0.62567547410439817        0.36205395105195881E-001
   0.93438671843116894        0.58457200728736336E-001   0.21141417995615910        0.35955588694880421E-001
   0.38396530619853270        0.98928401611238885E-002   0.82678605911807268        0.37969673146232598E-001
   0.88945474810574654        0.58034726946610909E-001   0.34182083749888137        0.36897368644133413E-001
   0.14635647186469547        0.92759014700320320E-002   0.88245991282602165        0.33754929657772666E-001
   0.73236913677900173        0.58444168828994107E-001   0.96703581425940843        0.38182959651119758E-001
   0.48582348721336566        0.82931745171571057E-002   0.68161075087518608        0.34947502852369111E-001
   0.85894288294175170        0.81400435809672444E-002   0.53294573755348473        0.37242977344955512E-001
   0.19406875763112393E-001   0.57896727345265742E-001   0.73558436692281137        0.37377391685605034E-001
   0.29800493281709772        0.84746643960310446E-002   0.56863370539086810        0.37425991237298277E-001
   0.36197043938990642        0.82875275650960683E-002   0.60382220584941293        0.35556296985416166E-001
   0.53117320931008871        0.85559752409551694E-002   0.53407904386106786        0.35673286015605828E-001
   0.36004687473778629        0.58540985821856177E-001   0.77338777210227694        0.35763730917993321E-001
   0.81340785695270446        0.58748520737431933E-001   0.88068367236521794        0.36560019786073310E-001
   0.81580927533211167        0.58167149946317886E-001   0.33171406065184433        0.37386672058164393E-001
   0.49844840708337684        0.84654063955222954E-002   0.60465435037909687        0.38264287602867653E-001
   0.99812964951672112        0.58037569274781653E-001   0.51061538845471599        0.34222598981292776E-001
   0.62707785297066854        0.58124057467714034E-001   0.20721912540023521        0.38398061378917443E-001
   0.53042330237787516        0.58495789077812645E-001   0.94595829622602357        0.37018180033234246E-001
   0.98995791570868491E-001   0.58287690440212862E-001   0.38187814751763416        0.37734294981290835E-001
   0.44158932399401329        0.83638534778139560E-002   0.37710470377364369        0.37594513451628987E-001
   0.86128385058345289E-001   0.79523537683169956E-002   0.56391683454026797        0.34343665614985988E-001
   0.36650434813114557        0.58681959567722333E-001   0.28549291817817507        0.37086259681033275E-001
   0.74844899589037717        0.83554109153710487E-002   0.47527312728841059        0.36316981922035155E-001
   0.68486818990582021        0.58240167405247158E-001   0.26646416883714763        0.38221860501319864E-001
   0.16958463672992799        0.86543645750897669E-002   0.81652056586521460        0.36106438627973789E-001
   0.15481747638157084        0.59095227211359097E-001   0.50871147434205979E-003   0.35656048849750356E-001
   0.42106707552041284        0.58484523721715045E-001   0.68259253351811808E-001   0.38527963556624287E-001
   0.66942348058253853        0.86906771864081103E-002   0.88113198377219884E-001   0.34194712682569010E-001
   0.63988179378095074E-002   0.84592137556930604E-002   0.34043476796210359        0.36048253478936011E-001
   0.85046363397495428        0.58138813793286864E-001   0.41765559474110681        0.38134654706481537E-001
   0.70340964494693314        0.82595804612310957E-002   0.31783720281553440        0.35694479927134488E-001
   0.44648537729207471        0.83594504538349844E-002   0.30114598551358818        0.38327611341238473E-001
   0.60167540055697322        0.58220736909987796E-001   0.37573761647830467        0.34132754827837723E-001
   0.78116585456995583E-001   0.78354831496593655E-002   0.86998986563530856        0.35565326373245505E-001
   0.97779095538234961        0.57958110668173017E-001   0.57727989440374994        0.35358167653541585E-001
   0.95938428453908586        0.58358759297007672E-001   0.36627424737784686        0.37184190465964211E-001
   0.93312698131913718        0.58755111508682879E-001   0.99507995783088010        0.32981802474959854E-001
   0.90964789138823143        0.58082557801350201E-001   0.55341238221057609        0.36781287220851965E-001
   0.14566047533568402        0.81219319719782294E-002   0.18869544560940979        0.35808000098704398E-001
   0.27858756672307600        0.58543550355093149E-001   0.82413420791717706        0.38046018907165573E-001
   0.12306230149545466        0.58582031865652487E-001   0.30802912260873633        0.37515733130562536E-001
   0.59351132481395608        0.83205592039509290E-002   0.32206584125410159        0.36371659368585406E-001
   0.18580220824496441        0.58564366885205492E-001   0.64061714435693706        0.34579062069898893E-001
   0.89113415776854810        0.86422860864304001E-002   0.24220082604032925        0.36771253761332529E-001
   0.99944886285158230        0.58621438805344366E-001   0.17813049826302677E-001   0.37100872106402047E-001
   0.49553822427319794        0.60624951650805760E-001   0.78638464811468789        0.36332684505858713E-001
   0.13030832674964679        0.59022203460993052E-001   0.71802267577404086E-001   0.39500997833683493E-001
   0.25660302306355287        0.58303958292887294E-001   0.89449475366746845        0.32404460592771904E-001
   0.97177524618063915        0.88213438288517187E-002   0.97807624667083559        0.32353397660740198E-001
   0.87125691360096180        0.57481440325290595E-001   0.69144255567902635        0.32449494400784339E-001
   0.76428875928753037        0.10187706237971834E-001   0.19869935662499358        0.32419594914026670E-001
   0.78027192100160103        0.84470572581254663E-002   0.98126109003543471        0.32474004220032014E-001
   0.74045657763888939        0.85644897558288177E-002   0.10485811424414707        0.32370075930661900E-001
   0.31887870242959770        0.84107156866975712E-002   0.28638080289224415E-001   0.32461800681888586E-001
   0.97122421718072283        0.81153427897066328E-002   0.46918813786920194        0.32369076848302383E-001
   0.90350948597558500        0.81391259810009563E-002   0.46209849984609180        0.32360445165609909E-001
   0.20279183975069270        0.58459181578701384E-001   0.10024428714765296        0.32343521249448268E-001
   0.70604230853006156        0.84422130266222275E-002   0.53187297465919992        0.32457056661067817E-001
   0.64683036423774751E-001   0.58719022507848231E-001   0.42236271899873751E-001   0.32426470754011866E-001
   0.75736558279186139        0.85211753359979384E-002   0.42412950731548715E-001   0.32284697470345569E-001
   0.80419620582308149        0.59036392095847878E-001   0.18222685599850530        0.32487727469517495E-001
   0.16001355496686751        0.58658391278072097E-001   0.70520397812064695        0.32459338375068605E-001
   0.55148480030720970        0.11113692789405152E-001   0.69707892478308997        0.32520529192330658E-001
   0.44678577083749804        0.84763699761071839E-002   0.55463017520720470        0.32472977848508715E-001
   0.81125068055530669        0.60845586694756898E-001   0.51387513351301672        0.32445179118341196E-001
   0.29862207611939295        0.85525537077961820E-002   0.86960704258860755        0.32392649077267015E-001
   0.50700318167215576E-001   0.75985701409738635E-002   0.69506598282883469        0.32416797858642932E-001
   0.84760589187283197        0.81479263675931710E-002   0.93899710734711073        0.32390795241102131E-001
   0.12180698544174080        0.81657147890329181E-002   0.42556491939368096        0.32343702685858594E-001
   0.20697588416787682        0.92218658908949213E-002   0.37986507868175640        0.32480234391603566E-001
   0.57508258500762355        0.11168107691616495E-001   0.63292240834846991        0.32514032312969253E-001
   0.54830749230221676        0.58344241083059481E-001   0.33600250867804116        0.32401270073606853E-001
   0.11070567964102949        0.59271124301448430E-001   0.90734291059077232        0.32413507150700495E-001
   0.39852965508646621        0.87918752586967543E-002   0.24894590219746063        0.32497837939047876E-001
   0.40623933432093690        0.59316571666070461E-001   0.13781869966811253        0.32351448876033757E-001
   0.44686172557250259        0.77495671545603530E-002   0.11388279090795883        0.32373552267821987E-001
   0.16325469431965747        0.84743220146743601E-002   0.11234224014990889        0.32399025287122483E-001
   0.39088830232058991        0.59328809839260324E-001   0.64359981594580362        0.32420753533615961E-001
   0.74762344947327988E-001   0.58221247814370158E-001   0.25742729967310851        0.32329459083112189E-001
   0.34154496478803043        0.83040082652874082E-002   0.21785901158932930        0.32288911845605471E-001
   0.21202139411736275E-001   0.80468546060216938E-002   0.54812727342427758        0.32362763146194976E-001
   0.26000257897877055        0.83154227079180916E-002   0.26222813636090742        0.32420431388252784E-001
   0.67623742988498325        0.82131907358671125E-002   0.21736717642313408        0.32363446972523607E-001
   0.38934206855523268        0.58032019101842629E-001   0.92267852064573164        0.32471859393151781E-001
   0.59642181292179219        0.71682586518185239E-002   0.78434734033963671        0.32483011878243234E-001
   0.24781252918803867        0.59232280148313922E-001   0.36896466862009103        0.32365526069065738E-001
   0.87640315578372086        0.57987607602119622E-001   0.90905060465179921        0.32446867319848055E-001
   0.63402425884817470        0.73756023078812034E-002   0.26647530337709036        0.32377591646380890E-001
   0.24947464491654511        0.58593694454377614E-001   0.66437796190777632        0.32421414350011564E-001
   0.20602300935531101        0.81450531587420796E-002   0.22199126134778063        0.32497383568263746E-001
   0.30306280672882752        0.58223119261751992E-001   0.45610158012470164        0.32351861391536105E-001
   0.83133707753896191        0.40179318648477990E-002   0.71435646192209479        0.32446212668859740E-001
   0.71766412159494031        0.58746971312945706E-001   0.20388469644384902        0.32406197828328584E-001
   0.16662025864991239        0.57833074706712041E-001   0.40297036611046116        0.32361227057213025E-001
   0.13196779262896075        0.55045741605777604E-001   0.54589618380419780        0.32444143484298922E-001
   0.72708264788309385        0.85465918433117877E-002   0.84011882539848615        0.32390688959360849E-001
   0.91968192257777237        0.90046291333883369E-002   0.89079054633234001        0.32340795099512626E-001
   0.79207381823780876        0.87244897647008445E-002   0.83826291199987546        0.32374337670759888E-001
   0.90590516678554112        0.58693908084812313E-001   0.85121781069990243        0.32436319294897438E-001
   0.16150883101699372E-001   0.84276591058359447E-002   0.13516373540317694        0.32414659529236202E-001
   0.38563308404342606        0.82592158371363553E-002   0.53255756729215842        0.32373109795224141E-001
   0.90598155013348680        0.87566938265983482E-002   0.27369652025728938E-001   0.32357712189701363E-001
   0.89373030200870973        0.85790990573406580E-002   0.91240008731012873E-001   0.32454412609585599E-001
   0.93491392668569273        0.58136411597672626E-001   0.48881073733562597        0.32434403011191777E-001
   0.68311849580820316        0.83191707216589035E-002   0.45285668872141854        0.32372151762390687E-001
   0.86960578797211951        0.58153734106694659E-001   0.48558409777639039        0.32432100506086012E-001
   0.84881532842066021        0.82019325131058515E-002   0.36783860208260732        0.32403037130890357E-001
   0.29698221176523040E-001   0.58450094089658511E-001   0.89012122897906398        0.32374348702044961E-001
   0.32321594031896073        0.58298569421715123E-001   0.91615369571655936        0.32429781231522466E-001
   0.18554036814313177        0.58651974957393951E-001   0.86074788458943352        0.32474017150484653E-001
   0.85932141582269739        0.83836031690508375E-002   0.30391843552788200        0.32369305744708692E-001
   0.23529931511608373        0.58001664803935142E-001   0.96159654521247417        0.32405478286223810E-001
   0.23317575189392248        0.83487740797375427E-002   0.54276700785268694        0.32366081630890331E-001
   0.96025873068255596        0.87618341716594276E-002   0.26417002400706702        0.32390200576602329E-001
   0.49188162976792227        0.58237415074466739E-001   0.75019584649265447E-001   0.32462257992319096E-001
   0.63727044106159214        0.84095258916873604E-002   0.93982150750825522        0.32378768418071774E-001
   0.53546395841842365        0.10302558086678924E-001   0.76018273695213612        0.32395747470444325E-001
   0.53531223557822349        0.78394292047747182E-002   0.27362613069235409        0.32399602927340676E-001
   0.57619462295658519        0.58652297613496808E-001   0.51879004783698746        0.32325884400644780E-001
   0.82474461044112279        0.59138672951856479E-001   0.81248373816925035        0.32352085984434766E-001
   0.35414693549003856        0.85820014007638550E-002   0.67163214693160422        0.32421838424974668E-001
   0.91142449027808659        0.82802524068723692E-002   0.38473563516359882        0.32340802860270391E-001
   0.59352228789622707E-001   0.95942598321221845E-002   0.21308541993706168        0.32288299615245167E-001
   0.98206198291581548        0.58500687698335690E-001   0.30044175640960369        0.32402623457605965E-001
   0.55364609717155644        0.87943911506341791E-002   0.98869729573658938        0.32408069708713419E-001
   0.48030917470484963        0.89397335832616161E-002   0.23865811353421004        0.32427633993828690E-001
   0.78423467863807705        0.58302222358817241E-001   0.73821676840659101        0.32471103706785159E-001
   0.49917173147409795E-002   0.57649269636396862E-001   0.44429595995079380        0.32381262919937162E-001
   0.68867787426786653        0.58333040027772433E-001   0.49366720695104499        0.32396445386794849E-001
   0.28647898948096567        0.59498090484846125E-001   0.56971471390901182E-001   0.32329364164997536E-001
   0.53157848604787172        0.85442672231907466E-002   0.50522456231516168E-001   0.32374091288789826E-001
   0.40719054281394794E-001   0.58361922544982653E-001   0.65377797577812280        0.32475812044831798E-001
   0.51325597809164913        0.73286962887282496E-002   0.11293856964352807        0.32394796304605185E-001
   0.46035131400914094E-001   0.58443209100374427E-001   0.31551517620598202        0.32428855421671232E-001
   0.53904322208472688        0.58445930798979057E-001   0.87635518346598573        0.32426807696532729E-001
   0.85766217896331953        0.88333131380233503E-002   0.15859860067527459        0.32374058053806026E-001
   0.65961679335430257        0.83492932702590936E-002   0.87766348135101080        0.32456446385809537E-001
   0.27789676194375673        0.57255191415291000E-001   0.12212593982778829        0.32328801392965650E-001
   0.79528022510966367        0.88449972077793114E-002   0.28168196777649984        0.32421424202691278E-001
   0.63142935627499319        0.91146600311267836E-002   0.49413174011106142        0.32308514928941878E-001
   0.51518469720760485        0.99902397056210041E-002   0.83037559272708394        0.32428294808679495E-001
   0.51347981435224344        0.58311634803020554E-001   0.13264581402730957E-001   0.32358215672977628E-001
   0.39601099496115830E-001   0.10139590622207172E-001   0.78736074596122574        0.32390870747143072E-001
   0.93874043709437260        0.59293252651589773E-001   0.92763740855862176        0.32366590703634068E-001
   0.79609804796011840        0.82953136679768998E-002   0.40572246706717108        0.32447442780640066E-001
   0.42868791694268721        0.81953475198220434E-002   0.61708843358728216        0.32388250177449687E-001
   0.27215675740981859        0.83315493447183326E-002   0.41030922059161512        0.32508162873569342E-001
   0.60717330088930366        0.90315170473175832E-002   0.42019878531898475        0.32374387236102344E-001
   0.80762198466146340        0.58188068673677276E-001   0.94946718614196646        0.32408231185518457E-001
   0.59733336493415723        0.58585758714504665E-001   0.96482236619454120        0.32443956496103828E-001
   0.41829654341997058        0.11019689837859295E-001   0.68113879754364548        0.32383328274335460E-001
   0.38870560156619702E-001   0.58064209044174420E-001   0.17248360375940303        0.32355910000112800E-001
   0.65469236902021566        0.14080015413175304E-001   0.60026817937139076        0.32415664116963783E-001
   0.28050965890665563        0.84887490661149576E-002   0.63658405413212082        0.32428434216516408E-001
   0.48832624980975642        0.58457300414602342E-001   0.55177845630063527        0.32395740894167260E-001
   0.98796839827162275        0.77055434425084175E-002   0.40654933967043994        0.32467509962521610E-001
   0.48668018854204131        0.55161644694350295E-002   0.97440562168624378        0.32438515516320064E-001
   0.37111008946603447        0.90130292642217509E-002   0.16011686252581386        0.32366583633631797E-001
   0.90277162310801184        0.59154861911167755E-001   0.78645262911882896        0.32389281119987866E-001
   0.17443693816865713        0.58680079907056704E-001   0.92472321961819026        0.32423870560601011E-001
   0.19763461267865842        0.91820318141347685E-002   0.98258543722416003        0.32453204198983898E-001
   0.90997505577248716        0.86729155231824815E-002   0.95824836421364989        0.32415821000650422E-001
   0.12296622026672913        0.59245287951071639E-001   0.84246930424708177        0.32398131762383452E-001
   0.47053981254162036        0.57999401457974400E-001   0.14819929603547174        0.32427635404455389E-001
   0.68334676043977305        0.13596820856991121E-001   0.73679305501124026        0.32428632810645834E-001
   0.10183319646873892        0.86000493648000706E-002   0.80606770711510167        0.32401067321994291E-001
   0.42820490394102373        0.56596726689804117E-001   0.77309308317235792        0.32416447290295330E-001
   0.51297326898580586        0.59597756637321031E-001   0.71978854098650624        0.32480760513888096E-001
   0.25876629951214364        0.58641031851546892E-001   0.59809013211533102        0.32387715316900469E-001
   0.68566279145859943        0.58644670607116173E-001   0.84426903274072462        0.32462263681634934E-001
   0.34407204043933376        0.58644972618866045E-001   0.11894653547027433        0.32462851123923060E-001
   0.76831659534811514        0.82818289704816427E-002   0.69967612273444502        0.32397412781867196E-001
   0.63899036986635427        0.58525378614606188E-001   0.53527927418012045        0.32382193874518905E-001
   0.44951727239958361        0.58569003972634343E-001   0.33915609782045422E-002   0.32299021900318671E-001
   0.93508777580395841        0.77029149704279350E-002   0.59467734221309942        0.32399475197367994E-001
   0.43496551622315155        0.58569644776076783E-001   0.51458450218063290        0.32497623104781187E-001
   0.78008567291119579        0.14491431581054351E-001   0.63215752546185588        0.32480246904913711E-001
   0.57370215319141193        0.83110285856790467E-002   0.92413455599441796        0.32366434275036708E-001
   0.27382117855979302E-001   0.58932667608111479E-001   0.38314749690583211        0.32448977371668859E-001
   0.92732819726797133        0.58562394269917412E-001   0.67124427855167118E-001   0.32341942544293845E-001
   0.41232903213591054        0.58375442106444290E-001   0.33777702144599964        0.32416761544462568E-001
   0.72288732698575192E-001   0.58224939343412919E-001   0.52038269717673780        0.32380518645802436E-001
   0.35233018266000885E-003   0.58719117468086793E-001   0.94810514093869691        0.32445682998240237E-001
   0.71057871159139185        0.82570131337341979E-002   0.16242089671792209        0.32412201699990789E-001
   0.25940649136577604        0.90487926557549121E-002   0.24165081520730936E-002   0.32413879026209236E-001
   0.35122366234085151        0.58359228699858892E-001   0.54502434957624510E-001   0.32376242625365134E-001
   0.34291083322307153        0.58812601200413719E-001   0.54707839922317070        0.32399723769492045E-001
   0.14554212076945011        0.98124857824387866E-002   0.35662872078533614        0.32414332708311698E-001
   0.70762613956806109        0.14010923409801321E-001   0.67660519036840738        0.32446805083460886E-001
   0.98907678266090782        0.58897638355049735E-001   0.87004212114820914E-001   0.32355643991547486E-001
   0.32522331147408728        0.82270689920658432E-002   0.50436754031428765        0.32357618093691351E-001
   0.57384376705395668        0.60691498822013502E-001   0.74301353199132658        0.32348019150988241E-001
   0.46840840213031770        0.10815210989175645E-001   0.74714384422739122        0.32475868247485995E-001
   0.31849971947438876        0.87039063733945331E-002   0.29169706817280050        0.32356349332852412E-001
   0.76267722550639316        0.58346838138988312E-001   0.38150686438438497        0.32333982189554231E-001
   0.74630411671277097        0.64361220755763920E-001   0.65693977537969206        0.32378047599613484E-001
   0.14566964886842609        0.59253839196710505E-001   0.77547678749634641        0.32425757315317036E-001
   0.84795149507967527        0.54091133783892770E-001   0.75216212016682693        0.32249890625579716E-001
   0.21942211111136817        0.84783324921812939E-002   0.61114485191849199        0.32340938425704714E-001
   0.50166895310338355        0.87190751709233134E-002   0.17727835123890726        0.32450578120898493E-001
   0.55339999624954994        0.57746790221265248E-001   0.42157889434232487        0.32346831218408915E-001
   0.50723188909959027        0.83364136190106526E-002   0.33742206874725689        0.32305003207455933E-001
   0.93459963427736170        0.84853606670047335E-002   0.32380116422484556        0.32401329109958049E-001
   0.45790206021466801        0.58212634759355814E-001   0.64612604638130722        0.32358421983494402E-001
   0.77363006447901961        0.59545495684590069E-001   0.24088522139111776        0.32437128055551497E-001
   0.84485921208072334        0.85099296374407437E-002   0.57714386087664967E-002   0.32410135187654260E-001
   0.11624852281860521E-001   0.58546158980350739E-001   0.24254787042927511        0.32381993937784938E-001
   0.13502299032575743        0.58103313839114192E-001   0.14353539475951235        0.32376576361208963E-001
   0.41353233348131890        0.81957210748122549E-002   0.44914351177363149        0.32352099760236883E-001
   0.17130525985456679        0.66641706678398907E-002   0.52301584683149671        0.32418512325377832E-001
   0.45240944792547932        0.88121770642619578E-002   0.81005881845414607        0.32452912771250952E-001
   0.63526180337639526        0.57995603309855703E-001   0.76344196885995030        0.32347821842761477E-001
   0.34449909939889339        0.90795006399410540E-002   0.95881574275644688        0.32381298575568374E-001
   0.70270911448391060        0.86676782927839428E-002   0.92622562049285051        0.32462521106355897E-001
   0.86751092682275988        0.58510093996490910E-001   0.42308637608904430E-001   0.32252649972478634E-001
   0.82298591573995702E-001   0.84497798138057894E-002   0.33538696053428807        0.32437152088569711E-001
   0.74935657676140621        0.57998390843424487E-001   0.14745572206420871        0.32313995837062376E-001
   0.43563974508058972        0.99249090017303528E-002   0.19002055105158266        0.32432837034962310E-001
   0.78182681553005984        0.88419538746932255E-002   0.91639916642070374        0.32324059003527340E-001
   0.53543837617504253        0.58095509378280598E-001   0.15025338930808568        0.32470988747193806E-001
   0.69790804156507347        0.58310192767776207E-001   0.36372626379703998        0.32319175868811868E-001
   0.78988897915965450        0.11103721255114095E-001   0.54995263102207970        0.32423170148484871E-001
   0.79780210064228405E-001   0.58623812496609744E-001   0.77092343730642932        0.32513427675764199E-001
   0.36570607081919920E-001   0.85318749146197949E-002   0.27526202202587974        0.32346736542418077E-001
   0.44777233066509986        0.60691360639270976E-001   0.71089037910116881        0.32412817329042297E-001
   0.79473246373357898        0.94899637024323542E-002   0.14108763078172706        0.32378864788004794E-001
   0.56632990973754382        0.88601901903042259E-002   0.47368145018906016        0.32405529758347783E-001
   0.92072552530022378        0.58583911728244870E-001   0.27961451802731924        0.32290286622015558E-001
   0.27172186783633728        0.58501663408769104E-001   0.30674289367188190        0.32403213877573868E-001
   0.61408482349057081        0.63730894641687894E-001   0.61071322423735919        0.32462809217139107E-001
   0.29608784343644412        0.58525168939858763E-001   0.74947427755987694        0.32485042400058561E-001
   0.46697511603911396        0.88428102215131719E-002   0.41060340135078505E-001   0.32442913417782465E-001
   0.97848029697485994        0.78724029949638081E-002   0.76447686634229606        0.32365762172445627E-001
   0.72114626847507912        0.58312630869167860E-001   0.43668232709532795        0.32382220095031403E-001
   0.28291875724840837        0.82753345039501477E-002   0.18999992320890602        0.32457182614292639E-001
   0.10350878688250902E-001   0.10895824933959955E-001   0.84871731643999160        0.32355179462884867E-001
   0.72251114154089002        0.64847661337286408E-001   0.71749518403305002        0.32456396893994988E-001
   0.98607784780064667        0.78552800133217301E-002   0.70004699282182137        0.32377155034124548E-001
   0.83651132986257826        0.58768312799743871E-001   0.12316419793665236        0.32382920527826958E-001
   0.96587610916335043        0.85566189050589603E-002   0.52515518152121833E-001   0.32359151192564523E-001
   0.66192278899463342        0.58429968728756311E-001   0.97311148276324655        0.32506597020572472E-001
   0.24630520863836988        0.58505630026228328E-001   0.21013045428737079        0.32361384417253711E-001
   0.34898396180528224        0.85681588355777140E-002   0.42891472916425660        0.32392748822882317E-001
   0.62275947135511522        0.58579303626839802E-001   0.82758302972958586        0.32433901337376142E-001
   0.89355714809664633        0.69812699969796959E-002   0.74351292512012734        0.32437519888710992E-001
   0.64564304347591761        0.85740796653471021E-002   0.15991921266685447        0.32535914408562863E-001
   0.21545366866910459        0.86778681999042477E-002   0.91949813345725662        0.32447442418687904E-001
   0.74677776166172483        0.58436129170526652E-001   0.52257661298464775        0.32415210789503657E-001
   0.72394861409988998        0.83153738236479060E-002   0.39557837861158723        0.32389937823220152E-001
   0.80654316289218042        0.88735648221391419E-002   0.77409594921266156        0.32342401460052878E-001
   0.95369316891698541        0.85265121741801043E-002   0.11659297449889856        0.32552945662733049E-001
   0.49330942758149449E-001   0.60782521337480550E-001   0.82838329762332563        0.32448259071328804E-001
   0.98148757062515590        0.85358969371566243E-002   0.91077827583669357        0.32397741769721940E-001
   0.31129975098965801        0.86193280280261516E-002   0.93439413644584635E-001   0.32470811028017195E-001
   0.98920867547444002E-001   0.59107973046711663E-001   0.19738354211176751        0.32390914080414085E-001
   0.85911917561745710        0.87984289373860460E-002   0.86832684823868866        0.32238089542393010E-001
   0.64193704226538495        0.14155101149302411E-001   0.66385543226518595        0.32367964885240096E-001
   0.74861106165479474        0.57416905577100510E-001   0.30071460374324360        0.32434609466666271E-001
   0.70416330960073603        0.58579175736240198E-001   0.77936118734082838        0.32368903978050249E-001
   0.49837605058465639        0.57622131362284335E-001   0.29261683716411524        0.32366367195514410E-001
   0.14781758642030410        0.58336988495070255E-001   0.48310465250815549        0.32342455697142315E-001
   0.52208139572313871E-001   0.58327325709657422E-001   0.10899187818087346        0.32468992978964828E-001
   0.77899150462188360        0.58586450243124838E-001   0.89583923226058196E-001   0.32480201863186800E-001
   0.96891977124545270        0.58903201368938833E-001   0.86768156439959065        0.32402682831084800E-001
   0.98866607901448822        0.57528460494205208E-001   0.80491791337943475        0.32348049609464795E-001
   0.31994217009802722        0.85256181846754837E-002   0.79661292349987534        0.32395158748257734E-001
   0.21055261525829372        0.85964897732967779E-002   0.67900189332275751        0.32365870985647249E-001
   0.23909866118404438        0.58459615220989095E-001   0.43577397725910333        0.32441312219512748E-001
   0.80786198293562328        0.56317597142388813E-001   0.67708491878619836        0.32380696041727580E-001
   0.87107128855871874        0.58536357489203508E-001   0.97376526487166193        0.32435782246234855E-001
   0.76770630630173342        0.82779249494453113E-002   0.34037694101262289        0.32426896071180322E-001
   0.31570886806267323        0.58598951817119986E-001   0.68689861185343493        0.32421653293644402E-001
   0.45472777631582095        0.58149645787903728E-001   0.44648982541287408        0.32429075197286238E-001
   0.49064788480304566        0.58322304595139512E-001   0.37510568342104028        0.32434083593253067E-001
   0.37929865286123299        0.56601169794743035E-001   0.70796976363491493        0.32377487738016089E-001
   0.34249702263977699        0.59890911049506113E-001   0.85380594589349390        0.32340487857140859E-001
   0.17317901739019095        0.90618162546105812E-002   0.42976898250792608E-001   0.32336342772634606E-001
   0.69284505983619815        0.59050203720610574E-001   0.57209638624769599        0.32344771722498618E-001
   0.37140788753398618        0.58536523776377559E-001   0.99217459209077963        0.32425078181620832E-001
   0.27788621093125210        0.58420461303887707E-001   0.52414459471943375        0.32407710103456354E-001
   0.45535947267035852E-001   0.58036447070081890E-001   0.58266969306567795        0.32448593104286924E-001
   0.10626335650820795        0.58369692961208600E-001   0.60554405391551169        0.32413810829946599E-001
   0.75979729684685782        0.58773723320556817E-001   0.81253379232372092        0.32350140479720055E-001
   0.97778727914049646        0.58453747662602397E-001   0.15077536448172060        0.32402907084882249E-001
   0.38543659667777425        0.83798848953131316E-002   0.31311501408400298E-001   0.32380113924427426E-001
   0.82634823777738375        0.89283739956853379E-002   0.21774695090050278        0.32455613216556829E-001
   0.32333516365278142        0.58267420203355562E-001   0.18045582309823188        0.32442558573389270E-001
   0.55541126155382003        0.58662608805002785E-001   0.88424798280986761E-001   0.32404976169029022E-001
   0.20936611369649030        0.58570704059333095E-001   0.79073444383368907        0.32437471668553874E-001
   0.92174209235999205        0.58161389556889147E-001   0.42495273044619702        0.32523762573443638E-001
   0.78534817144907487        0.58293635938015342E-001   0.44580376772018054        0.32401179737101306E-001
   0.71831959768001574        0.14232700698538908E-001   0.61238163187631844        0.32353653307396174E-001
   0.10997469035050660        0.85059943500002365E-002   0.50104476879575466        0.32454650474552517E-001
   0.60631024517039989        0.59047851279206601E-001   0.46137551951700995        0.32378993214791568E-001
   0.86650443906273111        0.58951154116617700E-001   0.20045641776810350        0.32424633472287710E-001
   0.74278859381604490        0.86886640438784152E-002   0.76234729385046562        0.32360248513609510E-001
   0.44042006635617192        0.58915662194319242E-001   0.25047477927918460        0.32449397443515847E-001
   0.58535716219410443E-001   0.87648319164124432E-002   0.41077193159130221        0.32393356955404164E-001
   0.35851417540180902        0.83327892971573735E-002   0.89423038797638177        0.32356337611203205E-001
   0.18652995442729242        0.58053240340893333E-001   0.33950847278415097        0.32411024074156448E-001
   0.55637106839916439        0.80895412785336861E-002   0.38001753639612079        0.32367271560235771E-001
   0.68545385041148155        0.58679969652194547E-001   0.12909185125693154        0.32366399450567629E-001
   0.95500759127171175        0.72125173462713014E-002   0.53251854749372218        0.32351043270843122E-001
   0.15344091955991901        0.58235264665083587E-001   0.23465685466418731        0.32400077269405830E-001
   0.64062205705421915        0.58320356952017753E-001   0.32143775828035237        0.32295648595753124E-001
   0.73501050294911030        0.93662101642460992E-002   0.25653684968195622        0.32364788533322010E-001
   0.78132450389427233E-001   0.83767533979140409E-002   0.63598243630056883        0.32442800466449970E-001
   0.56128934350462745        0.57166297649206055E-001   0.80652849438601104        0.32481722459064152E-001
   0.19074564063088822        0.58269045896431837E-001   0.17675021798841653        0.32452013387420570E-001
   0.57817101491592304        0.81675857183691244E-002   0.22154550221211841        0.32395299601738481E-001
   0.61726268178759802        0.85052264361855489E-002   0.15499921466598082E-002   0.32464042347490438E-001
   0.28324440875254892        0.85059194575009735E-002   0.34632952264282330        0.32371328764250147E-001
   0.37862666070097911        0.87922787970011029E-002   0.95811677358097591E-001   0.32350189103624541E-001
   0.86512325204792295        0.90811025648215929E-002   0.80361724924112610        0.32440946060224192E-001
   0.31934684411912578        0.58417107703096917E-001   0.62188524541884227        0.32481330758561210E-001
   0.16775603770126005        0.84513769540722362E-002   0.28779796912598582        0.32380714280689324E-001
   0.39877325974812944        0.66250451015603291E-002   0.74437057987260802        0.32281838107001047E-001
   0.45983490884666051E-001   0.86045903341282568E-002   0.50191006706036979E-002   0.32365332970908371E-001
   0.65892065989038562        0.63505207494052515E-001   0.70326565342120650        0.32404464540157440E-001
   0.11516145849848441        0.82202534686212324E-002   0.24995171912052999        0.32384320336198140E-001
   0.99098824484354947E-001   0.58756324306964869E-001   0.68221004233232507        0.32391978582697108E-001
   0.46629697413291288        0.85829694367440777E-002   0.48712609345934660        0.32447740164828251E-001
   0.57701274155038851        0.58556847397080607E-001   0.26533300109952716E-001   0.32474511272940161E-001
   0.61190878918075575        0.12798424165426790E-001   0.72134260007668594        0.32479816113177074E-001
   0.33449225921121395        0.85540092782954557E-002   0.73343714383835890        0.32379781750262605E-001
   0.22523211053140771        0.86409584098663967E-002   0.31756279538163029        0.32344948607839423E-001
