 3 HS poly
 400 2
 400 0
    1.0000000000000000         0.0000000000000000         0.0000000000000000         0.0000000000000000        0.10000000000000001         0.0000000000000000         0.0000000000000000         0.0000000000000000         1.0000000000000000     
 T T T
   0.32950941107257914        0.24079316134918954E-001   0.56733827568365791        0.34561583979933738E-001
   0.93008527984861988        0.74047951951559596E-001   0.43142532140106671        0.32147272224978415E-001
   0.19768708540584928        0.25359187458134674E-001   0.50522144406274383        0.33530456809922858E-001
   0.14544012578207513        0.75690722660163884E-001   0.63595143360435324        0.35595613650314342E-001
   0.16435675669996397        0.25704585565189255E-001   0.58765878743676281        0.36431068191561021E-001
   0.52541031439755481        0.27158899068379372E-001   0.93237791105202616        0.32143144634325271E-001
   0.28125633663198241        0.24324609006978071E-001   0.69004746496970659        0.33884871823056835E-001
   0.96773885546029770        0.22418585340184431E-001   0.23252509861712070        0.32520741014975776E-001
   0.94068325990640689        0.75237216395319467E-001   0.49548533642451270        0.32765543419876121E-001
   0.65180252231551805        0.73975497775998614E-001   0.55398027121417093        0.33976642690304135E-001
   0.56941800951531474        0.24184412920569866E-001   0.71681127471762895        0.32646754071746310E-001
   0.45614408148817626        0.24303179861443786E-001   0.18439938851362583        0.34055427387211172E-001
   0.41243847777319392        0.23943196507618777E-001   0.51941003186193435        0.33964072890087987E-001
   0.60673999323949923        0.24489131964307187E-001   0.58301557788146829        0.29271816979899466E-001
   0.15396612773268731        0.24325270906028217E-001   0.74549263089118412        0.33732534427163112E-001
   0.79641541414695216        0.73668784458403677E-001   0.81204262935135751        0.33964783896351901E-001
   0.85332896703445260        0.24180744925710082E-001   0.71822540159107939        0.35284233640099492E-001
   0.76662473923567931        0.74256741316116856E-001   0.37254627668581253        0.32838801520967083E-001
   0.71701127172594425        0.24258946343077438E-001   0.97377211071936709        0.31651160043945560E-001
   0.90071936134866182        0.74495053289905994E-001   0.97554465271933788        0.34294174499308182E-001
   0.98939710080761600        0.22557401885390353E-001   0.29812844713169889        0.36452281549449225E-001
   0.33807866159751267E-001   0.75543730720761579E-001   0.53597073321548827        0.34112142293305350E-001
   0.96166177834023286E-001   0.27200447430756520E-001   0.18355831744549811        0.33491978621832431E-001
   0.53151723423267805        0.74766532327748686E-001   0.33347608058965035E-001   0.32671785557252225E-001
   0.74513452478145248        0.23858064636658516E-001   0.61519321470716326        0.36516613014900189E-001
   0.93428236881275051        0.62212260560576993E-001   0.27783782446792271        0.33145024824975909E-001
   0.19505387755847198        0.73230534141168785E-001   0.39876197854433321        0.32893734585097319E-001
   0.30627152153892289E-001   0.74517017764945334E-001   0.75467366752818810        0.33469610932299054E-001
   0.40116444030889964        0.24106737191196909E-001   0.28710355316043668        0.34516958036497715E-001
   0.46822452825517014        0.73324318103030306E-001   0.19739128798794196E-001   0.32039383541016618E-001
   0.77096759632549539        0.22838773786502009E-001   0.77272498428244085        0.31167431767134362E-001
   0.23800483860122523        0.75524787096861015E-001   0.52249107329691247        0.32457606681984323E-001
   0.83869657341901760        0.75382911258837657E-001   0.30982522849532040        0.32398885458605704E-001
   0.94586444582758533        0.24512408327867226E-001   0.95924481565811370        0.34733176671913626E-001
   0.98867284476716744        0.23570393212977291E-001   0.89531734265653107        0.36679147905296201E-001
   0.61921161370944899        0.24320948506145697E-001   0.16072735658839538        0.30892137842041284E-001
   0.26873085981643008        0.73125838869256762E-001   0.14513916834988905        0.32975992989137851E-001
   0.82240723240697755        0.23989438105963431E-001   0.56715848805811764        0.32932325267306634E-001
   0.60299372514987581        0.24823974881903726E-001   0.22479195572007299        0.31957473349310837E-001
   0.67147722260909415        0.24227539739299336E-001   0.24027913214448468        0.33313609993427695E-001
   0.45829774531621159        0.25764544906081651E-001   0.88576871234409105        0.35019026895934571E-001
   0.95067562277783835        0.25000382173586983E-001   0.59864174278519633        0.32709189544423291E-001
   0.13286591822189506        0.74758350532077480E-001   0.30630835298905233E-001   0.32677107318774469E-001
   0.72749795303790488        0.24280873765648359E-001   0.68460121002745300        0.34080689156995643E-001
   0.92896156800337171        0.26941467829004320E-001   0.74930838539745470        0.32178460428622456E-001
   0.77050352059047467        0.74070550637775998E-001   0.66118325521884524        0.35749319670309886E-001
   0.28057590421866080        0.23254697819167353E-001   0.26910653995700790        0.36024217951243741E-001
   0.32882092830990411        0.74250747424913582E-001   0.70752045863386726        0.37210349253218020E-001
   0.63617667597187377        0.23945464835430256E-001   0.23696462085662461E-001   0.33225420808037864E-001
   0.33955178504377917E-001   0.22951643196924165E-001   0.42623356052572026        0.33699103031824086E-001
   0.33380625528385377        0.73728165354816147E-001   0.12703109089292308        0.34532007245841066E-001
   0.89990516627975259        0.24492982271979061E-001   0.87413357890714283        0.33367523575687834E-001
   0.85760000610222387        0.74190581563997951E-001   0.66865005915686460        0.35217695541978934E-001
   0.43094112623003417        0.24448195883729592E-001   0.66708043139532536        0.31154163037652439E-001
   0.51347019121085880        0.75035767445167212E-001   0.16532701269515387        0.32547941380292496E-001
   0.43099778235941377        0.23460390648982823E-001   0.39065473572364409E-001   0.33112522655206221E-001
   0.55429032253604160        0.74693018101576844E-001   0.66981576697745648        0.33843964178537911E-001
   0.25868241160196570        0.73273172201982414E-001   0.37792242349536115        0.34041623725683777E-001
   0.36521606739501312E-001   0.24420533059327149E-001   0.64400194828644219        0.34602205922471478E-001
   0.98455274236192081        0.25431907154783301E-001   0.51138783639605268        0.35420478984835468E-001
   0.58609846448577907        0.73955455224333611E-001   0.11503459059509802        0.31692560867656622E-001
   0.41373821512169656        0.74139551876226700E-001   0.33350379429832383        0.34758622366997831E-001
   0.40237219933796292        0.24171396953849920E-001   0.78925592758764596        0.33693465648419851E-001
   0.84234263032331691        0.24199898312078000E-001   0.13560514611959437        0.34385059702388192E-001
   0.53969667263740632E-001   0.23132805091565279E-001   0.27161050085649113        0.33283782762051448E-001
   0.62012825169137342        0.73789612912760177E-001   0.68530184508382008        0.33784221376929255E-001
   0.58123079356074658        0.74150741075582810E-001   0.83993740165199804        0.33400986377107450E-001
   0.20616457473289485        0.23205109396282134E-001   0.27983481566701740        0.34434066804739878E-001
   0.59216737633554650        0.74239124403823090E-001   0.75621991719640003        0.34533455973460664E-001
   0.96976724160209027        0.24028671000325602E-001   0.44464408761758789        0.32933316193166647E-001
   0.83470178973025388        0.72631673870412389E-001   0.95988362774156488        0.32675700073735152E-001
   0.11721940639624179        0.23288350085246545E-001   0.24775238328613494        0.34168435312688705E-001
   0.33219324201662270        0.74284518947962438E-001   0.45280724960268348        0.32137135602822053E-001
   0.95983368389769896        0.72884850955183697E-001   0.77566681278413013E-002   0.32971509269318473E-001
   0.59445136746482330        0.23932088735996296E-001   0.64620375873225833        0.33699894998554802E-001
   0.32452748733779679E-001   0.22620148873545999E-001   0.20714049580973465        0.34598423309606406E-001
   0.73687435111162414        0.75272865524756982E-001   0.78985867163297058E-001   0.33421020532902281E-001
   0.72849492924643244        0.24193136199761218E-001   0.32248283292731184        0.34017654264970887E-001
   0.13216185374717287        0.24124166635809290E-001   0.80957567088663321E-001   0.37441890301930188E-001
   0.54587342137239780        0.73658792267879220E-001   0.38126940086888356        0.34766593425158358E-001
   0.93963487706431603        0.23460079803017151E-001   0.17331834064102161        0.33010355412144934E-001
   0.44275829613038148        0.20165692519963922E-001   0.97066001961238157        0.32750718428923208E-001
   0.93198609724426773        0.74201528164259609E-001   0.69187482176991041E-001   0.34396166843784291E-001
   0.42330732268427612        0.24263591729784581E-001   0.10970713523762171        0.33076002157203702E-001
   0.29410621732740766        0.74178290385449513E-001   0.79761357399514776        0.34197424777118304E-001
   0.53909443887804387        0.24751930772429424E-001   0.86777442289750550        0.33839666622207908E-001
   0.38607502225503915        0.21869320770217818E-001   0.88147679716904259        0.34425579335709652E-001
   0.95033924064599662        0.76910629097722810E-001   0.71237767155804255        0.33510025936053074E-001
   0.55624889847211034        0.23920307800330675E-001   0.14147772105752582        0.31588753287194647E-001
   0.67730421394646145        0.74301507899484795E-001   0.99600733449354928        0.33022994319683231E-001
   0.58592849088721000        0.24166066043878883E-001   0.29009093881178866        0.34363133184930041E-001
   0.99374103248729340        0.74458864827895530E-001   0.62162594174127517        0.34870275917500991E-001
   0.42060850058342036        0.75273890447625433E-001   0.84042311309135131        0.35648794945603281E-001
   0.12081001599865329        0.72928149833330458E-001   0.35494022817977405        0.32177237364844409E-001
   0.28813246878049725        0.73129098337623086E-001   0.21825860316829740        0.35586022796430958E-001
   0.98844505186354370        0.73818276297165475E-001   0.18735720324018748        0.31499933795789269E-001
   0.29611323425819586        0.75642882694612723E-001   0.64578766043268687        0.32650471780053675E-001
   0.61164619985952617        0.24152276277828302E-001   0.80243570160911382        0.36084912026552347E-001
   0.83544936023652838        0.23991132104513133E-001   0.78525573933006698        0.34063168690261096E-001
   0.87910065349523203        0.74067307184867329E-001   0.47127061848696811        0.32539702659707050E-001
   0.50473422799655610        0.20507110625660296E-001   0.99356553142311788        0.32731854462193267E-001
   0.17444526573524524        0.74032901651420402E-001   0.87273570549728641        0.34987658174666265E-001
   0.54936159538047891        0.23937304454268130E-001   0.48763378216435688        0.31391211376945366E-001
   0.91574717932648664        0.24214410382886797E-001   0.11160952903022439        0.33135554495639499E-001
   0.35982360613785701E-001   0.72708871275048464E-001   0.31519548394201402        0.33860605536415185E-001
   0.35967750654053560        0.23646673743997263E-001   0.87031447469751416E-001   0.34435328571571167E-001
   0.39604184559813410        0.73620309275301637E-001   0.62743496111357641E-001   0.31946711434926583E-001
   0.70435054016606879        0.74256841358186609E-001   0.93434614682338191        0.33263900536112397E-001
   0.79785697030048042        0.24274384089923322E-001   0.33604657644036223        0.36484223136892771E-001
   0.17175834733804862        0.74286180283047329E-001   0.70149925729213125        0.35001647511549848E-001
   0.87292923513986098        0.72933576279593723E-001   0.36680148757675043E-001   0.32877147542857109E-001
   0.68349360406542070        0.73480125076004099E-001   0.70812298313565947        0.33558895621372535E-001
   0.43243233293969446        0.23677294891991010E-001   0.45540601592926711        0.32960298606084487E-001
   0.51418835054785084        0.74658516423337096E-001   0.82802217308911108        0.34650210001688900E-001
   0.63052456604865681        0.74448065946635542E-001   0.61913238310799634        0.32863551492907532E-001
   0.11381242959012489        0.23270955286082473E-001   0.46561838168880371        0.33124285991424696E-001
   0.81480468719716537        0.74115496130599492E-001   0.44501223519339639        0.36499198500184259E-001
   0.88863734664961569        0.66474500341064793E-001   0.16702103817114405        0.33620205773343868E-001
   0.36937804667598950        0.17708443761653984E-001   0.22565067197045673E-001   0.30935005923334011E-001
   0.98996965736871678        0.74373443972279019E-001   0.94954017080403896        0.32511487196142080E-001
   0.45760298877346739        0.74326075156382926E-001   0.83827634653446781E-001   0.32789517638470995E-001
   0.38909294508109959        0.24089525410564441E-001   0.21972453418450316        0.33887406161890496E-001
   0.36971891197170986        0.24278142054167492E-001   0.43715955614940538        0.32296069747782569E-001
   0.78751766405932189        0.73964537450298393E-001   0.88586647472809199        0.32890029602921762E-001
   0.58940853394247195        0.23607616170666812E-001   0.35934544898004361        0.34981006759064480E-001
   0.66036784039416951        0.73939692531676135E-001   0.77873175668221373        0.37242230004038729E-001
   0.13754251431715242        0.73763634320529875E-001   0.79307985685602289        0.33805752778407409E-001
   0.45880910324204699        0.24170268788109222E-001   0.25169875507057066        0.33115627708193908E-001
   0.77798750328658295        0.74233337167259966E-001   0.22498527282581776        0.35972964892823922E-001
   0.99119745023969041        0.74046338202720177E-001   0.40477680188529996        0.34478983180950856E-001
   0.42590946876696983        0.74348631513661653E-001   0.62414644653891660        0.34839256769998203E-001
   0.17917059641862026        0.73425575866836845E-001   0.10554419324285327        0.34704020875386404E-001
   0.20052089579695229        0.73998495206067480E-001   0.76399317851705362        0.33615855684306188E-001
   0.78801767582370519        0.22500237731493813E-001   0.70757847500636240        0.30671649849878448E-001
   0.65696591624215306        0.24289793788954017E-001   0.37597665971732125        0.34537005649657601E-001
   0.61121195908420423        0.73985072867342724E-001   0.40196248434347071        0.33593965740853667E-001
   0.91634677382482421        0.22932324416315045E-001   0.22476939214571407E-001   0.34838155173216812E-001
   0.32801046967560382        0.74134492765032783E-001   0.37969369447800566        0.34978223166385658E-001
   0.44217433067378892        0.73909071509777255E-001   0.55629389503916604        0.34881743424533825E-001
   0.37275079289852303        0.24285577928449487E-001   0.15314710758448144        0.32877832234551332E-001
   0.79264807706377272        0.24160563960885565E-001   0.40417120462582307        0.31692030242909425E-001
   0.62543906380359748        0.24196996311546624E-001   0.94083675515131929E-001   0.35043013504624236E-001
   0.13682318816439801        0.73679165724816989E-001   0.94616329099965357        0.35063841250169620E-001
   0.95459408779486410        0.73784922078055357E-001   0.13255087544074551        0.32664570602896910E-001
   0.78316549837704430        0.74008469992917811E-001   0.58472518112340233        0.32865639732957391E-001
   0.13746438957075513        0.77039785612952286E-001   0.20006844329744192        0.33286967675728835E-001
   0.64341284744573413        0.78438289409486078E-001   0.19987381456579564        0.33664808973924848E-001
   0.35581759493833043        0.72165367998740917E-001   0.91623833561167556        0.33269908981218725E-001
   0.12679373040931083        0.24523578315695158E-001   0.68285479976143793        0.34536192524173989E-001
   0.76948099292538774        0.74409760981392126E-001   0.29518406590281732        0.33768575200502228E-001
   0.43283329161578336E-001   0.24037066501035556E-001   0.55722305476375300E-001   0.33923611620585409E-001
   0.52490173759271896        0.73299869921971961E-001   0.51693172803647991        0.30698783885267495E-001
   0.96273318369690122E-001   0.76583887970843575E-001   0.51117378163857818        0.33029321079606731E-001
   0.22678828668858259        0.23024996844736315E-001   0.34510780737139668        0.33517906980823783E-001
   0.67438116062858522        0.23895989862595109E-001   0.59793490604030786        0.36264320205218525E-001
   0.91282358022177790        0.24159719139310698E-001   0.68755366252829520        0.31613697567115566E-001
   0.25660326512631704        0.25730057653443883E-001   0.62642316081802973        0.33883562285130099E-001
   0.43180386058118020        0.74075438377540256E-001   0.22010679713636522        0.31815785615843868E-001
   0.59215328990968388E-001   0.24397598775632540E-001   0.86334752030040651        0.33462561659924762E-001
   0.84328594774942944        0.75169854555739962E-001   0.24410880484575501        0.32004039471443722E-001
   0.73076628117877462        0.74036781092505208E-001   0.79257151856828023        0.34496094057303452E-001
   0.66232341273128714        0.72701005377891634E-001   0.48746819408706021        0.33315821685254494E-001
   0.88564582786732460        0.16495487227369831E-001   0.21266847698638749        0.34119622498049916E-001
   0.79908826446223813        0.74222883521245439E-001   0.15707786657685363        0.35102492236599975E-001
   0.25397412513831386        0.73690743043949500E-001   0.64517589046281978E-001   0.37021806632688850E-001
   0.11564140743533904        0.72357889898741770E-001   0.13033587451698811        0.32595967032211327E-001
   0.17929369734428205        0.26393625759327122E-001   0.21738503209900970        0.33481643677551895E-001
   0.17450174179825279        0.23122242738649934E-001   0.43796888922642502        0.33552554039996497E-001
   0.35257449261202506        0.74201245379733591E-001   0.19252149623823239        0.33592320296667560E-001
   0.87197530117701441E-001   0.24945081697475731E-001   0.92774364249531038        0.36708735336736090E-001
   0.73765648371583059        0.24126130657525720E-001   0.25286738812023218        0.33957712121479841E-001
   0.81012038340718617        0.77770846288365655E-001   0.19841384444777583E-001   0.32310688163261617E-001
   0.83318853801684645        0.78963626733110123E-001   0.37704698343039889        0.33958957735242629E-001
   0.63388650808511460        0.74254411342361437E-001   0.92022541864208851        0.34852759067169434E-001
   0.81420749129464953        0.24211154826258297E-001   0.63539751126806865        0.35379793418188914E-001
   0.90033056791102717        0.79095381908864310E-001   0.37339452908645254        0.33223146165950318E-001
   0.50764292166484704        0.24500233479550854E-001   0.68615778918448134        0.36301411342247195E-001
   0.74776320977136568        0.24144415968714784E-001   0.91289386822232821        0.36201967622446318E-001
   0.49450636541172911E-001   0.72601151142925216E-001   0.16325495117922559        0.34034924294046837E-001
   0.54684478940973502        0.77482506658440309E-001   0.96764904082232706        0.32421006477390220E-001
   0.40604908091005609        0.70278185927319867E-001   0.99674700950861206        0.34293131768418902E-001
   0.66175309679207461        0.74278676382262918E-001   0.62051902987468412E-001   0.34485328925060718E-001
   0.31663807000761479        0.73230844567728243E-001   0.30859725601540816        0.36910161912202769E-001
   0.46824065017633881        0.24506465668552226E-001   0.59890759836044016        0.35156295908680489E-001
   0.92429612758343760        0.12054241876870188E-001   0.32080167337437121        0.33272758563132450E-001
   0.65447628229373511        0.24454083065177459E-001   0.96044358320290002        0.32230210078804930E-001
   0.22625538687072574        0.23719183028878620E-001   0.98158726768069438        0.33508016755776582E-001
   0.18278781330509145        0.73117024382038057E-001   0.33016337334607271        0.34560087149903905E-001
   0.96469515163038455        0.24460882214031084E-001   0.82062527084252734        0.33603665456492987E-001
   0.54863408071437325        0.74079857345004121E-001   0.31297220231196016        0.31963149756176659E-001
   0.13554185330502749        0.25485180652444168E-001   0.52631650017170206        0.31130059695104823E-001
   0.30385790155793485E-001   0.24435709106587288E-001   0.80141224873088135        0.34833540119067946E-001
   0.45669065870627240        0.24465506734910429E-001   0.73756912867998159        0.31319900068321527E-001
   0.58962619566434293        0.24044398579695161E-001   0.94509591035037710        0.32994217990973275E-001
   0.79676624295429571E-001   0.22803986237457441E-001   0.33528856745387819        0.35366355020880466E-001
   0.22502247779664067        0.22926991271324706E-001   0.12835740336870716        0.35347683071576590E-001
   0.70152323186778620        0.73764495712110328E-001   0.64046717630547090        0.33562283272596270E-001
   0.17668431599124768        0.75749635895744835E-001   0.54253686365782083        0.31962030996848426E-001
   0.66233198916198999        0.24220729085096093E-001   0.30806527142782869        0.33569843316369356E-001
   0.14308588446895160        0.23345805030517384E-001   0.30891173720060516        0.32219021300664723E-001
   0.70343730047297048E-001   0.22605827022647396E-001   0.11966116104818932        0.35492018055333627E-001
   0.91252619301898719        0.24199211056399560E-001   0.53583412225250426        0.36637649038192693E-001
   0.48766573296989707        0.21547607076240961E-001   0.12588095522133988        0.32445799732438739E-001
   0.98784994854582975E-001   0.73368456745496247E-001   0.29012672882308077        0.33693596506172707E-001
   0.72007175028690473        0.74426408123996118E-001   0.86514207820109501        0.32346650383418607E-001
   0.20187857521956041E-001   0.74174931291873608E-001   0.96081589073535603E-001   0.34133327184322527E-001
   0.64893513544779746        0.74251177464371640E-001   0.85000462565216883        0.34902276658067742E-001
   0.84472159746127928        0.23347241754115761E-001   0.68686734342434400E-001   0.32531155000128056E-001
   0.80765984525943774E-001   0.74408411436084898E-001   0.66543736134033249        0.35491729337306613E-001
   0.78309897874217826        0.24285232557235237E-001   0.98017928760389916        0.34491226629646821E-001
   0.46449846843541620        0.73801391592767607E-001   0.48958925134274001        0.35454197441207147E-001
   0.77621121705012086        0.27797321142075750E-001   0.49341948653302194E-001   0.34898300677557566E-001
   0.21966774038492901        0.73801202272719788E-001   0.93722512464057284        0.33567677297996146E-001
   0.29385834143837736        0.23738458906840353E-001   0.28012859194705416E-001   0.33824912441858014E-001
   0.72801656858150321        0.74166319464775754E-001   0.14822839796319442        0.36179928895452206E-001
   0.27815964206631366        0.24190275996483334E-001   0.84120535470877522        0.33971728283797992E-001
   0.21565975428657577E-002   0.24257347207854510E-001   0.14280185060871101        0.36514464122377577E-001
   0.29112788635448794        0.23733065558666694E-001   0.10216670652235267        0.35730937697589629E-001
   0.13164699032661201        0.75605474427218142E-001   0.41830500962622530        0.32043771905793737E-001
   0.16162802725356551        0.73194081602235714E-001   0.26365598624019720        0.34370813190509004E-001
   0.74407347252447298        0.74253192839015741E-001   0.82075447709593127E-002   0.34806422199634562E-001
   0.53362090160455899        0.23997964201516855E-001   0.78085650979316135        0.36004144211556267E-001
   0.63112707529097734        0.74204121313443311E-001   0.33860509751544854        0.32797331195422698E-001
   0.49455460970597098        0.74937644796335093E-001   0.63907565294941182        0.33279446703396227E-001
   0.35469640030070210        0.74459222215690388E-001   0.61204861123805721        0.34823905402684610E-001
   0.75765903154135983        0.24670327100661860E-001   0.54380345620378567        0.35462565289883376E-001
   0.42423639854604972        0.75750386511109241E-001   0.92204249712631992        0.35487178526698894E-001
   0.68918368694482268        0.23948162645443322E-001   0.53037457294425194        0.32506880039895304E-001
   0.36555109655508977        0.74102885497057666E-001   0.25819272328641379        0.33330645054463474E-001
   0.45879022803979691        0.73688353791267744E-001   0.42117103922736954        0.33067118332130732E-001
   0.37664454908890577        0.21938481169435326E-001   0.95752025009724540        0.34545893314162045E-001
   0.23005608142634862        0.74111697130323978E-001   0.82770998747760971        0.36559641349575386E-001
   0.65788928686096282        0.74188778605052755E-001   0.13219204728255582        0.35667473263153039E-001
   0.23321560580090223        0.23196095953627892E-001   0.41100573569779419        0.31004447286864086E-001
   0.55974172608779327        0.21304625411321262E-001   0.76995142495387192E-001   0.32846051038516351E-001
   0.93238083450058074        0.71600443717302995E-001   0.21451052328099277        0.30581096635245018E-001
   0.19173785639504998        0.25185055531187984E-001   0.65396526990859261        0.33627557202688195E-001
   0.12853836340419035E-001   0.23042724529533209E-001   0.57721191020071283        0.32098228994621066E-001
   0.43772889256733638        0.24162227602368542E-001   0.37691219060185654        0.35593719378701774E-001
   0.24605447999247429        0.73134456502361445E-001   0.30386309417538754        0.33810674307618860E-001
   0.14257870730733412E-001   0.74341809010998100E-001   0.68823061306829658        0.34808277946736459E-001
   0.37234165450588358        0.73631645980311716E-001   0.54484560969501961        0.34584885002146404E-001
   0.96878798789049125        0.75449153405360472E-001   0.55722527855101645        0.34199273829552693E-001
   0.35146709487945993        0.24457159151222430E-001   0.66047728783359971        0.34756400023067256E-001
   0.82265156386336480        0.24261830373110558E-001   0.85384663222768742        0.35691997218132487E-001
   0.50534175915476531        0.74298507154217500E-001   0.57555406278252697        0.31101173740141388E-001
   0.23581203028556633        0.74344534225684017E-001   0.67394032706412488        0.33299071638298074E-001
   0.69113025867099420        0.23936862780818958E-001   0.82192318068197934        0.35628450226450913E-001
   0.31559954160434200        0.22168898261112999E-001   0.89742268708398643        0.33575282189827957E-001
   0.81591443853471535        0.22777586860406717E-001   0.92172278308589251        0.32531521742944450E-001
   0.80548914729131937        0.75033067522497388E-001   0.89014812140665020E-001   0.32925064281256251E-001
   0.93420882513130410        0.74515985889516176E-001   0.90895052960058786        0.36137278846632682E-001
   0.10135168179627741E-001   0.75447612802810579E-001   0.47056064405156373        0.33975912559556461E-001
   0.93677335053191396E-001   0.25063484089979684E-001   0.10428621291210841E-001   0.33647160329657144E-001
   0.69950252215939956        0.24176548851055198E-001   0.10904619936250622        0.33314410628659620E-001
   0.97190278164575783        0.72605296183744311E-001   0.34131568046999106        0.31855024961007491E-001
   0.47853802078072577        0.74460275969511269E-001   0.77094188837397659        0.32610126995804949E-001
   0.27677423628356407        0.77421496487969671E-001   0.57967646617647539        0.36244567837415566E-001
   0.76605948771208410E-001   0.25699899018975875E-001   0.55649411926321346        0.34669296092144614E-001
   0.12889408481326210E-001   0.24307730716137108E-001   0.36303221643141753        0.32586010588521931E-001
   0.89907450196188554        0.24381334376983546E-001   0.80743750362783795        0.33220789274288759E-001
   0.88157190808890584        0.74501179315782456E-001   0.76213048470104683        0.35074824017782981E-001
   0.52214835217343480        0.71569984548796137E-001   0.99838245167095566E-001   0.33522540399530940E-001
   0.62245419433956461        0.24595899845853929E-001   0.51372741566439317        0.34052338416938881E-001
   0.10031448775779171        0.25566404858440719E-001   0.62033504494464953        0.33360439506925653E-001
   0.99185405764888968        0.25136242254378823E-001   0.73231167679327513        0.32970721729664546E-001
   0.57840565494392049        0.74304718569583081E-001   0.18041348464458956        0.34070949745155961E-001
   0.85738051222690204        0.74442324021148309E-001   0.89552371333976011        0.35571595315764294E-001
   0.22049254520088135        0.24148763117808107E-001   0.87512459453767943        0.32924449049008937E-001
   0.26877711607802673        0.73790944142283543E-001   0.88673289345841222        0.33999489600970129E-001
   0.63493811952778745        0.24245150159001805E-001   0.44104991747304217        0.33921085894639116E-001
   0.66223057745662084        0.24153833243021818E-001   0.66672189921977187        0.33558585840275212E-001
   0.57007123760472367        0.24123875110907984E-001   0.95753442664363256E-002   0.34305409354131372E-001
   0.49501369824480290        0.24328999920278316E-001   0.59623664333184188E-001   0.34125789885137495E-001
   0.25833998962793547        0.23785485815797293E-001   0.92614019568503103        0.30499065521991033E-001
   0.36452255872540340        0.23601515189220545E-001   0.34627042995708435        0.34982113911616187E-001
   0.59168411809327234E-001   0.24352489020558685E-001   0.71347599241547399        0.36931277979206041E-001
   0.81949562999736081        0.24194633980685165E-001   0.19976249790390843        0.33700555243789281E-001
   0.30715467101244492        0.24237623790206976E-001   0.75323067493771911        0.33859881291053447E-001
   0.88501290892235374        0.24193000919013951E-001   0.62592733437760384        0.35966062959759112E-001
   0.56962168335531294        0.23230788678232434E-001   0.42533458932447149        0.33005967671693691E-001
   0.74795863300892251        0.73406587727818537E-001   0.72671857635564008        0.33521658576812149E-001
   0.39701157756781541        0.24223044935088089E-001   0.58604322873580639        0.34124511649365960E-001
   0.71725156990025363        0.73894980408211519E-001   0.57343125632529734        0.33995557408753346E-001
   0.76886466479106430        0.24144954137993543E-001   0.11854904042278180        0.34780819897007778E-001
   0.86920168915813778        0.19783080281248366E-001   0.42236303987220231        0.34820674778525365E-001
   0.20235753374675117        0.72510267731405786E-001   0.17275393262112276        0.34686858787853388E-001
   0.56771094831588864        0.73452884150629658E-001   0.90496923586970512        0.32918296648388440E-001
   0.30707674389664352        0.22698325644917500E-001   0.17123622272166189        0.34846653501971338E-001
   0.48288844631729844        0.70173150938807008E-001   0.95653119601488690        0.32766890843108201E-001
   0.29815882374036356E-001   0.25324923513956956E-001   0.96725642546355461        0.32305755349482213E-001
   0.29847996600716487        0.80751507356473920E-001   0.94423515971646232        0.31049322453510612E-001
   0.37700926245235511        0.24289443769109513E-001   0.72576126201268676        0.34526143507020594E-001
   0.87921451148614127        0.24499018190421856E-001   0.93672789907057996        0.32541135595909113E-001
   0.86610315142267669        0.29017543818421917E-001   0.34710752872257628        0.32756187200438470E-001
   0.33944269937570176        0.22153771523527852E-001   0.81285255774518306        0.33504523981598373E-001
   0.52055096500821718        0.28741032477667430E-001   0.27482399737714730        0.32907776127223079E-001
   0.26300227684517219        0.74361019262322706E-001   0.73625004983745623        0.34590226514104601E-001
   0.61093677754449915        0.73562294389279137E-001   0.98543929031604260        0.34176967306956518E-001
   0.85820947064373088        0.74119427044691363E-001   0.53646393868293296        0.35676328083223623E-001
   0.92625852722035795        0.74459399445455474E-001   0.84033037260511712        0.32440510617186148E-001
   0.59369225066097342        0.74172383975756720E-001   0.47064445240666264        0.37261091003745375E-001
   0.94445554138808596        0.28913376373702972E-001   0.38287213787286495        0.33997183468665565E-001
   0.35622636483404679        0.72047185736895031E-001   0.77224789861637699        0.32931128352223227E-001
   0.24527349072882743        0.22678157070837687E-001   0.78078405831936670        0.32150197356658486E-001
   0.83400806966875324E-001   0.74052655401752709E-001   0.73508496115703481E-001   0.32550799377253289E-001
   0.70537952772388091        0.23667060043217072E-001   0.75042772094547361        0.35304530548411948E-001
   0.39476889058108866        0.74339533739932517E-001   0.68415227226255904        0.32740634450724247E-001
   0.57925415443178592E-001   0.72863913393354893E-001   0.38166033441702452        0.36102665467952613E-001
   0.96626164301144191        0.73716977557324592E-001   0.77683474315044809        0.32305579595754204E-001
   0.52379229872055388        0.73648000607746344E-001   0.45082182724236547        0.35377077606934607E-001
   0.41817325816457329        0.74241521213143882E-001   0.15511273757460467        0.34573849622268914E-001
   0.11893237244448152        0.75767033402056802E-001   0.57283239112494500        0.32645659495763681E-001
   0.15729972057030633        0.22436910622591708E-001   0.15137101316040955        0.35738430045065078E-001
   0.56338918329577425        0.74032779441632265E-001   0.24765326680444993        0.34808461608589102E-001
   0.60704062797672442        0.24181970402628223E-001   0.87920683947885370        0.35062699639390703E-001
   0.48150331588155643        0.74169978719487592E-001   0.35884170308392416        0.33134618342349181E-001
   0.97394666084241333        0.24260792722039248E-001   0.66816471363584007        0.32360328212347994E-001
   0.39391807058037892        0.73386193192469154E-001   0.47673606565157228        0.33430842420517332E-001
   0.85282401123287022        0.22822206127317474E-001   0.99873928017000402        0.32868627878962088E-001
   0.75633032348359241        0.25652213487906379E-001   0.84631401371766224        0.30769468296606487E-001
   0.59489386204686268        0.71413971082165170E-001   0.50855996495631953E-001   0.33126897314922590E-001
   0.54306548346081862        0.24303317619536084E-001   0.55928182397941939        0.33581532586525721E-001
   0.70889616686091894        0.74234169320543650E-001   0.21551100564490100        0.33757219528112802E-001
   0.63638354030423405        0.23888039753366425E-001   0.73111217525996741        0.35787755934319584E-001
   0.97831902279586347        0.24201889994813663E-001   0.75959345720621199E-001   0.34089197342415417E-001
   0.30505646303185330        0.67278376165410964E-001   0.51450902258148135        0.35512793474373194E-001
   0.70598643255398985        0.24279461851557192E-001   0.40279475125233132E-001   0.35731171450028909E-001
   0.16011181402142635        0.23332949373958457E-001   0.37240958081039122        0.33462850172439135E-001
   0.87332795084249104        0.74193975446944407E-001   0.10256754123367398        0.32998770709975631E-001
   0.26182527029410296        0.22975655746986724E-001   0.48071524347412087        0.34734350473007984E-001
   0.29261939762425332        0.23321136557960802E-001   0.35024945278147512        0.32382413350750018E-001
   0.20205923567422365        0.23723027823983705E-001   0.61523681935998664E-001   0.35094034738163304E-001
   0.22017011416232221        0.72299717078972328E-001   0.45965441740419805        0.32806538815573959E-001
   0.90737617794015302        0.74183448359914445E-001   0.58422288412920453        0.32867050307791273E-001
   0.15633098113947755        0.73288555224839458E-001   0.47983524878596523        0.33988441687119460E-001
   0.69772420392789514        0.75059846083376458E-001   0.35492502317660013        0.32115624202262848E-001
   0.34920358835159554        0.17302042007743098E-001   0.49871141717664014        0.32898773147134193E-001
   0.21141825846538964        0.75686740067730546E-001   0.60954422405490361        0.35421186973162787E-001
   0.74624483111730339E-001   0.74356964283328622E-001   0.81828674812238944        0.33862410515890826E-001
   0.63184513907002271        0.74187526594319805E-001   0.26912180601586821        0.36671259813095325E-001
   0.75775728079731514E-001   0.75005745816677016E-001   0.97269874662006872        0.31439564546622174E-001
   0.10175006185299462E-001   0.72568483661675801E-001   0.25085833996857232        0.35415662556096482E-001
   0.53274654594198834        0.24501058491830152E-001   0.62345998235559519        0.31061624041131452E-001
   0.50284584052606096        0.23645522502721381E-001   0.40525617543955361        0.35405706454185705E-001
   0.84530230762275471        0.74040301679807866E-001   0.60268914517520467        0.31781690687748450E-001
   0.46636033171553481        0.24523746515577424E-001   0.81565107937709191        0.35450731560744735E-001
   0.39444996010054284        0.74163531775384289E-001   0.40018565162350983        0.34476230621188028E-001
   0.18284566015071296        0.24104099027518693E-001   0.80794121742415770        0.34972814803616761E-001
   0.49651634583510396        0.74303400594504077E-001   0.22904521471633293        0.33338572842952871E-001
   0.25892575776218014E-001   0.74041488963518129E-001   0.14108259885376836E-001   0.33398245363882507E-001
   0.50306538811260737        0.75764463274819407E-001   0.89462122625961560        0.32508635414520100E-001
   0.57196910754425722E-002   0.74544958829974806E-001   0.84476961813166818        0.35353994390770839E-001
   0.53008306065239275        0.74426393446377248E-001   0.73138013337674745        0.32306298807415541E-001
   0.80487020347959215        0.24252915404958688E-001   0.26588862486672715        0.33975346369739395E-001
   0.26519736055636006        0.73665259565435945E-001   0.99683152059520286        0.31561561801485817E-001
   0.72695301250103939        0.74229224173582492E-001   0.50613376286938083        0.33943956567697560E-001
   0.51674923474032103E-001   0.25478635521835394E-001   0.49203766777599639        0.34420475852525799E-001
   0.47556042047010122        0.74378028600221413E-001   0.29260829464648530        0.33353443593165145E-001
   0.73677245273939762E-001   0.73259645251484776E-001   0.44903771015275373        0.33082497331636825E-001
   0.19701912354086293        0.73719185607126106E-001   0.15052403600622172E-001   0.33338016020716559E-001
   0.72496559184994280        0.24285834195464116E-001   0.39624315631800311        0.36394131039691219E-001
   0.67752594789931653        0.24160088499411550E-001   0.89301767322947045        0.36752685305244462E-001
   0.92955522848600203        0.74165896748798255E-001   0.64777231628590137        0.34404171317084294E-001
   0.58535700252502737E-001   0.75414188230382373E-001   0.59985636057073521        0.33427662447539676E-001
   0.68466178811113176        0.25154392431340395E-001   0.17446319291818671        0.33607376574167840E-001
   0.86118387002843566        0.74349631894330123E-001   0.82745130822747914        0.32601370150727053E-001
   0.17765492290504592        0.23691240665653358E-001   0.92508582824572150        0.32775428188458328E-001
   0.24337268382863445        0.23180548305131495E-001   0.19741750130523528        0.33560944659412659E-001
   0.93337772139308578E-001   0.24434002472183271E-001   0.77501258998003553        0.33413463303158149E-001
   0.75487569896087336        0.24688233425192344E-001   0.18558251502054732        0.31014550846827933E-001
   0.83779177801222970        0.24116714810365664E-001   0.49079608690955501        0.35044733740140520E-001
   0.56691097216966690        0.74588117684042707E-001   0.60508800579941202        0.32072377824234603E-001
   0.12047793738679029        0.24922673124756302E-001   0.83613455879029486        0.33452375814763700E-001
   0.21772395540602321        0.24354750421947707E-001   0.71888282185205765        0.35041361666919166E-001
   0.40693980473020544E-001   0.74338214561849289E-001   0.90565347503607019        0.34548582553582473E-001
   0.67883148144438199        0.74246585678209839E-001   0.42034530904536571        0.35745359255755227E-001
   0.81310550519672753        0.74127583508451736E-001   0.74457474422640180        0.34031478201122539E-001
   0.32879290189878868        0.72217088910622632E-001   0.85550161932445690        0.32951315196023491E-001
   0.22281154276924750        0.73295241466720104E-001   0.23675045427092783        0.32286894639397427E-001
   0.33745441485462985        0.67624076556337828E-001   0.99510732065409069        0.34336842571692852E-001
   0.58497275527743708        0.74274805300171096E-001   0.54147390039042864        0.34007968093515945E-001
   0.10808960810412799        0.74477178782750481E-001   0.73065269252750109        0.34991673304984157E-001
   0.77100877320436956        0.24947001348596495E-001   0.47638630558737638        0.32991963897022761E-001
   0.74505889468731568        0.74737643172326382E-001   0.44102974551963908        0.33340061893992794E-001
   0.70331813187599013        0.23445578224595379E-001   0.46406265676189423        0.34164504827986143E-001
   0.22964981006842317        0.25991871373410625E-001   0.56432105603189864        0.32888605934668934E-001
   0.10505765191940582        0.74928560394619634E-001   0.87989593404505662        0.34750009701639988E-001
   0.48119460361730365        0.23619245750762661E-001   0.53243245286914431        0.32251477380872806E-001
   0.29923706271969963        0.24249878207873877E-001   0.42076725023525308        0.35734879133016477E-001
   0.41721019119467884        0.74429508491041532E-001   0.74728738306324893        0.32973537941217004E-001
   0.87219667425884251        0.25831260862273449E-001   0.27948095974278381        0.34630485227342106E-001
   0.53739301650883287        0.24116402588644597E-001   0.20571340436952570        0.35148383121537841E-001
   0.45990976656815380        0.74524587018140964E-001   0.69630000589307373        0.33501535107943105E-001
   0.32357940154336695        0.73649005279348090E-001   0.60447751737451455E-001   0.32694791583665318E-001
   0.76074205739674161E-001   0.74992911545112784E-001   0.22489652636986110        0.32362645639192063E-001
   0.51882562872855098        0.24069069943008919E-001   0.33979000189037378        0.31980302128297035E-001
   0.15864746157372758        0.23800645276972031E-001   0.98969272276923093        0.34519975729212074E-001
   0.70185987174893005        0.74193028789236809E-001   0.28358904582258532        0.34679928530599369E-001
   0.79357216721492230        0.74483847650489876E-001   0.51333708761326224        0.32554636699271770E-001
