 3 HS poly
 400 2
 400 0
    1.0000000000000000         0.0000000000000000         0.0000000000000000         0.0000000000000000        0.10000000000000001         0.0000000000000000         0.0000000000000000         0.0000000000000000         1.0000000000000000     
 T T T
   0.32546553345733487        0.16770506421729191E-001   0.54408714418069648        0.33530807210779230E-001
   0.59474725203365519        0.27775381710716581E-002   0.81837770560675638        0.36766519594460131E-001
   0.77399101581368326E-001   0.14542827872925206E-001   0.91642067862997822        0.35538896630448395E-001
   0.54627553011704122        0.52611187770053983E-001   0.59312571294002270        0.35058375887088697E-001
   0.77736515332472578        0.31173873026401522E-002   0.52495003403917584        0.34512124557979099E-001
   0.40769354052924689        0.51828048224943905E-001   0.90292934144303183        0.33955814222613540E-001
   0.47013653865771649        0.51822800872203638E-001   0.98256772274557236        0.35194366376795155E-001
   0.58332305846983978        0.21917510160924961E-003   0.88945435599405964        0.32982058453205544E-001
   0.15644691645041245        0.49935345016921061E-001   0.52239937891049815        0.34218463800207127E-001
   0.61268128893745122        0.11120189600951375E-001   0.33494169446786998        0.31495719644666458E-001
   0.11673608346340568        0.51776505233739711E-003   0.50245164029296963        0.32199555196244088E-001
   0.91836705978690758E-001   0.52150993382186796E-001   0.26646425634639137        0.33689910174897530E-001
   0.80524842547662157        0.52006794171223503E-001   0.80451270301747368E-001   0.30636052033889628E-001
   0.15982224271752998        0.29324438020679332E-002   0.42027658872778267        0.33224557290240160E-001
   0.20466299834830434E-001   0.14316872875985050E-001   0.95536958985154230        0.33271980650672356E-001
   0.14131163135119909        0.50710558860160099E-001   0.16911730974723235        0.33405206530796212E-001
   0.32367852609105419        0.67039432497724830E-001   0.58984852317282221        0.34024452258750178E-001
   0.82715992432291718        0.21661693838900330E-002   0.17808103310853057        0.36458938291659096E-001
   0.28739181810880748        0.58634556298122267E-001   0.73809723001583083        0.34187000214401769E-001
   0.60994455107181578        0.53558856486091447E-001   0.28652775855641882        0.32492136696654128E-001
   0.22605813183779550        0.16859893520506338E-003   0.40692642272609608        0.33889400518382885E-001
   0.46195240084087880        0.52368582656905733E-002   0.51239010456763634        0.33857762112351246E-001
   0.87253169421139176        0.76148508937490551E-002   0.62903275338823617        0.35825602181957315E-001
   0.65881744911148610        0.53086172488445299E-001   0.23880510263695404        0.35723561123268993E-001
   0.16154008102176892        0.17334844602141585E-001   0.68652872433993684        0.33641653876570178E-001
   0.67735262190491430        0.51468382049041674E-001   0.93972564599320207        0.33224462096788344E-001
   0.79262799537546536        0.65243473715744904E-001   0.82452293721548364        0.34113085042636528E-001
   0.39209323741280655        0.53097143492885884E-001   0.61898642902283729        0.34147372780604229E-001
   0.28983679278272928        0.23775892699218967E-002   0.44204332428003014E-001   0.32381912444868113E-001
   0.48439209838039815        0.51672399017913644E-001   0.84263030088385182        0.33476832572097680E-001
   0.60792544295615858        0.51997976686282435E-001   0.99792866652291168        0.33478740574495625E-001
   0.81411578569854914        0.73605553338365118E-002   0.67187324895855294        0.34535667173883379E-001
   0.94092617943458179        0.18861166112088348E-002   0.40938158784869255        0.35943787464068712E-001
   0.60959057741463638E-001   0.62433359822449408E-001   0.71884025539214147        0.34107572483168237E-001
   0.41319998776156069        0.26708149605799919E-002   0.22536657859951098        0.32869664724230162E-001
   0.10208987346164490        0.27130122242457286E-002   0.13767077963032931        0.32447999232084801E-001
   0.39823543930978389        0.52344243827479334E-001   0.97370850509094742        0.37213715708506630E-001
   0.92710104431174323        0.14313467580565184E-001   0.93603154090643315        0.35109346128425242E-001
   0.76532964116024316        0.56830984731057271E-001   0.66615655246275918        0.35089850403136745E-001
   0.77619405922114637        0.53057678862854452E-001   0.57017366241518141        0.32861657955577987E-001
   0.12466279646353348        0.54285281334200831E-001   0.92503720131862671E-001   0.36997804269064662E-001
   0.95285419091447818E-001   0.60403202151630807E-004   0.43650845712988745        0.32878797733020160E-001
   0.92674059726208191        0.56459554874144648E-001   0.47479882629548831        0.31516620102785414E-001
   0.73286191775457721        0.29363991924215565E-003   0.83766499604116118        0.36331327844249479E-001
   0.97124464135008437        0.86977386833064479E-002   0.66070567832926830        0.32803974922605728E-001
   0.85851136944410544        0.17470145058847307E-002   0.39663596366594323        0.35804569441152796E-001
   0.76884085022216511E-001   0.66918400923628224E-002   0.58539334555973277        0.29808345637990213E-001
   0.48203897048554911        0.53972930843462157E-001   0.47163701746715586        0.32730625268159147E-001
   0.79972896988763265        0.36245845087239312E-002   0.27443066219407447        0.31779475746297178E-001
   0.20275837537488872        0.62441069803852403E-001   0.78525411446768378        0.35075446374348167E-001
   0.24444046630859174E-001   0.52350580149342602E-001   0.27489293589266878        0.34059769362249886E-001
   0.34700034166839150        0.52302199834700608E-001   0.49116375199103052        0.33629303768754205E-001
   0.73127891347139240        0.53068675072232119E-001   0.43660237086145848        0.32827945884590697E-001
   0.96302068657541240        0.52004548798415928E-001   0.36596088567337426        0.33770564480735593E-001
   0.34273165786630344        0.10607021491833167E-002   0.16885358545910770        0.31782979851915548E-001
   0.25615599749118040        0.48479298692007296E-002   0.77687969156484105        0.33293684357064070E-001
   0.68628609061830187E-001   0.12239111056730567E-001   0.67312220365596886        0.32906529698180441E-001
   0.15958027367088995        0.52380200706245286E-001   0.23641705688820125        0.35073999977397505E-001
   0.80793921558139403        0.52987422533956524E-001   0.39624170141503712        0.34028640009068002E-001
   0.99703241942259757        0.23011933555224422E-002   0.31431811194240566        0.35078335896320069E-001
   0.74379857205970257        0.51227869904556737E-001   0.94382834330434895        0.33119673069503898E-001
   0.48241828695052941        0.32487818067076278E-002   0.22449967179179298        0.36273106099077884E-001
   0.59279960422026190        0.52353002824159278E-001   0.54183925235677000        0.34165355205976321E-001
   0.51264421804449227E-001   0.12474739651507197E-001   0.76531014819835086        0.34717783690352416E-001
   0.21589093160352288        0.17344652572690158E-001   0.64396740722213830        0.32827365319902789E-001
   0.32382578967691936E-001   0.56366187507210556E-001   0.57492955374138799        0.35738054825320241E-001
   0.26650997399503873        0.52359708468694199E-001   0.82325379744791219E-001   0.34590804287646076E-001
   0.47449159348021602        0.53010763543358611E-001   0.40593253892320408        0.33269447656467513E-001
   0.45197522777363314        0.26329506414202583E-002   0.80311388909249859        0.35548960052412662E-001
   0.35195145852882570        0.23710465056558886E-002   0.99611807212444214        0.34442146697318932E-001
   0.18490898605920858        0.43445180564863746E-001   0.58163210028443668        0.31797523286207531E-001
   0.25203770675943843E-001   0.61759594035951547E-002   0.62233764446552320        0.33370841123016727E-001
   0.64328764794043550E-001   0.64487469567313979E-001   0.96227586546088040        0.33426615837315946E-001
   0.92080472085885123        0.45545594609159639E-002   0.60591980064482853E-001   0.32348366278211575E-001
   0.56302301338126604        0.32026369578180818E-002   0.64683776849679930        0.33661063867920331E-001
   0.12257180265105486        0.14708993433725753E-001   0.63063894049546421        0.34504704089097109E-001
   0.63744640314733469        0.35344247768852818E-002   0.52179121881243562        0.32493457846016940E-001
   0.10368437408025972E-001   0.56587571158705149E-002   0.10396089709110605        0.32175777087346147E-001
   0.52285121846258908        0.31680515347107573E-002   0.80928188374917265        0.35571596930299279E-001
   0.66703132471355331        0.56831326418760375E-001   0.71186171303646920E-001   0.31493452658561551E-001
   0.34339475777711637        0.25742652270386215E-002   0.23708414634718980        0.36317359494583090E-001
   0.74812625647073860        0.53153492575276934E-001   0.35863334050930301        0.35506381689793573E-001
   0.61226381991243473        0.29242622338729626E-002   0.23648400669228661        0.32458870380090724E-001
   0.74041363917367342        0.57004387130263671E-001   0.10115251276170616E-001   0.32556291281372357E-001
   0.84637118944170064        0.61972295976379599E-001   0.78399883154583128        0.32954050218838078E-001
   0.89192047610279379        0.73367728633448792E-002   0.53297393667486670        0.36070948609610187E-001
   0.83736729321787928        0.15174380236078842E-001   0.83209692744170660        0.32949727136849599E-001
   0.20982685682616273        0.52412816423230063E-001   0.15430008962247266        0.35144487232590053E-001
   0.52093875433237716E-002   0.56378814311350535E-001   0.50573445753640334        0.35674702258849528E-001
   0.39835817734401346        0.32600003416552725E-002   0.72432178462087293        0.34528415824140415E-001
   0.90221624770157838        0.19953738715586702E-002   0.99763002703876602        0.32379009473055727E-001
   0.77644106399970436        0.52139373667240099E-001   0.16835419699279972        0.35382596490980037E-001
   0.89393881513035234        0.12205599846846854E-001   0.79102076908138230        0.36026387664930291E-001
   0.91645116156431700E-001   0.55955159569464098E-001   0.31174953608576524E-001   0.32382603260298563E-001
   0.50012396225201017        0.14156387200879330E-002   0.22184491189228946E-001   0.33727709189089704E-001
   0.36641979419178067        0.24447947848461717E-002   0.38315439099163046        0.33295322087407653E-001
   0.44125382136672131        0.53292097269337695E-001   0.69996529004350505        0.35375057587265252E-001
   0.12134354049204245        0.23274245026458688E-002   0.21090662796997095        0.32730501177980362E-001
   0.67640261703023563        0.53072065071090885E-001   0.49404248766518238        0.35069998506477428E-001
   0.85115150726931643        0.20679912431817919E-002   0.78857498066333187E-001   0.37172002334318992E-001
   0.81425345089945744        0.52376967804873567E-001   0.22615285282416539        0.33682619672186227E-001
   0.80724361113815226E-002   0.22397820381199469E-002   0.38423535906846479        0.35702824624763659E-001
   0.54323468661908646E-001   0.22388278683391919E-002   0.23761423311174187        0.35000464970798749E-001
   0.10264130534215737        0.14509309411391334E-001   0.98218185640321065        0.32592440135820432E-001
   0.57564423281782662        0.23984427424202236E-002   0.50117904358713539        0.32442979424687907E-001
   0.63214847562107790        0.52799485847566878E-001   0.78647069464560915        0.33338180485404011E-001
   0.98443856453718370        0.53386203322892652E-002   0.42584821541594396E-001   0.33283410348628063E-001
   0.52949082254211233        0.24482194973014402E-002   0.54901389371251064        0.33405590664688616E-001
   0.38455873591038620        0.26208058736244960E-002   0.79113880508785817        0.32703179800198115E-001
   0.21881803930791111        0.13264360911376684E-001   0.83719802388580822        0.37978054716415605E-001
   0.25487185068519408        0.52223347072453553E-001   0.94181574695687309        0.33350528132497018E-001
   0.20245672024739603        0.49900366317807095E-001   0.44607690388049848        0.33658454870716219E-001
   0.11607633574010576        0.66102898206443800E-001   0.68074491983320928        0.32951245810049934E-001
   0.82695672894173000        0.75851278646089301E-002   0.57267429158258021        0.34373275173397305E-001
   0.87040832099892862        0.52117852886295515E-001   0.19344148759130561        0.31301774692809675E-001
   0.94571293186000438E-001   0.14810527357610476E-001   0.81868027044701330        0.34034861017552272E-001
   0.25970512406749968        0.21786801340804812E-002   0.18441175097330101        0.35080967456451104E-001
   0.99058966997798636        0.63781205908733834E-002   0.55132629855375781        0.33487864561931389E-001
   0.73077901511377463        0.21641395847482475E-002   0.15954511376081063        0.32856731001420676E-001
   0.88945807932060905        0.62988428752630693E-002   0.46229097540629077        0.31818532642625831E-001
   0.28480703504197702        0.22819105651467678E-002   0.97704240736923653        0.34603327445889967E-001
   0.94756282998274954        0.76660573114237587E-002   0.11887649355674058        0.31455465097967802E-001
   0.79565727811370635        0.37443656789690281E-002   0.35183909699362942        0.32770579461825045E-001
   0.78384065423709082        0.52728335275106931E-001   0.47806991239309293        0.33950162010199111E-001
   0.83135319960778686        0.62178806360093236E-001   0.88166751760754614        0.34942010319701913E-001
   0.17915319290994577        0.99926189456509495E-001   0.48355513380623477        0.33008026159959597E-001
   0.54583528555166061        0.51935846865416926E-001   0.91911070866790212        0.34518613026232325E-001
   0.70901284235967676        0.12235653457857987E-002   0.97176554222081624        0.33786664504352311E-001
   0.60032558163901450        0.52606614849190964E-001   0.38505078378053798        0.33585401832704961E-001
   0.53133678762711530E-001   0.16035332173950645E-002   0.52705933132827132        0.33269796586764606E-001
   0.77466502616226807        0.29731619047563065E-002   0.49903810349822476E-001   0.34681233934873094E-001
   0.64925039939217888        0.10928049075951019E-002   0.90035035831964372        0.33588595984308932E-001
   0.52381398170296734        0.39866375155269557E-002   0.46055263251672945        0.33332180498236531E-001
   0.65773978290151761E-001   0.25281873896538104E-002   0.30586445987616401        0.34167896429506475E-001
   0.84143320199326455        0.26275779186474735E-002   0.97976024703579523        0.30915545391193181E-001
   0.94384277013921414        0.51960655233010723E-001   0.14490195913751851E-001   0.34569631485237430E-001
   0.65507357359103657        0.30211982581311858E-002   0.28654942807707517        0.33236733335950182E-001
   0.36005463091379225E-001   0.52089669191298760E-001   0.34284077339553864        0.33099785538075167E-001
   0.16670030178908060        0.52463381244328589E-001   0.30755407653501848        0.36381678034221758E-001
   0.63870022825311989        0.25730049611016746E-002   0.38969117832208194        0.29579219909857537E-001
   0.79756993177887048        0.15462706903948950E-001   0.77719461400065282        0.34743436013827234E-001
   0.32756987317537628        0.80605958579884323E-002   0.71353497856108028        0.33912819229423949E-001
   0.84538889151364127        0.57606869867495580E-001   0.53293606630296331        0.31977002685946845E-001
   0.77137803219063161        0.64339934105486860E-002   0.61778635740515297        0.33876354946051603E-001
   0.58349541852689635        0.52534243666805348E-001   0.13533270087277774        0.33471031851148705E-001
   0.44918373210468865        0.51910598117601049E-001   0.12425195993832082        0.33300993517234832E-001
   0.69892632157133672        0.48370848337285239E-002   0.36892153616784928        0.34103692349427818E-001
   0.96457011243337165        0.64243120924983898E-002   0.48548716958037852        0.31825023337360661E-001
   0.15023673577816135E-001   0.58907479578259085E-001   0.66910297804091412        0.33674367694381029E-001
   0.61039324228423286        0.52368759507483688E-001   0.47685797028712407        0.33096299052956621E-001
   0.98359257439887826        0.51877849343865669E-001   0.43776203716525103        0.35623272392601144E-001
   0.33964155173662997        0.52301083185628872E-001   0.42228502407385171        0.35489277076614222E-001
   0.62156451090827103        0.51174758000167325E-001   0.86324176500240091        0.34436643257094640E-001
   0.84254429089429728        0.53247971261800878E-001   0.13182811957977486        0.32355593058605553E-001
   0.89714921069343323        0.51846787321057269E-001   0.41935896709834219        0.31214227291452422E-001
   0.41667655643901458        0.31939562080439904E-002   0.65832520520717108        0.33952763954817257E-001
   0.44612359879993618        0.52414620543553996E-001   0.19136928389741706        0.32885335884833229E-001
   0.39491740569193989        0.53557726695273145E-001   0.43482312827538540E-001   0.31776953558296905E-001
   0.50194744417278316E-001   0.52215138424927636E-001   0.41264590149978364        0.35552729436516335E-001
   0.88445315975288885        0.62201005115032099E-001   0.83845715785404662        0.33467925178533219E-001
   0.21265667980568756        0.61737979045504154E-001   0.69499092388750372        0.33581448723931963E-001
   0.87517443918960280        0.52377304991125612E-001   0.28721586752537120        0.35881796517241125E-001
   0.64299477864824628        0.53089740797922592E-001   0.72095530496511151        0.32935293952682194E-001
   0.54667933246771006        0.24672838615988329E-002   0.16190314827366381        0.33912515466220122E-001
   0.51542633541016603        0.23924249840571285E-002   0.88000375092909633        0.35487285230496941E-001
   0.40694464876823166        0.52341797456587694E-001   0.40398169652266552        0.34215919211078021E-001
   0.46156945934659799        0.52465839440958388E-001   0.52844937879730977E-001   0.35462368891517347E-001
   0.96327168342331948        0.57863483469639522E-001   0.81943000917176018E-001   0.31576040617716662E-001
   0.45808015684032977E-001   0.62512134801745389E-001   0.81127273631712915        0.33374888782037267E-001
   0.46138987440570217        0.52482737787261695E-001   0.63171726750388690        0.35680424370408602E-001
   0.65239675279877818        0.35325891612752029E-002   0.61260194162335180        0.32548555289680363E-001
   0.53576822304755745        0.52405729937727442E-001   0.50749300481878823        0.31815244885147607E-001
   0.30861162933877823        0.22922477845691278E-002   0.46232748313146438        0.35676391172946589E-001
   0.43888118905727036        0.23863060920322611E-002   0.94189642125311213        0.34568909969064240E-001
   0.17120173570482403        0.67402296346223939E-001   0.64161614844213843        0.34198772989661987E-001
   0.64157023854970652        0.16367044179212147E-002   0.96725801834330127        0.33750516912479732E-001
   0.35902167636000965        0.23489337443183393E-002   0.65213968688914714E-001   0.32028346009022858E-001
   0.34189534962578927        0.52593413848295280E-001   0.88342124357803531        0.34440974447341045E-001
   0.97597423436961728        0.57101874019765700E-001   0.61473745556079684        0.33280400390262942E-001
   0.52257734386865640        0.53191370061000345E-001   0.66478896239201923        0.33079604118949751E-001
   0.46527737926147152E-001   0.12299806743698368E-001   0.15525757191049880E-001   0.32230299241715346E-001
   0.66630496526145944        0.53512424512717538E-001   0.65662053132615572        0.35440067111590971E-001
   0.19651087121490957        0.46756903631980554E-001   0.85014676585107432E-001   0.35569638327630285E-001
   0.88608175965880354        0.58057409005846494E-001   0.58348096139466976        0.32740882002796366E-001
   0.72350059944098055        0.30842110898533135E-002   0.48135027006567715        0.34701964361036571E-001
   0.14272366237984296        0.26135667250266341E-002   0.35330701945916104        0.35055026304930549E-001
   0.62272499782190727        0.30628045237120973E-002   0.68021023484831722        0.34628783012953718E-001
   0.95265654645560083        0.11882871683345991E-001   0.74940932979527874        0.35442952677322594E-001
   0.38741406524852329        0.52779101713769698E-001   0.26451840278356481        0.35558366429961852E-001
   0.39946452541351950E-001   0.26522779059538434E-002   0.16753358745384958        0.36474437730504579E-001
   0.26927721319997966        0.50922197488703337E-001   0.42899524976371711        0.35192552967461273E-001
   0.75661273250099659        0.54025391650893678E-001   0.26195878401387263        0.34186023981527203E-001
   0.60806192925910996        0.30850058827630780E-002   0.74819260735902926        0.33846054086348117E-001
   0.76675333182401795        0.30179960190574772E-002   0.21561454202053365        0.33397061227130230E-001
   0.74011877826421746        0.55194532954729404E-001   0.92681343299669511E-001   0.35077520814796918E-001
   0.38527659542681525        0.23245416088334319E-002   0.51607091311821507        0.34068969937196915E-001
   0.75713488331158751        0.50269255261317813E-001   0.87922935260529644        0.32784027926873724E-001
   0.45671195971155265        0.53301095370534818E-001   0.26661779634861732        0.33756480426291438E-001
   0.46664923887543591        0.33914131255251404E-002   0.73801848971307282        0.30803046218289647E-001
   0.35274296255308135        0.52566881139592896E-001   0.81765368044966036        0.32164326785650961E-001
   0.32814340760710842        0.52279214555152470E-001   0.95251912863860488        0.35955796692414915E-001
   0.97075315383906324        0.53717705152554864E-002   0.18014638424066193        0.33908237275891158E-001
   0.24287827766431547        0.52534739315639005E-001   0.29057466738990362        0.35686940190786748E-001
   0.10156026684812025        0.52670360470707368E-001   0.33274203942966096        0.32828336022465064E-001
   0.84415635681016152E-002   0.62936040105948401E-001   0.99818461886832699        0.32471213330307482E-001
   0.26719287762912165E-001   0.24678131617483991E-002   0.45595416489972290        0.32303251396911634E-001
   0.71137513698842603        0.49705048332836732E-001   0.71209180166175023        0.36068130809922105E-001
   0.77645553511617127        0.28501013457747156E-002   0.97667570866129150        0.33849236419809539E-001
   0.81219932885405755        0.53495137230177528E-001   0.31302813889063802        0.32086279056654239E-001
   0.49645352838980628        0.31286642757890875E-002   0.36780026686943895        0.33173168668517744E-001
   0.85621071932490644        0.24528348388286169E-002   0.32895862226160238        0.31898422130464121E-001
   0.67536144867148262        0.31273744911337431E-002   0.19483698721026826        0.32837219081755034E-001
   0.79691681958663718E-001   0.52334259271306617E-001   0.19735434363331461        0.33731554305197267E-001
   0.29421924391985116        0.52192524835815837E-001   0.15529976886419167        0.32186374606725666E-001
   0.60027103980352603        0.52478401634124018E-001   0.66792138999062584E-001   0.34851897929520023E-001
   0.35463264858124205        0.57473051809531842E-001   0.75162466814767626        0.34054507409766600E-001
   0.69143676374449781        0.92652791642175540E-002   0.10740418333186874        0.32806946942982869E-001
   0.59210682886621879        0.25625913299149885E-002   0.58681445125194220        0.32910634243437757E-001
   0.29880313296762495        0.29708073100046038E-002   0.39002320655464118        0.32815166499388815E-001
   0.97672984671465135        0.64324260340733297E-001   0.93808615135331408        0.35346539706951424E-001
   0.23854655805654754        0.23943746344723513E-002   0.11809694707819146        0.32919082055130430E-001
   0.51477277843768832        0.52492956588123953E-001   0.13165427944231420        0.32639939557948937E-001
   0.81013167808474185        0.52931861615980381E-001   0.13332534457209735E-001   0.36641312522778503E-001
   0.85688033908101513        0.23659950517482620E-002   0.24211715789793528        0.33881075739192010E-001
   0.43024905068612074        0.23979322225387047E-002   0.14657943087611779E-001   0.34764044773679753E-001
   0.70532824396875249        0.70476870859040950E-002   0.40650136972369064E-001   0.35380972310797364E-001
   0.75618898675197743        0.31798880283919529E-002   0.40340276273812242        0.32059511108663778E-001
   0.52522262519477270        0.52904407975736978E-001   0.26167096156615793        0.34838650149826428E-001
   0.74064376988097022E-001   0.61815187088940488E-001   0.62992637157951525        0.33039569495789463E-001
   0.13710779138317183        0.14564289498595846E-001   0.87532632387737375        0.36668167737367641E-001
   0.80941827568480984        0.50461024203059618E-001   0.94430531234527681        0.32432653210347273E-001
   0.94848739444402780E-001   0.53321801865722267E-001   0.54768698649873881        0.32448104733270200E-001
   0.56447261980056695        0.27694109352743427E-002   0.29042419429716737        0.34606934248781564E-001
   0.68149022001491499        0.99251640036478864E-001   0.75750448668021486        0.37312569776860795E-001
   0.48102288333918319        0.32398819105417596E-002   0.67591739431528353        0.32747732676638455E-001
   0.47926601328389040        0.10283003278570805E-002   0.15687695854860675        0.31406298724133912E-001
   0.93358404128658190        0.11755541389964080E-001   0.84477879789665200        0.30538635660665666E-001
   0.99128517275381467        0.62777322567702673E-001   0.85195649475029933        0.32190661748330553E-001
   0.26080135634794682        0.11005191066390968E-001   0.69486385216677504        0.35253238256711283E-001
   0.56797614041159838        0.17525808732719054E-002   0.27074595471304069E-001   0.34168628235918319E-001
   0.91681548056784934        0.58199287464248330E-001   0.63887629356653663        0.30608038725625810E-001
   0.49288688547041942        0.24640959574504808E-002   0.91530881431712535E-001   0.35061945386699309E-001
   0.14290645772212449        0.64506620756642222E-001   0.99224072686372011        0.32382467581781829E-001
   0.93390681113331775        0.71188385489014266E-002   0.59165804723846571        0.35994306687210882E-001
   0.44774228662456206        0.29282120301884918E-002   0.44238736546275603        0.32883169266216122E-001
   0.91261177994599108        0.77167441636322781E-002   0.69265962101630696        0.33946309195298625E-001
   0.13835268081288207        0.53671171293175772E-001   0.45899712096659162        0.31796168267297059E-001
   0.15612066079915130        0.64663389765871035E-001   0.73422988832114711        0.33706317820472266E-001
   0.34400992738705997E-001   0.64506501240525344E-001   0.90447717357350421        0.31389129568466685E-001
   0.84683523176066855        0.57621793105219470E-001   0.45785669936874235        0.32368385668166973E-001
   0.93285874685540249        0.61781907425310700E-001   0.88496360052391188        0.33575095837603604E-001
   0.41055923790086024        0.14272281811062929E-002   0.15577121901932139        0.36770390023921559E-001
   0.71366780383505479        0.32175082824124589E-002   0.55868779859704309        0.35809169782438366E-001
   0.37100970682393292        0.53265283016364455E-001   0.68471142819916930        0.34867975927382805E-001
   0.41384465116073904        0.52350615210569801E-001   0.55342628252218229        0.34520654418339992E-001
   0.94538133786628697        0.52265712081788644E-001   0.22571323833650866        0.33969468289008216E-001
   0.20005032991397173        0.26403387092045669E-002   0.26451393845206594        0.34910208933591654E-001
   0.66295613700300693        0.98058629178256723E-001   0.83479855612749310        0.33433956200066735E-001
   0.76533147299174167E-001   0.22372379724543835E-002   0.37278097461902648        0.33518332884813623E-001
   0.51813406798866501        0.53127538850239381E-001   0.19573104227056323        0.31331261310763671E-001
   0.76466903080155668        0.76135684011619398E-002   0.71880669966735489        0.32029249291580346E-001
   0.65686618654557205        0.30642066499763348E-002   0.45030850438974390        0.33480365486294156E-001
   0.22274097451954217        0.43439065287948879E-001   0.50982206180873380        0.33483796637607685E-001
   0.61409431945039472        0.25259354227509111E-002   0.16851415082563162        0.33824878067561730E-001
   0.90388755955672795        0.60899829944015951E-001   0.74127984114870604        0.34085754966036379E-001
   0.42381693361679640        0.27952442496012252E-002   0.29676749016656201        0.32816672402084170E-001
   0.46537851103426664        0.53112568567632260E-001   0.33442522727815133        0.34443033718709035E-001
   0.71992592189067994        0.98783346345149181E-001   0.90578190981547113        0.32078303422617832E-001
   0.99542115273055876        0.12767919579229393E-001   0.80385139095789859        0.32618075661422899E-001
   0.78581183900792073        0.21164572243111330E-002   0.11909488735572921        0.35369084009518915E-001
   0.12685990629999055        0.64677279710054644E-001   0.92638533579667937        0.35383952322862934E-001
   0.24279622266332124        0.93543161195200147E-001   0.47306442610251659        0.31576217807424423E-001
   0.33054303947383484        0.52385664837886363E-001   0.35524298583046718E-001   0.32668028398194930E-001
   0.50497483009868382        0.24497537636949149E-002   0.61405988133873357        0.32928603056675949E-001
   0.14981007871555466        0.14464142592222449E-001   0.77901211298471695        0.33486170135078173E-001
   0.37646142325362464        0.51107046741571439E-001   0.19563660694104093        0.34025246265042414E-001
   0.37673836721242476        0.32381152325074315E-002   0.58033644528593342        0.30673958324176073E-001
   0.39740779527191600        0.53055097747186322E-001   0.33294731210421502        0.33476541247851307E-001
   0.42088802353435900        0.52606123319755893E-001   0.76618668175049420        0.33904086702604815E-001
   0.36887966173027004        0.50376691979011283E-001   0.11623022392311326        0.36454334159085840E-001
   0.28627658873017697        0.66647822716178473E-001   0.51904916078919128        0.34649760566490377E-001
   0.99519253135810692        0.55494752116081861E-001   0.14304240840567073        0.32884735666335214E-001
   0.35750610667079846        0.39697817555718502E-002   0.30559779264976211        0.31864188441747231E-001
   0.58351204731225537        0.52791503190689870E-001   0.20274017886894277        0.33768031119382591E-001
   0.35124436432483225        0.25671019820426469E-002   0.64114468005191527        0.33694386002689210E-001
   0.71050377782396468        0.65564616606972187E-002   0.24979222919021607        0.32448286508071945E-001
   0.74899852871805406        0.65487405663454887E-001   0.77059002780474728        0.35241935391624721E-001
   0.18676726037422278        0.23639111713999301E-002   0.19661303755916890        0.34235286790233396E-001
   0.11756857926376878        0.49657072192038354E-001   0.39707264865426900        0.33507917723574872E-001
   0.36862983483709949        0.14360481806660148E-002   0.92510110324278694        0.32955465108348292E-001
   0.22800722857672950        0.51906239537202054E-001   0.22176569217560538        0.34709258043062338E-001
   0.41470167625716137        0.52287097872057778E-001   0.47862400028576058        0.34951819729889817E-001
   0.23580658409977551        0.23903765156966373E-002   0.90418441740699462        0.31909814180715645E-001
   0.49264068878192141        0.30832170324812730E-002   0.29640523435845018        0.34003433300665527E-001
   0.63606998264921200        0.24173251905931685E-002   0.35130425950524367E-001   0.34224504291642088E-001
   0.28699514726040914        0.54794934547851670E-001   0.80988680846621752        0.33978935909863554E-001
   0.82129126532015384        0.57557753713535081E-001   0.62210066006053433        0.36061195977147478E-001
   0.53140878337792830        0.51990048758720923E-001   0.58453883313187044E-001   0.34311801788108109E-001
   0.61185281105876033        0.53058081788605931E-001   0.93119064694939024        0.32584689346290226E-001
   0.71469551187803937        0.35909923680748214E-002   0.65895980557303291        0.34110819848056161E-001
   0.16811026788144148        0.18475590821850363E-002   0.12997372306496779        0.33957938173307355E-001
   0.67448383758444697        0.55344650480393158E-001   0.51156989355565638E-002   0.32041028023796783E-001
   0.28921756331810811        0.17085380065300960E-001   0.62019941903409548        0.33360955831581642E-001
   0.92130081438659805        0.24016123392706784E-002   0.26685968275767635        0.34966502274843402E-001
   0.15042098299779899        0.41374473464358260E-002   0.46856699656083370E-001   0.35301788941577809E-001
   0.73603475140451546        0.53122729238985159E-001   0.52123766211276357        0.30442847317897665E-001
   0.44512181888600649        0.21864872093971719E-002   0.87307656372608511        0.34404183026682245E-001
   0.90839923433213232        0.21222954590395440E-002   0.20111029171703942        0.31955504526325458E-001
   0.31960737496090108        0.52578543831109471E-001   0.28070221162728609        0.34109390790526245E-001
   0.44446134463250048        0.23982120007339691E-002   0.58740014489277359        0.33176166807011062E-001
   0.21378321159119154        0.25581114556012191E-002   0.33610564748027028        0.37900820548262472E-001
   0.78435279273929759        0.41218591939856051E-003   0.91062550796694941        0.32059628088041421E-001
   0.95322186090768746        0.52296841362798246E-001   0.30000319683781512        0.32894602855794916E-001
   0.54020390431866994        0.51695845367341745E-001   0.98835016045484858        0.34841834921518738E-001
   0.25891966316677356        0.52281491075230974E-001   0.14893252637979172E-001   0.33218563998536038E-001
   0.88560117043015429        0.44802976273733064E-002   0.14016871186140967        0.33148404344270278E-001
   0.20046994403336024        0.93395527491269600E-001   0.54547844676069279        0.31793656636957511E-001
   0.69462868972189884        0.48012136303259283E-001   0.80646613169087833        0.32134379673124852E-001
   0.43009167203187743        0.30509772944204978E-002   0.36361681630930770        0.33304430017877133E-001
   0.56204125708607844        0.25476811571965496E-002   0.95137229182735053E-001   0.34101980014740275E-001
   0.24341720687340684        0.67273423835563034E-001   0.60569739128730105        0.35779233352243332E-001
   0.72025784762412060        0.55453816544265282E-001   0.20687131534367259        0.31571397380597020E-001
   0.87438318862874384E-001   0.64555708290670255E-001   0.86537007251351372        0.34445553271643566E-001
   0.83595376103479735        0.75350157121714546E-002   0.49554522350247537        0.31106085603379539E-001
   0.10763095091298111        0.13659984340023915E-001   0.72689811119775460        0.33427083444941982E-001
   0.97714831355430543        0.12954812797928468E-001   0.89059543316280809        0.32415682845849149E-001
   0.30200244908837237        0.22359165160255458E-002   0.91005106827844795        0.34539852433274176E-001
   0.25993630521888894        0.17397994557790210E-001   0.55948469054727745        0.33683805865192824E-001
   0.65326868167797736        0.60982602031251831E-001   0.34449798896407935        0.33486330738678224E-001
   0.54061245628937926        0.52998354526921733E-001   0.41748442118707496        0.33746873489041582E-001
   0.13373839092565717        0.21902587202446400E-002   0.27430714095873371        0.31790460839529022E-001
   0.41646788829547782        0.52649260163188119E-001   0.83565702339721981        0.33862986339833832E-001
   0.57606723664737658        0.34162273314760246E-002   0.95653827770918098        0.32630855406727902E-001
   0.37901078206743394        0.23389645385322720E-002   0.44867252114112405        0.33354281055078129E-001
   0.27036423771040696        0.39479816696851040E-002   0.25210627042887362        0.32070344903731084E-001
   0.18388055578497042        0.52638668947466265E-001   0.37997516118731367        0.34958974883958674E-001
   0.28699989161669986        0.25674484571982410E-002   0.31903096700369360        0.36781364140916636E-001
   0.37932159915035413        0.25924948097758201E-002   0.85882132643301268        0.32444206618541589E-001
   0.14559913539042549        0.64594186925702193E-001   0.82522019874121466        0.34561943026424645E-001
   0.56124082890730076        0.53088083894317677E-001   0.77074763269601410        0.38246950168018885E-001
   0.57964649369943999        0.53024372936659236E-001   0.69984582044673938        0.33775765098811507E-001
   0.25930761914242717        0.52545138094757117E-001   0.36063816621083322        0.33884335859745561E-001
   0.92981058022218344        0.21815616070857838E-002   0.33648992563638641        0.32848271224669288E-001
   0.10927091995318388E-001   0.52770475497239400E-001   0.20840914536680491        0.33625005541773827E-001
   0.94558012997650853        0.62088257645147520E-001   0.80073456833337731        0.36410107282570395E-001
   0.66040235982292761        0.53543979819241118E-001   0.56466272032622000        0.37088649412846210E-001
   0.53406094509172120        0.31496775986666948E-002   0.72128805719760281        0.37047861356169193E-001
   0.49068055171737329        0.55036345219949503E-001   0.77085092872376282        0.32081839532991457E-001
   0.13335840480680077E-001   0.87789735933437255E-002   0.71050318382946087        0.31090327849699555E-001
   0.30307501790940561        0.60937675432032656E-001   0.67029663295910891        0.34535324599718566E-001
   0.98633003968982680        0.25840266173013534E-002   0.24585767155095545        0.33361496774631398E-001
   0.32987465305920638        0.52525652960163864E-001   0.35099486211690761        0.36385850928342046E-001
   0.26897991727694348        0.52563957387454702E-001   0.87572885732383821        0.34141878367443590E-001
   0.95719595879184827        0.59540065958089798E-001   0.70178311117389791        0.31426913193937561E-001
   0.13853851779824006        0.99611985306107043E-001   0.56599799321328104        0.33602290207514179E-001
   0.89010303695868931        0.52049061788659971E-001   0.35501908479549776        0.33506602612600869E-001
   0.17921106227979264        0.20940939914410848E-001   0.93046134140469361        0.32900304896452098E-001
   0.94303192697135774        0.57079475624394999E-001   0.54098399196291647        0.35680480830924233E-001
   0.19586030614631877        0.42853107282984804E-001   0.18809124332882194E-001   0.30645853569556659E-001
   0.55346583840416796        0.52777234196051438E-001   0.84825953559332379        0.34553885611908183E-001
   0.60268761930403390E-001   0.52636881369784755E-001   0.12225670126429065        0.33944499578248827E-001
   0.68986203383794475        0.48619364738965005E-001   0.87303989244577451        0.34600910259727738E-001
   0.53612377616919482        0.52610008380389095E-001   0.33187892342550218        0.36111176319962912E-001
   0.22561730312493000        0.96743972003454581E-001   0.49574414394646653E-001   0.32259348128437997E-001
   0.26569996409259989E-001   0.55719190884163640E-001   0.62530435507247725E-001   0.34654467440305974E-001
   0.31507014338392197        0.47972178261215612E-002   0.84393198903844102        0.32671700623119818E-001
   0.36850928725431623E-001   0.12641611732504599E-001   0.85799904344192812        0.35542905533223021E-001
   0.47653584192985793        0.52394813378333030E-001   0.91121171620959396        0.35097053519207576E-001
   0.74262571599288152        0.31112557015159116E-002   0.30907705217143472        0.35002867011800637E-001
   0.50832110379965345        0.20414459849448716E-002   0.95043799406023755        0.35271074611848544E-001
   0.72026929703495512        0.53601241742667276E-001   0.61014078650151859        0.35766423784358577E-001
   0.86423024981619267        0.57694502467646784E-001   0.68090541831581031        0.36591614306133162E-001
   0.73379643038648704E-001   0.51004256986602658E-001   0.48131409384207730        0.36922007389761979E-001
   0.23983184952454631E-002   0.62009037421884787E-001   0.75682517370844826        0.35377280463011737E-001
   0.92775778877002857        0.54139743154965503E-001   0.16018278759348212        0.33750730953833318E-001
   0.75356146636535129E-001   0.40300060376221580E-002   0.75710496706383135E-001   0.34940182718666085E-001
   0.90059236867428916        0.54243575149785429E-001   0.98723212780659278E-001   0.33207632421708426E-001
   0.80617701696137645        0.57682287156750812E-001   0.72037199482794534        0.32660213093800287E-001
   0.18732103915701750        0.64523718304610914E-001   0.88010197891584319        0.34141852438355130E-001
   0.54966541876740938        0.28424711789334276E-002   0.22664424938579872        0.30849946051773380E-001
   0.21564478415408833        0.92857546286397086E-001   0.98073487966193917        0.35204625077041835E-001
   0.66338158673238168        0.58646145911196761E-001   0.14736613095180526        0.32644197510105402E-001
   0.30783536124502026        0.23146988984664701E-002   0.11056612553817864        0.36122040802834703E-001
   0.67182724453146125        0.52614149272113865E-001   0.40807733412558300        0.33101368180326253E-001
   0.87791403495970655        0.52162297082970911E-001   0.34983332679562266E-001   0.34462971024695151E-001
   0.85197862870179664        0.76902490281302764E-002   0.73235836105878482        0.36178400767170375E-001
   0.87993414702913519        0.12245771544861119E-001   0.88461801151808495        0.34687759304159828E-001
   0.87625255137680391        0.64264408587644289E-001   0.93691906861667229        0.36143731835111027E-001
   0.42308705307261091        0.21653779985943717E-002   0.85037238009712496E-001   0.35027623183621147E-001
   0.32119191607405434        0.70586270178314208E-002   0.77926244449870985        0.31812873914196134E-001
   0.58832336574451649        0.25898322695118801E-002   0.43306761776586145        0.36746555876217356E-001
   0.62745646568098679        0.38429641109741453E-003   0.10429270889504672        0.31711006204193322E-001
   0.48346203386287384        0.52499749644575558E-001   0.56050279468229547        0.35442309945903999E-001
   0.80764848189168770        0.44658308756213771E-002   0.44014358574052609        0.31129623067292753E-001
   0.10121358827881631        0.64823528442764039E-001   0.77337819066599711        0.33678738584787211E-001
   0.60353778916638001        0.53194435819628641E-001   0.62963414952878116        0.32843737257712648E-001
   0.29473833563530533        0.53315600058813709E-001   0.21934210718998351        0.31768832068053712E-001
   0.20257002953048364        0.12257876766879989E-001   0.73868155419776271        0.32882698020590198E-001
   0.69810407304702360        0.53084486138106235E-001   0.29554031420812399        0.33265919481327427E-001
   0.56114218878993660        0.25539524474753978E-002   0.37024125203813163        0.31553222139905364E-001
