 3 HS poly
 400 2
 400 0
    1.0000000000000000         0.0000000000000000         0.0000000000000000         0.0000000000000000        0.10000000000000001         0.0000000000000000         0.0000000000000000         0.0000000000000000         1.0000000000000000     
 T T T
   0.67766919630367961        0.84889155044251402E-001   0.85504990331579045E-001   0.34666143757896499E-001
   0.68211417456062318        0.84650176762220780E-001   0.43003772578418903        0.33873522123483116E-001
   0.35780987173309509        0.89412184988546348E-001   0.51792659376553829        0.33206881882581502E-001
   0.89928530351549840        0.84885645096769019E-001   0.27049299391777099        0.35800619552679325E-001
   0.53694176158054452        0.34792209385641447E-001   0.97123149197049552        0.35475822704114007E-001
   0.27533809037066725        0.87703464838558676E-001   0.53562516074500965        0.33575861563383214E-001
   0.44122315019607533        0.84527161956864091E-001   0.65596351457717428        0.35701022420764512E-001
   0.19389321453833605        0.85402985322957078E-001   0.64626178731738859        0.34957231442598102E-001
   0.88367399304854755        0.84697705371655371E-001   0.10831800513446402        0.32545925181174364E-001
   0.64450154706370111        0.34780934011117939E-001   0.33303316691872314        0.33965099830952777E-001
   0.43118520780926523        0.32598247378965918E-001   0.97156403710459527        0.31227870315838173E-001
   0.38857579778638240        0.83478160223779393E-001   0.94977262363796522        0.37288907740843695E-001
   0.60319807536668102        0.84962603369557146E-001   0.65843966324916470        0.33867095302409979E-001
   0.42726036491547004        0.32999250768570833E-001   0.56673313504046897E-001   0.34179728977916310E-001
   0.61658003999877797        0.34920992031622321E-001   0.61558794966607966        0.33166762563374440E-001
   0.24792882345010595        0.85666494657410525E-001   0.68793674633780588        0.33063945491461029E-001
   0.84526407294922490        0.84333681762575302E-001   0.67757235250737946        0.37229250083666024E-001
   0.92252396213014354        0.84434322189733027E-001   0.69331574695638909        0.35442421659343346E-001
   0.22249061233506351        0.32159323228362222E-001   0.43626859541400248E-001   0.32408223278296205E-001
   0.13004779397953695        0.83269775518889783E-001   0.99434324539573471        0.33645813811027256E-001
   0.32097674384259200        0.33366497686966083E-001   0.15142768374769353        0.34972891050612118E-001
   0.30740499103908477E-001   0.35116249723405428E-001   0.35358146811621027E-001   0.33864127977735817E-001
   0.83434091338206040        0.34701874098317979E-001   0.10864418846974486        0.35101686785636889E-001
   0.37281984053959671        0.84509535359461818E-001   0.15243376080223250        0.35693511271667699E-001
   0.30681308732460016        0.84494269422163967E-001   0.29208047804370735        0.33914893674874103E-001
   0.52900181689000880        0.84927214645133031E-001   0.46142480196031344        0.35443267316933508E-001
   0.83483853980031908        0.40430585987228769E-001   0.49511497854731223        0.34547160476153638E-001
   0.17810592782007351        0.36051773837740102E-001   0.99877055633282530        0.29607097317642619E-001
   0.21620216709582507        0.80485792903817910E-001   0.19102879946321946        0.32012880955838555E-001
   0.94996864920478441        0.84701692138709372E-001   0.87782521574795203        0.35354981703646406E-001
   0.27935180442573415        0.33633641626481095E-001   0.31191685568410393E-002   0.34615403166608279E-001
   0.65978952692309378        0.34730812129532343E-001   0.66655171799226498        0.33349878688374975E-001
   0.35569073349727337        0.34468966588971299E-001   0.39299528452485094        0.33621524842042824E-001
   0.86436924213034405        0.32312759254398173E-001   0.36379107209071232        0.33563440226741667E-001
   0.91856762860978980        0.85211936840770219E-001   0.16474390680221201        0.33791721639807495E-001
   0.95031434317757402        0.34462056203521010E-001   0.92667673776483372        0.34347047421422125E-001
   0.52509172389443226        0.34709779039271291E-001   0.69862212316415748E-001   0.35772337269934763E-001
   0.23866269062819423        0.33672379603440966E-001   0.85420491382459762        0.31409073917922171E-001
   0.33411773737639394        0.34962495441904516E-001   0.62652277642675913        0.33077977079602153E-001
   0.49425218611821108E-001   0.34853724956288371E-001   0.83082868992996595        0.35157025806283070E-001
   0.84068329223173976        0.34734830176538681E-001   0.86998662525412662E-002   0.34946040350124934E-001
   0.15182871068948128        0.28008543443191702E-001   0.38920089432580585        0.29955685083111618E-001
   0.72047539149567608        0.33391582148125508E-001   0.53085333693948022        0.32838588281770907E-001
   0.87306900303911317        0.34107845822046227E-001   0.72456927472300858        0.36613327944314718E-001
   0.60721094617966420        0.33518785851546579E-001   0.84093461699439809        0.34517773660924816E-001
   0.70141812778471857        0.84280454799170679E-001   0.89718457650422367        0.36458465796619370E-001
   0.79240149036933244E-001   0.82829110933959962E-001   0.39219710545916948E-001   0.34020617429354347E-001
   0.56345596922478536        0.84332372918829293E-001   0.81591619419612971        0.33130095641667495E-001
   0.34763533284155501        0.84135484662626769E-001   0.83091043314166035        0.34490712052432898E-001
   0.88950298391352334        0.85066880066325054E-001   0.14127006147815920E-001   0.31221868027494399E-001
   0.92584428109550443        0.84865833707110372E-001   0.55067534527159623        0.32351220459249791E-001
   0.95853237339728850E-001   0.85298818581711164E-001   0.65888040870117248        0.33755080831509091E-001
   0.31223736721786283        0.34403229270873338E-001   0.24513592188915284        0.34771459940087721E-001
   0.47095988983274946E-001   0.83568596283592492E-001   0.87959815057305057        0.33221752867425090E-001
   0.44758501776345028        0.85065511507285307E-001   0.35118558682595946        0.32458984836548223E-001
   0.45842525237973952        0.85001211950297820E-001   0.25674901239348702        0.33649337624677901E-001
   0.37797765318439053        0.33168970866467244E-001   0.85990425872638551E-002   0.33251614614668849E-001
   0.47111698694157811        0.34605657530746521E-001   0.69650636893464246        0.35186068467843577E-001
   0.99722469207882547        0.34055511647419552E-001   0.78339541206157504        0.35355693706760664E-001
   0.14744554630427426        0.85318582334607096E-001   0.70225315864243898        0.33392249170207951E-001
   0.20235259412963630        0.85276193699977645E-001   0.74416357400680488        0.35599460283944125E-001
   0.27723516885839516        0.33644050397042310E-001   0.98261628862967812E-001   0.32675050819266506E-001
   0.32942230323287924        0.83588788415810134E-001   0.91272194172784538        0.32361160607769612E-001
   0.89696643467477088        0.82184130835600777E-001   0.40899332119868648        0.34370946018983245E-001
   0.50139760932338362        0.84643821300211197E-001   0.73551839753278403        0.34936232889799301E-001
   0.35869022855685240        0.33706266402240843E-001   0.87829811006649283        0.34931247369168333E-001
   0.99906269560184047        0.84498441741379410E-001   0.92895231146545665        0.35447708192884356E-001
   0.70463516199124143        0.84862612764923170E-001   0.23637479939286080        0.33037674062729477E-001
   0.99064338102293548        0.84453045318978986E-001   0.73444273095503465        0.33983385243662186E-001
   0.80835754115561820        0.85230427492349325E-001   0.25434260384004598        0.34649266030804218E-001
   0.85229137307890057        0.34713970452718165E-001   0.83271963968500318        0.32553379361432683E-001
   0.51316170320415933        0.85708282481116546E-001   0.66235561093352813        0.35640071077332323E-001
   0.93124057930227011        0.32337053551255948E-001   0.37811156548782243        0.33456411607934555E-001
   0.85681345898512296        0.32164224158828345E-001   0.43123697270189015        0.33489483116111204E-001
   0.79403737959661957        0.84985069900091387E-001   0.82585531011349422        0.36605356121249724E-001
   0.80343969175873031        0.34595144235788050E-001   0.63987348996563298        0.33304701573871151E-001
   0.18615845482921889        0.33399228680196090E-001   0.90136602014892730        0.33374036693764583E-001
   0.74801366165505734        0.34155347611620472E-001   0.91103585806256770        0.32983624403914433E-001
   0.57101146892996213        0.84617808254669871E-001   0.73573922971557737        0.34478373028894650E-001
   0.54647334245552237        0.34819450211361909E-001   0.31521340449323138        0.35914989964630051E-001
   0.44257800183931534        0.34503027201241300E-001   0.40429398292360919        0.32504641429286732E-001
   0.57443916089685920        0.84826081025108094E-001   0.72449745733844384E-001   0.33629643792629935E-001
   0.64173042128497060        0.84837820022333421E-001   0.93745153864538044        0.34259626528935501E-001
   0.55955809700959480        0.35085804773022401E-001   0.64890493991062626        0.32864371133660697E-001
   0.58299075573880466        0.84845963028809535E-001   0.41781374840221919        0.33949577281608717E-001
   0.99014229850815194        0.81430466972775964E-001   0.57182983800379039        0.32318847999422085E-001
   0.32931474597455190        0.32426310723610824E-001   0.54377348920361661E-001   0.33323136451028704E-001
   0.71120545655254397        0.84454966851798929E-001   0.74176590840125312        0.35041304141233555E-001
   0.57687123796882500        0.86144303813915926E-001   0.51306904974143452        0.32295318135709655E-001
   0.35649296894848848        0.84553100317951532E-001   0.76441343481514368        0.32577309965900969E-001
   0.37793060711081100        0.83031000967919044E-001   0.57342060691642140E-001   0.36001919467580572E-001
   0.62611456628130724        0.87292870226427524E-001   0.46956606839663684        0.32925123353158545E-001
   0.18049817015037270        0.84303023753447864E-001   0.94876743364023453        0.34187544107830786E-001
   0.35459342537470095        0.84509001591105748E-001   0.34476914388192259        0.35790195376530207E-001
   0.98331889496924230        0.34282545848100275E-001   0.68167131894918098        0.34371255276823595E-001
   0.20887118788180015        0.37929483764084324E-001   0.44184276799470457        0.37117545231890994E-001
   0.27779044141396786        0.83633937643017589E-001   0.95544005679199451        0.34482641538444318E-001
   0.10378209601317187        0.35561072817274525E-001   0.79217686730916403        0.31391426078668891E-001
   0.20690857654456218        0.87580412806784469E-001   0.39088542953242172        0.34034742258638492E-001
   0.96520042210521750        0.35260289600406287E-001   0.17742226732589997        0.35547534811597052E-001
   0.92206701867936092        0.32186429906683051E-001   0.44758925465407912        0.33576333924137051E-001
   0.28139891229844027        0.37878243406188401E-001   0.58664125502260811        0.33030062299451504E-001
   0.55162334624124100E-001   0.82420560379033045E-001   0.22137681513481172        0.34292162824687306E-001
   0.42581655359107801        0.34491064046797131E-001   0.61103619093779815        0.33162966193565228E-001
   0.26523956365768891        0.33818256767049346E-001   0.19376559480215888        0.34801801983936571E-001
   0.18062294075216345        0.87777538133169020E-001   0.55093305875355536        0.33472677689271563E-001
   0.26010374219000841E-001   0.85405452763386513E-001   0.81618698002390799E-001   0.34009361436731937E-001
   0.30997931403674639        0.35693509229828273E-001   0.79511579988355863        0.36156423169438144E-001
   0.17167579278638348        0.82397623012113980E-001   0.14008118163596972        0.34776394580526469E-001
   0.99443296522488167        0.28862503157294075E-001   0.39603536981794391        0.32284510329331925E-001
   0.46315185794490310        0.34771128920172430E-001   0.20901110462555234        0.35031779403463699E-001
   0.98400365900105882E-001   0.35510801926089373E-001   0.70804809081831455        0.36007873596963065E-001
   0.49921918921730801        0.84807545660068664E-001   0.30978275550474260        0.32926268399884509E-001
   0.41950459135244544        0.34446519151892230E-001   0.15686627630188826        0.32716137335570265E-001
   0.51089192751476564        0.84809657665477337E-001   0.21245255457439002        0.33751936293348467E-001
   0.48713349948490858        0.87983318662147217E-001   0.40860157525647062        0.31414688860654703E-001
   0.24613741415640911        0.35090840530596919E-001   0.74354584987035799        0.30598594454980754E-001
   0.83847909008353805        0.84707998060508174E-001   0.96473536154524520        0.31642975449428831E-001
   0.70353084199621929        0.84608675165292191E-001   0.67409843527869928        0.32868535164024687E-001
   0.43317746089296494        0.84544455595342682E-001   0.72483805689248315        0.33595294183077246E-001
   0.72134660950757468        0.38469785773807108E-001   0.62477397850775451        0.36667033818063778E-001
   0.61637818056818772        0.34616424295288079E-001   0.17873850685692938        0.33843216303755148E-001
   0.97857176418702518        0.31278495515288621E-001   0.76279427894881416E-001   0.30102397595673288E-001
   0.66558481289223581        0.34955416254456730E-001   0.56948079327549639        0.34065808551640354E-001
   0.84072092175129909        0.84990420645396858E-001   0.31522301083510179        0.34067994180058542E-001
   0.33709089758762500        0.34557001242966741E-001   0.72498820562118138        0.33965575196921727E-001
   0.35867013600336084        0.34484743165022140E-001   0.29607566105881905        0.34103571676012780E-001
   0.76766058893755229        0.89963978297621108E-001   0.60557420609665935        0.32966521298492951E-001
   0.77131706700980851        0.84483455771923233E-001   0.67305017712029680        0.34658072149002288E-001
   0.56699405312178909E-001   0.28850118366217006E-001   0.41296309638022044        0.32131473366062799E-001
   0.77961813212638265        0.34959188671436783E-001   0.15433865288220219        0.36087781827580802E-001
   0.22836176545491778E-002   0.32315253252561668E-001   0.32581487840829654        0.35224723532187523E-001
   0.90801334837398706        0.35856260807243870E-001   0.22317025842561722        0.31120032609427299E-001
   0.55149943230169529        0.84750459838910441E-001   0.26722119851854326        0.33518297934290786E-001
   0.99454935808384926        0.34808461962586613E-001   0.97833976513033993        0.33629836013066287E-001
   0.63088187163081855        0.34911564369263071E-001   0.98376593123482459        0.32021769068350879E-001
   0.32762785095325125        0.86790475424620206E-001   0.57888641982572642        0.34020474230611900E-001
   0.82990227348856649        0.90394767889103764E-001   0.54082848213194279        0.33352272418195161E-001
   0.76410230247419456E-001   0.32638963017852997E-001   0.87174395853630890E-001   0.35170523975531859E-001
   0.71254757687840242        0.82754843975836212E-001   0.57187668182568940        0.31498220274405159E-001
   0.39512252726958089E-001   0.85381356060970678E-001   0.98471438633521291        0.33358925441039473E-001
   0.79546859903433798        0.39772325540161912E-001   0.57079889684130702        0.33790310229557592E-001
   0.47927711489899721        0.34796476945630428E-001   0.46090711194423195        0.34958398607266059E-001
   0.72738767391386838        0.35375448425854904E-001   0.43333146400002776        0.32553863277622316E-001
   0.17287706845843953        0.28795501342348425E-001   0.91795441227157534E-001   0.32042543079160588E-001
   0.36117566988495953        0.39520292271454038E-001   0.46097708963304307        0.33747437448239791E-001
   0.11453958113558649        0.31016552795728094E-001   0.55074171785836867        0.33919171792182935E-001
   0.69873806779942227        0.35003820700673247E-001   0.29488143732538652        0.32296447670342864E-001
   0.80380297807903023        0.34459349234115540E-001   0.70821405589902198        0.34486688718710690E-001
   0.22765506371982575        0.83196831336339899E-001   0.74644702429036401E-003   0.32602264471301511E-001
   0.28821059040322428        0.86554560158398852E-001   0.63434471616294830        0.33817013258422061E-001
   0.16651381993889589        0.32490917017284383E-001   0.18846590654941581        0.34897123377563531E-001
   0.25787290728844742        0.87706158331748885E-001   0.43664430295078643        0.32263139544928911E-001
   0.16086802935551731        0.87930256006373789E-001   0.43864301300210146        0.32262113880509799E-001
   0.17823906995794375E-001   0.35396150842344737E-001   0.12751962240832240        0.34304628022694635E-001
   0.63242036750361685        0.36119738975034031E-001   0.42379433493014851        0.33193641321772202E-001
   0.64714875313973352        0.84542603136753547E-001   0.71013854161688006        0.33963115520499146E-001
   0.10882920770509586E-001   0.85263707300543223E-001   0.17146450317209375        0.32425771425193380E-001
   0.74641426448512360        0.85071203101685866E-001   0.29233300333723711        0.36767841798212443E-001
   0.94543115467378780        0.82271987138181693E-001   0.48713567955084947        0.34072214453133930E-001
   0.68733415924193830        0.84758061275700028E-001   0.99515009866459259        0.31207719144347255E-001
   0.41034633880309318        0.89333075783874866E-001   0.55578662010868907        0.31480299847807369E-001
   0.68596937103488631        0.37595739399591641E-001   0.38473766152281930        0.30857059084210704E-001
   0.84642699042884051        0.84730298550885194E-001   0.87636682965700541        0.33995565253076995E-001
   0.16403599359335441        0.82105348756819671E-001   0.23470820168392875        0.32929997573084964E-001
   0.63204791159980378        0.85197405814365537E-001   0.32139809124027155E-001   0.35215363680714699E-001
   0.57538034338579302        0.34777216576764546E-001   0.11883339898107143        0.34393647989872239E-001
   0.16780652812096505        0.37878456241429270E-001   0.50325195796450595        0.36711709308894253E-001
   0.74187729497441579        0.38618265867613161E-001   0.34617012688788468        0.32951685654031768E-001
   0.72146045028618577        0.84435041055131083E-001   0.80786517982361439        0.31459930887883930E-001
   0.39904608824934351        0.34546833613494608E-001   0.68443618098280823        0.35605205710667005E-001
   0.46593090132541842        0.84730437033376210E-001   0.15953446349215733        0.35313001905905632E-001
   0.17653710972081035        0.83542980808922737E-001   0.43443628149974621E-001   0.33886799909028750E-001
   0.51854230745982433        0.34691082221197933E-001   0.16247969341433383        0.37267389736800660E-001
   0.90149972434694170        0.35869861391217242E-001   0.51245554966035378        0.34382481969029453E-001
   0.61786810734097997        0.84861631343340932E-001   0.56717844815336782        0.32994194842522181E-001
   0.89991319941670977        0.84410218670704834E-001   0.60967374346851344        0.32095854261871150E-001
   0.72324329579614099        0.84782299493769392E-001   0.13974865903486386        0.35239627511232781E-001
   0.65082663764307169        0.34299405285806488E-001   0.89285899460497586        0.32768851180343027E-001
   0.31321775617939557        0.83215756080494974E-001   0.19769460681166504        0.33209167408658508E-001
   0.57965675574932363        0.35360008615737709E-001   0.46547352939388653        0.33729066295103985E-001
   0.75819960030264547E-001   0.82265525286012664E-001   0.53268379159920720        0.30882805213754191E-001
   0.15543885108405706        0.35225196893591396E-001   0.74730191695667980        0.32898510246682340E-001
   0.58619827983030093        0.84772033930486587E-001   0.97895464056990500        0.34995148888536790E-001
   0.96555033255880485        0.84301895460423215E-001   0.63580143348908980        0.35745099059251814E-001
   0.63022316872162454        0.35950796104894704E-001   0.79890989104395418E-001   0.32820508983733912E-001
   0.97388582985007105E-001   0.85465491130629900E-001   0.75396802412519837        0.31766360166128993E-001
   0.86261470403143503        0.85145472417057888E-001   0.21223198390861883        0.32979226544450527E-001
   0.87000670068080133        0.34633059604819875E-001   0.57515491107194860        0.35362947859731202E-001
   0.11558061513412325        0.37952150104763410E-001   0.44510770211254069        0.35469351783715929E-001
   0.12910474868423227        0.33317061560208215E-001   0.41066949589789264E-001   0.34721901111399403E-001
   0.74311043039500269        0.34373595640890146E-001   0.77436240413215118        0.32404819191830844E-001
   0.42969452854390466        0.82727528503329165E-001   0.12001228820282277E-001   0.32700914684101405E-001
   0.94833585521356401        0.33951183764039730E-001   0.83086613421263500        0.32713476641342172E-001
   0.48560445348557379        0.34821577800023297E-001   0.92529097590319753        0.32331714533694947E-001
   0.60288416608408757        0.34653995507373817E-001   0.70357958565590306        0.32932334183836863E-001
   0.89793380393899680        0.84811640861787649E-001   0.83153753974633848        0.34284109908960830E-001
   0.93255648921662548        0.32303140308072624E-001   0.30659298099534665        0.32125299372668351E-001
   0.11547368908083296        0.82558714954955398E-001   0.18404842873534860        0.36564045019927903E-001
   0.22914755860484745        0.33530252490340272E-001   0.95465030978695931        0.35021191739403448E-001
   0.67113131705184137        0.34899915468516993E-001   0.13536672808085146        0.35969129929984973E-001
   0.61064950236379278        0.84906608865600780E-001   0.22830482148992964        0.34357084930517125E-001
   0.90456776673902384        0.82341720870963503E-001   0.34057598361353092        0.34464764931375617E-001
   0.59241217593461981        0.33855843867929579E-001   0.93227144061931644        0.32198790129844716E-001
   0.76419984524504814        0.84961205587788802E-001   0.19972321455744771        0.33169923704244896E-001
   0.46367513143181001E-001   0.34655307648992439E-001   0.93522636129931846        0.33536297723397203E-001
   0.27143585691251731        0.37657192613588270E-001   0.48727202920132062        0.35945038772735645E-001
   0.19784668232934580        0.83567382809230373E-001   0.84409876571514708        0.33833014939108980E-001
   0.32293883166618764        0.83569970792855428E-001   0.10227584639841480        0.35011442961645413E-001
   0.84846154825104569        0.34712114523258390E-001   0.92297554093345280        0.34256408413207734E-001
   0.53670854966917581        0.34652599964725972E-001   0.70926354784251799        0.31615154113589464E-001
   0.89757659731724004        0.34477257645724027E-001   0.97010010800994506        0.33801157413332290E-001
   0.31962449979743252        0.39264562613795233E-001   0.53429147143659717        0.31314707810088702E-001
   0.25435082934862763        0.36667595130207259E-001   0.38670165768473069        0.34311460318598976E-001
   0.23233351930108539        0.83358717514816882E-001   0.90331994612959121        0.34656831538011343E-001
   0.21354146557517650        0.26809770379216238E-001   0.23802235283602313        0.33604319904003650E-001
   0.62219034679609642        0.84866980644341047E-001   0.12689183270637355        0.34475207996657896E-001
   0.65918254180409563        0.34749684209941491E-001   0.23203553213530775        0.34380986688693993E-001
   0.14391058488644026        0.35304854614746743E-001   0.65238226818388889        0.35894146718239282E-001
   0.19999106530564173        0.39514246046541024E-001   0.79488200050802194        0.31951333293645010E-001
   0.20156596237162833        0.35324855884115436E-001   0.69446003023352842        0.34783187421256780E-001
   0.58837164533899533        0.35672320566239472E-001   0.37072284483541762        0.32366986823633204E-001
   0.89206330541485535        0.34439668041806495E-001   0.65392768735327800        0.35085427419251886E-001
   0.33693807943964005        0.33570425979233404E-001   0.95537625429653683        0.33766578885303052E-001
   0.97186442757416747        0.82262179888616657E-001   0.28911442943550875        0.33752579042683188E-001
   0.40794824157164550        0.80601329814141365E-001   0.86268490147294596        0.33752295218494648E-001
   0.56959485662794440        0.84701926714281062E-001   0.17223237574794767        0.34846361380028633E-001
   0.36917051345108265        0.34351617565912942E-001   0.20024928675819151        0.33396897374384747E-001
   0.26537017653552031        0.83858388754313451E-001   0.14382536740125995        0.35834542349300849E-001
   0.91743640249043930E-003   0.83957901083824907E-001   0.83109753260839658        0.33725282366383690E-001
   0.94770560115196767        0.84639160372114289E-001   0.78602300759602961        0.33079770916612093E-001
   0.46857463475298644        0.34532775650007612E-001   0.11110986340643776        0.34164425751316015E-001
   0.83630124443362541E-001   0.35210054577922707E-001   0.99066354390767675        0.33175177062804775E-001
   0.98802674419098935        0.85552324144346437E-001   0.27585479241807709E-001   0.32005213368612236E-001
   0.15156228527708634        0.84860351805866763E-001   0.79197438780923157        0.33910317695567259E-001
   0.76200095501410592        0.34963799605248445E-001   0.24458752875604681        0.34020986106897355E-001
   0.64177627347648525        0.84562093738447752E-001   0.78818197471112139        0.32326050419944054E-001
   0.78421402466602907        0.87879384032356331E-001   0.34962791431032159        0.31925939559250292E-001
   0.78690841274885814        0.84691231386469210E-001   0.40481635808757490E-002   0.33171446733682608E-001
   0.41598747873716496        0.83559736750919447E-001   0.20578836041690135        0.32678765973120139E-001
   0.78400186506389458        0.34725335645661541E-001   0.53611495409359985E-001   0.37262281229681962E-001
   0.48109743952746899E-001   0.82391987238196407E-001   0.31249845254362990        0.33836023268388069E-001
   0.28246395944185942        0.83611174163775392E-001   0.85498817848109721        0.34977394039649015E-001
   0.32946353387158073        0.83652026484436051E-001   0.37787000034932728E-002   0.36151636450060379E-001
   0.69036455991256906        0.34768946671321591E-001   0.94968736127033815        0.36423429821896600E-001
   0.22774907681061038        0.37872967595914075E-001   0.54317503923202815        0.34988427543007572E-001
   0.16006774050768752E-001   0.33839379682355404E-001   0.61811732290313592        0.37085621982290241E-001
   0.23556865617232997        0.87747061743869259E-001   0.59082527148030806        0.34415116142362603E-001
   0.65425266510489055        0.85012527282780748E-001   0.28307458064517382        0.35615107070712471E-001
   0.47982002358378495        0.84657598224894853E-001   0.96796221464093524        0.33418054306759065E-001
   0.32950717942294136E-001   0.34454725871563195E-001   0.72635971203439953        0.31931628194359060E-001
   0.45450018032973366        0.34655350483508041E-001   0.55166520743280589        0.31913178677692930E-001
   0.67939149966762968        0.34492054535715744E-001   0.81874439750518690        0.34738848729152456E-001
   0.21822073639227796        0.33684401776032928E-001   0.14474769506834034        0.32759660308847478E-001
   0.53232185609692517        0.33587967540293272E-001   0.77562566332422389        0.34277854887658547E-001
   0.86429864560958317E-001   0.33840289627498701E-001   0.61336910978247439        0.33445816768584519E-001
   0.42628350284473199        0.84195158269418646E-001   0.79296903104293004        0.34859937272251139E-001
   0.46443816601812937        0.84615520301933034E-001   0.59156898324271323        0.32738796372328911E-001
   0.90100646920236283        0.34844774772851965E-001   0.87871331197429825        0.34435576695215298E-001
   0.26245520830567054        0.82656793553574123E-001   0.24010987276515960        0.31992387234768986E-001
   0.14917272645720711        0.33623083659342273E-001   0.84179175512925708        0.35803349638000852E-001
   0.82736627555410769        0.85261150953073475E-001   0.15685384578819733        0.32658255040627276E-001
   0.93943518808055029E-001   0.34349605496484956E-001   0.32762981654580114        0.34015138153177603E-001
   0.56131349741207037        0.85048244263990200E-001   0.60833825803458841        0.31425651803540490E-001
   0.30172161269044961        0.89044384158075626E-001   0.38898663465991035        0.32429697654897706E-001
   0.10377741574287416E-001   0.82587304928535846E-001   0.50861628794145330        0.34034025433781666E-001
   0.60521309698105519        0.34871885842188637E-001   0.27573229678977690        0.34685321479471377E-001
   0.94081094023499456        0.34340533379241332E-001   0.59306276209956676        0.34489654430904744E-001
   0.25866704181873777E-001   0.80146855681798607E-001   0.44361458445534380        0.32759210939089935E-001
   0.85794387142592310        0.84799268183396947E-001   0.77405966416764382        0.34117408223851099E-001
   0.14102607472592676        0.83408773150927151E-001   0.89125385231389098        0.34722924894976137E-001
   0.50925606425803016        0.34615397607092091E-001   0.60307122557874704        0.35060667795517066E-001
   0.79221518550368386        0.34680984361204308E-001   0.96042598613245289        0.33287738250019128E-001
   0.59968762683759218E-001   0.32388383593413797E-001   0.26794715786441908        0.34164909241129748E-001
   0.25833475872216510        0.36720927637265553E-001   0.28789202968901945        0.34030625405628435E-001
   0.96951003998673257        0.82337406692899504E-001   0.35794504759094953        0.32515034594616132E-001
   0.12464247137930022        0.32043788959466121E-001   0.13532742510440773        0.32617141761175236E-001
   0.42168234284004086        0.30468869600019311E-001   0.90685244693401923        0.34204346640395518E-001
   0.96833706161161515        0.32577556990543120E-001   0.52949158101060134        0.34532570764351282E-001
   0.48158849162697470        0.34722791431897319E-001   0.14358968135035982E-001   0.34687852104256491E-001
   0.87945775878615107        0.85856189671064190E-001   0.47375216668225606        0.32527470367186090E-001
   0.21986963622660327        0.74392048156039434E-001   0.93355495608639871E-001   0.32726715618680506E-001
   0.40021780615069841        0.84487593163348237E-001   0.39696398764563912        0.33400716366199290E-001
   0.81985055732276091        0.35132596786671043E-001   0.21033870206061356        0.32622124415381502E-001
   0.30485892322620395        0.34505237509080487E-001   0.33938577880697851        0.34913812872296002E-001
   0.39012511532494293        0.34150264517032271E-001   0.81907425231275910        0.32102502681106697E-001
   0.66849221318225971        0.85077521183048593E-001   0.52221428475240950        0.34690295005831824E-001
   0.57061793861754051        0.34891989555358632E-001   0.56412978519198465        0.35790997136671200E-001
   0.69094724049297493E-001   0.82679265767667556E-001   0.13201019038883133        0.32338430503308993E-001
   0.18368980787657646        0.37653388369428407E-001   0.59556446753904368        0.33451003248338586E-001
   0.94418700784153853        0.34485305539663620E-001   0.22838439956817447E-001   0.33413336455308230E-001
   0.11471315752183069        0.32551989564726512E-001   0.23077498292108592        0.31693278818625062E-001
   0.13554613874383112        0.34305096643520737E-001   0.94610715286914460        0.32906036018780380E-001
   0.59657322171663796        0.84754564047828176E-001   0.32460199093775782        0.35430674014681751E-001
   0.24724750846844090        0.93231471367762317E-001   0.79660965563712005        0.33870441812586610E-001
   0.73731577409975479        0.85455143886496471E-001   0.39326800188313754        0.32133448845063334E-001
   0.10174353964422279        0.82702824706316347E-001   0.39247927549071249        0.34925169696794905E-001
   0.66095210071283106E-001   0.32570308345493529E-001   0.17584503451154110        0.34051173929259874E-001
   0.83696494793598464        0.84714618411586062E-001   0.58538531955791111E-001   0.35697524658458685E-001
   0.78031078830101208        0.84418047083631625E-001   0.74971528895480155        0.34504709154404234E-001
   0.49490152187100006        0.83212876674232647E-001   0.80483835590726138        0.34390275771112679E-001
   0.52808661739863483        0.34919186546138153E-001   0.50907143723648196        0.33607879765524463E-001
   0.67596027470207909        0.34824795212766754E-001   0.47561703974981140        0.33877923167162448E-001
   0.78426655103713605        0.84740612484327293E-001   0.10471159147000351        0.34173858356047228E-001
   0.98353641842139752E-001   0.84408434750518457E-001   0.83651970727601321        0.33628811454035158E-001
   0.23958421040312766        0.35754366415560568E-001   0.63796921529713890        0.32823864007500127E-001
   0.39861147205749908        0.34547541097093730E-001   0.75376361832748695        0.33647537403159816E-001
   0.45412600849460311        0.34654126384538145E-001   0.83123739205363112        0.32892274734935431E-001
   0.73884148992977183        0.84844084966373856E-001   0.95613413385528634        0.33146036523438158E-001
   0.97137621738816826        0.85185699007616272E-001   0.12007500072680320        0.32295179532031475E-001
   0.73294685424778727        0.85134301564293510E-001   0.44451678342249029E-001   0.34188188438007333E-001
   0.69413381509498784        0.86555443771487606E-001   0.34101627601734952        0.34604729045314385E-001
   0.87192563226120112        0.35226840440002488E-001   0.16752397682435902        0.34617081791413123E-001
   0.96257559737071896        0.78884303669533432E-001   0.42270399123409386        0.32596694635355188E-001
   0.56157153885904121        0.34730623316324101E-001   0.22096646113060894        0.35312631135497867E-001
   0.62236586164370500        0.35015475203460829E-001   0.51765720369182766        0.33275705459823890E-001
   0.13205143584504903        0.83754511096492595E-001   0.59975379229400239        0.35498744612825449E-001
   0.30667242226915283E-001   0.84407413266831960E-001   0.67893633347819693        0.34426806541540247E-001
   0.25201782688332497        0.86653692467493257E-001   0.33690438394567157        0.36180336955315612E-001
   0.78702524017329734        0.32120725325405559E-001   0.40521180788572908        0.33292677063183715E-001
   0.85210428547355921        0.34943284577202791E-001   0.26767760091734671        0.32861733496416620E-001
   0.83412877265783492        0.84648692412114548E-001   0.60746290610840081        0.33655863326958066E-001
   0.31663631091486755        0.90071584126053414E-001   0.46605564175403924        0.32954130520469055E-001
   0.80461038562839338        0.89744942417112561E-001   0.45722668077092160        0.33809027943350188E-001
   0.93102686616532426E-001   0.33375804719808215E-001   0.88540117953983910        0.34747581718388362E-001
   0.12516961704216906        0.82327420020333206E-001   0.89430913635161910E-001   0.33967353814347533E-001
   0.32995782760869702E-001   0.78853027205552942E-001   0.37792193678902281        0.33323165615972941E-001
   0.52962580787928271        0.84846148721142323E-001   0.20075829106901102E-001   0.34746879875139358E-001
   0.92689389486443607        0.34926897259664823E-001   0.11918850132906281        0.33924748400080279E-001
   0.12220723551265036        0.87908990218143426E-001   0.49028730595907366        0.32144276286315901E-001
   0.21997947725702122        0.87916695491626395E-001   0.49369618890072697        0.35750762482331583E-001
   0.53056970563784145        0.31449993304529675E-001   0.85942593212357410        0.34449897333371733E-001
   0.88752807122448696        0.34810768687193787E-001   0.62031799130649740E-001   0.35401473377023575E-001
   0.66364289604531179        0.84877080183352910E-001   0.18347919453345732        0.33695469126887957E-001
   0.14802566849620688        0.86431519690039121E-001   0.33766960156154896        0.35615765126877613E-001
   0.46913938638867159        0.84610950576938404E-001   0.50913999218338946        0.35061338985164170E-001
   0.41186075699170138        0.34667720677504316E-001   0.25441300463908317        0.33450939376817597E-001
   0.47495551838288064        0.84160480288076933E-001   0.62405197993305253E-001   0.34140427509738676E-001
   0.73873642111999160        0.34964600085473772E-001   0.99964530265681484        0.33011402173273953E-001
   0.84981726161728979E-003   0.34823772450909202E-001   0.88024784740220174        0.33818202480910400E-001
   0.50296980700311056        0.33158995665787637E-001   0.26312383473773160        0.31918407514391477E-001
   0.91487698650699473E-001   0.84579013532609604E-001   0.93892865753124721        0.33821479775872382E-001
   0.49156216376029427        0.34897071872542582E-001   0.35892945763184880        0.34231307799412442E-001
   0.76425970396546006        0.85021993795169518E-001   0.53422721960872066        0.32180815186440219E-001
   0.53178488594612927        0.84778349224672547E-001   0.92057919291937318        0.35853714966507154E-001
   0.59409948170047056        0.83498686457885329E-001   0.88722415174089209        0.34836278768853604E-001
   0.98714155031221418        0.30187409666259726E-001   0.46325467970668338        0.33313939442682461E-001
   0.79213137821312818        0.84659443511399562E-001   0.91623548337973360        0.33361578522830095E-001
   0.63812685003445435        0.86433373795209809E-001   0.37936128668304003        0.33235735608364181E-001
   0.95185024523844031        0.85278625159215693E-001   0.22422862454169243        0.34193652377121617E-001
   0.29113393703241408        0.36664043859526978E-001   0.67762416954534455        0.31931054368567635E-001
   0.72383465068910546        0.88185594408056484E-001   0.48263991346988461        0.33283387744324121E-001
   0.30312606792897945        0.40466247491285273E-001   0.42905687914065510        0.30380327893535133E-001
   0.36182105741600407        0.84412033960219165E-001   0.24738487771009904        0.35612381154560710E-001
   0.89884803706727012        0.34792855128666159E-001   0.78812430713357151        0.31915682253864409E-001
   0.29071852431056527        0.84739283895001516E-001   0.74228634909111912        0.36097382932284559E-001
   0.52940366320537870E-001   0.83781305562458094E-001   0.59013325900496172        0.30966158291220045E-001
   0.83061962731940608        0.82067207914047785E-001   0.39525812522767922        0.33356409482587564E-001
   0.41117411051180752        0.89391122783508470E-001   0.46651579240256802        0.36823239322125223E-001
   0.94334681568517309        0.34411350392831344E-001   0.73826370680712461        0.34906856805917708E-001
   0.37164074723929102        0.37622564464820429E-001   0.57253715387465953        0.32063236295161446E-001
   0.71732547327223950        0.34922708681854896E-001   0.19045114024752677        0.35895101849590265E-001
   0.40697047931513863        0.85657521562160804E-001   0.29956138457495263        0.33217227245893641E-001
   0.58027739404224987        0.34727980536170669E-001   0.26654267528215324E-001   0.34271390116321881E-001
   0.66393725267384729        0.84901696176181152E-001   0.61819672141836413        0.35606922369568923E-001
   0.89824320271375035        0.84812644771703638E-001   0.92487737003200843        0.33312536632180298E-001
   0.74323727552541929        0.34530432255591978E-001   0.84407988298564429        0.33864408573063012E-001
   0.28285638639473965        0.33616252302928092E-001   0.90564535286492309        0.36185094970174941E-001
   0.35894745497157064E-001   0.32538814812976415E-001   0.54897884777361827        0.34854523381443146E-001
   0.99653867260624185        0.35240540514287266E-001   0.24085027569680054        0.34851702718841526E-001
   0.19979987057384507        0.37525286349239476E-001   0.34273043683529608        0.35707120459603794E-001
   0.66522656934439539        0.34486609931167818E-001   0.75189453168349252        0.33594994832065489E-001
   0.37929969934327085        0.33619031926018929E-001   0.10531332168491137        0.32321998797060131E-001
   0.53886074288531527        0.84914349050546567E-001   0.36457642331869589        0.34687439022510765E-001
   0.80234458218763838        0.34699863720134609E-001   0.87443533187871014        0.32506461325987085E-001
   0.40127572294726832        0.39499911661781600E-001   0.51446772589191991        0.32995063928050190E-001
   0.60071735197995479        0.34730253194575941E-001   0.77251722959459523        0.34059153278715996E-001
   0.68283446394321090        0.34763603688766062E-001   0.37697572681859359E-001   0.34534204834865467E-001
   0.40463241768846615E-001   0.84301740375831768E-001   0.78026569258149903        0.30591561306825183E-001
   0.81351109333668936        0.34540168562232333E-001   0.78021464260669615        0.32695282334237172E-001
   0.52145687939248420        0.84992684316879202E-001   0.55540477919779419        0.34778007603893837E-001
   0.79540194830118449        0.35072346139455868E-001   0.30444945020459119        0.34202356597052112E-001
   0.53582392788940414        0.34926466191862536E-001   0.41271718089919679        0.34679129828220211E-001
   0.16072718661486882        0.32415783245518297E-001   0.28288306851944933        0.35882351727955536E-001
   0.10891544815805791        0.82419835372267616E-001   0.27695569647068752        0.36357795046602685E-001
   0.94531639513096488        0.84505337752824372E-001   0.97530877214491296        0.35490616149207142E-001
   0.51615668934594017        0.84704909905538375E-001   0.11470531998121428        0.31913654787716204E-001
   0.34676526260368762        0.84537207598793199E-001   0.67505720933544944        0.37333629073242031E-001
   0.47715064620625114        0.84687321428094930E-001   0.87333191356993867        0.36363437904823243E-001
   0.46499922303114588        0.34643148318670866E-001   0.76533523267197701        0.33720489363242449E-001
   0.93425884713564167        0.84910067025772806E-001   0.66276387583943761E-001   0.32985525112018084E-001
   0.38335930975096172        0.84552153436834129E-001   0.61550290580409983        0.32527760867321530E-001
   0.27341400257664650        0.83632920250446705E-001   0.51979230923836814E-001   0.35534321838240318E-001
   0.42527466574773537        0.84727739000381760E-001   0.10591955939000292        0.31647978878444255E-001
   0.72442249885841492        0.34198969265716660E-001   0.91153737724519374E-001   0.33145220196028863E-001
   0.65046178721436532        0.84485196870478188E-001   0.85176238300856022        0.31751715416809434E-001
   0.54374754343075538E-001   0.30155523023894883E-001   0.48086300029533430        0.35751872840066604E-001
   0.76783535837175676        0.38451623957381081E-001   0.48504645941244517        0.33132152663084433E-001
   0.73628392103664508        0.34464559847975508E-001   0.70266379209191476        0.33160834338984008E-001
   0.40391213787521429        0.33741422153336628E-001   0.34670204529372711        0.33041516611521979E-001
