 3 HS poly
 400 2
 400 0
    1.0000000000000000         0.0000000000000000         0.0000000000000000         0.0000000000000000        0.10000000000000001         0.0000000000000000         0.0000000000000000         0.0000000000000000         1.0000000000000000     
 T T T
   0.11986139763359288        0.11819964709142067E-001   0.48613058169006812        0.36968681919739732E-001
   0.65021278599707222        0.56695585292833695E-001   0.88343357328609939        0.32289108748370772E-001
   0.85513542872432780        0.53464251130486085E-001   0.29960153885405139        0.31953342260345810E-001
   0.34194372398565673E-002   0.11700541313837508E-001   0.40881864248243988        0.34728070254620262E-001
   0.16793041179815463        0.87511024391047684E-002   0.87188198338844269        0.32675886957670652E-001
   0.77363360906467504        0.57172205631705157E-001   0.62626182913317385        0.34005248572582678E-001
   0.36960036485378955        0.58134730485742664E-001   0.91151782477257115        0.36753199235964873E-001
   0.82005217999659030        0.56436736331353377E-001   0.49847711450584570        0.35863391237505454E-001
   0.61312898962806828        0.43618687116663765E-002   0.36778294797410949        0.31893034128361600E-001
   0.48139433942902571        0.58863502217164847E-001   0.65350755116849646        0.33969954968752811E-001
   0.73387080830229467        0.47190729403392348E-002   0.26527124344215885        0.33273217671837954E-001
   0.84754023800263312        0.90290303989852046E-002   0.39981686432576485        0.33012280910815060E-001
   0.28105009862576247        0.86531024261947732E-002   0.97862040925089189        0.34080355327114689E-001
   0.67989881788816720        0.71604971211083578E-002   0.98524347993120409        0.34515132624261750E-001
   0.10884998416622763        0.11770633804229992E-001   0.39098514874808771        0.34430197974231004E-001
   0.65428065100562871        0.58358496437710974E-001   0.74731479089136377        0.34811202297807410E-001
   0.31582293820567492        0.11461417599015219E-001   0.37043896824746059        0.33758011966845539E-001
   0.18864965110422835        0.59986565875545787E-001   0.31964969528723471E-001   0.32811166554588746E-001
   0.98156933616437192        0.48751254491342176E-001   0.17162069288288723        0.33054228014617104E-001
   0.96163007092379815        0.97425509952295559E-002   0.46809353353195798        0.33629939448234780E-001
   0.66234586308374621        0.85407801858452797E-002   0.63324670888943257        0.35205129971204834E-001
   0.41363848384611385        0.59398371186326019E-002   0.10902172914963345E-001   0.33136423889380331E-001
   0.71054499044054520        0.47680498801289939E-002   0.32895388116297342        0.34392282768092301E-001
   0.23435655637993577        0.58664483578000526E-001   0.98018689871140208        0.34322855201998785E-001
   0.92317070087338016        0.58628869670401131E-001   0.82367184221313638        0.34075669110628051E-001
   0.52221003464169791        0.55462077541056615E-001   0.28901133618447944        0.32007083414396870E-001
   0.32628346298936445        0.58665854658941308E-001   0.96772240934606313        0.34197022024501499E-001
   0.37839053968874797        0.10020207260070243E-001   0.51216145166191707        0.34656988814951828E-001
   0.71132085782049403        0.57226963523392238E-001   0.24415857490465806E-001   0.36300420774852751E-001
   0.64177321499500806        0.55777829908451419E-001   0.89970921357557646E-001   0.32851621915847146E-001
   0.68899630379536281        0.83660538039542348E-002   0.78233778832192125        0.35404380332735776E-001
   0.48662439235912297        0.67761008097775785E-001   0.89907436552091116E-001   0.35310651738093335E-001
   0.25906371303613474        0.93067707607489367E-002   0.77095157514279089        0.34326655561168158E-001
   0.46680587688677638        0.10245875258337056E-001   0.38065985391877588        0.33487793675200994E-001
   0.82567250232373035        0.90934989014906965E-002   0.78449085139019525        0.32482945170597494E-001
   0.46847713326968987        0.78436815388094813E-002   0.96819857809808463        0.36305239545112944E-001
   0.17789691795367896        0.11370275089601437E-001   0.52975385446135470        0.35521178616053972E-001
   0.51005708532578020        0.55376948756480887E-001   0.25154849084917389E-001   0.34594349266951437E-001
   0.14415547549885716        0.60346168680744265E-001   0.18828244452557696        0.33794133636321846E-001
   0.68078792143895756E-001   0.58724973674138960E-001   0.84594349675970781        0.35286465586427750E-001
   0.61560272127291615        0.11287554593717919E-001   0.84882059908366814        0.32446255309474974E-001
   0.89365166431155807        0.54718529223382141E-001   0.38140153307409042        0.34430251261967693E-001
   0.57372429392645663        0.65470107732875406E-002   0.26799063049188127        0.31583320529472242E-001
   0.88303114579468189        0.39155172401484474E-002   0.67125630409045581E-001   0.32887122273331848E-001
   0.32048828423044956        0.60550289785408967E-001   0.41888657921716316        0.34456474872359630E-001
   0.29990406990262625        0.10873745787954562E-001   0.27401602567413569        0.34335030073131372E-001
   0.27157605587036344E-001   0.59060472401029088E-001   0.54913829048673846        0.35453441354008686E-001
   0.94677606084277333        0.12764676724879543E-002   0.20408250841048844        0.34046283899242843E-001
   0.14040157220541646        0.58307433446655454E-001   0.81991367931831746E-001   0.35470427506277630E-001
   0.84838487882688418        0.54900615733428249E-001   0.16918845242320901        0.30768439123765836E-001
   0.16524990763366967E-001   0.19509087042068936E-002   0.70356869813379352E-001   0.33800622931966479E-001
   0.58478407508081343        0.62875209363955006E-001   0.81905794734226978        0.31791623360194379E-001
   0.45222752619567103        0.58632450515137227E-001   0.79475011856354971        0.32172398518534984E-001
   0.22786485873929790        0.61402869151379991E-001   0.52420263676090462        0.35013797434323569E-001
   0.94049995098781536        0.70620742551664416E-002   0.36502163161246937        0.33845948184891034E-001
   0.72301079821999104        0.54638623701466160E-001   0.37476520246006256        0.34452479379603898E-001
   0.78216990301606215        0.56423172093849873E-001   0.26014846276951824E-001   0.34519914133670233E-001
   0.80536689538892769        0.54379928355365773E-001   0.56662923764924067        0.33559761627759276E-001
   0.16877610317600069E-001   0.15157358179560801E-003   0.13836985650481448        0.34109219176034447E-001
   0.13972330056497573        0.87715162314431060E-002   0.31995212340910295E-001   0.34024169237337795E-001
   0.11455135940437994        0.91028142850202911E-002   0.83297107237730417        0.33069419419729761E-001
   0.27647610082318524        0.60389091116964701E-001   0.47304888912897347        0.35153648583425651E-001
   0.24013821449024186        0.60939123847172608E-001   0.17876093714743269        0.35896804135444917E-001
   0.46773082843646875E-001   0.47715522861669468E-001   0.17284640770895865        0.31389691070250268E-001
   0.47198303670024144        0.93116867824341778E-002   0.50800720130075938        0.33061587588560211E-001
   0.49337166248479997        0.56526539717463742E-001   0.19910542447489524        0.30569921198218671E-001
   0.51919205164304816        0.58636910303424751E-001   0.82316162201747134        0.33234260297537045E-001
   0.78061131893249447        0.53481269035757520E-001   0.24562625390385090        0.36514589955788393E-001
   0.82794152119644748E-001   0.87075152245167150E-002   0.89350615714799664        0.35201714981148456E-001
   0.48015732827331059        0.11017704141895479E-001   0.86232540344778053        0.33987244251784877E-001
   0.19673915425259487E-001   0.56163933453842159E-002   0.92356913583339384        0.34780289128206347E-001
   0.20476298855517322        0.58528055130746985E-001   0.68316878614781740        0.33645893520532502E-001
   0.35021958135461823        0.10132233378367841E-001   0.76283208552334536        0.33161667206601575E-001
   0.52747209235873904        0.57430095193724377E-001   0.14324562761074686        0.32628540940851367E-001
   0.69392888127602886E-001   0.56043745636551415E-001   0.21815423559389004E-001   0.34111114840030016E-001
   0.36783893105142795        0.60058195692291982E-001   0.35932330930328077        0.34307543200886935E-001
   0.98682651609847527        0.55619425064618047E-001   0.88884119777787518        0.34374355506317657E-001
   0.99360342013190417        0.88116069260057387E-002   0.74374793181792265        0.34917926760200078E-001
   0.87896147978299710        0.90041905189833984E-002   0.65113556899740010        0.34918298435644500E-001
   0.19336655031170821        0.60985276112585675E-001   0.12524995933789387        0.32523898197230096E-001
   0.92751849116424001        0.90279271249409775E-002   0.60282032428814480        0.33521984909532433E-001
   0.78803877661682820        0.58339593994855443E-001   0.88667142427890644        0.34008300393839841E-001
   0.88903358634661300        0.62839001638190298E-002   0.92370946852489810        0.32195497960481996E-001
   0.48552403044838749        0.80120596907113512E-002   0.70390300668492678        0.32981418561912286E-001
   0.35704391982229866        0.83931366736177387E-002   0.86250228203144241        0.33726332710224224E-001
   0.20670444834390705        0.11740907694835729E-001   0.28645569374544577        0.33645298304722640E-001
   0.48477802305830037        0.74299023429170441E-002   0.15311582449351291        0.33844853218612574E-001
   0.55318278389980202        0.57088944941465485E-001   0.22748831556012356        0.35403163194593162E-001
   0.61154556127314674        0.78654275839332068E-002   0.98739997457309492        0.33789987542253090E-001
   0.54515933035661313        0.43985013086126241E-002   0.32555072389334244        0.32546281469185180E-001
   0.31207046792460208        0.58435959704417388E-001   0.87063662938106756        0.33784473002011955E-001
   0.23698198094216053        0.70837274764085009E-002   0.29854421086894345E-001   0.33471783094021518E-001
   0.59801179671727833        0.85497682654679646E-002   0.58252341616330305        0.35230753294531854E-001
   0.24640435200142632        0.10863309502829053E-001   0.23128771203909715        0.34097975917568857E-001
   0.95242152854018824        0.59793896489935966E-001   0.42017440931406813        0.36079177601954067E-001
   0.59193616799585003        0.54823628022550086E-001   0.16498472743812870        0.35448298363955515E-001
   0.42829601336243778        0.97478329934101750E-002   0.55921722510302407        0.33927583431986680E-001
   0.13351146995315880        0.11266458491620347E-001   0.58560029870700514        0.35812991586137252E-001
   0.34352852183597343        0.10486405481933282E-001   0.22219004382697863        0.33356574304517862E-001
   0.27015402077874806        0.58445575759650627E-001   0.92295467538122489        0.33168765184264565E-001
   0.99223932058837294        0.61734474839208554E-001   0.36119791258306122        0.35043278793322474E-001
   0.94942555165346432        0.99189856488859807E-001   0.66911032908433685E-001   0.33416215181236525E-001
   0.18296601500936000E-001   0.56696052980792734E-002   0.85521180677942243        0.33551962543278920E-001
   0.33445647471956208        0.62144929987801828E-001   0.72153282923292178E-001   0.32337106192452683E-001
   0.34421090371649332        0.58434229160606865E-001   0.17503108422655497        0.33813943808463739E-001
   0.88625565346706059        0.85515488406148581E-002   0.85220778613994430        0.34250771687798887E-001
   0.55802227591718538E-001   0.87486305629178168E-002   0.79663104174328092        0.35930677538948033E-001
   0.80029249570108429        0.87194879105136815E-002   0.66861751798779046        0.34686501472340384E-001
   0.51339711694269763        0.54345628356235409E-001   0.35328165118240612        0.32786044743565099E-001
   0.73894806681897995        0.62867466271338095E-002   0.41929052054103311        0.33026921911401927E-001
   0.11086583852217521        0.61819388972916084E-001   0.43714279572018516        0.33595292430792095E-001
   0.91922463513478569        0.48722144814897214E-001   0.32798109309637585E-001   0.33875058125653321E-001
   0.78260238363045065        0.56333302728336358E-001   0.40871977137831089        0.34148325118349358E-001
   0.19152539018403350        0.10855241431364432E-001   0.19001930623074789        0.34555002287422643E-001
   0.64944789573544914        0.57160138956195400E-001   0.95240370120667772        0.32595594026624604E-001
   0.98618619671867869        0.54014080019936378E-001   0.36048997457174860E-001   0.32447895785088783E-001
   0.62012038912223189        0.78575370565066704E-002   0.78304932060441690        0.33453195505021967E-001
   0.95404930800585752        0.98980585464242724E-001   0.93202429352672433        0.31434339320063329E-001
   0.53986284010471230E-001   0.11720296154045450E-001   0.35122633356774702        0.33232415047785707E-001
   0.76139473460857487        0.63852889036383007E-002   0.58268335054306941        0.32693563212231422E-001
   0.28452160905458490        0.56266433218240409E-001   0.28018287953746397E-001   0.34539624536162737E-001
   0.74509611375129747        0.48990988086698856E-002   0.19336596843021492        0.34020833611907872E-001
   0.26297894168233216        0.58723544667245088E-001   0.82094976797494446        0.36019127342795366E-001
   0.71845781203276138        0.84895844288001131E-002   0.71214504400731338        0.31823339580394468E-001
   0.43133807386290124        0.57473619927632863E-001   0.60529913984640171        0.31381176177695654E-001
   0.80740598356364957        0.34915967180369589E-002   0.29319919816608248        0.37254955268651725E-001
   0.51552593099673427        0.57850821634390495E-001   0.95782354292017469        0.33001263983643704E-001
   0.10645460539365653        0.59480368494735730E-001   0.78653617058508085        0.35260644670890025E-001
   0.93002153441765367        0.99129597679259718E-002   0.71103100760454196        0.33911321447227125E-001
   0.87932481629421411        0.35405651689610130E-002   0.33571420873191682        0.33899999853596645E-001
   0.42775164699519336        0.55674338073127952E-001   0.54450239922225266E-001   0.34415774613732728E-001
   0.18873483760601276        0.11295791898520006E-001   0.63289989903459554        0.36793228422907026E-001
   0.99110162203425514E-001   0.61783313004170996E-001   0.34473982986709045        0.34342036650298183E-001
   0.37410566236924436        0.60017231592669675E-001   0.46353292730407564        0.35180258946775303E-001
   0.43088031029764590        0.60104150042190385E-001   0.41535020861087679        0.36913864374063118E-001
   0.52458360991129571        0.86547171424602234E-002   0.55157611145401975        0.35230145790574936E-001
   0.67765792806992797        0.72239981196054294E-002   0.61036655877652744E-001   0.34084527356353173E-001
   0.92390328209107520        0.48079554230924110E-001   0.96350302896016415        0.34191581659390853E-001
   0.72557878157948696        0.58378948920983414E-001   0.75308874323157027        0.33074018742833410E-001
   0.28747908202491040        0.10790195035485506E-001   0.76931515618839333E-001   0.32197028806443276E-001
   0.27101053349946902        0.10651610714424534E-001   0.42405660175524224        0.34844892028512348E-001
   0.82092992723170843        0.66520083804856196E-002   0.99152157689822273        0.37345135555602413E-001
   0.30071219331718363        0.86945907573075572E-002   0.71612891998888639        0.34511603309575312E-001
   0.15771483231359520        0.11138992954778297E-001   0.77953581672594563        0.35518395362184534E-001
   0.99410861998536437        0.55601778655428896E-001   0.96751457323108725        0.36512416349565854E-001
   0.41152936289789249E-001   0.98573268785835735E-002   0.69361390359886699        0.34179033226453284E-001
   0.61251815104874030        0.57623033030234541E-001   0.69058371764444693        0.35633750177610231E-001
   0.32727726773558041        0.64366133604641593E-001   0.51738917191914291        0.31902892360586493E-001
   0.76489599652634105E-001   0.90302452396304658E-002   0.54347800972258586        0.34977953623427135E-001
   0.60839434526277915E-001   0.11656081403940241E-001   0.44681431425502771        0.33537982854597984E-001
   0.28941220685319285        0.10931673381105329E-001   0.17660871807983319        0.33560283980533991E-001
   0.30879745690403104        0.60852810239919508E-001   0.32206993671736156        0.35428141006613879E-001
   0.38672189367359389        0.58852261219633162E-001   0.65634241142144478        0.36410686985812367E-001
   0.52168820119224545E-001   0.50136054434980384E-001   0.10718238609376284        0.34498548771986479E-001
   0.14839671493617887        0.11699359267282461E-001   0.24211474787635631        0.33059946459218566E-001
   0.68694567675424589        0.11569561745429537E-001   0.55712524743002667        0.31368432495533789E-001
   0.40110613320289512        0.83011098028517062E-002   0.80938245697379785        0.35279112397724188E-001
   0.53848650330088621        0.61150443755704151E-002   0.63120333908091159E-001   0.33238013463939634E-001
   0.20179518426553131        0.61074267913856277E-001   0.23550591700035306        0.32587295898057284E-001
   0.60764562692874813        0.58158256777292028E-002   0.56628480115881896E-001   0.35536734072019058E-001
   0.82742199264442332E-001   0.99818674746042224E-001   0.13875246729551061        0.31757172988296327E-001
   0.66704655312376238        0.48914091079342251E-002   0.23875299248768350        0.36191067846823188E-001
   0.85035533146162567        0.90002661105170381E-002   0.71288583979925835        0.32023578950082905E-001
   0.21316271043904222        0.86590106869760819E-002   0.82222695170523052        0.34487961376818532E-001
   0.67761142317608880        0.17079676392891376E-002   0.39148413212280719        0.32775707479030150E-001
   0.71358992841853697        0.54898371102286320E-001   0.22571336734051045        0.33345246823157537E-001
   0.71799071266225389        0.91311921243331963E-002   0.48084453829769236        0.31538337677969465E-001
   0.99819176741768834        0.11732829782440085E-001   0.31595479444279595        0.32612718973110771E-001
   0.91351769085471979        0.52258839560132213E-001   0.16895974379731643        0.34410997333565084E-001
   0.33814244186575172E-001   0.93865575692047652E-002   0.59834157079479822        0.34444661199627094E-001
   0.78326870350582523        0.54922610090481605E-001   0.16744273949360269        0.33993159887436335E-001
   0.42411381005536058        0.10370815956489820E-001   0.46307940831236749        0.32279980061558383E-001
   0.83892410294556774        0.43446313467298122E-002   0.54195354173338117        0.31475025665348183E-001
   0.81974589119363073        0.10521739630912619E-001   0.84907685024881818        0.32303052359477558E-001
   0.40745291053348892        0.57081724231204049E-001   0.21773985540111712        0.31738734755280246E-001
   0.91582018926636644        0.51956994314442895E-001   0.10038679442835705        0.33249800610595230E-001
   0.52512355746104064E-001   0.61714280362548495E-001   0.39907954408470447        0.35968842498698021E-001
   0.66056468692452214E-001   0.58891894134711534E-001   0.93789238565381372        0.31983857704855442E-001
   0.65542530324264858        0.84081149400806725E-002   0.70462677771888493        0.30878068323328969E-001
   0.15928269332359998        0.61786395497539059E-001   0.38619633244594898        0.36645606706351717E-001
   0.94909943766824412        0.56843024761934471E-002   0.86985358840786142        0.30945506605931712E-001
   0.42184046350890647        0.58199077032909642E-001   0.85539918899314837        0.35659914436854019E-001
   0.99376411986911306        0.47433568116572990E-001   0.25366459650519840        0.34824680953019008E-001
   0.60458095518932142        0.59208702380719291E-001   0.47697812819640278        0.34276939095637844E-001
   0.14864350216533739        0.10949458847632054E-001   0.13479385256742782        0.35184582758891129E-001
   0.18728379715585250        0.86234805600655159E-002   0.98280145010300246        0.34356453104618760E-001
   0.39041123545477469        0.87388694138746861E-002   0.70896893445084541        0.33613393306722583E-001
   0.93354406378740662        0.59082412843238487E-001   0.64790002326265284        0.33944543047489444E-001
   0.65096469396379841        0.54367206310346652E-001   0.34896297186877434        0.33558782745509143E-001
   0.81259880725189926        0.34887897036101701E-002   0.20587952692664191        0.34526185635197264E-001
   0.97256804598314528        0.59716211439580863E-001   0.50942266116724022        0.32036948970739637E-001
   0.25542026785506683        0.56646869945642248E-001   0.72365584606165478        0.31120826794137007E-001
   0.29195325992645377        0.60967707000441032E-001   0.12688917798047974        0.36956017655139672E-001
   0.63339038042757378        0.56249282911279952E-001   0.41464230648247674        0.34440950273465915E-001
   0.30583391498503476        0.60013890362266654E-001   0.76602209843114466        0.33614025981619715E-001
   0.91894061819245954        0.85616325647687799E-002   0.52383556531636777        0.30411760230273952E-001
   0.43742397944126837        0.58759209329137335E-001   0.70668015381585547        0.35013562396781744E-001
   0.69419693832055693E-001   0.62139614396623161E-001   0.49347382457384459        0.33659045495892173E-001
   0.75602827419446983        0.55715675594345093E-001   0.31308338224758941        0.33899352834472096E-001
   0.25985983634660431        0.10647276676978373E-001   0.33054677999120274        0.34881411057120705E-001
   0.35489646616901044        0.11475762897563010E-001   0.31309331947063007        0.31975563831336228E-001
   0.54360354431739555        0.57651872321207144E-001   0.67795998856270612        0.32852653095941202E-001
   0.89368278965821973E-001   0.59607573579209011E-001   0.69029760071491397        0.34808328184414011E-001
   0.21093711646921839        0.60575807238329255E-001   0.33611214208286155        0.35222676781268704E-001
   0.27653470329418395        0.10660957170846830E-001   0.51936545523129540        0.32559672595439272E-001
   0.65048549473020223        0.57839295844684238E-001   0.81664611391181419        0.33979202381268218E-001
   0.94984092722978364        0.58529851153677148E-001   0.76156466140885037        0.33419437180967633E-001
   0.31786182388757311        0.83079534764369627E-002   0.91959420804755498        0.35389613763916368E-001
   0.71636103675241003        0.54907187777284684E-001   0.15943946725666813        0.32870467564987731E-001
   0.55464347869326136        0.12810760402354852E-001   0.79147840963307414        0.32723894065843230E-001
   0.94797357725783460        0.19619484773859808E-002   0.13515213472083423        0.34845649632639454E-001
   0.74864820093329110        0.68811526690391554E-002   0.99025616183485043        0.34370289308907558E-001
   0.87707496350481085E-001   0.11472830184335675E-001   0.64020172503844441        0.33181787833171231E-001
   0.90591267667003517        0.96107597751098894E-002   0.43032483727203746        0.32813468132652443E-001
   0.69804291896874615        0.56242757156173731E-001   0.43902121373251751        0.34423414351242881E-001
   0.90214663669539574        0.89557958167533029E-002   0.77697013361909784        0.36965541482244603E-001
   0.75019068581122372        0.63824328788875916E-002   0.92283174902297171        0.32959153786947075E-001
   0.26221359536758954        0.87098701600780894E-002   0.87374130202732536        0.36623772155008907E-001
   0.85165711580133452        0.60702389803762774E-001   0.82039299203813121        0.32786696746203846E-001
   0.54959725065381249        0.73123354126078781E-002   0.85741433226444630        0.33579558476139124E-001
   0.88029717304806798        0.55615182769623780E-002   0.13342726502286267        0.32948183200148022E-001
   0.33898043793129162        0.88335742694765698E-002   0.66067650014920942        0.32833725046370263E-001
   0.53214964183395252        0.42198847435001097E-002   0.39196877043440637        0.32934657362147693E-001
   0.81436238269655914        0.57906072072316768E-002   0.64346884552678910E-001   0.35777655004848891E-001
   0.87588877664638587        0.54299296893924778E-001   0.53523862965435631        0.30964148008417194E-001
   0.55091501680335875        0.76717924231169340E-002   0.72373319191317986        0.35312576868285310E-001
   0.68547487508352190        0.82782811615877937E-002   0.91908578349453307        0.31883802266649990E-001
   0.21017172063086523E-001   0.93498711926443372E-002   0.50225107058029472        0.33135570148138373E-001
   0.89124685774013745        0.98810463463840009E-001   0.99690366395387819        0.33547036649290082E-001
   0.58825267405860715        0.62653713748309697E-002   0.42925356168439549        0.34432868051929882E-001
   0.57376536134708134        0.55814731966542019E-001   0.93876533186015715E-001   0.35009479206497336E-001
   0.68017528182271547        0.59145016023686915E-001   0.50781718699223000        0.36651046813346577E-001
   0.67996022570475079        0.48597954259950119E-002   0.13653072593516988        0.33010589652584486E-001
   0.96660057275783540        0.86691376823921536E-002   0.80727664329353566        0.34096017178348217E-001
   0.58132945170585371        0.76469992082969845E-002   0.65104545582228257        0.35295906125738526E-001
   0.85007874505354730        0.53469576387607645E-001   0.23382328209401929        0.33894096145292332E-001
   0.98431371502054232        0.91090983468574797E-002   0.65017208236869140        0.37219158028227749E-001
   0.58474008978093683        0.57207244106949773E-001   0.88329108758274755        0.32632850863106196E-001
   0.25219621042800816        0.61768794933256467E-001   0.28030991599728633        0.34165950234476633E-001
   0.49107735986449003        0.85997418302001718E-002   0.79407810477738716        0.31031323497022860E-001
   0.12368245324191278E-001   0.60483918831617058E-001   0.45652263978220975        0.33987506324469466E-001
   0.15705413655104414        0.61202239470749112E-001   0.73124441368056303        0.33936490788785856E-001
   0.97816018091520207        0.90798229118145592E-002   0.55657928303032278        0.34929721258526385E-001
   0.33403247838115124        0.61278965417864144E-001   0.61013677655035625        0.33596819880704495E-001
   0.23948885389891247        0.10959413118193706E-001   0.12771747728266850        0.35513074509123312E-001
   0.30995814920060355        0.85997080890431316E-002   0.81569489955049601        0.32583819067900095E-001
   0.64255456465606597        0.55949660146503447E-001   0.22539458502389711E-001   0.32461925381940857E-001
   0.54456249849100180        0.70276657651510352E-002   0.18208935272900914        0.32590903544625752E-001
   0.87994940645326780        0.24310974067476353E-002   0.19940306479159717        0.32939995633112659E-001
   0.47941810802091483        0.88644149005900480E-002   0.60572518295339983        0.35184318217878874E-001
   0.68348039411042727        0.54823625085337425E-001   0.28783698149026543        0.35671174160142510E-001
   0.79163030088208275        0.58874988367980587E-001   0.75338364521255874        0.32961139958284487E-001
   0.82919111027472703        0.59018188282043187E-001   0.35956427266404151        0.33612401761632875E-001
   0.43846190906882759        0.57423449657928338E-001   0.15661321569166622        0.34373062532341209E-001
   0.75886908319901014        0.58699275004839249E-001   0.69369036752054836        0.34897291621105650E-001
   0.62929774721795484        0.91529124726792734E-002   0.51906326227557142        0.35521638607629483E-001
   0.34627864027622629        0.58618854504359101E-001   0.71288642822817505        0.33084074539468003E-001
   0.37848855902119888        0.10882943564438001E-001   0.66857494838784490E-001   0.33038526375203749E-001
   0.44477384116922196E-001   0.58801335515102637E-001   0.74558445135758211        0.36357134983407154E-001
   0.16778587299960496        0.11724101006093886E-001   0.43452559253987266        0.33315442472216114E-001
   0.40074831280883366        0.56787212212954366E-001   0.30390993341037148        0.30043568888041616E-001
   0.60385733336054437        0.48410828885879723E-002   0.21032131716215344        0.33054064916585531E-001
   0.34355144753123634        0.10982936261670004E-001   0.12518816141823114        0.34888062977324164E-001
   0.14011112042443996        0.87968843539783549E-002   0.93283125198939609        0.34296818699294122E-001
   0.32689785051927783        0.13151789226736760E-001   0.56162598292853061        0.31836932111366852E-001
   0.41751887313093416        0.81040915929138143E-002   0.90246916239592656        0.33003454226698176E-001
   0.58223593897741632        0.57730842507670049E-001   0.95256990722230395        0.33707410292759331E-001
   0.78276612391879496        0.56536711275076180E-001   0.95558389185422554        0.34994616824160815E-001
   0.15833728653451912        0.58710910552980111E-001   0.82976999477214930        0.31857960151172059E-001
   0.54570304144833148        0.78219974613411968E-002   0.92492731383076676        0.33993235257101448E-001
   0.10750048939976307E-001   0.58738817830183802E-001   0.80926658126035045        0.32491415036189880E-001
   0.83719755092234915        0.58582973646786718E-001   0.65054452835407939        0.29892973486731596E-001
   0.57363855472351954        0.54367177680373226E-001   0.38011123900778065        0.32992065729371536E-001
   0.18466869058786362        0.61060301898026852E-001   0.58078183210936385        0.32136100925379094E-001
   0.71886265721543718        0.58365253633901881E-001   0.82001688271749806        0.33954301970946191E-001
   0.28857540002768317        0.11296191434530756E-001   0.61647136688652315        0.34247898027205251E-001
   0.21261335217340671        0.58729449850644981E-001   0.86954219701025626        0.33887759391372042E-001
   0.12950223473890216        0.61276156751662494E-001   0.53655469400650324        0.34315620520125871E-001
   0.15842069473473464        0.61682500376326554E-001   0.28835485988061033        0.35754437319890427E-001
   0.13600828012163074        0.61288324454212298E-001   0.63709595006132713        0.35945017815440912E-001
   0.77500636278825485        0.63539260329022384E-002   0.51308345858998827        0.32709274583390721E-001
   0.45285737551505650        0.65409003586536342E-002   0.21488179790575107        0.35101004184988210E-001
   0.32512091325929976        0.10419625044507476E-001   0.46775204787065294        0.34634364881630318E-001
   0.47618821319033722        0.58595500062115460E-001   0.55698225946545099        0.34512517758874220E-001
   0.11012240165951755        0.11735703217318901E-001   0.29870039376924118        0.34444405438598343E-001
   0.78514316136163886        0.58887572374004563E-001   0.82029320774783732        0.32256103503139510E-001
   0.85574887619383444        0.59054788880852693E-001   0.43951714981340406        0.31304488497251648E-001
   0.64621689015713901        0.58995027740440832E-001   0.56634812490843012        0.30631124885236578E-001
   0.61831025178439269        0.58536564496610238E-001   0.62303285414296095        0.32170981673707154E-001
   0.40994235644815152        0.10193458649783625E-001   0.34659906228942855        0.32148784484716079E-001
   0.98342554827592321        0.51917018576342767E-001   0.10289134504811941        0.34373998597272221E-001
   0.86511714788499550        0.65913072403176540E-002   0.48255105532258635        0.33075787439553826E-001
   0.51540796906939157        0.59217800766994261E-001   0.50161145413164565        0.33343569992973304E-001
   0.35462882799721329        0.57570401824992838E-001   0.81527443484187745        0.32444731533852050E-001
   0.48177990656544656        0.86251026578750348E-002   0.31228747841425997        0.31994715277896352E-001
   0.93357111146621197        0.59024664326563593E-001   0.56062842801349655        0.32144438685841513E-001
   0.32876520983855373        0.64312646601857801E-002   0.24902745121868304E-001   0.32127751608684085E-001
   0.58644520855399862        0.57717230448353987E-001   0.75430330985167382        0.33183209864500178E-001
   0.77452591261430115        0.63155548252298750E-002   0.35967394973030897        0.36326985739854788E-001
   0.20518555707079489        0.88377996266830548E-002   0.72868299080071353        0.33716764634371163E-001
   0.81375301230526476        0.49067082643733202E-002   0.13370479812266378        0.33571216483591286E-001
   0.38843259491114629        0.60930500485329525E-001   0.11039371128003723        0.33818472245849093E-001
   0.82214748770469048        0.83017779998239404E-002   0.91944737756248474        0.34757932884075173E-001
   0.45774827404465229        0.60537904898225338E-001   0.27399783870239824        0.33726408635697619E-001
   0.74627319808452408        0.53528983119663486E-002   0.12506256945593547        0.34253130810688329E-001
   0.54424096313188874        0.64524251836860103E-002   0.99281169527941338        0.32994659219751130E-001
   0.58694999388412450        0.54804971934443759E-001   0.31522154887309278        0.33117414550279771E-001
   0.56005129816758903        0.91897188371333222E-002   0.49180731409517187        0.34244227643284643E-001
   0.13705568418596784        0.58744250616207250E-001   0.98258474567391940        0.36249954911354354E-001
   0.43590522664753228        0.88572281918868536E-002   0.65923476404047998        0.33765790124000321E-001
   0.39998645727835880        0.70406578775337701E-002   0.26175709829398386        0.35152796374436281E-001
   0.85579902052554713        0.58507471014370496E-001   0.88667489689810453        0.33653279379230384E-001
   0.95367792634811002E-001   0.96703593942837809E-002   0.73826326278851273        0.34564480578513378E-001
   0.85658885319598899        0.56709429221441447E-001   0.95463231141520977        0.34234148423302774E-001
   0.51281674571566162E-001   0.11728081721584497E-001   0.26442954795087292        0.33607267326394165E-001
   0.88190986890106815        0.34488877864147943E-002   0.26643677145273154        0.33735154676638665E-001
   0.26929959122411355E-001   0.55951273011260044E-002   0.39761811171218336E-002   0.33478609778661295E-001
   0.65505791347047315        0.62359126822730520E-002   0.45513375155017965        0.33419650818491499E-001
   0.35981780919492300E-001   0.59406080935166639E-001   0.64590768013225985        0.34375727563761387E-001
   0.17249171643450628        0.61683682429963388E-001   0.48053932874832272        0.34585034331902798E-001
   0.75230471171119917        0.83657968911420091E-002   0.85444913996253147        0.35348524998547806E-001
   0.65678743027137831        0.55515805435830637E-001   0.18965058616685473        0.33896322762250651E-001
   0.29522672943307793        0.60671681729397124E-001   0.22464786473733173        0.35789353427795885E-001
   0.24028462529585584        0.61295714951934990E-001   0.62370239041116649        0.35574066055932073E-001
   0.39331850505850341        0.74136545966537572E-002   0.17480262429168025        0.35391866475405730E-001
   0.68252235975489817        0.70007632081014043E-002   0.85240485318853387        0.34408792868967385E-001
   0.41305885475762229E-001   0.61712539936251656E-001   0.30846134987417545        0.33743668366979250E-001
   0.74586138678959679        0.72555932789775263E-002   0.57840082608842797E-001   0.32994834741960709E-001
   0.51118959999718694        0.56760695553598620E-002   0.24949002964574743        0.32444344959010434E-001
   0.23355481271321479        0.11283480845222901E-001   0.57373737522734847        0.35414896106589704E-001
   0.61736313896522288        0.71850665338239212E-002   0.91763346595534945        0.36205429024640495E-001
   0.14169688648836556        0.11167649826336362E-001   0.68684018765528587        0.34648440009054524E-001
   0.22299096108520641        0.11446805984695921E-001   0.47501125803130773        0.35132948506442267E-001
   0.37225644318329454        0.59231006910508551E-002   0.96077302541970921        0.31524334539514642E-001
   0.24898266106220504        0.92579599724830382E-002   0.67120829990566999        0.32384444490511421E-001
   0.73253859848999903        0.79898318885586028E-002   0.64654954574225054        0.32412149370102838E-001
   0.47128420788398845        0.54775794535747990E-002   0.38662873239789293E-001   0.29944068229485633E-001
   0.88244645852907519E-001   0.88286361146746872E-002   0.97677589936974507        0.33657250451562641E-001
   0.71462998916167686        0.56350058303296847E-001   0.95557693398115739        0.32546498582163956E-001
   0.12894359656371557        0.58710864234994532E-001   0.88903561203473880        0.32957566537067148E-001
   0.15925602242292811E-001   0.95821557990656184E-001   0.20755579337585506        0.35206462759096550E-001
   0.23844458635770560        0.59563484833909608E-001   0.77196335185257647E-001   0.32591758210485093E-001
   0.37083968871196377        0.56008954476539786E-001   0.18149525164933761E-001   0.33024759923708458E-001
   0.84872842574833796E-001   0.11281869038711891E-003   0.72393930087938971E-001   0.34600546926119136E-001
   0.61500047654885848        0.48081445780239086E-002   0.12458993297341246        0.32826773161975895E-001
   0.75725315565852713        0.59127661405962095E-001   0.47077520088127511        0.32799143244251434E-001
   0.71711174615178586        0.58453422575861259E-001   0.88854670274400238        0.34506139473236670E-001
   0.42680705101118033        0.59206339207830729E-001   0.50874507840050487        0.34205445689303997E-001
   0.38120336191399007        0.59819133773447622E-001   0.56062102815116688        0.34710335723512828E-001
   0.91224783398566822        0.56976941288180628E-001   0.47926745481745464        0.35400698276913646E-001
   0.20991553420628883        0.59100573494393051E-001   0.77468979115164138        0.34141651537159957E-001
   0.70521617389000213        0.58793955660644416E-001   0.60335066836183615        0.36919273655926899E-001
   0.95824358436441182        0.44389301925236531E-002   0.14133297589746620E-002   0.32858247081706857E-001
   0.18976134283668281        0.89675578055811115E-002   0.78633661337712477E-001   0.34378553707294250E-001
   0.16462128393111664        0.11056934700744364E-001   0.33785135553957268        0.32572882676067678E-001
   0.70862429737267318        0.57183473442516855E-001   0.93869675414975220E-001   0.33193287200615491E-001
   0.44101698762904223        0.87235780942399380E-002   0.75339291155123045        0.33471687239369621E-001
   0.74199565523976774        0.56298133267237253E-001   0.54260243582962719        0.34037793961914385E-001
   0.75872475318731381        0.87188275428700997E-002   0.78440785606259344        0.34328235453587472E-001
   0.39594444441059495        0.58222210232682030E-001   0.76163137724083607        0.31831286536021818E-001
   0.97147663966723918E-001   0.61714586387563865E-001   0.25168993316552218        0.35362488530231044E-001
   0.82393743047553453E-001   0.58855206554541940E-001   0.59175474620326018        0.34296031184990326E-001
   0.94941498448572037        0.97212518881832771E-001   0.27237038774304939        0.34285727529596417E-001
   0.53923271194324163        0.69758169334318693E-001   0.61277772876903358        0.32834294179778456E-001
   0.21756981182550672        0.61392659933638828E-001   0.42674111745991827        0.34345047532107972E-001
   0.61856598890004910        0.54880945615742985E-001   0.25442860635811515        0.35183272502339012E-001
   0.98430309401259364        0.59453240629865026E-001   0.60166376231215890        0.32103581439618452E-001
   0.57719175782657040        0.56345007263071650E-001   0.20357992710460633E-001   0.32708800550262165E-001
   0.85145615996884483        0.56403495166966466E-001   0.32112975492103693E-001   0.33469838980448051E-001
   0.20877023454628435        0.10880441688689183E-001   0.38480404120385903        0.29863010330509303E-001
   0.97660541589572369        0.58808882291814905E-001   0.70005882481994619        0.33493253638435541E-001
   0.44988129588375175        0.60222114092250867E-001   0.34190260695474767        0.31966831377266684E-001
   0.46076091313746054        0.58150295609889519E-001   0.91781477030909242        0.34813303120377011E-001
   0.38065786293570780        0.96885335031106426E-002   0.60717952535831710        0.33360736391995403E-001
   0.37560348551513806        0.10020949183596320E-001   0.41050291139156425        0.37565485757209832E-001
   0.26639200703539850        0.60688134550433009E-001   0.37721698867215631        0.33778463546071398E-001
   0.84802785252060398        0.55786392319670031E-001   0.10081696413748732        0.34651707393366676E-001
   0.43449294535047295        0.10944901961639110E-001   0.10637049126853002        0.34141503324386674E-001
   0.29422210492529993        0.58775378100589561E-001   0.66862508715063784        0.34659031161449624E-001
   0.50514583966408233        0.54908123575485225E-001   0.75015839602224987        0.33908079955318547E-001
   0.92071382418938541        0.56501759392596523E-001   0.89770265762346513        0.32214396515547347E-001
   0.34962978461781297        0.60687413508675840E-001   0.26693462961582881        0.33104882811446530E-001
   0.68981402239368328        0.58460290053571430E-001   0.67612940504560959        0.36086727221854499E-001
   0.82769641643803116        0.46311377198084399E-002   0.60605679783465383        0.33467475230953177E-001
   0.52049569723374589        0.57536849538894076E-001   0.88827835793736121        0.31788472937309992E-001
   0.53751182932432318        0.54137554536662739E-001   0.43741451838133255        0.34738936623602598E-001
   0.93276045706497612E-001   0.11718156265110795E-001   0.20309871496893578        0.34460089257517229E-001
   0.48969755015511651        0.27406413077654028E-002   0.44371093745124723        0.33584788460631912E-001
   0.21138153264829562        0.18031331888542293E-002   0.92051484977797071        0.32748233953063192E-001
   0.28318256701758759        0.63649342198533285E-001   0.56651045676338918        0.33296820450284204E-001
   0.92692362784989468        0.55506728602923952E-001   0.32065645510634427        0.33210890730162541E-001
   0.88742677967482841        0.59169838212620098E-001   0.69564355078455264        0.32409461498634697E-001
   0.85797896549084440        0.58955992844093752E-001   0.75447709422371856        0.33380766348445140E-001
   0.41322809995278442        0.55894344869743422E-001   0.96707521989535428        0.33256003252455327E-001
   0.77448329591034604        0.54636532475827559E-001   0.91716317890203042E-001   0.31526938197809565E-001
   0.80319474830079407        0.63035173810492839E-002   0.45140631591992336        0.34706903610157970E-001
   0.91670806054901499        0.51301811420360457E-001   0.23638911403476295        0.32582484874785947E-001
   0.57309646255974567        0.58579877052254037E-001   0.53921063061324004        0.35426527807708018E-001
   0.87967945903508893        0.59264922668511327E-001   0.60117878357714005        0.35220032512096280E-001
   0.63381183058077550        0.48805591616751000E-002   0.30298674113219759        0.36113323433205349E-001
