 3 HS poly
 400 2
 400 0
    1.0000000000000000         0.0000000000000000         0.0000000000000000         0.0000000000000000        0.10000000000000001         0.0000000000000000         0.0000000000000000         0.0000000000000000         1.0000000000000000     
 T T T
   0.45260303312098737        0.90210354162338344E-001   0.85215770877110719        0.35094362310979232E-001
   0.66804486777234917        0.40215752559166568E-001   0.95910081374548406        0.32634967483481221E-001
   0.23421719801870691        0.90191954116308953E-001   0.62338943472653108        0.34159264154640129E-001
   0.46262187561886675        0.90351273394026960E-001   0.24986911934840639        0.31816814381361268E-001
   0.62576423830493022        0.90198819056347967E-001   0.65225550251368569        0.36721302663499961E-001
   0.62114787738564692        0.90244484967566513E-001   0.75021458322993761        0.34221632334080904E-001
   0.41623614147905064        0.92170524990163691E-001   0.43672363919775148        0.31972164604060202E-001
   0.99612921266021781        0.39533990043690639E-001   0.41271355142405991        0.33870906841997672E-001
   0.65229543820174940        0.39843982753552637E-001   0.27325720884475574        0.35511004382041279E-001
   0.85684604271946463        0.89830071801126496E-001   0.11545926055985248        0.37362194900861422E-001
   0.33280552995439372        0.90316182566869463E-001   0.62788138394196125        0.32679653202981551E-001
   0.47787250577706597        0.90236512464557522E-001   0.46652716754809020        0.36468003902205982E-001
   0.76666340289914314        0.89903894840340823E-001   0.71484845853369228        0.33576469266288565E-001
   0.43895571570819408        0.40022013839311435E-001   0.16159049340700682        0.38607480161410211E-001
   0.37464595643984017        0.40091847514255180E-001   0.73986083446122441        0.37413569772250944E-001
   0.43393900701471488        0.92279391608672282E-001   0.37521267040129042        0.32034475983611276E-001
   0.18337198382938175        0.89979019682541864E-001   0.85840212401059568        0.32332677244120110E-001
   0.71436644599123511        0.90522424604096485E-001   0.95929594074476532        0.35043169925529284E-001
   0.45260429295964910E-001   0.40039689396823071E-001   0.16702783649887007        0.35729970775051807E-001
   0.45289839605285369E-001   0.89964875194380456E-001   0.21634808762449592        0.34427482220973360E-001
   0.24623436497243015        0.90382946424636623E-001   0.42819917623098913        0.36932345252615240E-001
   0.47917523261442281E-001   0.40598496591226295E-001   0.69835841008825422E-001   0.31288652327245148E-001
   0.66421684816410109        0.90334947515878325E-001   0.91114029672570507        0.34428730227200596E-001
   0.11192046789022957        0.40401600433044416E-001   0.82965914390471840        0.34296572089475987E-001
   0.94949402523010906        0.40131783066166236E-001   0.26562619317976366        0.36342784371670246E-001
   0.24814138688122331        0.87698138022307082E-001   0.84904016266163573        0.33135563423938294E-001
   0.87581090747332502        0.89635600893653480E-001   0.63289213325399984        0.33698040827292913E-001
   0.29743530281974445        0.40140734424115372E-001   0.15630081116149488        0.32478604092705435E-001
   0.95314119371410533        0.40035046894698993E-001   0.16332728611631966        0.32877768495379163E-001
   0.66063244311082403        0.39835708806332054E-001   0.14564036869901240        0.31246569455415964E-001
   0.39840950578754791        0.90054843372180213E-001   0.13178624734130848        0.32294115021681113E-001
   0.20838047535091062        0.39735014724426879E-001   0.82184820388638991        0.34179553787307845E-001
   0.37530363422559238        0.40072684506318200E-001   0.98289897630222958E-001   0.32114020089105459E-001
   0.54065179588916468        0.89921688819052784E-001   0.26561556307437989        0.33783448959332205E-001
   0.17901850426547639        0.90051081814051859E-001   0.92467143805275864        0.34013240481288405E-001
   0.85287437577836134        0.90039082048096394E-001   0.30193477352944054        0.32135959297051153E-001
   0.86456615818700755        0.89723324420345030E-001   0.52271531596870746        0.33076825765095567E-001
   0.99625330991745253        0.89874086899378050E-001   0.36454492444731174        0.35292728204645227E-001
   0.14962496819798951        0.39970034058655200E-001   0.88755668739217264        0.34653308890773817E-001
   0.96635904600065892        0.89976924357050792E-001   0.72711359185236435        0.31288780965522185E-001
   0.42673462335441442        0.90204451734168689E-001   0.73623469409719189        0.33763248270676928E-001
   0.35263639115577433        0.40147480985737657E-001   0.30494344735196022        0.34128136830825113E-001
   0.47439492346243661        0.90353363582168555E-001   0.68965531337799357        0.32532103229149213E-001
   0.77262277458903283        0.90627077895283306E-001   0.40724850630717035        0.33000884683771492E-001
   0.52156973660148331        0.90598202213043211E-001   0.64175987426952985        0.33948752753917004E-001
   0.51913062032378177        0.40277515219492556E-001   0.79267245323529856        0.35308387051862969E-001
   0.69708601126834169        0.89763821069107519E-001   0.17013540789682111        0.34998721539605059E-001
   0.91370910735503807        0.39631572828229322E-001   0.60940444785768366        0.33290635263531411E-001
   0.33248190119236626        0.90153748659351232E-001   0.20022915710114420        0.33545027975639935E-001
   0.90846177037353970        0.89420105958948670E-001   0.56971769392268712        0.30505554401083022E-001
   0.56627766369958121        0.40261298624628628E-001   0.95460287318338510        0.33280282367560907E-001
   0.24649533128292422        0.40388429058493679E-001   0.70875406103990499E-001   0.33328077226872185E-001
   0.34942048099256129        0.40104562756220992E-001   0.81192488543739516        0.33107464205913158E-001
   0.67851282282482939        0.90324751460839764E-001   0.70405267961948881        0.31915152586168914E-001
   0.47605181854999415E-001   0.89606482132896181E-001   0.91999795845501620        0.33546996239124355E-001
   0.25084205388237918        0.40329738344927007E-001   0.37531744201795719        0.35951467274707008E-001
   0.99392558181310153        0.89499589594934953E-001   0.46111313778314778        0.35711034279590076E-001
   0.68744493384698535        0.39954505125496462E-001   0.56953700698955489        0.35285347348772658E-001
   0.97035233857647327E-001   0.84101252028501397E-001   0.36816526030425673        0.29681790806779591E-001
   0.23956773591910097        0.40127452574176332E-001   0.57081832466554361        0.36033914748459447E-001
   0.58238979343477715        0.39905639535653126E-001   0.24799912337421737        0.33618598406956947E-001
   0.49788068486862957        0.89878234132408030E-001   0.39538166104743794        0.34857953013811692E-001
   0.75639931815721595        0.89811219191021266E-001   0.11650148341199611        0.34152917329984663E-001
   0.91187306305470039        0.38555292513027112E-001   0.81344408378816657        0.34127680346747194E-001
   0.63927899974789826        0.90043943078657263E-001   0.56478912029859796        0.34212153141344001E-001
   0.27179438273219814        0.39913465076316407E-001   0.73333305318973541        0.35450116063801253E-001
   0.85982554832790525        0.39397098657561976E-001   0.95818115880258226        0.30702659859903857E-001
   0.10073658020260333        0.89994096291111922E-001   0.87536141568916825        0.33933175569887203E-001
   0.32664716024147927        0.90318145698413621E-001   0.26716986289370692        0.33440763649971589E-001
   0.54436239984414736        0.90527675428522747E-001   0.50649133803193074E-001   0.36697378927516483E-001
   0.65948093701917598        0.89864779136474116E-001   0.22786602813761975        0.32185645694586179E-001
   0.19211956621726126        0.40405547649995155E-001   0.42450346329333188        0.36818313956843707E-001
   0.22949292770234422        0.90227535896205496E-001   0.71553480752154131        0.31543660128442300E-001
   0.88541641732530728E-002   0.89312101975426425E-001   0.86383250777941067        0.34617274986735967E-001
   0.46465464913327786E-001   0.89703401985252229E-001   0.61630502772678930        0.33231063448822075E-001
   0.61718457082468335E-001   0.87729067571480357E-001   0.81916298534273824        0.33922974565146723E-001
   0.99906906898645920        0.90133846202393619E-001   0.26689255678407542        0.34007340206926785E-001
   0.56685716736872749        0.90283577040129750E-001   0.79105968793506753        0.33697111861275976E-001
   0.37626824126219022        0.90261043790397927E-001   0.67999093540830247        0.33886408388230177E-001
   0.71259146808653429        0.90681310004619209E-001   0.86132112115728710        0.34891510368069603E-001
   0.47994025517585814        0.89867475529087415E-001   0.59003244789566545        0.32258202795494066E-001
   0.81357031578834194        0.90805228696778151E-001   0.86001780709337350        0.35492743873005626E-001
   0.95381067947666676        0.90119922228660942E-001   0.21410723763601167        0.35490264964773838E-001
   0.90784333814313811        0.39809674460128501E-001   0.11399966420813923        0.34034699205912476E-001
   0.95507138843459427        0.89668158526863884E-001   0.62973991379522476        0.34581782525622821E-001
   0.28957740419763006        0.40076595951602095E-001   0.52249143698039191        0.33461602719025006E-001
   0.10184464975864176        0.40087988610327252E-001   0.12256243126035435        0.36225162877569023E-001
   0.34190860917241400        0.91657615141889692E-001   0.42556235080432292        0.35396559583532217E-001
   0.91255208281051048        0.41897956571363679E-001   0.91158642290415359        0.32326165991786962E-001
   0.61483198250104354        0.40113383543207266E-001   0.60378343825290459        0.33688370792657331E-001
   0.95331735835900888        0.89831150091097989E-001   0.10873744373162614        0.33588306779795601E-001
   0.76397421841644630        0.39674620434900790E-001   0.85940998266869240        0.32424112660551584E-001
   0.86410136768913881        0.39566733965884643E-001   0.76739836694446373        0.32216668164147165E-001
   0.71126950447408999        0.39799440355114242E-001   0.10389921029516327        0.34354031281470673E-001
   0.96425650630214310        0.40172048685003792E-001   0.76957035088019787        0.33354664067882234E-001
   0.76710044398168797        0.90069520102273301E-001   0.31166162657749291        0.35627847807743689E-001
   0.61561803709114693        0.90544612087940013E-001   0.56737150076964844E-001   0.34706710473397490E-001
   0.56340483224232429        0.90434494400431831E-001   0.41081770700404502        0.32264003568471894E-001
   0.42794737731112520        0.89998399211036820E-001   0.63347536962828777        0.35468278486535068E-001
   0.71497367288743641        0.40556607585923825E-001   0.81434932494021350        0.33613459670813410E-001
   0.21694367919621044        0.40137694962567520E-001   0.95399150266918531        0.35128587454663046E-001
   0.91567150298574129        0.88616488897937759E-001   0.76794280869141540        0.33448275022118591E-001
   0.60164274322297917        0.40474927583298299E-001   0.41195738366168966        0.30433335554207342E-001
   0.62002926684997073        0.40332279981419264E-001   0.91519085761247165        0.32400957518980034E-001
   0.57863035766772619        0.40021063222180124E-001   0.54895234557872286        0.32009781535461378E-001
   0.66082995539897338        0.90312843723637001E-001   0.39689633009157149E-002   0.34659796530845555E-001
   0.31212455261860073        0.91925296951062635E-001   0.32958259087437802        0.30494615090773725E-001
   0.18818188849247902        0.90390751012934548E-001   0.56267930474356453        0.30914748048045147E-001
   0.45029450598729190E-001   0.89650639431866172E-001   0.11272208145962111E-001   0.32946073729352231E-001
   0.73562092848417926        0.89190812619241278E-001   0.46908754048297802        0.33898437153693076E-001
   0.18966378294069458        0.90395080675095982E-001   0.47793798831101580        0.36360998845912776E-001
   0.56828969769353688        0.90415761233345479E-001   0.69378483455037843        0.31364156734974967E-001
   0.51731837700314809        0.39873840464626387E-001   0.22247305691444400        0.36215390524224123E-001
   0.58530629988320593        0.40045273743511578E-001   0.19093737187175233E-001   0.33809062579098478E-001
   0.83017177950426846        0.89970270373855590E-001   0.36734609025153403        0.35930122940170083E-001
   0.86451196676836828        0.90713964680312537E-001   0.91033546984872715        0.36091847634626861E-001
   0.45249818424266244E-001   0.39604024826515011E-001   0.26551104812442861        0.31452503695688167E-001
   0.71313438218197778        0.40478072862137247E-001   0.64116277533270436E-002   0.32524809195909728E-001
   0.96430299586269741        0.90225622838660841E-001   0.81309076190783858        0.32871341476385811E-001
   0.57797765499142217        0.40187292539700652E-001   0.65719129511318242        0.31143463973271553E-001
   0.96033561054662098E-001   0.90254560279331000E-001   0.66002660323387974        0.32670141825499391E-001
   0.50436352839386034        0.40580951118078870E-001   0.16685382016777797E-001   0.35723672042410760E-001
   0.90812818933253769E-001   0.39623378543503035E-001   0.92016777442448994        0.32492949935859099E-001
   0.13717309541677816        0.40298835406556974E-001   0.56149187204689299        0.34788580531959747E-001
   0.25287562830076066E-002   0.39727173859098658E-001   0.20573909505295775E-001   0.33205737056180323E-001
   0.50705251422772268        0.89412169682567377E-001   0.32530151259195039        0.34695654373412474E-001
   0.72087023123710670        0.90992712298840983E-001   0.36091377675537301        0.31793409866874629E-001
   0.41749119896709475        0.40174056667788172E-001   0.88890156425422129        0.36134669660682857E-001
   0.14337617757410673        0.90149371761516897E-001   0.32215213588717606        0.34513245457094652E-001
   0.29358736527552748        0.40161581591256990E-001   0.22215142826596276        0.33464215471811526E-001
   0.47404922747155015        0.39465510834215144E-001   0.35616740315282935        0.32653950123020858E-001
   0.97941162223012995E-001   0.91013029792130037E-001   0.26772716206529018        0.31865570959936924E-001
   0.99425935831791246        0.89607331579504637E-001   0.57581185073030128        0.32080925704603067E-001
   0.77840965630093084        0.88990242122581886E-001   0.62303677961720616        0.31607217260421726E-001
   0.96344724972756901        0.39867894146849644E-001   0.85578700776712835        0.32609461461194471E-001
   0.67574425863174548        0.40641596398567459E-001   0.65166760425595383        0.31643789611319605E-001
   0.91006956871187772        0.87920381260552613E-001   0.16337041848360673        0.31518916824043439E-001
   0.52755238055431336E-003   0.39907078814186703E-001   0.21894331322018948        0.32577402642921957E-001
   0.24390847734671423        0.90058345518789717E-001   0.52300650541208460        0.33195050653969681E-001
   0.57827681021245769        0.39906463164289169E-001   0.15619901091077662        0.34723694725454370E-001
   0.86235284190764405        0.40909317680839843E-001   0.86075146585072182        0.34202286550128254E-001
   0.49219862598966613        0.40189109519673458E-001   0.87337660880853152        0.32097749938150739E-001
   0.66319924803741015        0.40299800190245504E-001   0.86310018271679345        0.34839902543320478E-001
   0.23429987742613786        0.40178891356487396E-001   0.16262240544872081        0.30964461752524493E-001
   0.25979689295195540        0.90186242684236098E-001   0.25376350279274967        0.34643284085221500E-001
   0.40597570032373081        0.90086422923822573E-001   0.64181560788512407E-001   0.35713728945794200E-001
   0.21600107158151768        0.40095199952429716E-001   0.88721323897877291        0.31607723595863488E-001
   0.57080191233687894        0.89884821430038217E-001   0.34559145631131233        0.32156625614437273E-001
   0.91762507730226184        0.89556079436753810E-001   0.86273247164727307        0.35222664246376621E-001
   0.63696428680720263        0.40026546192857351E-001   0.51926115542640650        0.33373295024718190E-001
   0.81714533993675342        0.42111664173729080E-001   0.72205201041140810        0.32821882364389890E-001
   0.36917115283008589        0.92069088307997038E-001   0.36056900294556676        0.34149095744009275E-001
   0.55312833528389971        0.39897072243698338E-001   0.30791530480914558        0.32861933900224398E-001
   0.81446724390881620        0.40037064761933007E-001   0.32125843530390424        0.33792095180237312E-001
   0.21064745765187529        0.40279593501304875E-001   0.22715857870660194        0.36395394246304773E-001
   0.64007914639485014E-002   0.90156693814594888E-001   0.67560612605865655        0.33883435517030540E-001
   0.14081543379839598        0.90336989174350346E-001   0.41981395318700920        0.34718419697150282E-001
   0.33281266677291832        0.90109604261992160E-001   0.53364987409854847        0.33307985345723039E-001
   0.71559122324973379        0.39971775747593988E-001   0.31517270677176984        0.33750654500239931E-001
   0.80439961136363036        0.39818810538137149E-001   0.12096987132283818        0.35296343026357285E-001
   0.51994171834473102        0.40704907376251064E-001   0.68894037905425720        0.34623368970569321E-001
   0.72719906543947244        0.88158307331591884E-001   0.66272633883126175        0.31719982849316812E-001
   0.12411104091227869        0.40206343384104080E-001   0.76121930676527094        0.33192652556903478E-001
   0.58683815580611964        0.39922642503746830E-001   0.47430627315721091        0.32347533289140355E-001
   0.75811858972083168        0.40840915009225633E-001   0.54995055515832177E-001   0.33353811248315914E-001
   0.52083132492915685        0.90361430357188036E-001   0.84072427406385597        0.33962900971036089E-001
   0.14062355208821712E-001   0.84337551046932177E-001   0.77004811005871132        0.33102569024058698E-001
   0.81593106993948550        0.89450906231762162E-001   0.96311193322093369        0.35606614720182367E-001
   0.13638720432827484        0.41652874675249467E-001   0.46850692106721120        0.34038141203548332E-001
   0.38493154982427286        0.90093219528139812E-001   0.78795831433786945        0.32710147376681833E-001
   0.43158947922983992        0.39306938692605237E-001   0.58532314332620672        0.33511285948436463E-001
   0.85691365214928639        0.40475606575731640E-001   0.65651618705899237E-001   0.31790263662904189E-001
   0.66512055527592451        0.89556521437039016E-001   0.10451096057262131        0.33269608512585688E-001
   0.72103273719058314        0.40342880505824068E-001   0.71141442080477579        0.33771923371257194E-001
   0.60536648201596810        0.89942703443295857E-001   0.28841099480119203        0.34608403848301508E-001
   0.46164986015274488E-001   0.90077296977325305E-001   0.41389256988339967        0.34158192924633353E-001
   0.73299594710138627        0.40334453691558497E-001   0.42253182950837420        0.32374870094079432E-001
   0.47598592038513765        0.39393738219833649E-001   0.63727956962580079        0.32865556833722415E-001
   0.19477679176639989        0.90149063608259208E-001   0.17393982021008209        0.33705162691381421E-001
   0.77528096556085335        0.40403809391674372E-001   0.67117813032971108        0.32957437414376511E-001
   0.45218111370389275        0.90162364414123036E-001   0.92090095500997315        0.32575818452090101E-001
   0.25284652087124942        0.84685164166658902E-001   0.12029977193099224        0.32880435052087292E-001
   0.38137379591286596        0.90090162868305179E-001   0.92327034056682922        0.34401325835011147E-001
   0.81871879127594627        0.89396923706275028E-001   0.46133094128527397        0.33508130041372569E-001
   0.14565216417293189        0.40289276675671531E-001   0.96200534648950098        0.36448341043516887E-001
   0.24394299796915439        0.90202867413709711E-001   0.78079273782786651        0.35276169939914580E-001
   0.52210890956718936E-001   0.40230948106176209E-001   0.66816600804857540        0.34272501772350805E-001
   0.42675186398955556        0.39917339686398608E-001   0.23316334310606091        0.31088043897002465E-001
   0.46582335295556561E-001   0.39986877908480545E-001   0.36667254564617302        0.34381375858631193E-001
   0.55819327935066243        0.41940425778821233E-001   0.87417806421474487        0.32974945963361653E-001
   0.56378652987603084        0.89674760796154371E-001   0.20285630972216995        0.32694595307810957E-001
   0.57092325245360454        0.40329059867390125E-001   0.74081887756931042        0.37196496454801393E-001
   0.70301846759903108        0.39918602911806170E-001   0.21960564763844098        0.34497064787888540E-001
   0.43441180829504339        0.39971326016887042E-001   0.23608210735020403E-001   0.34563408300191840E-001
   0.90069474064466404        0.89394700657057166E-001   0.97177322536644617        0.35193377062274586E-001
   0.38374579035161499        0.90376389350811728E-001   0.57888319648151620        0.34755787582862664E-001
   0.42821003466094965        0.40217136231094908E-001   0.80763141267354210        0.36149823600642256E-001
   0.93799927047709203E-001   0.40161241633938145E-001   0.41560846197250190        0.33571052481735468E-001
   0.22949442270263909        0.90296881426155606E-001   0.99927062064227234        0.33279216144952453E-001
   0.14971254124327477        0.40420182670558830E-001   0.17320979728071695        0.33378200591595367E-001
   0.90443546063181901        0.89670142793051827E-001   0.63829149159372239E-001   0.32773474379516096E-001
   0.41987944720178305        0.34536391839471881E-001   0.95774633346062166        0.32949956359452241E-001
   0.51033839890960164        0.40013602813729843E-001   0.15320422860453045        0.33264414579983456E-001
   0.37813390250235096        0.40213789425596343E-001   0.63267203666542082        0.34891406870384244E-001
   0.51533194498149093        0.90089831396657605E-001   0.90661193280937113        0.32134791860793974E-001
   0.43010609732214650        0.40370132472735826E-001   0.48267400161710688        0.34196160097844319E-001
   0.85336075809899581        0.40021129192191342E-001   0.25714188625757473        0.34967536208186878E-001
   0.38660687586753173        0.90310173286309317E-001   0.49463815873142042        0.33097033378080419E-001
   0.49171092361768431        0.40063314623108304E-001   0.94620055516218016        0.35831101185046767E-001
   0.53335980700922092        0.89899066360367902E-001   0.54046931546997268        0.35817512747215993E-001
   0.48608256420898271        0.39810085152687427E-001   0.52363174205138385        0.34946896331999051E-001
   0.90347506475380601        0.39627407154547475E-001   0.19357121719037231E-001   0.33513315708939180E-001
   0.28580654613146178        0.90182489495071405E-001   0.58007445531154911        0.32635152137838200E-001
   0.13176091813391955        0.90221141637489247E-001   0.51627499410322863        0.32707533489762866E-001
   0.77778817224304342        0.39213511713150198E-001   0.46770709293594243        0.31238557378721599E-001
   0.88479644585872019        0.38945264622598313E-001   0.40108632500939218        0.32253708754541817E-001
   0.71253394936805514        0.91494552986827349E-001   0.55889256655229536E-001   0.33664205534301175E-001
   0.81665279174383709        0.40392950334755179E-001   0.41507661539994545        0.33883066398987624E-001
   0.91700539248942470        0.88947418375875623E-001   0.68576764558298420        0.33091495433361963E-001
   0.62752190827030430        0.90398313897890270E-001   0.37999678313383550        0.34178975492968902E-001
   0.31617882730420815        0.90100624782396721E-001   0.84430034493037531        0.35090412643529252E-001
   0.28527492222218592        0.40137915346377992E-001   0.29340912234853217        0.34014565566981923E-001
   0.47194814722978801        0.90181002020851941E-001   0.78623830762180591        0.33575895514142244E-001
   0.86391457447793762        0.89237147638346725E-001   0.81176449399762607        0.34183715812344320E-001
   0.28507294450243575        0.40061551008692554E-001   0.94421063692006046        0.33624664798661733E-001
   0.35929159765098301        0.40251919937082749E-001   0.23600939698760767        0.33410811963087844E-001
   0.18279531247514999        0.40237523715651639E-001   0.61783702580009425        0.37680930674532889E-001
   0.57917842425283439        0.90317016752693338E-001   0.91419413363623359        0.32148426095686300E-001
   0.65532361747612522        0.90329766196487804E-001   0.81414048096446368        0.35517964759830031E-001
   0.47317994532444657        0.40214758072595565E-001   0.73995057367137629        0.34546569706731728E-001
   0.99731267612972962        0.90043608966027588E-001   0.16004683377277468        0.33873176150553720E-001
   0.38416211813157641        0.90159794975287533E-001   0.85400932843914101        0.33323093719654161E-001
   0.95867527397757968        0.38996171615935549E-001   0.67700863723871840        0.31700308125075176E-001
   0.28826488235509218        0.90326739423939373E-001   0.50987599432676917E-001   0.34658889557479006E-001
   0.33497033922484248        0.40106416952743217E-001   0.57884973340423862        0.34096152213259130E-001
   0.94745749092910136        0.39256221127139446E-001   0.96922870547235707        0.33081537082885332E-001
   0.23002936796123161        0.40357308642804998E-001   0.67358675879567453        0.33414924363317361E-001
   0.45505899715394543        0.42136353456595256E-001   0.41955283888226169        0.33563857234619333E-001
   0.54618976040816103        0.89889271912277247E-001   0.47368541914448509        0.32034016225614144E-001
   0.71148736453390238        0.89977295015190362E-001   0.26909770555072265        0.34180869798319753E-001
   0.62866484963022395        0.39873538310199512E-001   0.20082408662000695        0.32457795569467124E-001
   0.14515493231046034        0.40409532440944626E-001   0.65402588110313548E-001   0.35425740836804838E-001
   0.46382500213008010        0.89969746764821279E-001   0.98666190509563645        0.34204759959624652E-001
   0.28291159326227111        0.90175606073794767E-001   0.67796126249036648        0.33722707512813005E-001
   0.62322457238642903        0.89912006661890490E-001   0.15949827250262646        0.32547248467536156E-001
   0.29472880559073128        0.40416634651724244E-001   0.43332751796589508        0.32882353010572365E-001
   0.13688847570109838        0.40252555166623710E-001   0.68573321735627868        0.36810960136128383E-001
   0.60046730677834137        0.90156582654488462E-001   0.97699477106579080        0.31036557534165132E-001
   0.40248607113089648E-001   0.89522538042015515E-001   0.51379090711775277        0.34200076613718239E-001
   0.68261409881654211        0.90574546277312484E-001   0.61397788947998311        0.31245308869747086E-001
   0.36487801383570989        0.40158875117610314E-001   0.16526625129243061        0.35527058185524082E-001
   0.57913523235144715        0.40545234411068304E-001   0.87111374283326354E-001   0.34213662839965860E-001
   0.82089322195990733        0.39727646445955923E-001   0.51595030639398509        0.33457388275449508E-001
   0.38746320702649306        0.40783258416756792E-001   0.53511035951463415        0.30829573457667157E-001
   0.99127274690964462        0.89233167250472534E-001   0.95764266247751217        0.34197326445667448E-001
   0.99894497700920304        0.40110972544018152E-001   0.11399003592326119        0.33806866255036684E-001
   0.37210118462621483E-001   0.39529653957930781E-001   0.56298270842769071        0.34904553300318074E-001
   0.66654594107412279        0.90249738692617681E-001   0.32187097937040721        0.35077165783006396E-001
   0.26694793768874009        0.90174148872973869E-001   0.18620799617223258        0.33233267913573297E-001
   0.52057787845908199        0.39834458314835820E-001   0.43791937950251864        0.34519512051679344E-001
   0.95009472608637204E-002   0.40293658408379923E-001   0.72050965593801364        0.33281372985984964E-001
   0.97725042603416787E-001   0.88551735001877518E-001   0.96356085806001424        0.31404222621786167E-001
   0.62231153644230308        0.89502920600105049E-001   0.44877987346748960        0.33647826884109909E-001
   0.73279526523044447        0.37531294417063404E-001   0.62066787723988881        0.33089620143620935E-001
   0.82161535694675902        0.89646706927199338E-001   0.67440736415491886        0.34562827735330814E-001
   0.19490332842930841        0.40458417431192106E-001   0.11241815430331221        0.32843273438756621E-001
   0.34827406659470905        0.35359285301977073E-001   0.34211517155481944E-001   0.35668052146518393E-001
   0.44126614412408249        0.92216739993255997E-001   0.31081727566635392        0.32683839537306469E-001
   0.92573386192630683E-001   0.40404619806073620E-001   0.60998987139650540        0.29994109939016130E-001
   0.13428017195168504        0.90302603572189249E-001   0.60690097899679163        0.32783710021583749E-001
   0.38696992343017528        0.84680533902036281E-001   0.99417763364834932        0.36916134957908700E-001
   0.94503473506966018        0.39373839706539002E-001   0.45766721947237377        0.34182195919353668E-001
   0.15026967943584640        0.90227143961978257E-001   0.79969557923031231        0.35039473661021239E-001
   0.53821501585590281        0.39692426398657693E-001   0.37246439115183599        0.33130792995145368E-001
   0.76335056551705660        0.90910418488566555E-001   0.90914480445620116        0.34756973683991159E-001
   0.31414511908273507        0.90147189623174862E-001   0.98437293174819152        0.36727240441951220E-001
   0.15133272380504090        0.90304224571010477E-001   0.12154256851054264        0.33972656976329098E-001
   0.51325288217968112E-001   0.89959495509631032E-001   0.11732654110192103        0.34948387209582515E-001
   0.82704901458147684        0.39702723791003959E-001   0.62360641835630282        0.36708532309533137E-001
   0.32193293728150552        0.41902373659556034E-001   0.37099201884070387        0.35068537905247818E-001
   0.91676610612041443        0.39030656401944655E-001   0.72634685461088955        0.30756097930999326E-001
   0.34979036938307406        0.39996230172039793E-001   0.95353787344368302        0.31481824295932721E-001
   0.80665083791148207        0.89997459871405477E-001   0.25478326906910770        0.33435575552056944E-001
   0.54599076657641821        0.89633595983791420E-001   0.12187433283115834        0.33583212956778789E-001
   0.71558441362688430        0.90216152085926746E-001   0.76062611919733647        0.34996751599549007E-001
   0.99688174881262148        0.39870369016683616E-001   0.31705650996452545        0.32913590043343870E-001
   0.40983943094106207        0.42146986599582235E-001   0.34054252431290766        0.33269755525694583E-001
   0.19494605185167582        0.40132622585598382E-001   0.32258275047840351        0.34638056848544069E-001
   0.86361144518085364        0.39393604255925890E-001   0.46386385714209505        0.33721277092733752E-001
   0.31014743540711620        0.40355363561192764E-001   0.91634169711344443E-001   0.33362118365749371E-001
   0.14693882236577949        0.90271145742688408E-001   0.12801409257462018E-001   0.34670799468006927E-001
   0.85683510526026574        0.89918843085185454E-001   0.20853801267015681        0.34710343820615365E-001
   0.86490132941649178        0.89416558889868117E-001   0.72574408898103948        0.32547464061813670E-001
   0.66419280784402224        0.40666950841189098E-001   0.52922967181676897E-001   0.34968801982287127E-001
   0.19140718578955332        0.40434922851052039E-001   0.52365142342438731        0.31330630295576846E-001
   0.95231889419801896        0.89510258969883127E-001   0.52318733170713760        0.33334500157737021E-001
   0.87017238970876376        0.39233821880948261E-001   0.68042140928909656        0.34603526368531888E-001
   0.24778916232766315        0.90150621398722694E-001   0.91661772235915084        0.34470394336005829E-001
   0.54626906558276941E-001   0.39360064131517103E-001   0.86537367760217232        0.33096973146802676E-001
   0.28200824145189674        0.40081344572663921E-001   0.81065191471923570        0.34172047472928374E-001
   0.12240053302616522E-002   0.39165424073173985E-001   0.91136656136813055        0.34581361117921559E-001
   0.94002838818089879E-001   0.90430259486474318E-001   0.60268007345969217E-001   0.36273619455929391E-001
   0.27138054239132015        0.40313930249000082E-001   0.91460733655798244E-002   0.32674144428693611E-001
   0.47814767302282674        0.89934993223618573E-001   0.12067559895255069        0.34255721357980537E-001
   0.95826050869334511        0.39607817341601514E-001   0.56322784142436422        0.30794959357559427E-001
   0.76458563979936789        0.40923115509226241E-001   0.76421374220161287        0.34547809989025485E-001
   0.40116005204568983        0.90022666203607507E-001   0.19799517508810796        0.33819206668988376E-001
   0.57156952798870586        0.90074025671914512E-001   0.59763565262102347        0.32650592068464539E-001
   0.24550358176423484        0.90328918465380159E-001   0.32326919248702790        0.36311776957390976E-001
   0.14467453906740560        0.40144780144992953E-001   0.27275046791938867        0.35581789660095391E-001
   0.85499580509938078        0.88940505614983734E-001   0.21466749369933924E-001   0.32210476397752076E-001
   0.67416009439730251        0.40337669246872460E-001   0.37017983004978811        0.34799293021486932E-001
   0.42608800217874004        0.40226567481007350E-001   0.68616874938713579        0.36937969277954411E-001
   0.89661214626744123        0.40053043586119302E-001   0.31405710900725092        0.35343989165117551E-001
   0.48349642633677398        0.39746311287776476E-001   0.28547252334772794        0.32328025382602821E-001
   0.28043797469861803        0.37758443342750844E-001   0.87789468276045779        0.32867296059638111E-001
   0.14376923229304112        0.40345280891333643E-001   0.37151011033556414        0.32988148033537917E-001
   0.95321272385669498        0.39668894193275739E-001   0.64540909529417573E-001   0.32861300504829882E-001
   0.57918450316385407E-001   0.34345106747811195E-001   0.76615890237346973        0.33425239134987385E-001
   0.68936217869259830        0.89669858889998455E-001   0.51871806417043809        0.33490454158622916E-001
   0.71474858488125403        0.40660304893693766E-001   0.91037827221182166        0.34798552238880343E-001
   0.82371262241828191        0.89768042904042292E-001   0.57499958769140169        0.33041759315350035E-001
   0.81286049437162000        0.39581197738515636E-001   0.11781076326031075E-001   0.33396771061590932E-001
   0.86504124160167395        0.39728493028763974E-001   0.56516204424507599        0.32462893099746266E-001
   0.59582769076295028        0.89948481425647375E-001   0.51346363598323819        0.31571765098504151E-001
   0.66668217920256712        0.40238980502014299E-001   0.76546420685103667        0.35077192537605828E-001
   0.90495000102665224        0.89453739330861176E-001   0.47231762002833011        0.31473110256507057E-001
   0.52991579816060408        0.90368591992846053E-001   0.97727989032852969        0.32462660543104503E-001
   0.23908041216763684        0.40111163251104524E-001   0.47784382288688781        0.33676843709896098E-001
   0.18374307250646529        0.90242751486655795E-001   0.66885668165776402        0.33741357609879431E-001
   0.94637987976550028E-001   0.40443091848105531E-001   0.10685308565966186E-001   0.34016157093327400E-001
   0.90830215355038646        0.39638263085918557E-001   0.51515182803987336        0.33660177681543085E-001
   0.96233611216638218E-001   0.39906974310356114E-001   0.21881644068153441        0.36879560584217791E-001
   0.48337857889040109        0.89972685947356718E-001   0.18805917921540521        0.33246753208631900E-001
   0.15720298029083116        0.90255231191350746E-001   0.73124250494545739        0.33739166512624458E-001
   0.90182396153345001        0.90302903190141018E-001   0.25911190115992155        0.32889881808541473E-001
   0.77906407635765540        0.39773655457106288E-001   0.57159762178598184        0.34034165203120005E-001
   0.77926197452794255        0.89678175197468651E-001   0.52668506017121342        0.32419413806555934E-001
   0.31502254158085269        0.90028286888959003E-001   0.91224240899943920        0.32807800372424992E-001
   0.85748636375269680E-001   0.86781135600289508E-001   0.56295263801253315        0.32730564805407876E-001
   0.81268308453548588        0.92343943889625885E-001   0.76660908190498434        0.33677924905803958E-001
   0.59747305784884053        0.90660888260984229E-001   0.85104459780329511        0.32959557702908045E-001
   0.73405054664802283        0.89917623874476771E-001   0.57432897302710562        0.33155669724778569E-001
   0.99452555887541771        0.39501383153106924E-001   0.50908980176574936        0.33581421254814468E-001
   0.52011950090163805        0.90220243222636415E-001   0.73819788941275077        0.34050937192144720E-001
   0.89890779219803041E-001   0.90440213162753427E-001   0.46516954039908531        0.33067319804221083E-001
   0.19754277020341335        0.90448784880733921E-001   0.63689734435413800E-001   0.36881952872671334E-001
   0.75378676164933522        0.89802319126585151E-001   0.21266241275773159        0.34114634182066873E-001
   0.90491835823687217        0.40149770122038880E-001   0.21043536021821052        0.34498909911567760E-001
   0.68545269531468100        0.40311252982072873E-001   0.47066148830648180        0.35247909129780597E-001
   0.63336890720523376        0.40211995744569545E-001   0.70348458561576377        0.35219972679423665E-001
   0.49601515993525955E-001   0.89953460116445616E-001   0.31624947432020895        0.36603783128192208E-001
   0.61623935013231679        0.38429437955138729E-001   0.33448897873166772        0.32660660784153472E-001
   0.20154592584219364        0.40292897150456780E-001   0.75179760783704708        0.36143455215150465E-001
   0.89935813131788089        0.89637520622174865E-001   0.36096253929480565        0.32932585526169546E-001
   0.16108540094437983E-002   0.39645302741415832E-001   0.62211534279528735        0.34104963137292790E-001
   0.55042505459290169E-002   0.90136872014103073E-001   0.65780672913002658E-001   0.33915450509860286E-001
   0.75950671088787092        0.39969177889828594E-001   0.26118867348131330        0.35556754098365763E-001
   0.76206987490072287        0.90732188733845143E-001   0.81244852346419039        0.34611583097221468E-001
   0.76294144697735244        0.90841812667041708E-001   0.91575788801444482E-002   0.34567604090132167E-001
   0.52568204162083343        0.39948611201703912E-001   0.59056533675779754        0.35326813747713952E-001
   0.42621975804231459E-001   0.39751652568037407E-001   0.96634761127237945        0.34204842157382870E-001
   0.76266762027669288        0.41170136054028195E-001   0.36392865558424697        0.33288128945806399E-001
   0.68596172864377902        0.90319311214371548E-001   0.41944729231363292        0.36315971829341667E-001
   0.94161958183946803        0.89200672063276351E-001   0.41216326566474371        0.33090282138708536E-001
   0.19385457333304321        0.90174684685900702E-001   0.27471385951288790        0.34537255222336159E-001
   0.34286769760531577        0.41141171125248427E-001   0.48142663725620755        0.33665849657371093E-001
   0.76326265050374853        0.40558999488971612E-001   0.96075715369047199        0.34645397192627339E-001
   0.94712454850120265        0.90966992419358572E-001   0.31489225424368106        0.33202457734173803E-001
   0.28422490125798705        0.40199482300660054E-001   0.62828986351650329        0.36715949606990976E-001
   0.51115345184871519        0.40091211154502066E-001   0.86817183044653662E-001   0.33062971505741286E-001
   0.97859889682788276E-001   0.40028738328986360E-001   0.32294424903796509        0.33009254731527847E-001
   0.31974382949389674        0.89906939294007990E-001   0.75389822685347085        0.36262327744793516E-001
   0.44511159805057970        0.40038534995401796E-001   0.90202398779972701E-001   0.32871167862476541E-001
   0.19262788234458494        0.90351244452284762E-001   0.37210031364923407        0.35565814741645649E-001
   0.81214321693308911        0.42506928380107695E-001   0.81137349743824072        0.32365345724523605E-001
   0.14736821980276238        0.90097412795428947E-001   0.22315387466338979        0.34514271348531224E-001
   0.80400714749048763        0.39180686932333487E-001   0.20613929905749392        0.35157542062744407E-001
   0.95500013819410967        0.89666097745137091E-001   0.17522328695891425E-001   0.35789516748755953E-001
   0.19102143585993814        0.40290712451009215E-001   0.15987934534450628E-001   0.31980938475871558E-001
   0.39362251806449089        0.90058142420012977E-001   0.26493339841256824        0.33491339654176257E-001
   0.47417514317550596        0.90564491839017588E-001   0.53311005148135096E-001   0.33145279050626322E-001
   0.60828030159907143        0.40001182966602870E-001   0.80845414932340309        0.33047633260594095E-001
   0.43927879413593673        0.89557125833668039E-001   0.53700012827384680        0.34395717960857601E-001
   0.38671365863991058        0.41909594325574805E-001   0.40425109902443795        0.34344743595342293E-001
   0.85674123184827167        0.39864801055279210E-001   0.16393454514487199        0.32251113113365246E-001
   0.29657812658994992        0.90515540793598082E-001   0.47750281115680271        0.33505987732834142E-001
   0.13554573954185956E-001   0.36254435173704976E-001   0.81459522551126240        0.32274631321799453E-001
   0.74682533527706130        0.39771988591871088E-001   0.16429908321617873        0.35644731323869777E-001
   0.43654673326877648E-001   0.39915818357125057E-001   0.46172896375993633        0.34349792174463649E-001
   0.83415667886609771E-001   0.83126265219330669E-001   0.72736705717442685        0.32878848834224830E-001
   0.34759188904281452        0.39813137533530087E-001   0.88145763678048716        0.34154083120508397E-001
   0.94601111251023606        0.39683108054318850E-001   0.36474057413817118        0.35416903672891839E-001
   0.86623012068717767E-001   0.39576593814915351E-001   0.51488365183769502        0.33963713276418957E-001
   0.32932092552863829        0.40178710000761265E-001   0.68371664745953120        0.34729988399937857E-001
   0.10324648981530106        0.90051971735740727E-001   0.17040177813968299        0.32911303082389126E-001
   0.33216889544118089        0.90309947031512683E-001   0.13040507013280583        0.33486023966194635E-001
   0.73558361685254869        0.39846958134650390E-001   0.51887069950612053        0.34293314887012774E-001
   0.80398333803996969        0.90808765364150529E-001   0.65664154708946959E-001   0.35264108786448513E-001
   0.81301948438527627        0.40766275993619518E-001   0.91099968898418782        0.35629572762506612E-001
