 3 HS poly
 400 2
 400 0
    1.0000000000000000         0.0000000000000000         0.0000000000000000         0.0000000000000000        0.10000000000000001         0.0000000000000000         0.0000000000000000         0.0000000000000000         1.0000000000000000     
 T T T
   0.29778587904840520        0.30888356201051778E-001   0.93227257799593999        0.34898262431525780E-001
   0.14125969052138737        0.78713377763624429E-001   0.85424879384576080        0.33328972300446638E-001
   0.42140528723451237        0.30561337495291913E-001   0.79730301644758050        0.32484074462874310E-001
   0.99597345732269471        0.79298105638478888E-001   0.69214758878395699        0.34245491997216312E-001
   0.42690776859026530        0.30685023752858566E-001   0.21444994292687211        0.36425332549192758E-001
   0.33759422036535769        0.30206922445246250E-001   0.71009953161785633        0.34906162295663221E-001
   0.66348087330820482        0.81236578426463008E-001   0.78119121122687596        0.32963886979773829E-001
   0.80878706000187406        0.30782800837825915E-001   0.37144139857713687        0.36774818409345149E-001
   0.80007270675946018        0.80675941885016131E-001   0.12196292319864485        0.31601692499343789E-001
   0.16983203020828425        0.30493021588138547E-001   0.50326059526395106        0.31463704866136789E-001
   0.19349533853935896        0.29666808140757187E-001   0.75922491641199286        0.34791317643361540E-001
   0.55479186231775157        0.80676162641037205E-001   0.67015707622363818        0.34948262201136442E-001
   0.97871639331650451        0.80100455886647368E-001   0.34346514536858419        0.33394816834659863E-001
   0.63432457991971314        0.30580563946238988E-001   0.24143658347503205        0.36857541489510100E-001
   0.19512808774449725        0.79767575815556421E-001   0.71073712568167735        0.34801872896396351E-001
   0.33683415768324199        0.80383415327236404E-001   0.52826036163985501        0.32609318085391657E-001
   0.53288732066182798        0.80698499072535929E-001   0.10646677506456441        0.35769758218586557E-001
   0.23162618149134770E-002   0.79997219492936172E-001   0.14286584950638139E-001   0.32293558233012026E-001
   0.34759009617857994        0.30905313341286791E-001   0.99159775254570182        0.31773812592322141E-001
   0.60125378251041701E-001   0.79916589376683375E-001   0.62303446684458386        0.34693275291952125E-001
   0.10782954634416487E-001   0.30385156149291555E-001   0.30929814683746060        0.33802924701854073E-001
   0.40837083240979960        0.80717711893622771E-001   0.38883222244275412        0.32930497681618556E-001
   0.45225918217147543        0.31205588939401174E-001   0.42594820060023825        0.32284255790125060E-001
   0.37303521499012476        0.30709458553479108E-001   0.35727415627545073        0.35618365529785201E-001
   0.87050079601794195        0.30691194305214956E-001   0.24436549400191632        0.34838783812962681E-001
   0.79904698811605368        0.80570035449340480E-001   0.74422723664176960        0.31571141038532126E-001
   0.74747508899228898        0.31024089617164637E-001   0.43631877149120490        0.34694041252713463E-001
   0.66689946414613721        0.31236322739669056E-001   0.67248810190030972        0.35811584205219384E-001
   0.10661218059695472        0.29785797043451391E-001   0.52224311218936204        0.34546071227837157E-001
   0.43302921470666361        0.30623824638061754E-001   0.87052676079506930        0.34882170236136496E-001
   0.86261944577572014        0.79905157074082453E-001   0.72051894070619982        0.32864128493388697E-001
   0.51006512764635026        0.80563020723589077E-001   0.75041624662306927        0.35324555817000731E-001
   0.33721259757501143        0.80377632924136355E-001   0.59656830038965636        0.35598286972355522E-001
   0.48790795886659361        0.80619519375579263E-001   0.68539947179750227        0.33280186314345234E-001
   0.24242365972500318        0.80663119810490347E-001   0.12766862960759059        0.33045447214033810E-001
   0.18394772160271727        0.80977764931293245E-001   0.26439816861785720        0.33057328522377263E-001
   0.82421654152164026        0.80770977151362694E-001   0.32302563132105866        0.34487666945254944E-001
   0.25408740906020910        0.79471173893811475E-001   0.85446215464442854        0.32304481386132275E-001
   0.58891884975378872        0.33128589698211898E-001   0.90861800218004574        0.32414067501547926E-001
   0.25185901870562127        0.80720622580717730E-001   0.25977869258031983        0.34949646307585971E-001
   0.37714810455928821        0.30226687228563538E-001   0.63035826198144629        0.36482258710847523E-001
   0.30988220032801289        0.31028419252294555E-001   0.43023088562797546        0.33888564582864489E-001
   0.23387714166813350        0.30741505538203418E-001   0.36616420295003238        0.32782180959890578E-001
   0.98596054262339294        0.80790595798308759E-001   0.90443109513243447        0.35508443779662884E-001
   0.45442179451766790E-001   0.29235231400217193E-001   0.80321147526517200        0.32590388185661623E-001
   0.43710360726464759        0.31171067853606651E-001   0.55333837703787925        0.32470725219784939E-001
   0.83623565138018163E-001   0.30125503483643536E-001   0.23212445423810890        0.34600874232068757E-001
   0.49215439559003121        0.30544639267815657E-001   0.79133238109396264        0.31696294698996930E-001
   0.72863017341377989        0.81299332180367737E-001   0.55226540767883980        0.33854083407014859E-001
   0.87143138686383781        0.31083528469332086E-001   0.31724161842130165E-001   0.31324747280277454E-001
   0.58280634520360242        0.30878315943925969E-001   0.33796798338617506        0.34398070225465184E-001
   0.58597308105214940        0.30687384396695473E-001   0.41594918941167069        0.34684684936555125E-001
   0.48424762997209159        0.80674572715973808E-001   0.46263624003346376        0.36862363761955667E-001
   0.62791471102362634E-002   0.30586589740368611E-001   0.55871604482592610E-001   0.32044451773118862E-001
   0.32164065542761044        0.80656197984961236E-001   0.25549352449947310        0.34654730198613877E-001
   0.96333009411435744        0.29663422983831341E-001   0.66252987061966317        0.31692632238773770E-001
   0.57834507484172393        0.81518182969664510E-001   0.51054764700366939        0.35560101383935075E-001
   0.51102611949617149        0.80560876061985351E-001   0.37906783213051166E-001   0.36140426033502024E-001
   0.35728144812526486        0.29393474551952892E-001   0.21870418168372202        0.31322381323496837E-001
   0.63384691170606999        0.80590717205019230E-001   0.42991231304840682        0.35838060865123512E-001
   0.53594371463244306        0.30560775149866173E-001   0.71207600860270059        0.32742918858107366E-001
   0.24551927557844139        0.29956242340195716E-001   0.71391035719438334        0.34007291734308928E-001
   0.20522094891263505E-001   0.79368682608309399E-001   0.76640799626656020        0.34067375340672126E-001
   0.53032229880672288        0.30473703622349330E-001   0.48988576229504588        0.35856235375188693E-001
   0.32762577124216852        0.80553525365975945E-001   0.32329715556549304        0.32852960852073114E-001
   0.55432775965927350        0.80710286973051520E-001   0.37954122509720062        0.34767306299095406E-001
   0.67993783670407548        0.80506689429923103E-001   0.85025876104041898        0.31785383150306101E-001
   0.59526254758213763E-001   0.80499443177926927E-001   0.41113858940345571        0.34425165166921269E-001
   0.84811293869710103        0.30778855057009322E-001   0.83292606965089289        0.34558195078500019E-001
   0.73621520755015668        0.31568405681555105E-001   0.65898459248896180        0.34715248716195746E-001
   0.73518365691000276        0.80747815153288272E-001   0.12398116940350527        0.33295002450699759E-001
   0.90209057010971302E-001   0.79192378031967298E-001   0.80311267935121622        0.34472249871140830E-001
   0.12644407476887168        0.79531296350886904E-001   0.56490092223090060        0.33917720006884929E-001
   0.55477081436022646        0.30079570137111634E-001   0.77605896958749110        0.32674665530227194E-001
   0.57300855001487083        0.30542955264186392E-001   0.84165190600920214        0.35283504702230906E-001
   0.75558260963270840        0.81691580351439294E-001   0.61416852984361925        0.33383512912763098E-001
   0.53114557658157224        0.80596163747477773E-001   0.81689377926783091        0.34377343085519783E-001
   0.48393529786256151        0.80905237322784318E-001   0.38951267017166963        0.34943368478730481E-001
   0.44350441211924480        0.30460396362398598E-001   0.48950822124283139        0.31654075259687768E-001
   0.68612675993217542        0.31419367306658084E-001   0.74072187629186526        0.34735676632483559E-001
   0.64099905330692952        0.31509240957940776E-001   0.60506817846810668        0.33968279188502058E-001
   0.11418639159465077        0.29933206592698759E-001   0.15040467086447629        0.34279586537354814E-001
   0.27312801041718493        0.80413908080526675E-001   0.53726558435366867        0.31662513827899703E-001
   0.64320790105569348        0.81627834906227631E-001   0.71721164622875977        0.33761598516738087E-001
   0.47743342981087955        0.30405015861185488E-001   0.83054396163632516E-002   0.30847565658672468E-001
   0.57561939987734700        0.30457950504212725E-001   0.18719012616867997        0.33243323952088309E-001
   0.44872414424905049        0.30526519320915581E-001   0.66381842749574260        0.32802088995175539E-001
   0.90992759414551727        0.80747649889063799E-001   0.34889125136367960        0.35400641363192417E-001
   0.18620397475605224        0.29358900529553523E-001   0.85465436744708057        0.33349352187132413E-001
   0.20037082474895873        0.80759784798983200E-001   0.40074530628868821        0.36603782563583424E-001
   0.38949878821060063        0.80131035438086820E-001   0.82977254350001606        0.33431490446364252E-001
   0.15967052774086432        0.79938226884207153E-001   0.13705083337753746        0.34614861118944643E-001
   0.20050383262077950        0.79981462884028479E-001   0.61262735239324617        0.33356121466227823E-001
   0.48942234765932013E-001   0.28464946894401207E-001   0.33758753145021890E-002   0.34840218598621631E-001
   0.90228636744620366E-001   0.28928776704258974E-001   0.75117289654916386        0.35999893667178227E-001
   0.71879865221290296        0.80364714724319997E-001   0.98443155160055373        0.37769616930897774E-001
   0.58060824975528919E-001   0.80627188611489042E-001   0.55287109583162874        0.35341674858950484E-001
   0.97480343872059605        0.80818144584996240E-001   0.41045583239611316        0.33629910057599646E-001
   0.12126551824947034E-001   0.30200580295151231E-001   0.24083166645351323        0.34653449305648759E-001
   0.20388892340248674        0.29927674322141162E-001   0.15251315469061258        0.33796554046486550E-001
   0.10979970657498161        0.79120401697442472E-001   0.90808417862080146E-001   0.33333112009240225E-001
   0.90581708467121580        0.80803613725061840E-001   0.27848591150274510        0.35095359919500919E-001
   0.58061440128565067E-001   0.78464867382353407E-001   0.48941809002816229E-001   0.33203944954447548E-001
   0.59962741056709701        0.31584046033418502E-001   0.69171156358160424        0.34084345246163342E-001
   0.42939870685059756        0.30692017468267219E-001   0.28451982185069108        0.32407316000254996E-001
   0.18807931084615626        0.80748484454794961E-001   0.33125857515245949        0.33908558595297636E-001
   0.13521576986941641        0.28240699768541468E-001   0.89792669175925466        0.32530338453411814E-001
   0.60522471686328005        0.80339119034995188E-001   0.15211412881379663        0.34507203212099859E-001
   0.23783732065946686        0.30423433051632410E-001   0.50687237451690181        0.36637464883627194E-001
   0.82220963114661316        0.30911173174709712E-001   0.46225434166644203        0.31903448599141494E-001
   0.24870628136193768        0.79387625535109849E-001   0.93958089885566898        0.34472482706641876E-001
   0.82673639325417991        0.78860674181573776E-001   0.87955552631681611        0.35471698578071496E-001
   0.60021170651728029        0.81535538709921807E-001   0.58251527214450716        0.34241475833659926E-001
   0.73037809258290920        0.81466348290777535E-001   0.76322994395982613        0.35659638880964413E-001
   0.20043501938068051        0.80423130261569289E-001   0.47215151942316702        0.34799313689841495E-001
   0.14315255817173436        0.29523682687940530E-001   0.99033554838368665        0.34368799271737881E-001
   0.62379320526384885        0.30500959455625445E-001   0.43447944602354502E-001   0.34106192089533159E-001
   0.85970408546836563        0.80736849166708924E-001   0.13639307392976024        0.29635829339532238E-001
   0.90888395108495157        0.81227851803725146E-001   0.41681284125645235        0.32414129760025417E-001
   0.89108575853552141        0.30237833338830278E-001   0.67721255382522538        0.33453445592869197E-001
   0.13169703744357797E-001   0.79937808758245271E-001   0.96728031898490913E-001   0.32278793070508752E-001
   0.93821690646814493        0.30406403522112359E-001   0.60295914523639382        0.32923218039986969E-001
   0.87400348128344088E-001   0.30919689809151531E-001   0.58673921696483355        0.31236960190682301E-001
   0.69079070176810831        0.30345142523322672E-001   0.27178969083357450E-001   0.33694468292851797E-001
   0.73366802838504985        0.80484248017471741E-001   0.56941026765831022E-001   0.33721258373513779E-001
   0.95323292873918011E-001   0.78336186108270534E-001   0.99319764026809632        0.33778333776258454E-001
   0.37001422664998096        0.30413187475525450E-001   0.55927423020332478        0.34794621138795202E-001
   0.74579374756067729        0.80732046228360776E-001   0.19227378824907626        0.35443821892364613E-001
   0.45710395678047588        0.80716935841786186E-001   0.25179017071373472        0.32783441888604235E-001
   0.30662819609964254        0.80937985898380332E-001   0.97880140629213241        0.33921340664520461E-001
   0.25695810258330065        0.31067189831533351E-001   0.82506857575124201E-001   0.35484011861882478E-001
   0.40152172091747845        0.80747675999612231E-001   0.31760494097084652        0.33496579908240814E-001
   0.35452693578399563        0.30299041496898722E-001   0.79980664467045481        0.34373091787023573E-001
   0.89285302575021722E-001   0.28059678647863476E-001   0.85160832642196749        0.32639146622734039E-001
   0.49757233351160834        0.30901303559150047E-001   0.27949059144117333        0.34110690946346049E-001
   0.73568259617397713        0.30527175713084356E-001   0.93780754946195022        0.31947296193682431E-001
   0.36595251674124762        0.80313105423878969E-001   0.75168604881145318        0.35922267726578694E-001
   0.33589985524842436        0.80191574427540380E-001   0.66474547707568332        0.32583639233330942E-001
   0.86094012468636671        0.30747455860580138E-001   0.91597975962350564        0.33699158636509761E-001
   0.92865809680517641        0.30828423927473342E-001   0.87699048303634053        0.32965751783886270E-001
   0.40262942976049071        0.32057865581705189E-001   0.75282512181707076E-001   0.32698684102641089E-001
   0.52408911716686102        0.30415488482588071E-001   0.92651056608830784        0.34806407964535553E-001
   0.96326396019390303        0.32286702072695871E-001   0.72573199370489272        0.31454360536300567E-001
   0.36021245553279901        0.30692943212337537E-001   0.28696296451502135        0.35827075199648777E-001
   0.47976942235343972        0.30300703925017120E-001   0.73729842813639382E-001   0.32609348396932220E-001
   0.30180158012675834        0.30653563786617707E-001   0.36158115964713683        0.34843871465668468E-001
   0.51465925025742232        0.30755768698352184E-001   0.35234775074022184        0.34358450385354344E-001
   0.99681489787074706        0.80383966047814226E-001   0.47714325518180550        0.32846181232846154E-001
   0.78344474935762753        0.80985250088492916E-001   0.46001365171959580        0.31194338717599707E-001
   0.50339616392473674        0.30619281428331160E-001   0.85847627818570615        0.36303227332112588E-001
   0.90060618076074106        0.30936188294978406E-001   0.52189200170347594        0.34893676162603630E-001
   0.64890511768836556        0.81115779988337716E-001   0.50229624792262828        0.35410627353494109E-001
   0.66006548158785794        0.30984299509558767E-001   0.38643960412241501        0.33625723558293796E-001
   0.89096128808687569        0.80769136506557968E-001   0.85254971367316712        0.34126418823335725E-001
   0.49622302999942292        0.30907633664908892E-001   0.21044914854131710        0.31676061088148771E-001
   0.94342139552687454        0.30286974828992411E-001   0.31234426948866295        0.33610291462933033E-001
   0.92823793541090682        0.81987131978408817E-001   0.70541680358587200        0.32650232779746470E-001
   0.37914623336525483        0.31059604445666057E-001   0.48952186751619570        0.32481031176138583E-001
   0.29711946922644058E-001   0.30412907001915762E-001   0.44725715907942570        0.34004187634055508E-001
   0.75895493072241060        0.80816636875463810E-001   0.89840801119137004        0.34467652535998650E-001
   0.83309851682153069        0.30740535650354631E-001   0.76708629666743999        0.32890604741106749E-001
   0.90657485665025372        0.31055017780803929E-001   0.96970147306635168        0.34562443516762811E-001
   0.18507025429908869        0.80633469065788665E-001   0.19902393925418624        0.32326551659570532E-001
   0.55630354549612004        0.30561527276520783E-001   0.61114292372734254E-001   0.35161525257465853E-001
   0.12390210596894912E-001   0.30702330793321478E-001   0.37936435425206527        0.36025178266254732E-001
   0.10376848300557678        0.29172405117730161E-001   0.46023506763266733E-001   0.33797779002949196E-001
   0.80351473715231803        0.31244940791628453E-001   0.63407264109011086        0.36936166873449514E-001
   0.78028157375441709        0.81223825093508978E-001   0.68022844691333895        0.34924021981026669E-001
   0.77070229772272492        0.30742037799474094E-001   0.87977898130665005E-001   0.35559660416837967E-001
   0.91623826107050221        0.80355491496192796E-001   0.64056771620343755        0.33231909833705851E-001
   0.57795241194003366        0.81528967482312711E-001   0.17299529897171793E-001   0.33485734074197457E-001
   0.30795282974949334        0.80229370972717831E-001   0.81345641611656783        0.35234967735412195E-001
   0.24040289984581784        0.30640252095382427E-001   0.43455292943321250        0.35725545506509582E-001
   0.75988094080205093        0.31464712786420150E-001   0.72404948767752042        0.34370525435224390E-001
   0.39135684916892394        0.80718659041570245E-001   0.18012008538258065        0.33788932101404150E-001
   0.53961406540710921        0.32157750999968308E-001   0.99294952219786003        0.33185783995940972E-001
   0.49402293739614717        0.30848227659237185E-001   0.58770635602764598        0.33972346884106407E-001
   0.38801457269360906E-001   0.28392870223135854E-001   0.90496727960921775        0.35391466443367610E-001
   0.55728324378880278        0.31414062700925914E-001   0.55748272117688780        0.36101114530228309E-001
   0.40322202204484042        0.80341277423951155E-001   0.67525773465927519        0.35326973334208853E-001
   0.61939098381990194E-001   0.80613563393454546E-001   0.47782749745924608        0.32276550684536151E-001
   0.29283704736140831        0.80094708896190123E-001   0.71822457135060203        0.32458596787838370E-001
   0.92882242670861048        0.80947929690771928E-001   0.48156066619335691        0.35257096377417516E-001
   0.44125616986471591E-001   0.80192799065995524E-001   0.20621653271485443        0.34047426039397873E-001
   0.88092969479641492        0.80925115550248908E-001   0.56571553209686465        0.34430277736303923E-001
   0.14635831427984186        0.29754359205505510E-001   0.70728579620785736        0.35108497327954201E-001
   0.87314853757602062        0.80674522052204267E-001   0.78679749764195939        0.33877151251391804E-001
   0.37388055409507776        0.79818070881153266E-001   0.36167528878713828E-001   0.33188374670901515E-001
   0.14705798385363644        0.79224809187427622E-001   0.35760781873865069E-001   0.33076662736349495E-001
   0.85827910755477832        0.81285781965338505E-001   0.48821057607573176        0.34549616345661303E-001
   0.32539712214349004        0.80825601856963109E-001   0.18852130067099473        0.32397531927681279E-001
   0.24606006777760958        0.80907680589473716E-001   0.35198815641390213E-001   0.34035272502038541E-001
   0.65438124309780743        0.29204326626392902E-001   0.30747543802574168        0.31308446828759474E-001
   0.75092281892446344        0.31571228764914937E-001   0.50404047617161307        0.32739539377089164E-001
   0.24898779979373920        0.80010650546189221E-001   0.66747408147047971        0.34257412275502837E-001
   0.40524623100234564        0.30326490907481397E-001   0.72300199800794118        0.33809072973535303E-001
   0.73358205062460791        0.29426849128434129E-001   0.36765448397768696        0.35143416866517341E-001
   0.80826720844489486        0.80798110198803036E-001   0.80912225307030949        0.33550152261111132E-001
   0.75756008829245769        0.79351360384186734E-001   0.32869238729087169        0.32412727579714619E-001
   0.51800995440548048        0.30921217611524710E-001   0.42092279957997603        0.33215632672688497E-001
   0.15083563782228332        0.28978378272905666E-001   0.29974474801640172        0.33407895046158126E-001
   0.15224697198206111        0.31036030223827501E-001   0.23232304976324825        0.33264598342724647E-001
   0.29303396551654298        0.30225919701388573E-001   0.76513846047837886        0.35855200841757896E-001
   0.44457709268581852        0.30848431162703707E-001   0.35815690179725379        0.35891634686444483E-001
   0.69155577555446424        0.81258986318130916E-001   0.63476277643610290        0.31466302485390056E-001
   0.36617068696461702        0.30349620083929708E-001   0.92920502045441122        0.33296719258882133E-001
   0.78758245001485294        0.81422486875082689E-001   0.52302967569528358        0.31906078840963213E-001
   0.15361400546830584        0.29201942698369482E-001   0.91014280299662340E-001   0.32931919695244727E-001
   0.75182357347177131        0.80748809215183306E-001   0.26232581442484443        0.33718840520330876E-001
   0.54761320817038583        0.80559965260269609E-001   0.88421648220169680        0.34620510949175037E-001
   0.33873404430996717        0.80783216683112252E-001   0.39279179911350626        0.34594574131094576E-001
   0.94143969995026400        0.30856430767015705E-001   0.24255069685883968        0.35986249514601519E-001
   0.62379064573315623        0.31103463224416573E-001   0.54089100037613269        0.32435960169668300E-001
   0.86306816182617985        0.30571679508819935E-001   0.17582081938080879        0.33983986917576751E-001
   0.69359184692332976        0.80486207301759871E-001   0.91768278234355105        0.33388398884250159E-001
   0.85784959359394297        0.80907326840195123E-001   0.96871441217435394        0.35151784613277920E-001
   0.46022655001968898        0.80544247594155613E-001   0.82627264800824651        0.37115174511300579E-001
   0.11637519529250946        0.79909092659871839E-001   0.26727282633095645        0.34571652735256184E-001
   0.39009358081407702        0.80693940834509426E-001   0.24812641121934212        0.34135200784260307E-001
   0.94118914277520271        0.30521613511928464E-001   0.17237093494167696        0.33843776420163653E-001
   0.68909551596882757        0.31269235502756114E-001   0.52922409611999499        0.33896200397686260E-001
   0.49582707857186886        0.30665701980694061E-001   0.14260659539575141        0.36142982843980612E-001
   0.77099300204233556        0.30778880001666366E-001   0.79002920380488584        0.31647807912133570E-001
   0.15760952656908828        0.30767510969526436E-001   0.36969327933464718        0.36116489643406080E-001
   0.77013432712713770        0.80780515631865335E-001   0.39813804958267607        0.31786441850402976E-001
   0.25927879113035968        0.80795352378516760E-001   0.19187304932625368        0.33334018815878351E-001
   0.83903097836123397        0.80834449009263343E-001   0.41721173048043531        0.37345078285140186E-001
   0.88948446021976735        0.31239421411526053E-001   0.45460337803263223        0.33174581420894564E-001
   0.56378752103774576        0.30968928457961842E-001   0.26614304124702048        0.33141779672575027E-001
   0.27055047092684553        0.80639406603021713E-001   0.39705862310321483        0.33649655348883631E-001
   0.24044908418521704        0.29446410636487785E-001   0.89428705350800020        0.33028849094993123E-001
   0.70820388559651881        0.80798975944919874E-001   0.69745541403404399        0.33346876175205271E-001
   0.11797487237959660        0.79695107301056542E-001   0.19797770588103245        0.34662988243441835E-001
   0.19112348803714077        0.79577861848638687E-001   0.80771618474574147        0.34834281276825287E-001
   0.28333282697006482E-001   0.29926758583636099E-001   0.65682517553572062        0.33506583115523902E-001
   0.61508260960575178        0.80534735586306222E-001   0.86685159734480488        0.34699078387593771E-001
   0.35121675616546438        0.30842972553803274E-001   0.15488472258172328        0.32597728767783773E-001
   0.69326119231906444E-001   0.79934862423759107E-001   0.14384117656754172        0.33213418748090411E-001
   0.85009294581194783        0.80960619133680356E-001   0.65459662506334504        0.34171504593725401E-001
   0.19862173122494300        0.79458567509691658E-001   0.89521354406723053        0.31690116967801774E-001
   0.71954406432920304        0.29278876553448602E-001   0.30123324663550055        0.32739213075182572E-001
   0.34436539831094187        0.80985748612905625E-001   0.46163240904876890        0.34432596924655265E-001
   0.87814136833025036        0.30690850690181810E-001   0.38516459576660012        0.33384634802009615E-001
   0.57543217734747454        0.30672922998014024E-001   0.62602409725441888        0.34783321973873259E-001
   0.95528308154253128        0.79033978659583476E-001   0.83288346955531289        0.32894514323181662E-001
   0.40710658097249275        0.81014024164598686E-001   0.52229367356227596        0.33465000442596385E-001
   0.64466580767225101        0.80318105848792731E-001   0.32467761544958365E-003   0.34983919059908775E-001
   0.62177183340695297        0.81520080527855435E-001   0.64890852707154834        0.35238591922116029E-001
   0.41188253696593680        0.30359868040026557E-001   0.85376749140592782E-002   0.34703624651543696E-001
   0.41377509372927013        0.81868680724482321E-001   0.45542811192096444        0.33606688358315193E-001
   0.63700365657816727        0.30815829343051784E-001   0.10946721391641612        0.33179272689557247E-001
   0.87136524205188148        0.30905466331249871E-001   0.61205418856308769        0.34379111726665822E-001
   0.67051802176071795        0.80797739570307503E-001   0.13485948837388101        0.32071963163501548E-001
   0.78799884385288399        0.80936332591269255E-001   0.96160287968118174        0.35053520027027336E-001
   0.59850204498617077        0.81441731776120227E-001   0.79979936883902669        0.34038855499267315E-001
   0.38393828911748140        0.80639621672460637E-001   0.97018786858940265        0.33337563741769417E-001
   0.41392656085607417E-001   0.30605712964105577E-001   0.51176773531664843        0.31467522768920640E-001
   0.30057986918637170        0.30316440612899162E-001   0.86235521332641141        0.34994046271697284E-001
   0.79610246070557522        0.30959357469052318E-001   0.91898965239450769        0.30996810943388693E-001
   0.64210636877349148        0.30649043346983137E-001   0.82427318990522491        0.35954816568851647E-001
   0.66497892847392126        0.81837089968883336E-001   0.56883408623940190        0.31915362154576736E-001
   0.24269884913815051        0.79571812620036417E-001   0.76181427309186500        0.33762986201819202E-001
   0.97816889103346516E-001   0.29560011675170014E-001   0.65580656363905809        0.35636895303786317E-001
   0.64186305745229855        0.30274720523949097E-001   0.17371302606538666        0.31032906622536407E-001
   0.60412859696459564        0.30034123693198335E-001   0.97387208605166020        0.34017571504574899E-001
   0.97883158639981982        0.80151258207029480E-001   0.27568910328667945        0.34130901502905341E-001
   0.31045675039823922        0.80750179013758347E-001   0.12354886811766431        0.34270440404689281E-001
   0.40606041100930962        0.80397888866549527E-001   0.58948653176759902        0.33607259344445438E-001
   0.81995121534136273        0.30902829575726265E-001   0.99399219294791108        0.32469360305280373E-001
   0.15172090443096134        0.29574948480814572E-001   0.60721155593190890        0.36224899727055407E-001
   0.78539893616692191        0.30737303553114395E-001   0.22545167112652384        0.36369799699966350E-001
   0.22995161106600176        0.30475321627360233E-001   0.57725818813933338        0.34118458544733714E-001
   0.70689586788192305        0.30733290460427821E-001   0.16123676879242130        0.35053305070585461E-001
   0.54109957909115469        0.80868263000358334E-001   0.30936199435297185        0.36570309378081756E-001
   0.29276214596407135        0.31070369271398640E-001   0.22014064502894898        0.32592897559109588E-001
   0.47162907543023230        0.30569959530592630E-001   0.72508228166335476        0.32556752691270792E-001
   0.67785171984755332        0.80786671298030480E-001   0.26892506795736670        0.34749167457892499E-001
   0.74460742480569830        0.80752573454819468E-001   0.83139588891711702        0.33888692127921977E-001
   0.99108448291669105        0.29157612883088657E-001   0.85622968874536887        0.32787505672594093E-001
   0.65385523741408813        0.30535417518786363E-001   0.89369939643618812        0.34028369575805080E-001
   0.70376736807010520        0.81044256069522980E-001   0.41162505285494261        0.35932526907382537E-001
   0.23908447729843868        0.29616488105016960E-001   0.98069304554472181        0.30395102266472896E-001
   0.83127847884385531        0.31467445259633894E-001   0.52846015930488166        0.34679913681070290E-001
   0.44212113740959358        0.30611302639853784E-001   0.94299700527762409        0.37392159040662509E-001
   0.62956915182008377        0.82535946222080631E-001   0.93300557131577122        0.31421129820528255E-001
   0.72241225909014306        0.81716581903606880E-001   0.47651507407029270        0.30859968639382295E-001
   0.61888411439861235        0.31522469277897668E-001   0.75720799380139614        0.34104473142094485E-001
   0.70238549547296047        0.30384353385629555E-001   0.93424131314515588E-001   0.32601927901972846E-001
   0.19343228843686258        0.80590875547357055E-001   0.54311427395615064        0.36467571175797756E-001
   0.48155384949000637E-001   0.80819016398532617E-001   0.34157380312742391        0.35987766642199825E-001
   0.22367482462258731        0.30698040329966755E-001   0.22065249688342800        0.34379519271306710E-001
   0.90966734098636748        0.81227775124189439E-001   0.18203769008945967E-001   0.32673585659475160E-001
   0.28909061469051817        0.30905156554964820E-001   0.20626448777405701E-001   0.33518003763719981E-001
   0.90926561589228672        0.80880182478936399E-001   0.91995593869182091        0.35700142945529756E-001
   0.23961702339320001        0.29447623013957515E-001   0.81188474270856781        0.34773008739430900E-001
   0.49507765890435812        0.80417564048784598E-001   0.96752152105952116        0.36014683250969563E-001
   0.29314341997060389        0.30131503131908034E-001   0.64438123572959238        0.36119059586445748E-001
   0.47284604533004360        0.80649467921138945E-001   0.89972747682994814        0.35325745481477593E-001
   0.98283948577668823        0.80472804016055055E-001   0.62255854620499018        0.34550404052601368E-001
   0.90025602847015129        0.29905157177954573E-001   0.74407575588662167        0.33965437207079820E-001
   0.93816748152462903        0.79444085444435361E-001   0.76986739958872297        0.32289765551682115E-001
   0.70812054107131439        0.31468122881229132E-001   0.80470311171795483        0.32852389685644148E-001
   0.81667101433051970        0.81237806028080048E-001   0.58669756962454489        0.33146026750936725E-001
   0.95440930661168144        0.78236560334690897E-001   0.97105323550875866        0.32194236273351801E-001
   0.43902070022685347        0.80558707173063238E-001   0.75606517775117932        0.34637116027751984E-001
   0.95878332523290444        0.80085920068243138E-001   0.61639408546106854E-001   0.31751526815786461E-001
   0.59924732839013051        0.80582344831350780E-001   0.83451245950888486E-001   0.34390866142692031E-001
   0.95250161020609214        0.31469268034745229E-001   0.19212183388529744E-001   0.32965236822187959E-001
   0.16855351689099485        0.30556451002617488E-001   0.43846395340469607        0.33271319332234497E-001
   0.27745844575093697E-001   0.29177031379264192E-001   0.72301358930869819        0.32382307797928757E-001
   0.70896267174169780        0.31284507578037607E-001   0.59492908084311336        0.34727753023888953E-001
   0.90353176475627661        0.80577382035190437E-001   0.20523571150364675        0.36618773932098905E-001
   0.75793475703058288        0.30436520736257244E-001   0.18043351283563012E-001   0.34021099254079763E-001
   0.97935292707941879        0.29474172365182863E-001   0.78980478748333915        0.34659718472436096E-001
   0.53219498834089674        0.80425812668972377E-001   0.17606956506643454        0.33828258547570295E-001
   0.20048801490227636        0.29636114680444942E-001   0.35783069780592994E-001   0.32677506546821868E-001
   0.19551821423013571        0.79780635847447837E-001   0.98737221429059951        0.35338224769132565E-001
   0.56361734203127423        0.79782829666494429E-001   0.95128264563433884        0.32903875348352665E-001
   0.91366578916091401        0.30706262949438762E-001   0.81125596440500702        0.34421850729042879E-001
   0.37076798793800367E-001   0.78461730257527063E-001   0.95533466569156344        0.35460821318487913E-001
   0.87394930684260130E-001   0.30849028455297446E-001   0.37281036356433506        0.34153645735085843E-001
   0.29833173397036605        0.30383787125688351E-001   0.56991609043040758        0.33072994341306637E-001
   0.18899181909822249        0.29759309673883644E-001   0.93848271811956963        0.34797338337710149E-001
   0.77367238898312041        0.31335677988870596E-001   0.56816474676300244        0.35259217401538819E-001
   0.47057929918948632        0.80870832262194381E-001   0.31705823179159814        0.33841372710051436E-001
   0.62206781839814407        0.80684103468432078E-001   0.36205727465801490        0.32966427879500534E-001
   0.82537261641114648E-001   0.29498040538160315E-001   0.30406658136777032        0.34082608170659008E-001
   0.27699180673629831        0.30752582680542512E-001   0.15271121221757575        0.32539890087179175E-001
   0.21895183729271678        0.30785899507555215E-001   0.29548969539873665        0.34693388820823089E-001
   0.58591714831658558E-001   0.29906957092217253E-001   0.98267302142643079E-001   0.35248071520352628E-001
   0.25789167342605501        0.80848461381269124E-001   0.32894718987324612        0.33904675811284361E-001
   0.44087885634761370        0.80336005018855197E-001   0.46453840738274146E-001   0.34379923340091462E-001
   0.98879693110827782E-001   0.30605680675953279E-001   0.45153853592126497        0.35209645222905255E-001
   0.67215142087218294        0.30341220242528208E-001   0.96016402995617345        0.34771443033301146E-001
   0.68880628190900672        0.79646443508278320E-001   0.34004104749512737        0.37203104997942611E-001
   0.53605168445887741        0.80679724761172314E-001   0.60251136457791910        0.32762760826641098E-001
   0.71296055216364940        0.30737486051086605E-001   0.23236821437705601        0.36318515458822094E-001
   0.12937418207476428        0.80651028875587644E-001   0.41224482834992338        0.35233177387525037E-001
   0.36696696412063406        0.30108559399661058E-001   0.86443502565341779        0.31411265018168981E-001
   0.14787358824179600        0.79366459444269052E-001   0.65788285448522676        0.34861874994371003E-001
   0.40399218809246229        0.80511884904252318E-001   0.90653341606333304        0.33146567028517378E-001
   0.92508897351257846        0.79968305163678199E-001   0.12465623085173760        0.36603325361796391E-001
   0.69069364103213612E-001   0.79356111515966304E-001   0.69845181626221209        0.35827928970354334E-001
   0.82361131340015981        0.29794142070855324E-001   0.70149270835925515        0.33219279501535304E-001
   0.61157903335163621        0.79263123057712298E-001   0.29312138751552252        0.35735180922512100E-001
   0.31181711688638108        0.80865185594516997E-001   0.56967165146306217E-001   0.32258376879488342E-001
   0.81690584951523382        0.80734092582526132E-001   0.18612285993847680        0.34550543628649497E-001
   0.37367081354840986E-001   0.79160842174462981E-001   0.84924035435376943        0.35626378823402693E-001
   0.52248937525421479        0.80884944323603838E-001   0.24222991966055615        0.33024517603625868E-001
   0.67887505151658567        0.30997887857965829E-001   0.45893440209240122        0.37091917759501672E-001
   0.37899210946208067        0.31449364773752014E-001   0.42485349559877733        0.32112816751672352E-001
   0.13325120010541719        0.80509673666410278E-001   0.48378498494897593        0.33358921209865326E-001
   0.49165919141527492        0.76486598318717403E-001   0.53516885875359466        0.34764064319123926E-001
   0.83833154451813896        0.30697626356737381E-001   0.10344065128260287        0.33812903181489398E-001
   0.45974548843973334        0.80481936486602318E-001   0.11124577182892616        0.32719050183359855E-001
   0.57594288660263815        0.30726166450681228E-001   0.12453587158280167        0.29222604267088500E-001
   0.37840053716784133        0.81742326319530531E-001   0.11334722240288547        0.34175456219749580E-001
   0.27463940754079968        0.79094214186223394E-001   0.47053589078429614        0.33053761280876087E-001
   0.87362595242404761        0.80711162963388816E-001   0.74337585050690394E-001   0.33941960205437556E-001
   0.92165268890078811E-001   0.30627241494620368E-001   0.94720154671210188        0.32291726573591813E-001
   0.48390447578536139E-001   0.77845208288046808E-001   0.27287825603218635        0.32761022610932514E-001
   0.20024589610166726        0.29998234833618621E-001   0.66065088075389822        0.35843962853389942E-001
   0.51324843805045606        0.30460255429122673E-001   0.65111248408030387        0.32252981072916860E-001
   0.97300266529364310        0.30391914404611683E-001   0.52068257748851587        0.37496853931816780E-001
   0.97530857259809767        0.80878652644277654E-001   0.20542356059668482        0.34713237052508894E-001
   0.42277818189283040        0.30450788461227413E-001   0.14169034694460114        0.36443276100054940E-001
   0.30782244419148203        0.29372180150455552E-001   0.49701313148115944        0.32247133052254455E-001
   0.19623429888473565        0.78480867869043014E-001   0.80075394358707863E-001   0.33054489435433911E-001
   0.88602478625624745E-001   0.78375269127272301E-001   0.89849878151411910        0.35424203216235489E-001
   0.13926474635248695        0.28937440964213218E-001   0.80431813904375327        0.35378284306074738E-001
   0.14267364151509085        0.79465414651938127E-001   0.75551270403712589        0.34146552507747938E-001
   0.82474738302122952        0.80724893485775773E-001   0.25479923613421013        0.33666472980838448E-001
   0.87255314436035569        0.30885448304019510E-001   0.31537343361241837        0.35294879962080528E-001
   0.94380338741027703        0.30712857319201342E-001   0.38016570638414615        0.32386746492701339E-001
   0.46468251204299271        0.80905557770591566E-001   0.62261587002843499        0.33622699137256254E-001
   0.81079691690376021        0.81217151670585158E-001   0.46368759858476542E-001   0.33593705911443728E-001
   0.33639703937778243        0.80324700714561770E-001   0.89465251394308731        0.34350333501293233E-001
   0.97308800670394824        0.29936730952455051E-001   0.11281160913019100        0.33625493698262024E-001
   0.91794893814732870        0.30773635543911600E-001   0.75857563242999151E-001   0.32737897606244744E-001
   0.78459721034247998        0.29715353038381784E-001   0.85525341534508759        0.32731179830724794E-001
   0.66608507113284576        0.80517198067879908E-001   0.66662998177318911E-001   0.34505150314124412E-001
   0.71902976083770587        0.30643169456388931E-001   0.87152786123398363        0.34805947567065045E-001
   0.94759849810250218        0.80396954843183904E-001   0.56216197816288394        0.32248561274313803E-001
   0.96293033173128662        0.30714910581935064E-001   0.45160148124890398        0.32098051057692804E-001
   0.14168121607585232        0.79628848653596318E-001   0.94343857572785950        0.34111339706058695E-001
   0.55253021871275754        0.80787658398868020E-001   0.44719820275254074        0.32845642273728833E-001
   0.14979382524418000E-001   0.31188046548848193E-001   0.58256611119293078        0.36589145016490306E-001
   0.26814956781254595        0.80437229262019128E-001   0.60235537111409221        0.33590008632602503E-001
   0.11900219028620641        0.80798680965669584E-001   0.33690754694485558        0.35003079819123407E-001
   0.61036203387967591        0.31123677772552871E-001   0.47794389704828871        0.31883033481137274E-001
   0.67480250627829719        0.79533095299022943E-001   0.20028471996182493        0.33344225743611337E-001
   0.28919490754242949        0.30687196769187852E-001   0.29236793389432342        0.35385879972693240E-001
   0.57712440211771721        0.83724486722684774E-001   0.73485318049794823        0.33024626685700061E-001
   0.99103687610092095        0.28248538953172510E-001   0.95315282033212356        0.32279059592818349E-001
   0.33888598239111994        0.30730935880630625E-001   0.88768675265248009E-001   0.32447151387575444E-001
   0.77710184044291641        0.30130272494763483E-001   0.15656645411693793        0.32925284803338471E-001
   0.46421160202019013        0.80656158645416198E-001   0.18101251311727234        0.34317363530710084E-001
   0.78886746785063366        0.29791481462931153E-001   0.29454849669000033        0.32083327654453750E-001
   0.23894694582073859E-001   0.30147303389974574E-001   0.16092558243187477        0.36316143259485852E-001
   0.58707464710351798        0.80485293304481731E-001   0.22898523123676598        0.32877292084759070E-001
