 3 HS poly
 400 2
 400 0
    1.0000000000000000         0.0000000000000000         0.0000000000000000         0.0000000000000000        0.10000000000000001         0.0000000000000000         0.0000000000000000         0.0000000000000000         1.0000000000000000     
 T T T
   0.11530631361342578        0.51830960113423877E-001   0.46752304893562630        0.33640497359206038E-001
   0.96828011927766078        0.53146441434284208E-001   0.87088623909107307E-001   0.32683968692514304E-001
   0.18072785612370268        0.28552321903426380E-002   0.96519350968005058        0.33662549246867894E-001
   0.72108316156257801        0.56334968511307038E-001   0.32706150362514425        0.33408236695849768E-001
   0.21057657029795751        0.34569084473949395E-002   0.25575854936216530E-001   0.33451379965669978E-001
   0.35937199826300482E-001   0.52781886957732331E-001   0.94533613035266906        0.32837481011466933E-001
   0.48508910432128766E-001   0.98408475842820087E-001   0.54765778925053232        0.33954414257903770E-001
   0.74404247416055025        0.51639272449958654E-001   0.75029612344637453        0.34682066506940480E-001
   0.72284811354086398        0.53297969862526030E-001   0.16077597988122444        0.34816732231070617E-001
   0.63451648573425667        0.53416364178929136E-001   0.36788128883629234        0.36299488399761930E-001
   0.98133610589544862        0.57064599926554454E-002   0.42157191282783441        0.33746950521347033E-001
   0.73174846600987908        0.27838203541240102E-003   0.62326223405613768        0.33427470640109383E-001
   0.83069097217778984E-001   0.18530745250586178E-002   0.94939778775809280        0.35235025060632613E-001
   0.80925793941727364        0.33973602907712026E-002   0.98926464215443666        0.34868996532999519E-001
   0.37343662173415204        0.52583360192420228E-001   0.95743352442219387        0.33261837683824277E-001
   0.22980376499108329        0.97757227347065934E-001   0.22400993992678828        0.32615517037883832E-001
   0.36559940361986143        0.54077378414382066E-001   0.13698523553362082        0.32399363436829434E-001
   0.43857133667602211        0.53407430794148329E-001   0.87294633809045993E-001   0.34156867331296359E-001
   0.83135277821952913        0.98961764886541237E-001   0.69922863310116523        0.31827787880421413E-001
   0.49576678923910711        0.31475020764593249E-002   0.46089662426265299        0.32735353224683579E-001
   0.77693303086107202        0.51530106210624316E-001   0.36474907122919925        0.34129855445663805E-001
   0.20815902584126555        0.47973231704784937E-001   0.48041001318217313        0.33926146455214058E-001
   0.28698295195359363        0.49939108504443878E-001   0.59078042470632208        0.34387668105241208E-001
   0.32568569421340304        0.52460935321748170E-001   0.74644827118841706        0.34754742349954251E-001
   0.55707034952517853        0.33705176487371005E-002   0.20388593630359692        0.32549892968354560E-001
   0.97184500508324134        0.48940705709703380E-001   0.47431017041310936        0.34126147071924580E-001
   0.49037324369863194        0.33925521560979237E-002   0.28226643378102939        0.34169421897062235E-001
   0.69723585747511740        0.54038463757076209E-001   0.95972276871087481        0.34003736846524815E-001
   0.92513289078572492        0.99851394417303507E-001   0.18420453280314372        0.32704573747355907E-001
   0.88481185714186805        0.98562602006130373E-001   0.39898733325242780        0.31852296293426022E-001
   0.21577847343976347        0.98084442644549477E-001   0.29037409512867113        0.35135472125744971E-001
   0.28314632297037756        0.98311848380912295E-001   0.30004330122418310        0.32112063937990695E-001
   0.79176176350558980        0.22346853220680743E-003   0.64940879597693779        0.31778834196902542E-001
   0.54654202181491585        0.33444260123573401E-002   0.13459257167878952        0.35813626010372364E-001
   0.46371972011440388        0.53582564170776441E-001   0.32033983539192112        0.33794224731825778E-001
   0.43021675774685791        0.33732159046274387E-002   0.21875046104158391        0.34262147739520271E-001
   0.59376031602701496        0.78297455723589197E-002   0.70451142402949896        0.32818970413834463E-001
   0.49311545389209552E-001   0.68682267742490840E-002   0.38911831979162392        0.36011933587921631E-001
   0.74970478707058175        0.51760150237810831E-001   0.66728709265996744        0.34289115936079258E-001
   0.87294512275587344        0.48822838768562395E-001   0.70725826059263985        0.33402736448504153E-001
   0.84956293506802683        0.52561253095665020E-001   0.25011376063927510        0.35347989046931573E-001
   0.81845689218123585        0.52525131478896703E-001   0.31174710193035565        0.31377336838122397E-001
   0.78749551766405734        0.98975344471066651E-001   0.78137048032631684        0.35326942015034619E-001
   0.99189528752554945        0.53529749358370272E-001   0.26386804388007712        0.33760058415235189E-001
   0.88905869520820135        0.49138314286710949E-001   0.44286723542808232        0.33958167456197619E-001
   0.57820516860426086        0.53275025633547524E-001   0.10240311397546537        0.31445643300677589E-001
   0.57666177024752463        0.99745753682093694E-001   0.60037316937394414        0.34145338131287103E-001
   0.24253592920905176        0.53294867798933193E-001   0.12016195366929697        0.33513581224626665E-001
   0.64457666313670198E-001   0.54888693091123590E-001   0.75359807661652400        0.34118914945524513E-001
   0.39910300276430827        0.53409895067830608E-001   0.43504419452104554        0.33175455809009595E-001
   0.66458188043760902        0.50281595123560729E-001   0.53453343025557076        0.35669170507448819E-001
   0.72987401269289720        0.39393647724384143E-002   0.92556149793200837        0.34673663401642699E-001
   0.84187014527969850        0.41226241466724617E-003   0.44891005052559896        0.33910947513035833E-001
   0.44695656535211747        0.34909222496085908E-002   0.87408049668234966        0.35616563652487644E-001
   0.58267884885142329        0.57538484491996339E-002   0.86088100185920746        0.36636603428769628E-001
   0.25978289964802637        0.37757124346066671E-002   0.73612361954063754        0.33100005542847269E-001
   0.74595773916537295E-001   0.59112369746628281E-002   0.70074952593150053        0.32357624331388765E-001
   0.23691844605672271        0.26222086051214256E-002   0.92458543717679542        0.35603863604611145E-001
   0.60756454010226946        0.51040109936631918E-001   0.49599007305874881        0.33045872081793624E-001
   0.87613687236120885        0.50346902521489378E-001   0.56398940507441431        0.32650700709299263E-001
   0.99201328987014809E-001   0.97688412917115441E-001   0.33740920247493189        0.36406381060098636E-001
   0.14759658611172835E-002   0.47350903391515931E-001   0.53645347998977444        0.34301810532075268E-001
   0.92097474539210955        0.99803328485532514E-001   0.89282403240205505E-001   0.33372517064135854E-001
   0.40867541328400991        0.34331641328450208E-002   0.12361071528775285        0.34441123235505765E-001
   0.48066817103261428        0.36595918775207126E-002   0.61925055163592113        0.31173120503371076E-001
   0.73162328354965378        0.51917577044023701E-001   0.41529752138594600        0.33652011949183332E-001
   0.93938719410131988        0.52735900831737369E-002   0.88820327466775717        0.34243328576401451E-001
   0.33667139624183579        0.52561829579008817E-001   0.89559161436714396        0.34950180285505283E-001
   0.80337736585200781        0.25357212093522026E-002   0.26105575339463150        0.33524357004046927E-001
   0.50659609391499028        0.53995143044822294E-001   0.76374368450636909        0.33448516430855259E-001
   0.75742488561099686        0.50364269052187473E-001   0.51136784020547410        0.34824910827227162E-001
   0.60364952946491190        0.33097231455426141E-002   0.71145043110705616E-001   0.32682398276510254E-001
   0.95590076130439061        0.50337676921980649E-001   0.58670527024548824        0.33578595322624132E-001
   0.87862871756418814        0.99584014029818257E-001   0.13910802886985357        0.31679889688703000E-001
   0.94739328321534144        0.37124101523431266E-002   0.27967557543609034        0.34751229145485792E-001
   0.12612327379354030        0.27242520368214646E-002   0.99902163157556834        0.30444147450736349E-001
   0.97222581085033810        0.17527400838144268E-002   0.13273126275647873        0.33843659538391711E-001
   0.63125971519709756        0.35773707290267750E-002   0.64212706383435270        0.33376356889324693E-001
   0.25609964104185101        0.98277988070357036E-001   0.48625675937379642        0.33832571132520035E-001
   0.42821067249175149        0.53488673931683418E-001   0.91857686742787548        0.33887093072978873E-001
   0.13864615954017237        0.47771627748246184E-001   0.30236285876453495        0.35584862676551365E-001
   0.70455908145462398        0.62099393813952013E-002   0.27817873252997199        0.35995910460355024E-001
   0.86023536794806232        0.34914904819780147E-002   0.29813992629572589        0.33909750014374219E-001
   0.54120546587232632        0.39535585036816877E-002   0.66089306215792420        0.35529056993236663E-001
   0.99268203002361111        0.48939273209657699E-001   0.64314439550764591        0.33750112219026102E-001
   0.34599178629450228        0.43365705958301496E-002   0.10077841613781163        0.32161354954453526E-001
   0.35305117056699392        0.51149992945954348E-001   0.49015856936631741        0.35397021899861707E-001
   0.61518810357277942        0.18608087349901385E-003   0.54292531492307727        0.35019197708144725E-001
   0.15811195639994741        0.18349417641316511E-002   0.47897152412014210        0.33110736357659480E-001
   0.20529106577302897        0.43264235866972336E-002   0.77577006309433150        0.34289192627268941E-001
   0.93841682105242907        0.53523322956173215E-001   0.39283666054901650        0.36236528313005091E-001
   0.75146985526836896        0.32902120844631624E-002   0.19589885044101904        0.32634718208837017E-001
   0.80765169906396050        0.33819313876160373E-002   0.57109789831208617E-001   0.32987951444662669E-001
   0.13916457106496327        0.51165480375241226E-001   0.16733714978667233        0.33642561098431771E-001
   0.23551789987658694E-001   0.51088504078520697E-002   0.73946028261808017        0.31500113895041856E-001
   0.48976237800294181        0.53415071797000648E-001   0.33313848057438311E-001   0.34591725693582966E-001
   0.20312519377842550        0.59218822086712521E-004   0.52996589972995833        0.34864137166397760E-001
   0.87258693520032649        0.51502853848952548E-001   0.18427201188469719        0.33704196852031826E-001
   0.37368690467971449E-001   0.98972639588147546E-001   0.64560065691465562        0.33299908547689966E-001
   0.87346548343377128E-001   0.57197158716912867E-001   0.41051575174443722        0.30036481323793832E-001
   0.48218919966761964        0.54886486749517682E-001   0.96305546072736092        0.36034758316966085E-001
   0.64229945543644729        0.52128783045299790E-001   0.43815093692185803        0.34380026588743812E-001
   0.44110753501319455        0.52151972969968347E-001   0.71955131600559874        0.33374047067698968E-001
   0.78965794909935672        0.39470644296581824E-002   0.85156119586483481        0.34869829718934660E-001
   0.75392793658543078        0.33084597908426983E-002   0.12454118101802222        0.34246334902238225E-001
   0.79877726910328994        0.50942958974631624E-002   0.92090642072624951        0.34280988030028922E-001
   0.78718972275644816        0.13072031638530195E-002   0.40940959481419298        0.33473450631584710E-001
   0.12791457989869365        0.99036575653719788E-001   0.65886908849041681        0.34347955095796613E-001
   0.37498818786562738        0.49891271017561384E-001   0.58425353102935218        0.33526417788190627E-001
   0.24213924120640765        0.52585822821573994E-001   0.87403288364012555        0.35639780584250380E-001
   0.66146288978427059        0.42260140160834229E-002   0.93043107657206148        0.33861577843332359E-001
   0.90086314801444700        0.48789383197289871E-001   0.62526913016639296        0.33413044104877887E-001
   0.40491987143367819        0.35264144318581112E-002   0.55294670382841152E-001   0.33935476487163371E-001
   0.55050418031897896        0.56905909763649211E-001   0.81696859731643889        0.33780053280646039E-001
   0.36830983862475408        0.26226781328328426E-002   0.99986281042885861        0.32410568954197312E-001
   0.16323794972635579E-001   0.51279670168789829E-001   0.13115244415266306        0.32427491932491122E-001
   0.96293299115512110        0.50552496037955174E-002   0.78170681448064561        0.35175232948367427E-001
   0.78321633267324109E-001   0.17848197811113538E-002   0.44486425378061883E-001   0.35501622803310075E-001
   0.98741487177646603        0.37896344119885657E-002   0.94267056065911026        0.32484191148695656E-001
   0.45641888078249176        0.53333321704952120E-001   0.25426246964337218        0.32397593317533294E-001
   0.41705368915496449E-001   0.50216479887879098E-001   0.59695563512267247        0.33549135249618223E-001
   0.15148451329101545        0.10713184122076948E-002   0.58693499101418668E-001   0.33723269455657935E-001
   0.88670610109363357        0.98793519740572822E-001   0.66609736225667671        0.32664949054636835E-001
   0.91769176507766403        0.97812980238037611E-001   0.72727015939319128        0.35882907807835950E-001
   0.29187154945754804E-001   0.11575046786400560E-002   0.17606373601830036        0.35741114156042177E-001
   0.97424514271025275        0.55521885170151934E-001   0.18027035546376474        0.32308962034070618E-001
   0.45735743773869615E-002   0.56847746756320088E-001   0.36982909390803675        0.33776111882508585E-001
   0.80488820154095109        0.36357973860827881E-003   0.50677335803976875        0.34258123729291337E-001
   0.38046933179148629        0.33977873653792292E-002   0.39606672044381336        0.32841946801486242E-001
   0.75691582941340441        0.54019965430492325E-001   0.88641022897133159        0.34258704399687284E-001
   0.33271406687872140        0.99895426109012461E-001   0.60114430722717738        0.34083202337760743E-001
   0.50707154259724030        0.53420730385637452E-001   0.10164989723206198        0.35812848407969083E-001
   0.93662394219399492        0.47833895638542900E-001   0.68228229243857597        0.33888339042323794E-001
   0.82953040183133075        0.54094695588018137E-003   0.35780428941098563        0.33210554035104832E-001
   0.56661082202822455        0.50202050085889620E-001   0.55042784225077013        0.35076858448600874E-001
   0.76617629963092426        0.54466621255068619E-001   0.95179904117345027        0.31723026095117651E-001
   0.13728040326872276        0.98142592443901888E-001   0.41505081032483104        0.34215997183113106E-001
   0.30485929333948991        0.53242416698887643E-001   0.83299465028977571        0.34021165030436874E-001
   0.36476220336308834        0.99983152721934060E-001   0.53925307027464764        0.34389537414134648E-001
   0.57626027561376671E-001   0.53424895510797023E-001   0.22390893174287588        0.31696972763567192E-001
   0.61983951443669638        0.56999848370723673E-001   0.82529293790695990        0.34081215629137594E-001
   0.46763537941080752        0.53493819867570916E-001   0.82946121484563684        0.34487922141902827E-001
   0.23321001902952665        0.50101846620667904E-001   0.63534070695681977        0.35236054153400455E-001
   0.68399499715673229        0.50102620541215163E-001   0.63853411295899887        0.36998860687665718E-001
   0.32662391525953866        0.26625209972234339E-002   0.94535898946513741        0.36182697840943412E-001
   0.37672091211465288E-001   0.52180138712962440E-002   0.89730828619595004        0.33881714724043555E-001
   0.92846659738922810        0.99138659537171270E-001   0.46313558318348697        0.32843778983548753E-001
   0.70147432551962074        0.53334337649513945E-001   0.27225474875007014E-001   0.33259603311961705E-001
   0.38518708739507529        0.43775135734166115E-002   0.71509098512475588        0.34817084949753205E-001
   0.88551520416030627        0.48029380317020011E-001   0.98456213392667857        0.30900941314972515E-001
   0.72131182062489230        0.46367449799893249E-002   0.85600819091220015        0.33608242018324817E-001
   0.23964524884188834        0.48194694428181396E-001   0.33001127204737968        0.32906362827307183E-001
   0.54103359031952991        0.33341728787819034E-002   0.41202213550282701        0.33878589689789219E-001
   0.97672749673082615        0.33635627030420079E-002   0.39174063420835792E-001   0.36668907694983821E-001
   0.46616851184889986E-001   0.55196425703528000E-001   0.85151813343323124        0.31554220978826673E-001
   0.68930105620193627        0.58033204158741691E-001   0.89122263316144712        0.32027848969085025E-001
   0.65369532331689539        0.95628922810675060E-002   0.86260369161477302        0.34382075679776553E-001
   0.92281697679753749        0.49605560584219166E-001   0.13716096091830887        0.35010149222140761E-001
   0.14049294002738053        0.26981582103080700E-002   0.91064631976410937        0.34043387522662720E-001
   0.67434759090317697        0.58000715845251218E-001   0.75391606622874707        0.35220440365443861E-001
   0.83737963899757772        0.50151510902505164E-001   0.64907810385317000        0.34235655800553405E-001
   0.90046996937257906        0.96312397592225027E-001   0.80728470345487480        0.32844794707467401E-001
   0.68723866929310262        0.45370365085128537E-002   0.20116552319239253        0.31318334102707394E-001
   0.12906614451720916        0.53609140917219966E-001   0.95311054679985263        0.30520557448274577E-001
   0.14443465747545517        0.61229903737576509E-003   0.56454381479682736        0.32612435124222995E-001
   0.56064587613731331        0.31908701884276283E-002   0.48249815736138363        0.35075525329102804E-001
   0.81267740831302215        0.48980318561997152E-001   0.73913073572244092        0.34765851244608036E-001
   0.36708228037150686        0.36125298853800303E-002   0.24661216650754200        0.34639806010585188E-001
   0.93446740396201722        0.51586678578271733E-001   0.93993805111517170        0.35359443298839929E-001
   0.74001459652864587        0.37936891101236084E-002   0.57044811970210732E-001   0.34646885053131099E-001
   0.67274003362129886        0.10790872309455527E-003   0.58597114719815968        0.36322637164556131E-001
   0.97831652218964282        0.55883539588551011E-002   0.22045306109450918        0.31910678379335117E-001
   0.52163085029588407        0.55503649180526334E-002   0.93263979235135475        0.33942020941465187E-001
   0.59024020064737570        0.53519126315356949E-001   0.23511066286830645        0.33657845207891057E-001
   0.63383313944961783        0.52730716992131471E-001   0.30881350552504291E-001   0.34222227749571850E-001
   0.21393544854107410        0.55763760118911321E-001   0.72871480597205462        0.33695315712129151E-001
   0.68689044536848520        0.56909365579855632E-001   0.82506422982004968        0.32874357296343588E-001
   0.87006857234410184        0.35753903842717901E-003   0.52230115373735930        0.32699527804529796E-001
   0.34782384412592660        0.34546447958542247E-002   0.84466095239074768        0.32334021385380191E-001
   0.61496266069266607E-001   0.51550118410687656E-001   0.29909807396705773        0.33813472043226822E-001
   0.11116496634244753        0.48998773108183923E-002   0.76014110920466615        0.34606841551838130E-001
   0.47597552903960771        0.34240575933796370E-002   0.71988320785100854E-001   0.30072154499031899E-001
   0.92965575318589688        0.15412219264325719E-002   0.98705122889328212        0.33087448811508470E-001
   0.97967090774687282        0.55013211836821667E-001   0.73548827293799146        0.34855139644889697E-001
   0.47591679431313849        0.31807610795720775E-002   0.14149651284035974        0.35128200673986962E-001
   0.65444565187204395        0.79402005832005396E-002   0.79553531199591787        0.32697217851702216E-001
   0.51508547804765559        0.53134595445179546E-001   0.50267670118493557        0.35203057360590158E-001
   0.63130575177083348        0.52956132652671184E-001   0.96374333994229311        0.30868347505682646E-001
   0.45374432600339831        0.53427222460952745E-001   0.47258859696639083        0.33078815419338096E-001
   0.19805526505966298        0.54225392090565150E-001   0.82086375128365652        0.33331844094128128E-001
   0.59473126637872242        0.53347339013131184E-001   0.30136370360841208        0.32670530973700720E-001
   0.72311266299765098        0.53612068922967798E-001   0.22854345247200428        0.32825358890425607E-001
   0.25702435404028079        0.48298021904077254E-001   0.26505066575515740        0.34258882448790197E-001
   0.61626437332468043        0.33630729259852090E-002   0.13655464985777843        0.33873275198590257E-001
   0.62279923078990362        0.49886783051968121E-001   0.59127072667653757        0.34372946963915026E-001
   0.40679070725903005        0.34366040133276370E-002   0.48258471691774379        0.36205076439404661E-001
   0.30312919287650353        0.54028686134172603E-001   0.94211807428004835E-001   0.32307183254791733E-001
   0.43084077940728799        0.54436228305887006E-001   0.37772538606076178        0.32345330850974699E-001
   0.81917192558956975        0.32052931004044835E-002   0.11998132352751197        0.30855755080910256E-001
   0.25590118898503017        0.52833185333185498E-001   0.78247660154235510        0.34095305561514772E-001
   0.84252696608537636        0.43839552436416863E-003   0.60387281269466520        0.32805815244072251E-001
   0.55378198441851478        0.52738837495431970E-001   0.97391336459028832        0.35956865955987176E-001
   0.54743772117919365        0.40668605625404494E-002   0.75147996685749607        0.32204052881563430E-001
   0.29316573222910890E-001   0.53568800601295388E-001   0.41828046282366360E-001   0.33025707317435989E-001
   0.68392018071646576        0.39482685989247895E-002   0.13069463777895973        0.34000807183970007E-001
   0.91216361098118359        0.50429217113876913E-001   0.50760255625583894        0.34200967787348484E-001
   0.22437949067538765        0.53612468320769907E-001   0.97574553481646753        0.32140285207749267E-001
   0.94452812243301473E-001   0.92936231157043003E-003   0.26854531029319051        0.32625780805987006E-001
   0.15732236894743006E-001   0.98968249187262547E-001   0.48787218016044703        0.33735687290239451E-001
   0.99409979834273576        0.50948468413092775E-002   0.84430221834559871        0.34732325608721810E-001
   0.55819514001013637        0.55885601539419807E-001   0.90423012139066772        0.33788773746407735E-001
   0.71011135343535603        0.53911581070417741E-001   0.93427175637497931E-001   0.33443779738192347E-001
   0.60021109923281046        0.58360521529328080E-001   0.75295758378208821        0.35538556803943265E-001
   0.73432057963655720E-001   0.51155888596756939E-001   0.16184316703845461        0.32233789622261123E-001
   0.43192674106953727        0.53418736357832265E-001   0.16848247836896998        0.36554662218742193E-001
   0.79173030488108853        0.53285879756439274E-001   0.15083999979244236        0.33709143458072244E-001
   0.76683069955783445        0.17609708425783566E-002   0.70981362117964364        0.33444698502137465E-001
   0.82403062594778265        0.55153599369348077E-001   0.88384423058024164        0.32832681894335282E-001
   0.59398775362250833        0.29671273129787622E-002   0.43284647920473988E-002   0.34826479711235522E-001
   0.18735442582786405        0.52699856529163307E-001   0.91854476875789282        0.34918601400460443E-001
   0.43928158574131926        0.40423549946018373E-002   0.67345739583374897        0.32536487480783229E-001
   0.83687345041715633        0.53396267493129528E-001   0.25726780724743135E-001   0.32800451412838806E-001
   0.31575903774165176        0.32821065498787752E-002   0.16046851594505410        0.34140721161120068E-001
   0.14039013822732704        0.51465394310990425E-001   0.10118047302486276        0.32425987785242603E-001
   0.41254715814961784        0.53401351729638481E-001   0.52947653809089712        0.32554629983962267E-001
   0.96565401297746420E-001   0.47884371064296799E-001   0.55554466192999785        0.35197567103720143E-001
   0.69959956174797866        0.50751497159640162E-001   0.47474004807580156        0.33604427933391183E-001
   0.78851718863008913        0.51047343489720801E-001   0.45201061101782236        0.32028501084964113E-001
   0.82121577633203102E-001   0.49027983985881443E-001   0.65096859761910020        0.33900840640815687E-001
   0.16557783569556941        0.13169600211019880E-002   0.20270523026044768        0.32784908310676618E-001
   0.42514021056472839        0.33681596591300976E-002   0.56973471043841906        0.32835623947875751E-001
   0.33140609650032272E-001   0.55785718278672472E-001   0.69493583481554977        0.32235797756873928E-001
   0.20685603411218612        0.52830996331568285E-001   0.17864852899743272        0.34806309244261126E-001
   0.87676130634027005        0.50665737992471429E-002   0.93251584856828595        0.35316055293061914E-001
   0.54288804117367494E-001   0.49376649397904204E-002   0.80011835450633007        0.34885855134994877E-001
   0.46349685181548450        0.34997494931862656E-002   0.78234665468110987        0.34312893132313831E-001
   0.89223972697283785E-001   0.98322776827448624E-001   0.60306985144728453        0.33544247854804726E-001
   0.19786663705723184        0.50072816060173275E-001   0.57634670293967882        0.33517994877188637E-001
   0.68409281153305812        0.21842128234501189E-002   0.41419357971841769        0.34988826648804490E-001
   0.48933583778578255        0.39351371468724847E-002   0.71841909149556604        0.34640177398861841E-001
   0.89312377849013846        0.55280858148669343E-001   0.88435258703590147        0.33950862521364124E-001
   0.36893375068169343        0.53430053819017859E-001   0.35298161203264616        0.34133173057149122E-001
   0.65961408233443031        0.52868372724791335E-001   0.30397436863817445        0.32259859723258330E-001
   0.88064071333857230        0.34088365134721426E-002   0.35079356622937957E-001   0.34204735410348880E-001
   0.78341781468895821        0.50146885760941486E-001   0.60939867120254743        0.32681290934656486E-001
   0.15670392102678460        0.50889348131597914E-001   0.52342120855165442        0.33036904069394968E-001
   0.39666690241720842        0.53501197356070930E-001   0.85392329685989410        0.38002886826402134E-001
   0.56876045414876408        0.53028641231299294E-001   0.39931593318832705E-001   0.31453371381871764E-001
   0.19847538892909197        0.53522090670526212E-001   0.69257783580735893E-001   0.33806507876078244E-001
   0.39339654790966760        0.33255236503885247E-002   0.62714697207364234        0.31931801240640587E-001
   0.26472718666665174        0.47911843650115901E-001   0.43091836333455652        0.40960935648284784E-001
   0.19872495734962539        0.47905038214997586E-001   0.38557348545640058        0.35297216307032177E-001
   0.17592764806923555        0.54388665306045303E-001   0.67034593658519459        0.31968955102200644E-001
   0.51360235829445411        0.53234057282191882E-001   0.17112112460840029        0.33891351591519063E-001
   0.10625493187484590        0.12983453697408913E-002   0.13103070355875582        0.34902066431652549E-001
   0.24201966137810393        0.36415082781528570E-004   0.58584844346158238        0.32934025219177432E-001
   0.76999438780405383        0.15810179581078729E-003   0.56634702357158340        0.34623560997525199E-001
   0.29103394512745112        0.26078808723771505E-002   0.88006353895796063        0.34463719377696801E-001
   0.24930552766775377        0.32513396881563130E-002   0.16236400348270510        0.32223067341130673E-001
   0.58557813379273416        0.33565279325598364E-002   0.34809288987758069        0.36363978135358209E-001
   0.31689654310378529        0.98444639278193261E-001   0.37611928189434163        0.33940876319155155E-001
   0.53125543536973319        0.49942237125405450E-001   0.60956771702223833        0.33825774442137357E-001
   0.15802950562843476        0.54348543380200398E-001   0.76545431531196084        0.32360286226813285E-001
   0.65445006834193342        0.80561405533820403E-003   0.48542529361947212        0.34521360896167072E-001
   0.86581647481268065        0.47815085405680621E-001   0.92939959467383745E-001   0.34736044152698334E-001
   0.89204851222101700        0.26030818247278105E-002   0.23899035485816161        0.31151735844025780E-001
   0.16693195266360300        0.57497907495151533E-002   0.71691643082872658        0.35864222378682552E-001
   0.93273466055430243        0.52536380404302176E-001   0.23150778451615048        0.33664845157550610E-001
   0.91618156994768463        0.33771723718329803E-003   0.57213252723200148        0.31895761892683408E-001
   0.99889843419681312        0.21744784597917661E-003   0.59183549072477259        0.32448960977265039E-001
   0.83313518680955490        0.54807751763683570E-001   0.94882507443436803        0.32081485887096632E-001
   0.77648605441902085        0.53387640841420503E-001   0.85973529445263999E-001   0.32545863951214914E-001
   0.40011972857424166        0.55451275793167810E-001   0.29101546438005499        0.34115586255105919E-001
   0.62451017398994824        0.59304884539513880E-001   0.89688805878137801        0.32706519126334280E-001
   0.43313645578327670        0.35134905441470510E-002   0.96246859081438485        0.32801055017854699E-001
   0.25733036702950202        0.32851003690293570E-002   0.77722436859518809E-001   0.33677217268078895E-001
   0.34776150520224686        0.34781066898758256E-002   0.31229130420020468        0.33670210408783714E-001
   0.85350913069984657        0.98982872369572067E-001   0.76071914905038496        0.33296036744891358E-001
   0.76408512036329512        0.51725702815226163E-001   0.27836339329991389        0.31685773409584506E-001
   0.85766193306860339        0.51557052389441483E-002   0.85680647984183689        0.33153953239419283E-001
   0.30129548909290582        0.35438870098035979E-002   0.23225593238386841        0.32654378568070720E-001
   0.10346368249048675        0.52468291165618866E-001   0.80600035864704445        0.31055306180047072E-001
   0.18667001065457897        0.99252781413753544E-001   0.12189902168930881        0.35960059375123206E-001
   0.26898274794196952        0.32635897629715496E-002   0.98820592664934170        0.35637246666965612E-001
   0.48807014507343915        0.53938884214476152E-001   0.66631993659776090        0.37571336792366419E-001
   0.39667291393496756        0.54231375507488848E-001   0.67017675963847001        0.33082897773027052E-001
   0.28149424089416492        0.52876862829357302E-001   0.93467313185358780        0.31800495222570668E-001
   0.14474128726319452        0.52428860322744963E-001   0.86333388698214752        0.34689387220871816E-001
   0.30477773056517787        0.48377049053819746E-001   0.33446094114897812        0.32129153623170321E-001
   0.94922358104253049E-001   0.21548767670834849E-002   0.85781510108797221        0.35708578302247274E-001
   0.69698645224602995        0.84683973542360336E-002   0.70796474193073500        0.33899750572391744E-001
   0.20815027876807349        0.97893568681428011E-001   0.43352442518798062        0.34542789854508468E-001
   0.12353563800711168        0.51174925868645985E-001   0.23387161035140624        0.34629049897728033E-001
   0.25507633538318830        0.53245610912510191E-001   0.33369744315014813E-001   0.33145937592102166E-001
   0.17056750250160679        0.97854587311721086E-001   0.34440247754264741        0.35288648286099171E-001
   0.54421843718897389        0.53337464105863833E-001   0.36936488773172982        0.31896848760332226E-001
   0.70699189261936293E-002   0.55165405971685538E-001   0.79932721698004239        0.33699922064957387E-001
   0.96053127050234277        0.53691017658976742E-001   0.32142993948919674        0.31669610310409102E-001
   0.94642119301232541        0.98808938201642812E-001   0.63412001202897972        0.34789971556934640E-001
   0.84467916408782329        0.50398505710517454E-001   0.49100259082910042        0.31483973983175900E-001
   0.49078692109820804        0.53224917242258446E-001   0.41264927271976454        0.36855918048880811E-001
   0.31661624574179087        0.98611451136726480E-001   0.45475263969050284        0.33875848043689531E-001
   0.98444475740004822        0.53269047950942505E-001   0.98889814361266237        0.34588812936793840E-001
   0.35909921408229217        0.53370317863602301E-001   0.58648503118756572E-001   0.33800766832608978E-001
   0.75301987029289574        0.51701919519822004E-001   0.81848022666150178        0.33745863690210536E-001
   0.71958873336514262        0.15934533884465801E-002   0.78922349999183705        0.33031597991417090E-001
   0.24980229170825563        0.50103630915203604E-001   0.53351467117598372        0.33584480217891413E-001
   0.11810953296086611        0.55755545374659203E-001   0.71103115424901853        0.33941328211953670E-001
   0.59315110406781868        0.58549395572441163E-002   0.93500070739972840        0.34508913554316616E-001
   0.10263653708712181        0.98255088039713112E-001   0.51131948098088709        0.31206639828769572E-001
   0.27262810314343472        0.53455365537239702E-001   0.19896715147205413        0.33829593150719289E-001
   0.19132901057114235        0.47763021100676234E-001   0.24577668427800226        0.34116984886563548E-001
   0.41508212380904691        0.53536571204776645E-001   0.78301902232529008        0.35232363477274521E-001
   0.71277964937225335        0.29516480441736339E-003   0.52772445127331935        0.34080325458205225E-001
   0.65737570550627866        0.53646380298459778E-001   0.23838360814178003        0.33366192757241578E-001
   0.98891247116964021        0.55078143124205795E-001   0.89402291261641342        0.35926492126914365E-001
   0.59173354591709193        0.81224702544407407E-002   0.79491703638023181        0.29942638841186073E-001
   0.19381465747555710        0.24926341751251354E-002   0.86826978640722696        0.34037707587829272E-001
   0.89711493008367316        0.46504905145629466E-001   0.76767631751884546        0.30635821531095581E-001
   0.77071677401099825        0.16693447936558207E-002   0.31959293557997331        0.33409853412021656E-001
   0.33664457819851695        0.48431607871195242E-001   0.41520842000364144        0.32513881343790060E-001
   0.87196201513961069E-001   0.51932981232687948E-001   0.90318426991982259        0.31965684232463105E-001
   0.67714344651375569        0.39530648787015309E-002   0.34362589343721028        0.32988896820217557E-001
   0.90373107438537137        0.53702755216882260E-001   0.29108190956379448        0.32565773235225554E-001
   0.82456354626256090        0.32436460258841991E-002   0.18901334928400990        0.34519990686071672E-001
   0.54584363213229137        0.54056829132201584E-001   0.70860682005906150        0.33650340974754347E-001
   0.94517651409804160        0.54848742577484691E-001   0.83781134726036310        0.35240463924586893E-001
   0.15043487956723062        0.33084655110171401E-002   0.81599662906428816        0.33682651416721013E-001
   0.73518262953013436        0.31273166644280163E-002   0.37253718398962876        0.30128060890881124E-001
   0.62298303876756933        0.29014487469898329E-002   0.20520369697315721        0.31898502555343163E-001
   0.58721092546380593        0.53704176316774259E-001   0.64881184776701872        0.33287493523314365E-001
   0.29563951686008322        0.61651537243668399E-004   0.54275333922611435        0.34814480594983814E-001
   0.38369794145038777        0.32489588418019287E-002   0.90490202806129250        0.33723812853483900E-001
   0.62848576082697749        0.35953317030808112E-002   0.27281404640605050        0.33794682719928984E-001
   0.83186444120585656        0.53800796835272738E-001   0.81216952062503778        0.34423536634831671E-001
   0.64335028207790901        0.53237397862170403E-001   0.10008920542815644        0.33567407525242753E-001
   0.73254384755823965E-001   0.18540636440585478E-002   0.45395567330875697        0.33037719712564195E-001
   0.58241528459481906        0.53381622787111310E-001   0.16783219512428260        0.34064873312545291E-001
   0.18618401132980641        0.99700871437605157E-001   0.62292277497729620        0.34078553060807544E-001
   0.57455475566450132        0.53350519958635913E-001   0.43944020197781525        0.32231853957347810E-001
   0.94387666350486676E-001   0.10788609360912365E-002   0.19847442718626701        0.33096315903022894E-001
   0.30103360010034758        0.26025417826377730E-002   0.78757019053554633        0.32789155372916504E-001
   0.43663083967042998        0.53362930273631870E-001   0.61469078284383782        0.35294179225400728E-001
   0.27310402721116237E-001   0.56273391416602238E-001   0.43445362359653755        0.34529371696503795E-001
   0.83353845376938507        0.50544458519544422E-001   0.40326349639105635        0.34195011391566520E-001
   0.49468362882610784        0.22109680541591917E-002   0.35828738463848575        0.34013751981050722E-001
   0.49129932858473002        0.53446485586166076E-001   0.89368448040940174        0.33931471059870856E-001
   0.47085599514147325        0.50031092319299877E-001   0.55688542873900515        0.31929157599881006E-001
   0.67065488355703029        0.32401100732604941E-002   0.62085230820703732E-001   0.34862061087214451E-001
   0.32944309602567196        0.49933848279777676E-001   0.65147599596677341        0.36812712888270101E-001
   0.41319823106591086        0.48849289474893814E-002   0.33525907458804793        0.33348407027845639E-001
   0.42230389766171439        0.53524637655942800E-001   0.90511704338439754E-002   0.36350553014585535E-001
   0.73043096536514196E-001   0.51647730216689031E-001   0.94306690704568805E-001   0.35172115555475392E-001
   0.60690385651615930        0.21301593600658434E-002   0.41290480709281252        0.31876117648343305E-001
   0.13322613322659208        0.47851574554099337E-001   0.36978613109521108        0.32019821928015196E-001
   0.37924129157141079        0.32564726299195790E-002   0.18026546380782113        0.29278285550735042E-001
   0.32325707564748979E-001   0.35286277195727203E-002   0.25339729799375688        0.31372497908531645E-001
   0.78867072315745645        0.53338344688352649E-001   0.21805751804427620        0.33445674470968641E-001
   0.98532616146400520        0.15220039165791716E-002   0.68804363065493002        0.31725105644895564E-001
   0.53826726595750307        0.31514246567150928E-002   0.65680122021051862E-001   0.32421039012460004E-001
   0.16620855515980812        0.52758231554004748E-001   0.91509462594930435E-002   0.34395400323575277E-001
   0.46495244140767472        0.55686726616438196E-004   0.51768096280221754        0.31803392801083005E-001
   0.27183874097948252        0.53784649065700775E-001   0.69288579995233024        0.34034815213318116E-001
   0.72245332739793866        0.50170370967899218E-001   0.57564716871456945        0.34879248025193890E-001
   0.15645872223769750        0.97834118739990136E-001   0.26444343398551501        0.29572465198382952E-001
   0.76949913674014547        0.53706952642566114E-001   0.18545152829778103E-001   0.34924451305998888E-001
   0.65259914000839125        0.53302183854586162E-001   0.16915635869941900        0.35922815501922417E-001
   0.78668365082013081E-001   0.51771442333279807E-001   0.99666560559531203        0.33632752141302930E-001
   0.72603660855806529        0.43564334498138310E-002   0.99200300392169372        0.31866194344198413E-001
   0.49398281696920637        0.32941598217963910E-002   0.20686454435706089        0.30555205667693985E-001
   0.51693490243069973        0.29091289014861217E-004   0.56231087574702110        0.36218602414269802E-001
   0.31695343794656544        0.53253926292150415E-001   0.99426390888180893        0.33896054317276533E-001
   0.24855449542273186        0.25860622035216571E-002   0.82733782099259789        0.33040218713550097E-001
   0.44182534801432138        0.32152087183901184E-002   0.42193235284037134        0.33729751086528634E-001
   0.36734468875106002        0.34561889715549639E-002   0.78137127564701214        0.33805669542363186E-001
   0.13894533406967055        0.49037893237831233E-001   0.61171900060596962        0.35130760622636127E-001
   0.34278044203975055        0.53366436099736472E-001   0.20219456420084009        0.36252827730111951E-001
   0.87738643447886611        0.53332525585540330E-001   0.35170687230542935        0.33523188971415610E-001
   0.92306687295945433        0.33156336532047673E-002   0.34461019896181827        0.34544128710211626E-001
   0.32552926686132888        0.53376019874786809E-001   0.27115563620751637        0.34669932496752258E-001
   0.28001362419417047        0.17440357229684081E-003   0.64383583296533420        0.33693124207469324E-001
   0.92702012788159727        0.53189635815174954E-001   0.34316290745619989E-001   0.33769503182015749E-001
   0.74524373625254525        0.81900229092300562E-003   0.46335110456364387        0.34819455737209654E-001
   0.96757317187839142E-002   0.74061254116495959E-002   0.32048699151374194        0.35634709026463124E-001
   0.25779606122000687E-001   0.12689390174338354E-002   0.89336793204441364E-001   0.33414841536194125E-001
   0.95799271632139715        0.97732799209979168E-001   0.52239823561651000        0.33130266929452208E-001
   0.31825082656416864        0.14432607370421496E-002   0.70052685099263812        0.32613164985793357E-001
   0.52195667134777846        0.52978664863216243E-001   0.23936808272354390        0.34678889816426556E-001
   0.52876296836691572        0.53400969814326682E-001   0.30664367437899442        0.32666716547146542E-001
   0.22472917452915617        0.16016120404017319E-003   0.68054088259354473        0.32640861292389266E-001
   0.51503243033508705        0.26355167892139287E-002   0.99761498638715074        0.31223587983264682E-001
   0.57647586271591798E-001   0.48969641778877776E-001   0.50005904234044651        0.32564963451190206E-001
   0.55925063799178953        0.32628046303504344E-002   0.27186496629795193        0.35285113952781264E-001
   0.51254513280902958        0.56864949688229804E-002   0.84930893244248806        0.33917849696075454E-001
   0.24761320534230460        0.97980572024085666E-001   0.37590901129695875        0.35239595066318054E-001
   0.81221195179187711        0.50231484262329408E-001   0.55074676215767282        0.32592169221367720E-001
   0.63837372854164010        0.57795014483462782E-001   0.69369991161514055        0.34880087828405994E-001
   0.30819835561255667E-001   0.35838994130935535E-002   0.99435334104602846        0.33580126623014732E-001
   0.66060949589305129        0.29215655752228647E-002   0.99614045759019687        0.31808410922428837E-001
   0.31525451997275783        0.32202996451819151E-002   0.41282289645370264E-001   0.34724625360403730E-001
