 3 HS poly
 400 2
 400 0
    1.0000000000000000         0.0000000000000000         0.0000000000000000         0.0000000000000000        0.10000000000000001         0.0000000000000000         0.0000000000000000         0.0000000000000000         1.0000000000000000     
 T T T
   0.74835908750705338        0.68031462236423243E-001   0.10517657455746594        0.33889437759328657E-001
   0.16426885988433054        0.18051328668263183E-001   0.18389057017644758        0.34491318439211709E-001
   0.84839655522909840        0.68917579269956730E-001   0.64824856824136756        0.31843656871264586E-001
   0.49133629624993180E-001   0.19077710863949451E-001   0.31954698397658765        0.34585184063547450E-001
   0.85409264952715858        0.67690980405625600E-001   0.49307400671490786        0.32513335753865794E-001
   0.75633987980373707        0.68983733223413363E-001   0.26773885549940146        0.34336813664868404E-001
   0.36313483629065468        0.67221086440281644E-001   0.55757055840020009        0.32789639587857786E-001
   0.52086792433719731        0.18202817764628978E-001   0.79023006743787294        0.34952747114272480E-001
   0.60403088558555440        0.24532138728680802E-001   0.68692587055642185        0.35042118108383286E-001
   0.25372046688266986        0.18385649871613959E-001   0.80593556246065923        0.33625368637459331E-001
   0.27131461125548545        0.68854056168764236E-001   0.80004828017847848E-001   0.31325901667003726E-001
   0.65493995307362574        0.68013132088989403E-001   0.29717981966470841        0.34336614912475104E-001
   0.37833496895083973        0.18172596079113711E-001   0.72832196718925302        0.33625284253347161E-001
   0.33145665489600901        0.68197783829818878E-001   0.72650069625640179        0.34858754516069970E-001
   0.39927133915920510        0.17843225964297087E-001   0.53045176384192727        0.34095976440863734E-001
   0.90445057318144306        0.68655825127388340E-001   0.43924463748670928E-001   0.33459985869820470E-001
   0.42299129308978456        0.68783483186020039E-001   0.92514883551231852        0.33758488806314109E-001
   0.49588888814695348        0.19434765660155891E-001   0.87697578304764739E-001   0.32709417510034262E-001
   0.14707773633591434        0.68373661759020307E-001   0.36408075736206114        0.32176995451236708E-001
   0.56808247233784048        0.23309022586045638E-001   0.74328854725697890        0.31813750930702774E-001
   0.47731391254230304        0.67686142732944460E-001   0.68911540656097503        0.37255020925954986E-001
   0.14713553771358678        0.68589467441212443E-001   0.83875115773288378        0.33943779059068237E-001
   0.89040297810576075        0.68632339469280851E-001   0.43548055783467537        0.34333376297828982E-001
   0.58950078628904301        0.69114259473554304E-001   0.26801390125893099        0.37300129612445200E-001
   0.83094246110680936        0.67760278716763780E-001   0.40396062496634183        0.32957966829975684E-001
   0.61932045324250751        0.21197842004085553E-001   0.78498386023788380        0.34174873399452819E-001
   0.67982498517919543        0.67882296498012723E-001   0.38899976087190052        0.36211197453992046E-001
   0.22727033115398657        0.69114106317620827E-001   0.56222211063525873        0.32705292403048376E-001
   0.60543329952746661        0.67239953173898068E-001   0.94114304739681909        0.33604027893851487E-001
   0.29276319983078619        0.18643439758906890E-001   0.87111928506873992        0.34862069198966408E-001
   0.79403590901475574        0.62683272264393561E-001   0.45806070526520232        0.32719446602293353E-001
   0.85681669875908817        0.69178680842908236E-001   0.91151420248373760        0.33031741529819351E-001
   0.72753703806988812        0.17938246362708337E-001   0.37669817518801213        0.33930082978281630E-001
   0.87739650280296033        0.18920253814044250E-001   0.39155040279293540        0.31214046807042768E-001
   0.61619684136301145        0.73949117193487054E-001   0.73786363897428142        0.30666332046185362E-001
   0.88660664769052655E-001   0.68974972642034976E-001   0.15770082160419700E-001   0.33082455417620983E-001
   0.95064568154522122        0.18454070468518598E-001   0.32304388960813418E-001   0.33868188825463934E-001
   0.11944511866184720        0.19094704524313316E-001   0.73297544106628210        0.34272708153017424E-001
   0.10141624047331381        0.18874405531044313E-001   0.97202019751164070        0.34446574210294803E-001
   0.70218070161784796        0.76535941863044965E-001   0.72602651255763950        0.32414807967602453E-001
   0.95706377931007969        0.69007983957414407E-001   0.72441534204704083        0.34250593788672505E-001
   0.46869034256561021        0.69246946551780444E-001   0.21297361534754480        0.32961771242203480E-001
   0.41532202518403255        0.17434547185252714E-001   0.97364922213891658        0.34186569783748122E-001
   0.84353370496485502        0.17650661650462942E-001   0.44795985777117803        0.34533271300264956E-001
   0.28625888831965157        0.69083964128595007E-001   0.49342655303872962        0.34719362201039362E-001
   0.96287650106878553        0.68501513368488712E-001   0.79506075119618005E-001   0.34937920060889603E-001
   0.37059387589318560        0.68616766452986186E-001   0.78395316300729256        0.34241529282586315E-001
   0.21197197392373168        0.68079231632615561E-001   0.35932364938754735        0.32846268307044277E-001
   0.71675012989597731        0.69624317793015242E-001   0.32821911147030708        0.34846434359296005E-001
   0.96507317307055129        0.68667292328000659E-001   0.18391483159015562        0.33107112997357670E-001
   0.52274275405227499        0.68982180187837819E-001   0.24909354909546683        0.32037897300302098E-001
   0.16966065374871739        0.18738180934908772E-001   0.11433557269952144        0.35247249884970459E-001
   0.30725945196097315        0.19138614521215468E-001   0.24247827219377041        0.33857502295196497E-001
   0.79573528530409943        0.68433047212578188E-001   0.95395631281368121        0.34192209246006369E-001
   0.24899158823019803E-002   0.18637794199598958E-001   0.93975834701815086        0.32090476090030247E-001
   0.66090493424054278E-001   0.72160623356109774E-001   0.55914674966663713        0.34121610680992856E-001
   0.30131784451583360        0.67040864533908548E-001   0.64511753702043262        0.35785235938265880E-001
   0.34724151054336722        0.17902260608520949E-001   0.66207163170843353        0.33094125438832965E-001
   0.10902002166292067        0.20054564847610500E-001   0.52537166092209842        0.34925151944733356E-001
   0.10506857262932756        0.18449087186223252E-001   0.35810840659861465        0.33339093116695750E-001
   0.97553846865399644E-002   0.18721516298775002E-001   0.88712210710782266E-001   0.33822394800618848E-001
   0.39218528417751541        0.16633413768360063E-001   0.38030329331155666        0.34404192396147205E-001
   0.99561585916319340        0.18075885543503041E-001   0.45920644027447910        0.35063843145733832E-001
   0.51997315773246078        0.17445492604481735E-001   0.70461742124310611        0.30034426529293293E-001
   0.73883070700162390        0.21999306507976914E-001   0.62320284514003044        0.32980905325434191E-001
   0.77934340398253110        0.18003965441484731E-001   0.57126390937563221        0.32951127575305425E-001
   0.48060044992170470        0.12778058937773389E-001   0.40879725036647885        0.31698672047138554E-001
   0.58694775714278746        0.67708752147332060E-001   0.57562355606544879        0.32785753164370018E-001
   0.75142699900123255        0.18358072033849520E-001   0.85417303916401932        0.32842859138636098E-001
   0.69975979729159943        0.69873453578783551E-001   0.95344762189374632        0.33120445079388244E-001
   0.28597591204155563E-001   0.18803809351742456E-001   0.16887070702208082        0.33675526864516782E-001
   0.98629061981302135        0.18680575613661442E-001   0.29465481584943726        0.33000307382997342E-001
   0.31020093959525274        0.18034741766317679E-001   0.31141194135654748        0.35138428547742691E-001
   0.19632864352322188        0.18594864764971221E-001   0.39750750078534049E-001   0.33028773046308350E-001
   0.57077488407592865E-001   0.19333557401450759E-001   0.66943883838535667        0.35661872848765847E-001
   0.27796627450393224        0.68017845665665086E-001   0.35169276044902864        0.32926213902980797E-001
   0.16121647830185604        0.18987355508198647E-001   0.78698686344697943        0.33941336990636790E-001
   0.51795094933191477        0.68225283758502189E-001   0.74539781941869321        0.32118274215185746E-001
   0.19856723048084510        0.68368121757808473E-001   0.28936277615525430        0.33490526123284056E-001
   0.91767152869865409        0.68573391175717063E-001   0.87217943976758339        0.34382049793086317E-001
   0.69085129677138490        0.67221834398241809E-001   0.63692663091547072E-001   0.35427458719618131E-001
   0.15067495000757883        0.69892653661438750E-001   0.42929386972135147        0.29983165708383660E-001
   0.42849815715429274        0.71098546813451721E-001   0.26904491303464240        0.35876284906086166E-001
   0.29897826078528152E-002   0.68066094438862385E-001   0.50504398210483448        0.33152129296365823E-001
   0.16965752922396707        0.18257178711572172E-001   0.95092944871694474        0.36575740789416382E-001
   0.85545168297369378        0.19083289218273278E-001   0.86682909423007692        0.33939300166419349E-001
   0.43823526265977336        0.19163284260005936E-001   0.18487731567732196        0.31897330022417021E-001
   0.41345919533030845        0.67299425756540965E-001   0.33610965216281008        0.32938683145515561E-001
   0.49225311734411070        0.67252444364728201E-001   0.30740001755846247        0.33677751590181479E-001
   0.46277262549652798        0.67066358482726351E-001   0.98095499778510165        0.34788008918753624E-001
   0.68973907436930471        0.18141080763386361E-001   0.43524099159875507        0.31870347855388073E-001
   0.87146236369825203        0.18819422508558670E-001   0.54109572397465056        0.32885390891744345E-001
   0.92135988266360314        0.18739335507339059E-001   0.82639323703053280        0.32011416031207780E-001
   0.85455463682095589        0.18843911754210768E-001   0.69047439117461429        0.33768721792270015E-001
   0.65255654921418782        0.73730090185055400E-001   0.68146073443084398        0.34272164537678666E-001
   0.43669324813045379        0.19790315866519838E-001   0.11901143631871458        0.33906657304084785E-001
   0.27505052156303905        0.68491729125407422E-001   0.76650617279913258        0.33445280759393313E-001
   0.84541780328328986        0.18739740698813050E-001   0.52017371900594460E-001   0.33765350741243767E-001
   0.16583829568788117        0.18308148349068559E-001   0.32321535202505397        0.34983568716113758E-001
   0.30491473196909985        0.68570303705213304E-001   0.98671495111499308        0.35757808711386854E-001
   0.18002566512540591        0.18376514957428671E-001   0.39145188884049198        0.33641251982731171E-001
   0.30788032457398978        0.19115401057273204E-001   0.10492917721323600        0.35049793298400148E-001
   0.55650241312227033        0.67582128536885513E-001   0.33058021114872899        0.33279809125437751E-001
   0.65936456166664337        0.26528875627445238E-001   0.72959944546324462        0.33314790266161298E-001
   0.83588482215336202        0.18795853598055329E-001   0.60701495725464583        0.33925627690547827E-001
   0.91066275638273586        0.68667448968758704E-001   0.13752784760788028        0.33486723105778375E-001
   0.29597252421438036        0.66781729104057649E-001   0.56207590594457479        0.33887890390451897E-001
   0.86752100532251242        0.68818883215501767E-001   0.73441326227251014        0.33924861521877604E-001
   0.10363343178479281        0.18615601852748905E-001   0.82528478211219369        0.33633841305019126E-001
   0.31146141494201995        0.68576118468341010E-001   0.82726101485720493        0.34163585384190405E-001
   0.74417236700884071        0.20425214379594075E-001   0.22134503028061178        0.33880216660165462E-001
   0.86933620493415165        0.19106174762304442E-001   0.78203161991520431        0.34888216299562180E-001
   0.95037829663983675        0.68073731301360144E-001   0.46539955390547788        0.32623406199114385E-001
   0.69791013577282235        0.17788015839470199E-001   0.22477929361319295E-002   0.34401462789897509E-001
   0.33616894300882527        0.69090806145601272E-001   0.14295457455075264        0.33812992587500063E-001
   0.23920495132002836        0.18867544664972587E-001   0.11380309414364152        0.34149593466364141E-001
   0.47269652756041847        0.17857807830487776E-001   0.55587827088035291        0.32801755564581335E-001
   0.26801692313556991        0.67992905314105498E-001   0.28295607197874884        0.36170999190590566E-001
   0.52641605878258502        0.68239957720196129E-001   0.83639081269782678        0.33290361279253722E-001
   0.32205852059489248        0.18593058489148297E-001   0.77999554752152012        0.35412854355931417E-001
   0.10172048354657168        0.69103339204080821E-001   0.68970758172258317        0.34176377961115299E-001
   0.47501625604941994        0.18283302379895880E-001   0.83526036644072921        0.29297834324682099E-001
   0.47226520245039116        0.68083471581462218E-001   0.51289766886828581        0.32948131217821489E-001
   0.18329169046285035        0.18942118224413843E-001   0.52720887898275881        0.33085411080054014E-001
   0.40052000599290655        0.17817827079050792E-001   0.59802902684689785        0.33483592951886569E-001
   0.19576929831998485        0.19125995284512073E-001   0.59525902174398015        0.34981894157839324E-001
   0.23991738805583976        0.67893025376158406E-001   0.69946332509915243        0.33467328463560236E-001
   0.89073437150002654        0.18690418956792965E-001   0.46978375211009565E-002   0.31511563095162697E-001
   0.69344928986562818E-001   0.68621058928171788E-001   0.13795296659057413        0.31759991099578930E-001
   0.76468467775856253        0.68219053989227466E-001   0.51560361491667683        0.32020013029128776E-001
   0.66232671080496663        0.74319763219935275E-001   0.14948646429457788        0.33806531635051873E-001
   0.39242203259098130        0.69818423472459396E-001   0.10496686292562241        0.34039702099156979E-001
   0.64693074426603403        0.17030900214219154E-001   0.46590646076640499E-001   0.33136856357039099E-001
   0.24580173940227187        0.19015026863399429E-001   0.45929911236268184        0.33004298372260363E-001
   0.88244831648328803        0.68797251004408519E-001   0.58861426271250261        0.36797317668236594E-001
   0.96210111490842298        0.18053296154079017E-001   0.51863791961361871        0.32772887651719526E-001
   0.63699488580567187        0.18745936284784590E-001   0.25619242029086370        0.32151131877195337E-001
   0.55919696039092526        0.19396295245136565E-001   0.22867610644065448        0.32737168168940046E-001
   0.79479224025338047        0.18345561172946959E-001   0.52505621478007147E-002   0.35058699823640779E-001
   0.40425357390945771        0.69080669635470479E-001   0.20590789456198977        0.31771034346318783E-001
   0.66958476644619047        0.18033852269665224E-001   0.34101121295096631        0.33647609255002660E-001
   0.96998600332541407        0.68580667157286446E-001   0.82629481467581722        0.35144220827067217E-001
   0.95554812387186960        0.18808431876921595E-001   0.22100165221971960        0.29658546034117945E-001
   0.63401198950990578        0.69370175540569359E-001   0.21174306277291691        0.34308595836467587E-001
   0.23152919141142084        0.18507111009365137E-001   0.91229737895135232        0.36011949445095497E-001
   0.99931614917560097        0.19075038125185628E-001   0.62974576874001253        0.31952259830241435E-001
   0.98496136525108136        0.68670103891940323E-001   0.24902358519260068        0.34595279665880961E-001
   0.63322067507523083        0.18149802644528971E-001   0.56210406183247785        0.35962319187587140E-001
   0.74585786091250783        0.68271910250707710E-001   0.59171162135715702E-002   0.34372011201097875E-001
   0.53951880920468653        0.69029544127271733E-001   0.91065064519184002E-001   0.33372156316297044E-001
   0.69446379993498564        0.69928213171048720E-001   0.24117836946023544        0.32842798673576139E-001
   0.81241231362631089E-001   0.68106570946047690E-001   0.48636667008153678        0.32103272901440466E-001
   0.22309638267591903E-001   0.18389834932472694E-001   0.15769400711277684E-002   0.32528613657537842E-001
   0.25166344791824330        0.18600214463161114E-001   0.97769705751639890        0.32410020790632203E-001
   0.12853405860329392        0.68437474967825582E-001   0.21634141894613784        0.34569613692542515E-001
   0.13202718600404215        0.17979006873784786E-001   0.88880813574307405        0.35710546205424007E-001
   0.25282005357909937        0.19086690651320879E-001   0.52639158504950878        0.33845668171358492E-001
   0.73732233458508623        0.67849393330707858E-001   0.42568796202730752        0.30987219106203879E-001
   0.66278724744220224E-001   0.20459096186556419E-001   0.60356031741021254        0.30853328058488106E-001
   0.46960244297268061        0.62738422311506142E-001   0.36968362106342739        0.32625439978011095E-001
   0.80519234762831637        0.19148640782812632E-001   0.81644143379988510        0.32686779440443327E-001
   0.95165220725896538        0.68294848235229091E-001   0.62761478382385816        0.35777162132173600E-001
   0.53723405927251517E-002   0.68679992512023377E-001   0.13207759678169526        0.32463388779340303E-001
   0.50631785699349785        0.16916633914926538E-001   0.99114107421312925        0.32096076183394433E-001
   0.86971175170189596        0.69105538902308444E-001   0.82637184277936271        0.31899041303368583E-001
   0.38455801928036909        0.68072443578357497E-001   0.68460042283189215        0.32759545915627651E-001
   0.71991487234645379        0.68338702520625086E-001   0.82329831527618025        0.33810911260862060E-001
   0.91189625499703386        0.18894348895148318E-001   0.72872427142755780        0.33011685216818347E-001
   0.36195828515429956        0.18526429575849917E-001   0.84284239536012207        0.38542284202227377E-001
   0.50902496882329273        0.14328400733093234E-001   0.35105782930537766        0.32496136569010792E-001
   0.70736178527622551        0.68639751496262363E-001   0.48351354967814297        0.31457206205061504E-001
   0.86399766299071479        0.18757081168633630E-001   0.23303872267165299        0.34209541638126194E-001
   0.19633059562638389        0.18566013217563914E-001   0.84847681708260325        0.36827780335623651E-001
   0.91214049575944212        0.68704168943157229E-001   0.22736290093676392        0.35361356935313691E-001
   0.10059653326576799        0.18537713740028942E-001   0.10916456716364425        0.33681869998341059E-001
   0.38444616567712325        0.18218330733502066E-001   0.45015240073064300        0.35392613259928270E-001
   0.74868399553462917        0.69426779133010957E-001   0.66908773111943720        0.33638826402017881E-001
   0.67821883670890726        0.68210627457202327E-001   0.54286538991094513        0.33957753451166188E-001
   0.19922014073979144        0.68183483504701645E-001   0.21954407422841024        0.36013742379714629E-001
   0.69899647447150226        0.25558294092501033E-001   0.67587991972016992        0.32654851405566718E-001
   0.53626402444050725        0.49369260170298350E-001   0.65093203739085337        0.34514085691008708E-001
   0.57051534265271486        0.18317622794054626E-001   0.83697201095324114        0.33233667505647636E-001
   0.27029610160828371        0.69023542118630474E-001   0.14382761212626785        0.31770360083704333E-001
   0.43022558064778510        0.18755285887796593E-001   0.87989052874777218        0.33921133317514111E-001
   0.49493151607014590        0.65002588666039418E-001   0.44888193761803663        0.31585284264922027E-001
   0.42483202571593459        0.68190941331381066E-001   0.73964937201424608        0.35404744077132969E-001
   0.14713634813491142        0.70042456300262054E-001   0.49584445447746062        0.34448031618229631E-001
   0.54187543945677430        0.19011993060560853E-001   0.13430846981643252        0.32644732730778350E-001
   0.26453643864507748        0.16963588024507786E-001   0.59520483732627516        0.33630492304963316E-001
   0.98022863946498540        0.18637796037543359E-001   0.36429446168185287        0.35571648303498717E-001
   0.21671122115234176        0.68413489160044527E-001   0.95667458285889662        0.31959717845443603E-001
   0.70183671392759084        0.17967714979719988E-001   0.11271014957316995        0.34717439101004638E-001
   0.80165459836636732        0.19091924181648470E-001   0.25898107346219290        0.33314829148080628E-001
   0.36536969604255981        0.67623739380766254E-001   0.62258779033815559        0.32115709104779330E-001
   0.41484431921376241        0.68753015293347791E-001   0.83620214048319452        0.34135675154330691E-001
   0.79417217237393134        0.19202843312968756E-001   0.66026792947800961        0.33683053466322915E-001
   0.97159862443810352        0.69031018860659737E-001   0.56246836581314219        0.32054723348477865E-001
   0.51660754632614325        0.67504060008744482E-001   0.92741566700763733        0.32102180926214002E-001
   0.51533240402778147        0.18137866859634963E-001   0.49687782777432676        0.34889575000643609E-001
   0.60271025227589814        0.18074310027942748E-001   0.46299441745846048        0.35379380479846949E-001
   0.60720934000127624        0.19223084995862835E-001   0.31519693595908127        0.33601934567945191E-001
   0.60280760732024333E-001   0.68989166967087817E-001   0.20376828829838203        0.34438740916293474E-001
   0.80005381752869797        0.68380848668237959E-001   0.14775613867507428        0.33032765875481054E-001
   0.53625895966999837        0.17566714951908032E-001   0.29100235044499745        0.33503724915778361E-001
   0.55043700951842167        0.69153509567713142E-001   0.18140373002601415        0.36405332289301470E-001
   0.94564701009411767        0.68688121712720027E-001   0.30846943938086385        0.32739426346552289E-001
   0.59942482241114425        0.17123868042889557E-001   0.99841341331866829        0.34519626175750287E-001
   0.75351930954921187        0.19455274292488254E-001   0.15540191145988516        0.32152508369726017E-001
   0.80816995857867524        0.69203148391404332E-001   0.70257606551750951        0.33275268127827128E-001
   0.53049456526709093        0.67920271093921333E-001   0.39229790467334574        0.32506689866509793E-001
   0.95858042515996944        0.68553157092069314E-001   0.92818078214976207        0.33352443012043348E-001
   0.42744062469609418E-002   0.18971461536722443E-001   0.71627687418781849        0.34886417448955570E-001
   0.92450037991456430E-001   0.68264512474662281E-001   0.40201108142889025        0.34198747976874985E-001
   0.45035034998963103        0.17253444046223008E-001   0.31633156395086826        0.32146109954718442E-001
   0.12967510970962981        0.18890715787517012E-001   0.34192638578496588E-001   0.33846095685720508E-001
   0.49534425812463057        0.67783588453004126E-001   0.59687355835747424        0.35644575299581580E-001
   0.80877778901825548        0.18646848599076300E-001   0.19202553726024871        0.33994135208927141E-001
   0.28229462501579348E-001   0.18776739500997681E-001   0.23523791002566302        0.32420405410458160E-001
   0.34810902861897819        0.66275920068438132E-001   0.27601645918388601        0.32880700760757581E-001
   0.48525516022887033        0.69748523223229150E-001   0.14126039044625968        0.37783170660783100E-001
   0.44880869963191558E-001   0.18249840239791405E-001   0.39386824557810540        0.35250737593763480E-001
   0.23418031092894775        0.67053812696325085E-001   0.62747514427967377        0.32941877646077318E-001
   0.84665833784437972        0.68709533143373663E-001   0.53586711215837333E-002   0.34493166444426814E-001
   0.82016147660015493        0.67960291361843811E-001   0.55642860848621900        0.33165981442580608E-001
   0.33504487446965425        0.66930649213202728E-001   0.88863347794998293        0.31288853031952779E-001
   0.55649878365919414        0.68048943612314214E-001   0.47432311801787475        0.33614344819874749E-001
   0.75965062011913786        0.69635378626588515E-001   0.76450081113416768        0.36943705524791134E-001
   0.11085519001206780        0.68763330593461666E-001   0.77940575859711392        0.34254199873961250E-001
   0.16745839144702257        0.69118444225030523E-001   0.63346151522966276        0.33976050560158830E-001
   0.55943955792886924        0.16930003764644742E-001   0.93703401535979236        0.33983249441308434E-001
   0.91584469871156027        0.68229442406698565E-001   0.52404383971544766        0.35391890664038132E-001
   0.69936699107520184        0.18222691763173933E-001   0.90054552706189783        0.36817857461734292E-001
   0.79752498986751419        0.19219683197378556E-001   0.90454703822973903        0.35103694980085066E-001
   0.90651348559062328        0.18640466343354648E-001   0.18115296755270163        0.32868767687270067E-001
   0.20180177454606460        0.68899669918483050E-001   0.14922920468010209        0.33482029343596821E-001
   0.90628967636612601        0.68901922887531789E-001   0.67958005385125453        0.33192019084857347E-001
   0.24738232043838160        0.68384735614459333E-001   0.85221252181247575        0.34582445837376366E-001
   0.96871920839806314        0.18570922760244118E-001   0.87895928613634489        0.37383803533491161E-001
   0.35072992037123690E-001   0.18996397078694830E-001   0.84740086476195475        0.35953387154627307E-001
   0.36849328765203998E-001   0.68232277783623396E-001   0.43905862900214709        0.32589008228023610E-001
   0.51870507003724220        0.18419015154844634E-001   0.88184784333383071        0.34516327255905671E-001
   0.59194334163007400        0.68158027691824871E-001   0.41667220148423706        0.33562176033260047E-001
   0.27027192467276606        0.69006835407154091E-001   0.21158883626127201        0.35233272742829523E-001
   0.74745723941223396        0.18758962732901559E-001   0.95374653059462833        0.34885535156767247E-001
   0.85315344950397087        0.18748552504670449E-001   0.13905548262570228        0.35078924345702318E-001
   0.81955964084595112        0.17797141478710664E-001   0.35967821640528219        0.34741940990459255E-001
   0.56486041375486018        0.74479945096832839E-001   0.70407663404427145        0.30674778371840277E-001
   0.47121832520643375        0.68282279067650331E-001   0.79431521285647544        0.35419685152995081E-001
   0.64972566430928735        0.68112102522312187E-001   0.45237358657094562        0.33937739348675881E-001
   0.93652950530333434        0.68657958559572893E-001   0.37618821563090743        0.31856081781071834E-001
   0.34630936773130300        0.67984650050277873E-001   0.34427244309178240        0.34645036665122274E-001
   0.38538661286847747        0.19993802526542884E-001   0.60817551302297955E-001   0.32883092037727983E-001
   0.55189247598518554        0.67072324609193559E-001   0.98536010485853143        0.35642948017597424E-001
   0.45288600300346848        0.19857073327923084E-001   0.31264075115123101E-001   0.34571275200980314E-001
   0.11788418542210875        0.63766975405613727E-001   0.29940388471478502        0.34649807380713167E-001
   0.70391104931244575        0.19799061511353508E-001   0.28356752861363904        0.33254072716982060E-001
   0.28212353604507406        0.69094431792840458E-001   0.41872892941795675        0.33231671730700962E-001
   0.96882509802452846E-001   0.18947510384611350E-001   0.17610232013639446        0.33315884842771162E-001
   0.81190042343045843        0.19137726016674250E-001   0.74581378253386721        0.32867351077453116E-001
   0.73625595361534846        0.68245687891952692E-001   0.57622848927879078        0.32924247714739049E-001
   0.57233210982614680        0.17505390510471650E-001   0.37389568704153853        0.34615932420666018E-001
   0.82476381279636513        0.69141412556044821E-001   0.78282578536327174        0.30647208392681435E-001
   0.31384709244102327        0.19126886177434292E-001   0.45306099419032475        0.35180166078749915E-001
   0.12397604985659649        0.69552454740478747E-001   0.93390622377748944        0.30475621551850032E-001
   0.81021185587663680        0.69212360396636183E-001   0.85946447741887533        0.33365033829872409E-001
   0.59866912134946637        0.74525970761514057E-001   0.64042054618014688        0.33390351568723359E-001
   0.27649636267368194        0.68652789204099812E-001   0.91112509439147849        0.31027247269881097E-001
   0.89701747537667409        0.18885153275800939E-001   0.63617096600243284        0.33654166557288749E-001
   0.47407986800112578        0.68577209915817935E-001   0.87638475253867409        0.32534509700718028E-001
   0.83229807222031923E-001   0.68597918131620639E-001   0.86705576816016527        0.34593687464232248E-001
   0.16124456732192255        0.18193390263895770E-001   0.25341716629848793        0.34955015594010340E-001
   0.92061789696373286        0.18727938793285596E-001   0.27344975592984605        0.33128342968469712E-001
   0.63233860683792043        0.24285493303199887E-001   0.11275723950272930        0.34958017804332019E-001
   0.95888136120623046        0.18684360002461913E-001   0.13644198236702698        0.35934319175102009E-001
   0.22872976032215217        0.18031850616312343E-001   0.25634066920072618        0.32505811291411203E-001
   0.53232746744697745        0.68281222941834113E-001   0.53935532493153371        0.32669605798104191E-001
   0.65332033117560961        0.68262767683285638E-001   0.89756140284813757        0.31043540287549996E-001
   0.78424435321189556        0.13466777777977454E-001   0.41633197260615212        0.32105316214027090E-001
   0.10123453569056025        0.69993977173009161E-001   0.62315540075428200        0.32314350170383095E-001
   0.12835180625154430        0.18931838127993317E-001   0.59018657768676597        0.32622741145599862E-001
   0.34939342456893036        0.68157168464800563E-001   0.47794060303535463        0.30284379997724729E-001
   0.33289011252846404E-001   0.69006640809954320E-001   0.79872136070427224        0.33815368619322536E-001
   0.41955000121444708        0.18499511403370871E-001   0.78832355598032811        0.34258478693930512E-001
   0.66383946051542042        0.18232095487315997E-001   0.49771012788054975        0.34911129436716169E-001
   0.54418560160888263        0.17838936938878516E-001   0.59045727451113472        0.34013683846132299E-001
   0.45123498599266371E-001   0.18063033729200068E-001   0.50479553079858419        0.32229335539209182E-001
   0.19375548132584933        0.19171262546529431E-001   0.67409816187761273        0.34463189478744133E-001
   0.85526948772481470        0.68651767779539241E-001   0.18721559001979440        0.34073649890822962E-001
   0.61875045862343969        0.69675812893887079E-001   0.35687512171349123        0.31841506480619466E-001
   0.64560577369516814E-001   0.18611675255981754E-001   0.91269464362613117        0.35393516276897068E-001
   0.25854969910300424        0.17072840318867296E-001   0.66055236997686384        0.31756300641578292E-001
   0.33903574259624225        0.69119598054217982E-001   0.21024625985324635        0.33530609723366488E-001
   0.37170472226930251        0.19093814805976730E-001   0.17504690596322811        0.35337612803179728E-001
   0.13620783222385721        0.68737433789487379E-001   0.79867584598716082E-001   0.34019169381680564E-001
   0.35248794699670494        0.68215631809123878E-001   0.41317265521179458        0.34507980630640672E-001
   0.76446494067783499        0.19626250614724488E-001   0.31656980806892698        0.35208934395730612E-001
   0.65676991429508225E-001   0.18668235935607985E-001   0.52546099964478767E-001   0.32700502520889539E-001
   0.54039962724196089        0.18028539916934264E-001   0.43356601954017404        0.32848229658872845E-001
   0.57292613222884281        0.18496183624331523E-001   0.53082524478947213        0.31952170358778891E-001
   0.94501326056168167        0.18552440222720967E-001   0.96631123051840584        0.30853086824723496E-001
   0.84497274486319118        0.19227547867668046E-001   0.95628153053105980        0.35047626754529916E-001
   0.53326662077862783E-001   0.69077410133123338E-001   0.27228665897331861        0.34307619376650222E-001
   0.50335711956164408        0.19178942923231631E-001   0.18836960526735863        0.32595536540213708E-001
   0.23764151869333124E-001   0.68782988385286653E-001   0.35463708303144020        0.31286717863534201E-001
   0.57217647535011007        0.72177546686362851E-001   0.78720490962389622        0.33649230790583302E-001
   0.77312697203025571        0.67889524332400114E-001   0.36971676341220577        0.34021015744240428E-001
   0.74581611853650120        0.19315026121063724E-001   0.46853658845705570        0.32850385848967455E-001
   0.14975663577908707E-001   0.18951588252953160E-001   0.56381546865734389        0.34009242687391320E-001
   0.65017085802798957        0.17300058815137874E-001   0.95177815625209972        0.34214994953872695E-001
   0.31422845646278064        0.18135927233552691E-001   0.38208597315270998        0.35646572236082842E-001
   0.21651466919423765        0.68989288648928379E-001   0.49499053245476476        0.34943087121520139E-001
   0.79414870972864804        0.18157799539249064E-001   0.10346800216573232        0.33756892821741762E-001
   0.28833035888341757        0.18526071942963570E-001   0.36116789507410638E-001   0.36413273566871289E-001
   0.97776174552173900        0.68555614316717930E-001   0.99352141622712153        0.34711238968218268E-001
   0.85875860479970245        0.18788749708380542E-001   0.30201954801722808        0.34925626049601081E-001
   0.67931247583167875        0.19605799792515213E-001   0.19774894449714547        0.34417525537197541E-001
   0.28391162827510052        0.18245548146302509E-001   0.72147962581166947        0.34239579227400257E-001
   0.21497659110380102        0.69606330074445805E-001   0.42615910761322900        0.33870217159564224E-001
   0.61096274375148496        0.18148839419402409E-001   0.89141440982903986        0.34583083082496822E-001
   0.16691637743757773        0.68417615373313964E-001   0.30149848125316974E-002   0.35415078021045529E-001
   0.16164953387508516        0.68939599273122862E-001   0.56428266006703542        0.32781905756812738E-001
   0.96672390907924743        0.18818349427113364E-001   0.77569666894044187        0.35075665277013765E-001
   0.37064806844612574        0.67040670160596075E-001   0.96688901835023544        0.32886117925074738E-001
   0.20585306710526635        0.68605171323641856E-001   0.82453341515241654E-001   0.33401226665385780E-001
   0.87024758158417703        0.68764914289223725E-001   0.34926668051056242        0.34289711799887539E-001
   0.20812774814545645        0.68728555709171787E-001   0.79524901777027457        0.34472551216906323E-001
   0.85857908844316111        0.68724281518142069E-001   0.93690066580517359E-001   0.32562815157720519E-001
   0.21793901705315816        0.19059119442860168E-001   0.74634963221192585        0.35783206783265332E-001
   0.72122080005379163        0.69469701372362164E-001   0.18129036563597220        0.32743483431019550E-001
   0.24668306309228949        0.18856878123069003E-001   0.39291474895904749        0.32702497006939085E-001
   0.59198953277548116        0.74204545508209652E-001   0.12834781448252933        0.31069781023392477E-001
   0.63381627334335255        0.17878851701373037E-001   0.40206509885784641        0.32977730033689340E-001
   0.16990230662043171        0.69090786562673895E-001   0.72062750685310728        0.37807156074089340E-001
   0.47716699262218482        0.17745075236619064E-001   0.63997034177586987        0.32767291104696901E-001
   0.42993107090853055        0.67885961284790408E-001   0.56444063691477742        0.33494554035034464E-001
   0.95070086377075325        0.17528610080298150E-001   0.67506185573884103        0.32602981901373833E-001
   0.90429911247723038        0.18619003154808914E-001   0.90897678681522778E-001   0.35108356133893757E-001
   0.50441458609638012        0.66364940255240992E-001   0.34653953087724676E-001   0.32767328714922876E-001
   0.17820694279728125        0.19976219228911532E-001   0.45967836405204626        0.34564754787179137E-001
   0.18299788918393262E-001   0.68557456439462081E-001   0.89512143137070754        0.34820407625654838E-001
   0.22617354094037027E-001   0.68692636250021866E-001   0.45283060673998447E-001   0.33613375326569127E-001
   0.90244782775277255        0.18040506546468504E-001   0.47998058367727564        0.32390554902054017E-001
   0.45699080055323887E-001   0.68003123523116771E-001   0.96092893347296460        0.35470337526044247E-001
   0.92819556875396045E-001   0.19279264690572243E-001   0.24784034473531133        0.33361579175400433E-001
   0.75295833377357180        0.19363059491242989E-001   0.71436422536438293        0.33873416033082623E-001
   0.91588075249453860        0.18681714951243097E-001   0.33976737976198196        0.33284340970775900E-001
   0.93142268622464319        0.19002300407435682E-001   0.57793322006731118        0.33819127891285328E-001
   0.65748454359896846E-001   0.19016158270835803E-001   0.77153742128868308        0.31648065497286194E-001
   0.24091384732414795        0.18067690845162510E-001   0.32488379513539034        0.34402295145305635E-001
   0.90119640332585860        0.68674910558850513E-001   0.96356671768782920        0.34030925273857822E-001
   0.33261128096387788        0.17709191935300923E-001   0.59359545455648133        0.34198318252834869E-001
   0.42517165589534728        0.67650271951430849E-001   0.42157575695372418        0.34611743687179314E-001
   0.54831935939825416        0.16970118160427813E-001   0.44505822173105079E-001   0.33930273063712796E-001
   0.12938126813936704        0.19105118171605266E-001   0.65532375039096924        0.32509620426183834E-001
   0.30472507334027826        0.18621235715463008E-001   0.93947860730354993        0.32970413531630292E-001
   0.18152932044446626        0.67910865820772576E-001   0.89920477309581814        0.35357218599897239E-001
   0.64747653968872776        0.22122381123003531E-001   0.63175098494060455        0.35216908648413849E-001
   0.10846097219684842        0.18037867036404611E-001   0.44894422219083008        0.35958824901408469E-001
   0.66567473933824195        0.70894365894674002E-001   0.78088594778689779        0.33699664964416114E-001
   0.91758969534036527        0.69200916140405980E-001   0.78068625583995721        0.34246499014470050E-001
   0.13432353974329161        0.68046829081115298E-001   0.14782144872580402        0.33956740319885166E-001
   0.93680487382185429        0.18444640275337380E-001   0.42095900132141079        0.35074527737613305E-001
   0.78967726341458344        0.69403434349686668E-001   0.61555226454176071        0.33341418575950542E-001
   0.35048038523417435        0.17045607672505455E-001   0.49431073031183216E-002   0.33041961191612020E-001
   0.69480730091496823        0.72144855813585970E-001   0.62825804326670742        0.33671733844929885E-001
   0.60169893459853485        0.19535493031032483E-001   0.17565568342113891        0.35158109001810267E-001
   0.38471111583709683        0.19280208747108042E-001   0.24305350147119056        0.33203457707037830E-001
   0.37867483176374556        0.17443378799247875E-001   0.30956205113446039        0.33357481594576743E-001
   0.30159100556932927        0.19039368000969097E-001   0.17429245064971527        0.34538571644963517E-001
   0.40720047594321479        0.69851929513321795E-001   0.22550225656824699E-001   0.33564669240422090E-001
   0.56666180069324090        0.68901355957203689E-001   0.88804190605142652        0.31560211991637693E-001
   0.42787107798318369        0.18113680271924192E-001   0.68362411191906536        0.32955723129677046E-001
   0.71065494999333023        0.20932934063015912E-001   0.77474456299863093        0.32811033231817228E-001
   0.90224407739138024        0.18656979646190116E-001   0.91690670122495777        0.34344534155082922E-001
   0.83957826660064372        0.68765169355637867E-001   0.26314151072140224        0.29034229320990763E-001
   0.72403015073250387        0.18240633422735100E-001   0.53249326442419698        0.34578382089574172E-001
   0.61499404482192666        0.68502614413588819E-001   0.51284396038502444        0.35791584018160121E-001
   0.60041741616256705        0.65367301223292970E-001   0.59923473100102764E-001   0.34568278194250575E-001
   0.41155751855585976        0.67858832067421299E-001   0.48799084518806785        0.32626125718694443E-001
   0.23906649472047886        0.68587480910106913E-001   0.21507925687035412E-001   0.35224850976552376E-001
   0.61867488880162758        0.68312311681030205E-001   0.83930948542646877        0.36156126619267218E-001
   0.81062062648015121        0.68793829827912142E-001   0.31610643496578938        0.31310061457506644E-001
   0.47098178665412338        0.17904912015183669E-001   0.74350965332083441        0.32455102450718636E-001
   0.81028151084504518        0.18080111422017809E-001   0.50989190084436198        0.35756310959907514E-001
   0.48725167616730708E-001   0.68989729938558439E-001   0.73257091352776815        0.33949929407515921E-001
   0.45200625084578683        0.17815955442696232E-001   0.46834796149649777        0.34549210612597428E-001
   0.47242947380248995        0.17037602365887104E-001   0.93379282925038787        0.34511400987301023E-001
   0.47830255582089326        0.19128123393412473E-001   0.25645791790844469        0.33902020732982555E-001
   0.64901945651698778        0.67347642944116520E-001   0.99985843434682797        0.35102117109782789E-001
   0.74956145784877837        0.68357057990417372E-001   0.90201055844109446        0.33316588729336023E-001
   0.23289164740373802        0.19011692221605196E-001   0.18201241383043951        0.33782084834562458E-001
   0.67131307427565545        0.18466096901974947E-001   0.83281796521052653        0.36469853073529061E-001
   0.37107889806345162        0.16911723716016815E-001   0.91832864253162272        0.36642436415552433E-001
   0.43171676675764686        0.67869000153587086E-001   0.63302394437244647        0.35013088300684989E-001
   0.45380428721724103        0.69668460433707863E-001   0.77316470768951193E-001   0.33272227385060325E-001
   0.79691363671810411        0.68205241252484991E-001   0.55274583043829102E-001   0.35581961234196678E-001
   0.74380106351353170        0.18079762947680354E-001   0.55350402916844704E-001   0.35683904005501123E-001
   0.33679040587156200        0.71780471630812401E-001   0.59571628812659115E-001   0.34236649726839020E-001
   0.55884391280552129E-002   0.68995140246974271E-001   0.67029115257151450        0.32220296917732039E-001
   0.32909634808085697        0.17494777208450940E-001   0.52283623155254921        0.36180552322501634E-001
