 3 HS poly
 400 2
 400 0
    1.0000000000000000         0.0000000000000000         0.0000000000000000         0.0000000000000000        0.10000000000000001         0.0000000000000000         0.0000000000000000         0.0000000000000000         1.0000000000000000     
 T T T
   0.35092231631228255        0.17252550223833714E-001   0.33337512196973251        0.34107450340303831E-001
   0.79527332162802722        0.71760393579263559E-001   0.28981613981040549        0.34439700835313787E-001
   0.40461417129161442        0.70299082605791124E-001   0.93854569283444733        0.35460549286140161E-001
   0.51092013012355986        0.20225302781843542E-001   0.85227739411511239        0.32646584030713341E-001
   0.99666947386440241        0.18923898735221011E-001   0.15899937531958419        0.35496499575135468E-001
   0.41005114434624018        0.70574195338382051E-001   0.73397371825845770        0.32014010083371375E-001
   0.82775381393781233        0.20371369500342497E-001   0.94760852315576061        0.33892641284075806E-001
   0.17424415040864810E-001   0.19220659719905272E-001   0.97197367919174393        0.32464798543396685E-001
   0.13067680722131950        0.68273514560852441E-001   0.64173667080725982        0.34395157778921291E-001
   0.50332885501005620        0.67279380287489268E-001   0.42318526354533836        0.33055195014266278E-001
   0.54481808117189279        0.70347712603325854E-001   0.94585423609096253        0.36685053545105394E-001
   0.55009628398196131        0.69507048248458797E-001   0.18232017454103983        0.37713774495922087E-001
   0.47531301256531377        0.70416681324920585E-001   0.88220659090368958        0.35364906374153980E-001
   0.19857820666981923        0.68598533366448805E-001   0.31654143238719346        0.36025828876239736E-001
   0.55105367735508115        0.70266744974690501E-001   0.31081259730193107E-001   0.34659814945970237E-001
   0.82226115568355074        0.70340577159572246E-001   0.99661413519519038        0.32252268995553127E-001
   0.92866899198091324        0.17963283967460685E-001   0.86459574813347051        0.31964400838446129E-001
   0.48073520744613504E-001   0.68843733976127072E-001   0.44512663394358193        0.33576820015960081E-001
   0.29419532161909223        0.20035872239413180E-001   0.98869090630092160        0.33704769703856170E-001
   0.91630603541415112        0.18864374211872436E-001   0.47321969394415642        0.33512563174871272E-001
   0.10116054034066914        0.69044971964069016E-001   0.13047303281937098        0.35158039854817698E-001
   0.49859936856941911        0.19426498438360112E-001   0.16864657246433795        0.35276285172682248E-001
   0.92726320920201155        0.18105944008666733E-001   0.68073022516597737        0.34096965575154091E-001
   0.16613816535736992        0.69101861912157253E-001   0.97027140578185689        0.32155596982508354E-001
   0.13711103089412707        0.68483818001179766E-001   0.54562306992407483        0.34394351170177910E-001
   0.66423157972599578        0.18315530474598104E-001   0.33022116538324481        0.34194088731970003E-001
   0.98001759760058671        0.20366196774899023E-001   0.50930981253160379        0.34575263326182736E-001
   0.76064907236121693E-001   0.69105556816378602E-001   0.97522102607095962        0.34427373042513761E-001
   0.76493837597144632        0.20305239565285439E-001   0.90989303376674580        0.33871611740496868E-001
   0.13611121937015694        0.68991815763570899E-001   0.34824512526415213        0.31770275454284340E-001
   0.37670361029740596        0.20344487169314300E-001   0.90053604417970001        0.33187773165251393E-001
   0.60501604111130958        0.20459074214680975E-001   0.67939463134997891        0.31254979232653364E-001
   0.44713706028224004        0.17227610819172019E-001   0.42673032110733072        0.34025480864700267E-001
   0.66887418530580189        0.70351599810992468E-001   0.85717947434035391        0.34582006332764564E-001
   0.36723698211344902        0.69333626553087016E-001   0.17828497775426366        0.35058095425970423E-001
   0.33158210432532753E-001   0.18364927313931041E-001   0.57902146902617591        0.34475855954284824E-001
   0.81931162542401414        0.68719703094050885E-001   0.53566481406419775        0.34741633013053171E-001
   0.97972401158755262        0.19300300507229622E-001   0.82221057662527242        0.34216652014709630E-001
   0.53178324526964826        0.20341357277219141E-001   0.84578943596245140E-001   0.35036417097439231E-001
   0.18163946645876078        0.68601450435442510E-001   0.48903847812549389        0.35675990800160789E-001
   0.59763238564551868        0.17023391072714892E-001   0.44935345654593020E-001   0.31485034962233149E-001
   0.72869034265203192        0.18849214820865767E-001   0.59233057277363432        0.33756135547376519E-001
   0.28080855234432406        0.67788221744946101E-001   0.68644721522192065        0.34911199875380251E-001
   0.70631403077836774        0.70228944315701675E-001   0.18111625059715253        0.34720906033064186E-001
   0.95875776572612736        0.68838299833546598E-001   0.45630727239345759        0.34201250913240083E-001
   0.71641590635592156        0.18231869881630201E-001   0.37380223933246398        0.33414752925015119E-001
   0.47566153453536070        0.20921326910233587E-001   0.61232155386061615        0.33599955300409635E-001
   0.75155426126360947        0.20278549390406301E-001   0.18782752075870313        0.32946677759134832E-001
   0.45186462012681433        0.67024878731349588E-001   0.37676458555635617        0.36102648244062945E-001
   0.93246375674101278        0.68808263997169786E-001   0.26988374276554300        0.30444392438910211E-001
   0.28462945210821744        0.21261856249468372E-001   0.74018911561852829        0.34283891916941492E-001
   0.48484445801532344        0.69699441271536391E-001   0.21965788177986209        0.37147784179644830E-001
   0.51019485635598705        0.67240725265743526E-001   0.51530393178837075        0.33557387761961661E-001
   0.23186937047042649        0.18646502387113177E-001   0.59750253723800606        0.34756503106630074E-001
   0.13096288267098408        0.18052550571048945E-001   0.78033194879613654        0.32787724949675828E-001
   0.27775931408353949        0.68601397007104228E-001   0.59477170520682532        0.32871816845744951E-001
   0.80779052793754014        0.22285870118751674E-001   0.15503811270647080        0.32121832577498448E-001
   0.46287944465280184        0.20369353607318796E-001   0.52397848372349565        0.33373856331932787E-001
   0.22971129893731343        0.19387734986796835E-001   0.78748809853165003        0.33626029775073354E-001
   0.43051536867634010        0.71624995037089800E-001   0.62234137874286444        0.33808662814334318E-001
   0.34567597086352075        0.68282170072237316E-001   0.27907021967031120        0.37517586760347062E-001
   0.95796787196415956        0.17966714309787579E-001   0.10137461764673830        0.33900253392153579E-001
   0.77264103405364126        0.70393699358609910E-001   0.36166698122733931E-001   0.31190621164179252E-001
   0.85185198938619811E-001   0.69026989198307340E-001   0.38917333815134786        0.33481858835214859E-001
   0.72247356054774159        0.20255178216628426E-001   0.76070349191984732        0.36714879790944913E-001
   0.23119175209819165        0.19403658205301013E-001   0.69191559554683391        0.31342759480136317E-001
   0.91855369411459842        0.68047079424897447E-001   0.10454613196321228E-001   0.32219219945394520E-001
   0.17968350117308204        0.18023924676470817E-001   0.64438133166333977        0.35372767126210305E-001
   0.53445603718411061E-001   0.18807980907261532E-001   0.48671554099160680        0.31645937419824875E-001
   0.74290202960375501E-001   0.68188725925547686E-001   0.77504088243252789        0.32605545432821743E-001
   0.54899267898338566        0.18905620345650354E-001   0.41856893485669011        0.32815013859507747E-001
   0.60131063250730743        0.18546072983359519E-001   0.46199658741690114        0.35141524173325965E-001
   0.24006939226275184        0.68973335308744485E-001   0.10608756276518390        0.33052172864094079E-001
   0.29322841170077892E-001   0.68123121846344323E-001   0.63178884557107173        0.34359307124734555E-001
   0.13288448294621685        0.18649283271036359E-001   0.48551536658895117        0.34061026171276931E-001
   0.58409541036658619        0.19664179427882813E-001   0.36113330376401875        0.32661147514948592E-001
   0.33816605871324190        0.71073329034695348E-001   0.86865944931153272        0.36067519962421149E-001
   0.80494832518844331E-001   0.18296743628722172E-001   0.63276778224252750        0.36981425332801597E-001
   0.53120230865869411        0.67489080674445839E-001   0.60424889447344499        0.31945730663322416E-001
   0.98671418053156090        0.18857095067058401E-001   0.35267505059151882        0.32686742883601523E-001
   0.25652706893368626E-001   0.18266171331152416E-001   0.77465988443313083        0.31871107858200610E-001
   0.77370108047115083        0.70408728468301138E-001   0.76246526635941858        0.34780653252349893E-001
   0.31760988057154054E-002   0.18822101567420986E-001   0.44477279683979720        0.33601864232598831E-001
   0.24796085617671687E-001   0.18258139859981315E-001   0.67978124115570371        0.34991188122950975E-001
   0.43372369971844869E-001   0.68998891340967622E-001   0.16727376972581462        0.33341548904858534E-001
   0.61177734794472405        0.70396227123345867E-001   0.99158845633911330        0.34580739094723756E-001
   0.32640112646013208        0.20804275066123229E-001   0.58980915560791491        0.33798473096205706E-001
   0.67466017678855927        0.20408709886119661E-001   0.81185969359899879        0.33102036383827325E-001
   0.78474092836589418E-001   0.18200071049006124E-001   0.73375913486846656        0.32346360814209982E-001
   0.77482119310696296        0.14357999266304614E-001   0.69967130662465060        0.34148192438399630E-001
   0.65698093819360781        0.20284514298293164E-001   0.99937250407283684        0.33162419660897384E-001
   0.84831883187910617        0.18791690134910704E-001   0.42796570859565525        0.34296146096095131E-001
   0.52070483190155836        0.17236933454354026E-001   0.56085612476353197        0.34852805329933574E-001
   0.37301175001398440        0.20576028929425196E-001   0.76101689373703918        0.35823033178104556E-001
   0.68509355073560585        0.71866092794168474E-001   0.27210603882499895        0.32991084711131269E-001
   0.49966782161974244        0.20874910606842313E-001   0.70839384790003612        0.34700790307089030E-001
   0.43385634334022377        0.20291077641738958E-001   0.97489093328648047        0.32883597248609626E-001
   0.23240495021960508        0.68781022241994880E-001   0.73828600444410020        0.35969758967127861E-001
   0.26864630790544147        0.67897048934206880E-001   0.88871472444069799        0.33918123393729169E-001
   0.39876420527666706        0.67274688188260670E-001   0.32898624360976914        0.35135259977965863E-001
   0.27538227293234374        0.69543059674641236E-001   0.79178606648396110        0.32615923035514666E-001
   0.71355402399287171        0.20171876527477942E-001   0.13442348539105001        0.32503346330808834E-001
   0.44498824440820983        0.20260641195611575E-001   0.84528144857302301        0.33636459853004938E-001
   0.92448477086077119E-001   0.19289498128026210E-001   0.34413108168302259        0.33941797064765238E-001
   0.61960162569922350        0.20372926103197440E-001   0.85747914410215798        0.35569127562475329E-001
   0.92082727563607236        0.19518790506540745E-001   0.31371585473804159        0.34585938910961705E-001
   0.77861163757724261        0.20377580861690631E-001   0.99471954778482041        0.34010103744822134E-001
   0.25932985149655200E-001   0.69152889217033151E-001   0.81955831616790231        0.33090084107076700E-001
   0.66948521661935956        0.70421294902460699E-001   0.95658999884925211        0.32519296517259919E-001
   0.70801073864616826        0.68093639552240320E-001   0.33254588685439762        0.31674092200249797E-001
   0.22651544676398939E-001   0.68320941798824517E-001   0.73235806409074788        0.33625712863659341E-001
   0.37519385467718158        0.69593424556913044E-001   0.58310349318794574        0.34027042499494543E-001
   0.61125782815252017        0.70420751644687363E-001   0.72422231696696382        0.36144447234632539E-001
   0.99576019031807173        0.68904556847230708E-001   0.39767217763240975        0.35043645883969715E-001
   0.77021074179410776        0.68670613647773909E-001   0.35327698490094733        0.33818586632372555E-001
   0.20924627823398583E-001   0.69189529710457207E-001   0.16420254059284822E-001   0.34400431641317550E-001
   0.85717378814673151        0.17976245275682586E-001   0.10974963523667036        0.35016941086295550E-001
   0.11442943056745664        0.69003242491466943E-001   0.30464296411371702E-001   0.32805542630256056E-001
   0.19566628982083847        0.18933308604972124E-001   0.10669836774338223        0.33606741289811122E-001
   0.26999956665327535        0.19000362046935722E-001   0.22750731725374237        0.34660529456425497E-001
   0.88483066186964321        0.68663732475811354E-001   0.57254233197874282        0.34233715991602555E-001
   0.28318811269026394E-001   0.18923816545745153E-001   0.22176263892599149        0.34479097878591013E-001
   0.27860088121255355        0.18968699657123656E-001   0.11837988618873246        0.31141041483915742E-001
   0.39573879868624505E-001   0.66182170063321069E-001   0.33520038354370107        0.34496391950320344E-001
   0.14247125499500390        0.19324502280601730E-001   0.38891605989966110        0.32570986901914331E-001
   0.29641222902570452        0.18490112323479916E-001   0.29279752217947119        0.33806208626256461E-001
   0.15266504417179175        0.17058398465131266E-001   0.31016734826497272        0.29681791272123285E-001
   0.18237019256935988        0.18209623263370122E-001   0.73732004563212616        0.34201442973708751E-001
   0.18101007471326802        0.67537348783999820E-001   0.59752401968759772        0.32581443584232365E-001
   0.81636771901822280        0.18001438998948151E-001   0.52628142726171036E-001   0.35139771102217304E-001
   0.49925379205432813        0.20287493652721054E-001   0.99411054404629740        0.35216962295150679E-001
   0.74140320275834670E-001   0.69622060272235484E-001   0.87199270983159793        0.34139649849609939E-001
   0.53611155693515522        0.19492478539662818E-001   0.23265865704945493        0.34591118481253826E-001
   0.76810605987165126        0.72113109115431784E-001   0.85721576836288715        0.31423297030300522E-001
   0.75650643427316222        0.69127941104486459E-001   0.49945657494686213        0.31467816856141903E-001
   0.66156677041117884        0.20201722625133742E-001   0.17392212107088620        0.32619878898784205E-001
   0.30781762734952933        0.17441381947146763E-001   0.38753557114075909        0.35108631395663198E-001
   0.41979994971168227        0.20048850790941070E-001   0.57717182451627536        0.32350733270788523E-001
   0.31772398449981820        0.19099189699798496E-001   0.62471434800177625E-001   0.36837479691758289E-001
   0.22558890974160245        0.68875205832213321E-001   0.21195848663810216        0.33773501353614239E-001
   0.34187748653555378        0.70429391230476701E-001   0.79886640307756940        0.33800438672779425E-001
   0.23953041877129649        0.20164277979587766E-001   0.39731292203258034        0.33917098668733617E-001
   0.86620132731609667        0.68980289533108738E-001   0.48050576262140610        0.37519338887430656E-001
   0.87776527642901991        0.17412455850721056E-001   0.36655554897030890        0.33517944642029771E-001
   0.50401157743490632        0.17196141504788622E-001   0.46905942773582532        0.34627344870292946E-001
   0.55557570539327150        0.67761093707997724E-001   0.46247848504323680        0.31976837897845556E-001
   0.92694175230747944        0.68341536088590088E-001   0.72842982841686910        0.34724908838944628E-001
   0.50905749856629789        0.20288007768251428E-001   0.77774782837164558        0.35279650857380267E-001
   0.76194846708526132        0.70368563514115648E-001   0.95380221119227715        0.32671414711923967E-001
   0.73554058296051583        0.68573921342978364E-001   0.41658885520897626        0.34819210147741357E-001
   0.12551616360956253        0.18229602639166325E-001   0.68758395228619262        0.33548793148072437E-001
   0.17885291329951489        0.18779897410427227E-001   0.20301548822209189        0.35023552111580591E-001
   0.98917045001403792        0.68926898035012438E-001   0.20324608709561059        0.31597259800079699E-001
   0.91957115444831858E-001   0.69288033362877657E-001   0.49351522946371623        0.30533615161938605E-001
   0.87323125382337452        0.68764644091401469E-001   0.77505296056663797        0.35576815859076912E-001
   0.13673254978424387        0.68886583721482195E-001   0.43445461852227790        0.34975412454663998E-001
   0.28659321122211906        0.18898195800687728E-001   0.84206828132761247        0.35284333789268048E-001
   0.38497146402041615        0.19915945191006732E-001   0.45091451396734317E-001   0.32571047653481580E-001
   0.12844255716742500        0.68049679809918287E-001   0.73454809694775081        0.34973250805523236E-001
   0.73267484637628666        0.67854210187729969E-001   0.85328033348659099E-001   0.32152994303129755E-001
   0.38337348326403214        0.21274695523691878E-001   0.62981097424863508        0.31322524025858826E-001
   0.57191611956934918        0.19776130448482344E-001   0.13918294627215419        0.31611763384037192E-001
   0.40519483723980382        0.68302430778271347E-001   0.43161549424483153        0.30424004044263608E-001
   0.17787743994380550        0.67977802279696742E-001   0.78325520655735181        0.33564422582851486E-001
   0.44718665700204779        0.17577349342756707E-001   0.32421966585472339        0.34247358812841640E-001
   0.33091278380171218        0.69161229993556270E-001   0.11564834030019452        0.37130682897343364E-001
   0.81515092505045172        0.20580131064133735E-001   0.86247723399098219        0.34925216356733561E-001
   0.43761442773948966        0.68181585808085921E-001   0.27238682616173121        0.33487023314291556E-001
   0.93646834586446270        0.18767014885205140E-001   0.56768741480546114        0.37373962252436339E-001
   0.96978219754518669        0.68517458274630252E-001   0.96842772754237494        0.34033466672521905E-001
   0.69232990868778188        0.18622142862176425E-001   0.43842774047846023        0.34742621136292971E-001
   0.79529588443143492E-001   0.68370174453104712E-001   0.58248920716693486        0.33760756294111786E-001
   0.40886804051763720        0.19365226184703828E-001   0.16699322248331802        0.30846644918923406E-001
   0.82819998292613906        0.69398928224565753E-001   0.71972718951460624        0.33994406057422204E-001
   0.56320704821769385        0.20403321973210535E-001   0.73461595703618621        0.33898442392217933E-001
   0.75704107412219213        0.19170151926467857E-001   0.46063727852337683        0.31748632897055831E-001
   0.61275284478412850        0.65006282349105082E-002   0.52623019186305287        0.30702962035719261E-001
   0.13671142156075741        0.20573501267952654E-001   0.59203589211920071        0.32106403975903218E-001
   0.39512480666042826        0.18198516353559607E-001   0.28190207034826120        0.32760677318009856E-001
   0.67136125356064225        0.20245363183476982E-001   0.90732131760312418        0.36194085587180978E-001
   0.87996035692782426        0.18845491543527628E-001   0.72842545245745938        0.33056923314721841E-001
   0.40337837918951497        0.17354422713713260E-001   0.37560201051799696        0.33227020286141870E-001
   0.88939776197636877        0.17251809001632930E-001   0.62274725816982113        0.35074977424531598E-001
   0.14329503399742877        0.18924924729020170E-001   0.14615774616856964        0.31877733279969199E-001
   0.49035512208660625        0.70928979704038886E-001   0.65885516260610100        0.36258536573654257E-001
   0.83288336838441657        0.68271668117468015E-001   0.38041472171868390        0.34395122129759370E-001
   0.92294086385599816        0.17627218477144543E-001   0.97217960431511830        0.30109749129184762E-001
   0.12055855366335032        0.69505289354879082E-001   0.92287118711238403        0.32419213333723620E-001
   0.40755460610896610        0.70262738767007171E-001   0.86927828948459995        0.33268958356168200E-001
   0.20961021405197672        0.19061552947617574E-001   0.98677395720852590        0.36045490971614046E-001
   0.49574485768248339        0.16928125779513050E-001   0.38417637052831222        0.30529354170262056E-001
   0.87034538468659509E-001   0.19005806686320723E-001   0.18141803153780264        0.34493819571991324E-001
   0.98264835687279106        0.69059499225767457E-001   0.86825201617400094        0.31747560483487307E-001
   0.97470762244417652        0.18933647096495976E-001   0.26996762496122062        0.34780106648978931E-001
   0.41327501172227318E-001   0.19029725414188785E-001   0.38925436430001242        0.32996267932466947E-001
   0.22761137816620572        0.68332497420317467E-001   0.54559548950277614        0.37192269018022153E-001
   0.76150645101813352        0.67821349788044188E-001   0.14297677929353228        0.32282245715795466E-001
   0.28903618486240767        0.69086841128618973E-001   0.34022620604522769        0.34901279471791717E-001
   0.64803020259303890        0.71911832052559618E-001   0.21721911272931588        0.33217871750368097E-001
   0.46548948600526546        0.19505102923588355E-001   0.10720600370068512        0.34486019122285709E-001
   0.55544359657031217        0.10394639119076354E-001   0.50697806827267933        0.29508008911727841E-001
   0.77130923458498113        0.19136619336416125E-001   0.53938723381725107        0.34202105520961562E-001
   0.63819802348549348        0.21931290748722829E-001   0.26427659603568010        0.35952013753484308E-001
   0.11940455789256153        0.18932996062635876E-001   0.24202286635189363        0.34146923372916763E-001
   0.74415112655895710        0.69029083853881248E-001   0.64456104616965704        0.34415755718632202E-001
   0.89246053402926195        0.68817506296884212E-001   0.41409884601417835        0.33762425575312040E-001
   0.18159171507709773        0.68060229753933651E-001   0.69135945587717229        0.33082172723395649E-001
   0.33359719164805157        0.70707215439470394E-001   0.73122012370364176        0.34310796415699354E-001
   0.47963925125465023        0.18943491346172528E-001   0.26664580452720316        0.31114066148806650E-001
   0.94271272137817008        0.18833115925033950E-001   0.40735663783381432        0.37404908945513932E-001
   0.58089958608655967        0.20172551409332780E-001   0.59311900871392842        0.33357980449652103E-001
   0.87909286918925023        0.18758152308950345E-001   0.52781601286681268        0.32240753488833818E-001
   0.66672499493610460        0.20192876780332700E-001   0.56218431582894490        0.35037630994978620E-001
   0.80115555121544424        0.68842806294449152E-001   0.44383978120456907        0.36197478232199765E-001
   0.18058094618021392        0.18230989394674046E-001   0.53551997576079757        0.32053433468122325E-001
   0.69888929906563824        0.21787033696470434E-001   0.22936417854978211        0.34043590595124261E-001
   0.45033674030456106        0.69339446592178486E-001   0.15425144160286527        0.35239821629880604E-001
   0.36784619318755130        0.18326892761437442E-001   0.53655477057860501        0.33597938155727418E-001
   0.18652248500857738        0.18677668817383978E-001   0.44020042340853782        0.34219130910418269E-001
   0.17648197749041619        0.19037086909505934E-001   0.82406431947565006        0.30143714015715410E-001
   0.61370638852737858E-001   0.68908428993872270E-001   0.72978720354032703E-001   0.34633513795718156E-001
   0.58792975353725174        0.69691647601044945E-001   0.24784610999154111        0.32972572286159386E-001
   0.16023473772342381        0.19003265737854741E-001   0.38259857919484670E-001   0.35259745270130566E-001
   0.27658592827611894        0.69125549102837192E-001   0.16232879643135781        0.33962565556049554E-001
   0.22342823968890591        0.69388225343101545E-001   0.83133714675634240        0.32637589925624606E-001
   0.50458497606415187        0.20381497840294360E-001   0.91857603856606629        0.32895343691391098E-001
   0.56562878466333932        0.20385358168503221E-001   0.81567050985721379        0.32653680060410258E-001
   0.34650792563881608E-001   0.68814773022865511E-001   0.52862610053492376        0.35991457284765091E-001
   0.12319293605285414        0.19093287134379772E-001   0.97921855961851356        0.34336422439338168E-001
   0.83591202801699960        0.68646061318168083E-001   0.62405197553053238        0.33589687678239381E-001
   0.28381321087175987        0.17716047555240876E-001   0.64068145885423167        0.32579260949485933E-001
   0.32108025871822743        0.68279934516805973E-001   0.54038303010059785        0.34925337868098455E-001
   0.55403205054751681        0.70381053818061423E-001   0.77644068326067694        0.31902487509893725E-001
   0.26329364355082697E-001   0.19136615053339641E-001   0.87285646261326244        0.34582970153115143E-001
   0.56869206106300707        0.20390910519345284E-001   0.90350127156200932        0.32940165170651917E-001
   0.62960419488753283        0.20352924487505926E-001   0.10414066370580469        0.35787481624893334E-001
   0.61320008311424123        0.70404268429894848E-001   0.90561147138164999        0.33984346439262604E-001
   0.62270655230147687        0.20398010809499299E-001   0.77080124958172269        0.33097876131072845E-001
   0.76406729186409963E-001   0.19026257111512193E-001   0.92656495152516016        0.33363771479427637E-001
   0.24279759774349532        0.18864080071472597E-001   0.33145486041005484        0.31505140941817007E-001
   0.27621638884881178        0.18285432954493749E-001   0.54638847074809072        0.32504856597029425E-001
   0.93101702240407869        0.68952323867344387E-001   0.90719013126578374        0.32915345447114344E-001
   0.15455340314488336        0.69005274597986208E-001   0.86156328178019895E-001   0.34208942511087345E-001
   0.25317634270052092        0.19003584370392412E-001   0.93329332203977655        0.32922841144443840E-001
   0.97527433857774426        0.68055256755840385E-001   0.67657109404250682        0.35208528037538565E-001
   0.87121871000672113        0.69683568587656550E-001   0.31906558705387300        0.33875176021330770E-001
   0.58819016392167778        0.70377315235462728E-001   0.63929162243437232        0.34930261529469445E-001
   0.66292789234322891        0.20240911344663753E-001   0.71556348164767347        0.34915150347419953E-001
   0.62372982086413820        0.70199365284825593E-001   0.58084967570336010        0.33461412107727656E-001
   0.32164117251809099        0.19479160761627562E-001   0.16669422182736837        0.33113619675697169E-001
   0.45031951158014621        0.20412211502857158E-001   0.41523368758854561E-001   0.32869566222935673E-001
   0.14551382591117533E-001   0.18817029987619034E-001   0.63259220815741368E-001   0.34111665318512049E-001
   0.92777975087895803        0.68876503362003322E-001   0.51710479554003663        0.33979457490504225E-001
   0.96581074528467414        0.67897680957888396E-001   0.56481655741761554E-001   0.33696942716614796E-001
   0.57128880201469889        0.60390188075321705E-001   0.54111440603105143        0.33049935183142309E-001
   0.10683868943352876        0.68924646939567014E-001   0.28827501680520445        0.34935852645338536E-001
   0.58006313211801663        0.70489184095555810E-001   0.94593741032013831E-001   0.35069841274039233E-001
   0.90701397108252524        0.68330575938570212E-001   0.20011110015977332        0.33482408171856812E-001
   0.81675031604880755        0.18837111017495044E-001   0.48947124872261427        0.33259960573912471E-001
   0.38691926984124186        0.70764652270415951E-001   0.67288984986286726        0.32902299811899557E-001
   0.41979928765085894        0.67736167973752759E-001   0.85812933727145463E-001   0.34151048675564365E-001
   0.19106026444675850        0.70130366637133207E-001   0.38840877666681883        0.36227475168239633E-001
   0.44025715505394664        0.20900361173740917E-001   0.77035230122263776        0.31992521184031043E-001
   0.87664496590064345        0.68761767604411148E-001   0.95973258419091800        0.33453823352293813E-001
   0.38058157331671338        0.18457267178115327E-001   0.11013192540450521        0.32530650738168972E-001
   0.18783365490500886        0.68937550516611268E-001   0.15378977546387712        0.35496217971416145E-001
   0.11023251066877039        0.18988556197663060E-001   0.84025744000076175E-001   0.32511659499154258E-001
   0.20453409516227424E-001   0.68858742674864484E-001   0.26652558131710813        0.33012997902518833E-001
   0.88544775483433558        0.68265018525214272E-001   0.67577947775558533        0.31056486010778411E-001
   0.56688778906787052        0.20352645209378181E-001   0.98875640523739550        0.32618064165090548E-001
   0.84032091383782559        0.19331644324211639E-001   0.67291549239997084        0.35131390843173155E-001
   0.71698158848987892        0.69096192624572159E-001   0.54993579365667045        0.32218259109070675E-001
   0.35753136931962498        0.67466323999227598E-001   0.38625023735978753        0.35358355983880561E-001
   0.40925799706783828        0.17228697158957831E-001   0.48318945105276795        0.33939711980925845E-001
   0.63951501068621375        0.20079664252565403E-001   0.62522941627018469        0.32892280666696860E-001
   0.63951610237856837        0.67878230800571912E-001   0.54613998950500689E-001   0.33472509794649767E-001
   0.59135447982611133        0.68828046683584040E-001   0.40746373150898674        0.33580800436047130E-001
   0.54911027881630137        0.70402450071510275E-001   0.69385397583418074        0.32132190610811011E-001
   0.74423395893767641        0.71821719070799858E-001   0.23995047293574007        0.34226351302568500E-001
   0.91802554547511392E-001   0.18406426989858199E-001   0.53912678116119228        0.33280138716134847E-001
   0.97436573796957671        0.18936702891390399E-001   0.92060168913939255        0.34533438064586523E-001
   0.90816578253918046        0.67940773811312458E-001   0.10328890986436677        0.36660272109096045E-001
   0.91089797182165155        0.17949748746433593E-001   0.15365003998876589        0.34325664644860775E-001
   0.67542984785940297        0.70295345015424837E-001   0.11596545658879616        0.32800569768450388E-001
   0.79119520811082134        0.21993328912084505E-001   0.24255437799379834        0.34232607461903347E-001
   0.72002330154867300        0.70287291453875578E-001   0.90236588715442667        0.33656090348676664E-001
   0.67030483547285602        0.70367494592775470E-001   0.76501036750052298        0.35509772069466747E-001
   0.30740923411479104        0.66992050634867087E-001   0.43833437228631728        0.35562994936857162E-001
   0.31894341402607551        0.69968270139955505E-001   0.95013891705950104        0.34034978104264521E-001
   0.72204769706707772        0.69958459966851738E-001   0.81106743116466729        0.33291135502032769E-001
   0.47669731685921041        0.70246118049530598E-001   0.81290668639739128        0.33825381395819247E-001
   0.25803832703342088E-001   0.69194871479352535E-001   0.92432426503870269        0.37084833603527913E-001
   0.74184862395256998E-001   0.18055820276442439E-001   0.82151724904500156        0.35539113448621963E-001
   0.16687525953204396        0.18954727714097244E-001   0.92560247869500922        0.34758099020714320E-001
   0.90999140644809040        0.18049315674381252E-001   0.53170617869118093E-001   0.34072249690664705E-001
   0.61693827487495467        0.20409445124113849E-001   0.94820705039201170        0.31796014340628086E-001
   0.25326153196514084        0.69021863069915451E-001   0.97400047707941473        0.31506532825063861E-001
   0.51076309311037960        0.69894996502863169E-001   0.12463503604111140        0.32044104610504949E-001
   0.33068584796385153        0.70663732405714386E-001   0.63433481775221434        0.33152136763668953E-001
   0.43079299756054557        0.14684378060818393E-001   0.22616050761383541        0.32023712929705427E-001
   0.68982454169978258        0.17931726381723103E-001   0.62046476933312854E-001   0.37634830326884680E-001
   0.31627268038539375        0.17191641749917073E-001   0.48932044585288248        0.35940034784142982E-001
   0.53997084295636516E-001   0.18847389313262009E-001   0.11973849586195329        0.33970466416357606E-001
   0.61839853532518196        0.70337514093033252E-001   0.15454468258927573        0.36024717251834745E-001
   0.33979251290551610        0.20703493517393950E-001   0.68174627230773510        0.36294579052453840E-001
   0.51423287632571935        0.19680018264279925E-001   0.32362975887665968        0.32829238818446856E-001
   0.71600210124738928        0.20478248973065653E-001   0.96375477674325893        0.35742621951223137E-001
   0.13241994552564959        0.67016128069747841E-001   0.19258498494790152        0.31943380877996336E-001
   0.64660949503440179        0.68543598653388160E-001   0.44838879074589377        0.33679754207714026E-001
   0.89521992103373993        0.18797943282961711E-001   0.24800582828286533        0.35595265379857959E-001
   0.23304678911640303        0.19244270663883727E-001   0.16251892701378148        0.32232918906123065E-001
   0.21628018904208116        0.19225804122812822E-001   0.87638415447982587        0.34878302242176036E-001
   0.97573787690589375        0.18295603167112564E-001   0.73000452389750314        0.34926342675414127E-001
   0.74175353116969178        0.14265214358428336E-001   0.30077671860211214        0.32627904987781509E-001
   0.45268918039404662E-002   0.68707779556185400E-001   0.11214983481782043        0.33274719641905072E-001
   0.75101692616272642E-001   0.68924935040384355E-001   0.22692937081801137        0.34101468121580630E-001
   0.85767708989948033        0.98776830005784591E-002   0.19246036604883696        0.31438299879537168E-001
   0.72383948626654804        0.20184622064696164E-001   0.85669016913830975        0.33355956157588955E-001
   0.97633504378966729        0.68856178189204947E-001   0.31369925723843844        0.31545482166633235E-001
   0.24606138040430892        0.19059533843319754E-001   0.60473787046768326E-001   0.34729313860346604E-001
   0.27317666835910825        0.67191099561872344E-001   0.49573762690819118        0.30359335155449332E-001
   0.86567643322304966        0.18664339807150741E-001   0.28412630053819129E-002   0.32961457706884786E-001
   0.43696498679476098        0.18972444126381771E-001   0.67502819286554705        0.34080863052370368E-001
   0.28069838025211474        0.69057868488641913E-001   0.31861717720834695E-001   0.32461690706668288E-001
   0.53728577006999301        0.69448952807762268E-001   0.36393323386655507        0.34945441194855632E-001
   0.41600903162982533        0.68510572452922899E-001   0.52948677597471483        0.33342866220611944E-001
   0.90627963761710742E-001   0.18916938122481509E-001   0.43321627874256963        0.33025405800013063E-001
   0.70841600404878668        0.19086120919044040E-001   0.50615073207447536        0.34767008033357805E-001
   0.84020408264154023        0.18835676194555007E-001   0.28495940933943570        0.30651879849340313E-001
   0.44082062200848199        0.20729538648925572E-001   0.91091196751831260        0.31272261250952976E-001
   0.36388570840521756        0.67193580790781277E-001   0.48080189981777111        0.33593614871419722E-001
   0.23510152646422439        0.70206587193027567E-001   0.44351078040423753        0.34270921342672692E-001
   0.84691552453449992        0.68838573674320822E-001   0.24454725053954895        0.33976797482503811E-001
   0.77984255193960406        0.18620875094700600E-001   0.39861665780506439        0.34305604273424335E-001
   0.77225205511641049        0.69022391423256155E-001   0.58379949618614080        0.32488741284950710E-001
   0.47001914581480003        0.71082455784698989E-001   0.56836338453501434        0.33036675148962732E-001
   0.67439145204632078        0.68887737945499891E-001   0.38764616130811064        0.32809931800401447E-001
   0.55597981405010266        0.70356486287394368E-001   0.85972497326139197        0.34579138952925435E-001
   0.86720059186432352        0.68881441726040465E-001   0.87283426446718770        0.35303686304936931E-001
   0.16743507127236135        0.68731465573179593E-001   0.25180949576654793        0.35726026976183087E-001
   0.68555812342627509        0.68858724401563709E-001   0.60857846707991892        0.34214403673473642E-001
   0.83727890754262546        0.18741035138176942E-001   0.57839169491060438        0.33374609791175555E-001
   0.98605436868570706        0.68681460781221421E-001   0.57894929661651340        0.33864928935485913E-001
   0.25443172419891236        0.68472696847226261E-001   0.27356917344626935        0.34213926001227815E-001
   0.93000376201576385        0.69288012597161941E-001   0.35875879461188098        0.33069920838142516E-001
   0.66239848337929608        0.68161048111586187E-001   0.51396401358665644        0.32854069376271021E-001
   0.92574784941336186        0.19428227995276354E-001   0.77879921047161682        0.34908458783475524E-001
   0.59921864032878758        0.19892436290613307E-001   0.20218242274799494        0.34807334349917410E-001
   0.36112081560770409        0.17218265745776000E-001   0.43494940017826411        0.34175354691486207E-001
   0.31261143872578151        0.69198219668734504E-001   0.21749791990284617        0.31643290257852619E-001
   0.60175627168056973E-001   0.18833426731704659E-001   0.28499006963422363        0.33415848771145985E-001
   0.86397199355675647        0.68031499092315789E-001   0.48066607194656587E-001   0.34007584620356884E-001
   0.69925541755707102E-001   0.19230735212856113E-001   0.22863256242010604E-001   0.34285337854195796E-001
   0.41693754478009776        0.70377947161064922E-001   0.14569656423329557E-001   0.32989487916710962E-001
   0.48970620474720333        0.70381813464841000E-001   0.62052478609784370E-001   0.33985121077589005E-001
   0.77136757323255378        0.19521864700126578E-001   0.81053563955852403        0.32671638543341285E-001
   0.35598337940620162        0.19280421478884341E-001   0.22641914882651876        0.35063820915639823E-001
   0.52597550871243248        0.69544198621029354E-001   0.27961855468084462        0.34702970654485382E-001
   0.81261588124459938        0.67961441843918391E-001   0.98638557343661989E-001   0.32841936426425154E-001
   0.31198393613911102        0.21078551402576501E-001   0.90634089196109824        0.31785878232572340E-001
   0.94977776757186760        0.18949821400655927E-001   0.20778813211471500        0.32165474089078633E-001
   0.57319365819298895        0.19190392604664413E-001   0.29123314888447566        0.34413104619028183E-001
   0.65427018154931971        0.70200806066022900E-001   0.66898768701611522        0.33810224736558328E-001
   0.75584814060291231E-001   0.68322428377259228E-001   0.68636615304011817        0.36439285118416563E-001
   0.87317302821255627        0.18829663398234261E-001   0.82430609672602007        0.34547458433212372E-001
   0.71166916803330227        0.70814690429904681E-001   0.13413860634434413E-001   0.33204899266950631E-001
   0.37480335159487860        0.20726704688613231E-001   0.83262446628603970        0.34710520488261877E-001
   0.47392553160843165        0.70870516122457178E-001   0.74608062779333517        0.32963778509238033E-001
   0.92016806039019383        0.67984511055815475E-001   0.82505322933816738        0.32311614759183580E-001
   0.71381130124643510        0.70534694393118325E-001   0.70816549559745801        0.36049932699649741E-001
   0.40978286002452469        0.70798042773786193E-001   0.80108901355287854        0.33913667043079847E-001
   0.80882847736126418        0.70309547559899543E-001   0.90784805095188836        0.32682607703333123E-001
   0.60851429781860455        0.70329219538051643E-001   0.81177015389694318        0.32995190472598523E-001
   0.82254029355399494        0.18822338850228843E-001   0.76712339551737230        0.34144053019794104E-001
   0.36347838328445975        0.19680203393545481E-001   0.96739432421202254        0.34855851671486110E-001
   0.98170255698850406        0.18404989661605208E-001   0.62558596099848274        0.33635565781041953E-001
   0.93513298098255571        0.67050965400547377E-001   0.62157169083041552        0.32386796767647615E-001
   0.45574004073001823        0.67238832322730716E-001   0.47358862966223431        0.34980310062140182E-001
   0.97381413889739421        0.69279948190209342E-001   0.77778070099237573        0.32905154500385850E-001
   0.96860487690841635        0.17547205618516398E-001   0.14685995411978132E-001   0.31006937110838524E-001
   0.21198648638663337        0.69014332458942049E-001   0.92365240944377069        0.32528152706423244E-001
   0.22946042348092208        0.17705619966550703E-001   0.49195921015949667        0.32884699733451025E-001
   0.12262353702634914        0.67993863161502438E-001   0.82391333252534382        0.34006641681987811E-001
   0.47363853545016210        0.70278363134613150E-001   0.95233843104068006        0.34699274176855775E-001
   0.61489183615026100        0.68330326821536613E-001   0.32178808834916089        0.36463483585360647E-001
   0.20730398263637267        0.69065094319135878E-001   0.34993618183020679E-001   0.33415531574094645E-001
   0.79876605092905129        0.71894094504976580E-001   0.19720857703102979        0.33593191728521453E-001
   0.63477386950610470        0.18856671967712527E-001   0.40279491561316316        0.32730321086317286E-001
   0.81305373747086918        0.18424484053159707E-001   0.34133132722653137        0.31899449808822741E-001
   0.34755756851089759        0.69731535595079552E-001   0.15582572628202391E-001   0.36335487496615977E-001
   0.12262615533453933        0.19311843010718817E-001   0.87221851683246376        0.34539820020720473E-001
   0.78841312789991302        0.19045662349138140E-001   0.62603127444485041        0.34810468845326327E-001
   0.20989916709491532        0.18700997835317430E-001   0.27087313008862440        0.32511800404920806E-001
   0.54027918465429381        0.18428801945666096E-001   0.64843841626017107        0.33349645918305908E-001
   0.16911647770320784        0.69330207183418355E-001   0.87318503717845397        0.33677794109215953E-001
   0.22791109307279719        0.68253426628009331E-001   0.64379741915997235        0.33038543635667605E-001
   0.77029054937152042        0.17863096422747343E-001   0.10238172303151627        0.32651652933014676E-001
   0.69900406747850818        0.19153500293338510E-001   0.65528956953742412        0.33704435973792385E-001
   0.88758614894800547        0.18865389037023533E-001   0.91598270341885979        0.33795784958163960E-001
   0.81686138642898465        0.69703266315985654E-001   0.81536234533206620        0.32865694592259465E-001
