 3 HS poly
 400 2
 400 0
    1.0000000000000000         0.0000000000000000         0.0000000000000000         0.0000000000000000        0.10000000000000001         0.0000000000000000         0.0000000000000000         0.0000000000000000         1.0000000000000000     
 T T T
   0.65267985568855524        0.58527999460431183E-001   0.47911005953644184E-001   0.32279889175122443E-001
   0.75376582376392964        0.55936700087027722E-002   0.81333743689439308        0.34285067337802518E-001
   0.57957258197476724        0.55979376132843074E-001   0.65061654172975480        0.34985779822474569E-001
   0.55341453773732108        0.86158708402434524E-002   0.95548445309824162E-001   0.34478743019709213E-001
   0.14143369229208333        0.90788517325905843E-001   0.44236675922291724        0.34409022925193440E-001
   0.81237712163724884        0.64186658555377115E-002   0.42401889686002919        0.31676696819714634E-001
   0.23957552035623086        0.38178971230005895E-001   0.33769777393395162        0.36718308372441784E-001
   0.27005835730746885        0.89140936801277729E-001   0.22804552279223725        0.33460543638854368E-001
   0.80536842593188263        0.52917225999717002E-001   0.15507779338876546E-001   0.34547498796285346E-001
   0.65083875708600580        0.58214750772855019E-001   0.59157879867142471        0.34544603618082703E-001
   0.28007526903228552        0.88259283290590601E-001   0.36651749659587562        0.33688423054242668E-001
   0.54338725521695652        0.58389737020926230E-001   0.50166699143234417        0.34414169448535314E-001
   0.23135761576453942        0.39449775407476975E-001   0.67887621023407937E-001   0.32564914113424798E-001
   0.51854426885378646        0.85459977276259990E-002   0.74703738271932330        0.34683349577491251E-001
   0.87862988023663147        0.55305725678849275E-001   0.41141513270626567        0.32973181448388469E-001
   0.30749212832054518        0.38307354354762228E-001   0.18903397843416020        0.35254092941220984E-001
   0.27646518210674580E-001   0.76873903198309435E-002   0.91559565390861397        0.30969545479178479E-001
   0.70216256790307430        0.61372911889197627E-001   0.99674060898425099        0.29932539534327150E-001
   0.85627966850207704        0.55143558555583040E-001   0.96876307154439256        0.34567678779057365E-001
   0.79940779577619636        0.55706112616675709E-002   0.72884123204225848        0.35141289788162278E-001
   0.93364231673508291        0.55169618722723780E-001   0.10192343201897593        0.32075914967933640E-001
   0.99982065417642696        0.89965642134156310E-001   0.17864542987408419        0.34827214387070475E-001
   0.64487443189523053        0.75962870962113091E-002   0.44595398850320200        0.36293064434544914E-001
   0.23455807928800895        0.39822126409366828E-002   0.88989814691933011        0.31671757670677939E-001
   0.39918437718667439E-001   0.56047132792174615E-002   0.11698703997729640        0.31892977800565533E-001
   0.12574015472075695        0.89277882045440460E-001   0.10879916787667934        0.35028974681487489E-001
   0.81343676045945490        0.55359320450667094E-002   0.86793293502515767        0.34858273151880552E-001
   0.46821375687205391        0.58234923877341964E-001   0.74616663296619556        0.34674079714717539E-001
   0.26344353599079184        0.87155170443122293E-001   0.92356359186501952E-001   0.29460031528738783E-001
   0.37501149460276478        0.31877373266801297E-001   0.18482937340531097        0.32640816410436133E-001
   0.31841930756573716        0.68779954713178108E-002   0.85179035362596212        0.35434005174879865E-001
   0.48610625871236224        0.83463861595451400E-002   0.60460355698077306        0.33460221132795405E-001
   0.49417898520283982        0.58585660493872899E-001   0.45246681491941321        0.34919372097502989E-001
   0.55305606180020916        0.56837151221230842E-001   0.85556657418097870        0.36214766417010526E-001
   0.82125495057582742        0.55018883724635868E-002   0.79886371980813486        0.34626373334501567E-001
   0.10383015412306396        0.14318040883477372E-002   0.97755145847909697        0.31747800883301924E-001
   0.80006560395496706        0.56108968803596393E-001   0.53725630344445408        0.33589287371452059E-001
   0.75645380432097076        0.29458037739203548E-002   0.13495872657691629E-002   0.36764111585641912E-001
   0.94181123246453657        0.51122099002786541E-002   0.14460842254475995        0.34078529832185400E-001
   0.14501199044085558        0.90868899010315418E-001   0.51640633728247654        0.33776515156734646E-001
   0.32266229849196953        0.74821836395938925E-002   0.74205742714423462        0.33302138291030868E-001
   0.65444317266486129        0.87027580338591391E-002   0.92975850696010470E-001   0.34845926291854228E-001
   0.77131231083745133        0.58420587735022768E-001   0.32552649243319770        0.32374825724227924E-001
   0.76639420550750559        0.55523087272119492E-001   0.85876661580905578        0.34327449323524287E-001
   0.56508729629876381E-001   0.54781448476276209E-001   0.74704608292134345        0.34197461616679775E-001
   0.31011718548457978        0.37106828901530685E-001   0.32944334311690843        0.34276631289738714E-001
   0.61981602186209250        0.59412716962563275E-002   0.66460312165338142        0.30655234423873336E-001
   0.76282602748942119        0.54788317962104961E-001   0.22634374768440574        0.34063880550559027E-001
   0.28423168770631402        0.57275409380625857E-001   0.63249539194528426        0.33492065970330755E-001
   0.46007581976967399        0.68496084843012442E-002   0.99827821388089633        0.32966048728114983E-001
   0.44281540679884190        0.28463357090743425E-001   0.31634459525433761        0.34574960674302602E-001
   0.30547946681878940        0.39077401115085793E-001   0.25983015119868058        0.35518073890639573E-001
   0.35016013059641099        0.88191305607152222E-002   0.45164266192901198        0.32309950606031951E-001
   0.61932136200915022        0.55630860148236295E-001   0.70714234786124808        0.34084749704128628E-001
   0.71925030398005874        0.55713855287123283E-001   0.61519867636659831        0.34377582852600015E-001
   0.76649869720480757        0.46258885372167267E-002   0.27514777506881355        0.35439387316000916E-001
   0.95619868789159668        0.64729288674367216E-002   0.78494901932280670        0.32684612758478226E-001
   0.68604474783376990        0.57586810575306492E-001   0.42513989201396324        0.31723707513787475E-001
   0.13352498517368550        0.89459489593666286E-001   0.17509702719675826        0.30996958153360826E-001
   0.90025514525945982        0.52020093122204236E-002   0.69757283717286664E-001   0.36061871746934301E-001
   0.90415697979815657        0.51066889052439404E-002   0.20785793644918030        0.32878483809571001E-001
   0.84313427199521673        0.61115655055077626E-002   0.51709825026479828        0.35336060584917797E-001
   0.72480497775197128        0.57655884536209193E-001   0.37332013667229147        0.32822030729684544E-001
   0.34329317384636399        0.58767777090786323E-001   0.49391134034088496        0.33413749857103388E-001
   0.80188898304825629        0.54907297707511736E-002   0.12557827596770060        0.34016532252509821E-001
   0.19838835486061418        0.92536665998306285E-002   0.57977702587727886        0.33656282022833349E-001
   0.41888029954269024        0.67093373950092060E-002   0.84927303270290488        0.35267995167573708E-001
   0.79307001216100015        0.55284804795350265E-001   0.81874911445502102E-001   0.32816766080077858E-001
   0.55447913135984406        0.57639713776411410E-001   0.48032361162064233E-001   0.33080593893769661E-001
   0.34197764829109759E-001   0.39870560693134563E-001   0.34452626542795511        0.36741383463314174E-001
   0.60250513392364780        0.10826638628179541E-001   0.48286834809919264E-001   0.33639241978684190E-001
   0.54167372379299317        0.86058182343950063E-002   0.44834206273322397        0.34102243743334468E-001
   0.91381511299808438        0.55930292707791797E-001   0.69454046523240176        0.32208899667243718E-001
   0.71403778490148995        0.87711018101382359E-002   0.23120002505062889        0.32984111829344367E-001
   0.73923445640261529E-001   0.90559949591561661E-001   0.52108686641397961        0.36741036519231773E-001
   0.95867348330749211E-001   0.57620626899242645E-002   0.90757859285599207        0.30656613316459986E-001
   0.32107033371505739        0.57370917049804987E-001   0.69252406037900260        0.36906673861368880E-001
   0.33465210135505652        0.88876220743642431E-001   0.15390949719200677E-001   0.33827658910852508E-001
   0.92421295462542208        0.56155306424945574E-001   0.63019098790007222        0.32970521012801318E-001
   0.77949249985174961E-002   0.89920098894207365E-001   0.24721375780720439        0.33625043849345192E-001
   0.92719683452260476E-001   0.48106769727952149E-002   0.77647953246168644        0.33999550411540791E-001
   0.34036419035373422        0.89088166236472657E-001   0.29211607929714589        0.33334027168950710E-001
   0.98743026982700621        0.56272338581774932E-001   0.74894862333623413        0.34727468505568911E-001
   0.39242100250937989        0.10987843285879874E-001   0.50073981359891051        0.32472254388746659E-001
   0.60342673012410375        0.60837611790228896E-001   0.94168762628720371E-001   0.34201802625603697E-001
   0.99690363131465198        0.55246110670335705E-001   0.11959378579989867        0.33536918648665107E-001
   0.56958620910898393E-001   0.54515614932471659E-001   0.81288196651177702        0.31574010139931448E-001
   0.29605954860298539        0.13077148721772520E-001   0.48759624579040778        0.32428858823010047E-001
   0.58199514105609806        0.62683009227623765E-001   0.34667336883519229        0.33027099964584590E-001
   0.96888156474148590        0.40229252905295561E-001   0.42278063022342521        0.33526887234586550E-001
   0.24233021606027894        0.60172712270924758E-001   0.58314936665065054        0.31226685287323662E-001
   0.74317325354878316        0.51774525051342234E-002   0.65576747364820598        0.33517857655192954E-001
   0.97308707178745613        0.54117208617322941E-002   0.75187701238444260E-001   0.36712261240594589E-001
   0.53181682189504076        0.68981827782555547E-002   0.65355596783689063        0.32909971464779517E-001
   0.50958628722694854        0.28510067331420759E-001   0.24431841967284809        0.35657216038890674E-001
   0.17287449063456811        0.36701300545426550E-001   0.27317706204484721        0.30888849552384540E-001
   0.78008180253653425        0.55946504459334294E-001   0.68241525203048881        0.33434511631526546E-001
   0.39452053304635892        0.59249244693018836E-001   0.45063679378399640        0.33526221708715158E-001
   0.81384842643011035        0.54622267738397970E-001   0.27382179131986845        0.33422571630037208E-001
   0.23928454077291947        0.73584676961793664E-002   0.63328762342463296        0.33662698799608960E-001
   0.10838577798281535        0.39981777658689724E-001   0.41067873721801024        0.32628470940415349E-001
   0.32387079641875804        0.67689647724160466E-002   0.94965572108673646        0.35054041216411362E-001
   0.29853084889832349        0.38899753905055089E-001   0.47282507170423954E-001   0.35581189790018154E-001
   0.37600529872961690E-001   0.45345611541701232E-002   0.49058293430202828E-001   0.32809737168667766E-001
   0.21971400612698458        0.56326532258113515E-001   0.79330609150485698        0.33650586872675907E-001
   0.81122727408287953        0.49722444754211701E-002   0.22231618154390648        0.33757205189222990E-001
   0.72138453214787657        0.42039047769294414E-002   0.32841909319592827        0.31825775540220626E-001
   0.59112179038806911        0.83630267909559838E-002   0.39768022060021174        0.35794832555636771E-001
   0.98809517169830030        0.55570869296867734E-001   0.88631994960145466        0.35004180095772754E-001
   0.50339535801548752        0.56688530347529291E-001   0.90519084213054324        0.33814902884753043E-001
   0.86951092747790959        0.55679233614950203E-002   0.36660386376062443        0.34528995690386415E-001
   0.89515723764705557        0.52897075211041046E-002   0.32506819379973768E-003   0.33195174212030103E-001
   0.26274779265356252        0.65926585925887866E-002   0.81013110808271749        0.34094867003122670E-001
   0.70506643770193966        0.55463440694109724E-001   0.90570552523167625        0.33214700891899165E-001
   0.89992576935738899        0.62359560642517749E-002   0.58994446437071568        0.35467998538165943E-001
   0.51744113707756223        0.58547463403570955E-001   0.79462822436221536        0.34333335908551775E-001
   0.76978530543345103        0.76621204231919430E-002   0.37349260095837339        0.34395066964506366E-001
   0.41982542123678751        0.58527972530324796E-001   0.69667654983453209        0.34528122653833170E-001
   0.60050028844208081        0.97060913950582483E-002   0.60194809319305709        0.34993783929150472E-001
   0.16992198373682735        0.35019693919062242E-002   0.96762235233365346        0.33827272433338655E-001
   0.85915388390183878        0.46046836271273770E-002   0.27067339693019049        0.34101674040047415E-001
   0.60718593117986819        0.56250349489623097E-001   0.80694753632468019        0.33902880477907744E-001
   0.88322001323759625        0.56829969346640710E-002   0.86150029955752139        0.35155010111598578E-001
   0.63750148421960207        0.84199495817920706E-002   0.54404786151582629        0.33256281396963239E-001
   0.52914544695754484        0.58249303274556345E-001   0.60581893072689863        0.32403073614044264E-001
   0.44439868315697478        0.59420460758721066E-001   0.40791815237043638        0.31837977180092417E-001
   0.86318416184220470        0.56148736190164340E-001   0.55978811347089841        0.33368775055158742E-001
   0.96255171404126671        0.62583236893007923E-002   0.61477594346747977        0.31761902678143633E-001
   0.81927515101209381        0.57424332460917299E-001   0.37663271218411593        0.35729357077209201E-001
   0.19957475864758486E-001   0.63393891557729292E-002   0.71455980193871682        0.34052749184445903E-001
   0.67133953720944972        0.58490605180669113E-001   0.23640776101447997        0.32146640779060015E-001
   0.88907023276514374        0.59106816409889408E-002   0.65869959335627593        0.33911647773170191E-001
   0.72379265210869570E-001   0.89884255694612683E-001   0.37931356551876777        0.35128910028284999E-001
   0.64074992284801707E-001   0.60513144407168276E-001   0.94331655952748084        0.33044549398461513E-001
   0.91295320181051776        0.39839953499439716E-001   0.29029624094624129        0.33074101028999631E-001
   0.11003671933432806        0.40590868480358713E-001   0.48153697053762751        0.36244969043312050E-001
   0.43821342800769725        0.59302248293153760E-001   0.50131398631211832        0.33320026077159302E-001
   0.23212108812812210        0.67935580274360932E-002   0.75020066217907455        0.33161845355611459E-001
   0.69865395904691296        0.32997205111184530E-002   0.42863936546764389E-001   0.32037211187007454E-001
   0.33923576398839522        0.83406118243732841E-001   0.22455727256594715        0.30233374480494579E-001
   0.44297761425252175        0.92241427325021955E-002   0.45375947108937426        0.35727804049152025E-001
   0.41887308040711863        0.86336574260404420E-002   0.74548704817395561        0.35186023375394358E-001
   0.92592757679029525        0.55442358774335704E-001   0.96448598498108584        0.35053267476645625E-001
   0.98994851012008733        0.89869209789807544E-001   0.32507057849668636        0.32790342473144544E-001
   0.17605064212624717E-002   0.90149511464853796E-001   0.45710764266057763        0.35211683260119475E-001
   0.64538247088193246        0.57866364825563316E-001   0.49736455196159457        0.35171997460407799E-001
   0.65561199137603487        0.69130755068323438E-002   0.81212665009005547        0.31783223267448264E-001
   0.46781006421285753        0.85712425357042880E-002   0.79734818782057382        0.36092279797439418E-001
   0.77467962677676883        0.55003825169107172E-001   0.95326526463360362        0.33487506876092345E-001
   0.11450395028110023        0.40650246220226505E-001   0.55257306510942916        0.34874320961732055E-001
   0.31958286941514086        0.35348630613898167E-001   0.39798483471506135        0.34887368641102645E-001
   0.43636502623948159        0.34729669221134137E-001   0.11504039214590157        0.33397043011579620E-001
   0.81855733386133145        0.60006058208462469E-002   0.65332230521831403        0.35940860108960679E-001
   0.17234425738293313        0.39468378115380537E-001   0.20928246762756639        0.32882967705522667E-001
   0.50455868761395228        0.29989845029041728E-001   0.17565989767784079        0.33139586863326340E-001
   0.70517580649294420        0.55612072294770012E-001   0.81302098048062221        0.35315675636694098E-001
   0.65224530103795653        0.60684252451939862E-001   0.14233120884168490        0.33713087606628986E-001
   0.12946801576813602        0.49864736049644032E-001   0.94085727977449907        0.33244487599098829E-001
   0.40685606851556594        0.78473288089599261E-001   0.28541669976635375        0.34308812187167907E-001
   0.40471382425537034        0.81351543456458605E-001   0.15161565008896330        0.33672462057157071E-001
   0.61418140147429057        0.47767183704199570E-002   0.75740132560319451        0.32545709836071732E-001
   0.78131680585068508        0.55482119856790024E-001   0.77843531636802921        0.32529753020157717E-001
   0.88909213116685648        0.55183200420834515E-001   0.49649342980831340        0.34954907808289956E-001
   0.75268127664415962        0.53951573813814227E-001   0.13350757364936275        0.32715529575920298E-001
   0.19973087586749230        0.89336555623820840E-001   0.17150037265311022        0.35217739333394046E-001
   0.55333001997476716        0.57300294430549292E-001   0.95239482221838734        0.34831098080778729E-001
   0.17042411027646026        0.38392593369947409E-001   0.33652297564334077        0.32438674426620219E-001
   0.12392122495613385        0.54543041873326474E-001   0.87252427771093732        0.35417631130688430E-001
   0.65025732542348469        0.10144359120127122E-001   0.90448369902982884        0.33270063221659776E-001
   0.56499870372014216        0.70541267023134790E-001   0.24299752013201947        0.33881247891327883E-001
   0.21088213667476519        0.50335740621436101E-001   0.99430025505713038        0.33815264938245451E-001
   0.15773929616542742        0.68869254581002022E-002   0.76078420685591897        0.32879767902538111E-001
   0.38862427165453722        0.29035339306720576E-001   0.39064000187689002        0.33883292606339890E-001
   0.73947471770520545        0.52905801225200749E-001   0.45464421858614226E-001   0.32013064249818916E-001
   0.74415317421211713E-001   0.91507016082908940E-001   0.24251355607606723        0.33067965052193636E-001
   0.85918631331704909        0.55249898992128357E-001   0.10276299501697644        0.36519340775480455E-001
   0.98718852858081152        0.56835457786024918E-001   0.81749714238488491        0.33807400238331939E-001
   0.19099538451251125        0.56868223554543906E-001   0.72911197435864050        0.34859891933936120E-001
   0.25344664581456061        0.89193042936886638E-001   0.29922363252841675E-001   0.33732478020429522E-001
   0.43876996165840954        0.29088211395155297E-001   0.17932743480442034        0.31064958359128803E-001
   0.89793748041749055        0.55122616708936957E-001   0.16264408868837699        0.34800716235681713E-001
   0.74697763111641868        0.31131354811498608E-002   0.87069574053330656E-001   0.33071871637953859E-001
   0.48999597719127530        0.58581161117266904E-001   0.54890595896619498        0.36634899443235933E-001
   0.29866250854214826        0.38556278442386030E-001   0.11854390485634422        0.35613556667673553E-001
   0.10363070480386539        0.40218233885222894E-001   0.34352410219952534        0.32672999315458508E-001
   0.68553495222141991E-001   0.89748508745646424E-001   0.17506348059782187        0.33970264216946627E-001
   0.41671872282741312        0.56810946107241828E-001   0.89819568719239340        0.34573589986668533E-001
   0.32344506548840668        0.56791970191828300E-001   0.90094059096351531        0.34714169244572726E-001
   0.55653253538784232E-001   0.55539995409635091E-001   0.87749278519525298        0.33027778074065588E-001
   0.36694068040124955E-001   0.39953947893729448E-001   0.21036431943286052        0.34847433369498033E-001
   0.24185761796692706        0.93923525721499798E-002   0.52690284825416878        0.34621435022398256E-001
   0.33141516994750259        0.88579369516453899E-001   0.83013949668082274E-001   0.33872209791203929E-001
   0.12205255395041043        0.56547379821199978E-001   0.73944894638692404        0.31591784235049242E-001
   0.41881129154475594        0.58707533011549878E-001   0.79401482463542206        0.33827351918736571E-001
   0.59170225518366981        0.58244989191871002E-001   0.44984546090772598        0.36335531215576471E-001
   0.55717873433936804        0.60994980013021186E-001   0.14572394994681884        0.34786053178582257E-001
   0.43978343430695332        0.28991120159864686E-001   0.24797400237784492        0.33849478669250477E-001
   0.99878205074665660        0.87601203967233823E-001   0.38898528849825070        0.31596172990332329E-001
   0.82325658000877189        0.56326536025308398E-001   0.46947190699534708        0.36135853097122798E-001
   0.58426153923518374E-001   0.90592557632366941E-001   0.59147752764382622        0.35273460660888240E-001
   0.65256528252329704        0.58398273103562319E-001   0.85766686394403890        0.33729080031835210E-001
   0.44702009498499923E-001   0.39812856219365596E-001   0.27658482261803519        0.31777995254829418E-001
   0.19316239754108350        0.57885226162639761E-001   0.62545179130835038        0.33239774789319360E-001
   0.45215161890250016        0.53939466205673164E-001   0.49166111902277369E-001   0.36768279065170689E-001
   0.83069337429720214        0.52738353310310092E-002   0.57919739568254636E-001   0.34019564479363433E-001
   0.43508484837360467        0.58462517589072595E-001   0.59927573880894269        0.37869311925667073E-001
   0.70576737469045603        0.57695089254809484E-002   0.76391264844381901        0.34609186376429645E-001
   0.19656380355643094        0.89477086509918285E-001   0.10006728238103695        0.36259515129602855E-001
   0.28444013444313365        0.99303758636818118E-002   0.58347199079141088        0.33586708972383875E-001
   0.18318455743757658        0.53767386848226455E-002   0.82015844117403458        0.31473081542842778E-001
   0.66421193660545419        0.56029290585035956E-002   0.71032496772184828        0.33038982599771914E-001
   0.59227766152344286        0.58409839498489990E-001   0.55208077563242053        0.34599464338499357E-001
   0.53796887992447329        0.12668825306425241E-001   0.35023852519188498        0.33557253587400381E-001
   0.79005562171770705        0.56025654187500197E-001   0.60906702322139772        0.36618290887644254E-001
   0.33517945074033173        0.58632321783579369E-001   0.58752442531362459        0.34452808631389477E-001
   0.23927431091121093        0.39058613436941954E-001   0.19662946226573907        0.33054899112860504E-001
   0.93414220165982931        0.90984007795300678E-001   0.46115435455227766        0.32525212219558765E-001
   0.17565692484316126        0.38606789735365715E-001   0.40648123528363378        0.33931497409277131E-001
   0.23967679644671011        0.60820398143188821E-003   0.95671455883829837        0.34670977298548643E-001
   0.91824845015570311        0.55470455142662516E-001   0.82721778957454650        0.32862306828542180E-001
   0.50310988851968552        0.68139880298307733E-002   0.85844463855153463        0.34483714621900939E-001
   0.63534758721061046        0.57450858832008657E-001   0.38458898806866010        0.30976185317666570E-001
   0.14199774259343220        0.54260932543111012E-001   0.93708462716075597E-002   0.36475615210025021E-001
   0.70150674233116980E-001   0.89769123356242833E-001   0.31039035214294508        0.33594962397835486E-001
   0.37292586905282721        0.30990826306877502E-001   0.25047148039408190        0.33006736404416967E-001
   0.38287726214949241        0.84849812813964313E-002   0.59265452558267351        0.34698452886699697E-001
   0.76696485002929948        0.59782727570381628E-002   0.56646168016623211        0.32972628915079502E-001
   0.46274683073022121        0.55625106398656476E-001   0.84626218237706141        0.29995155275516831E-001
   0.49656947348105412E-001   0.56344909474669802E-001   0.67926859342964641        0.33857755276965273E-001
   0.14030995706972607        0.56833248969529675E-001   0.80379318768475383        0.35254777213020339E-001
   0.19462137846895194E-001   0.56156474199005706E-002   0.85171052988027585        0.33334819849815303E-001
   0.89021451062099100        0.56942349065909259E-002   0.79302431842601762        0.33643489484010920E-001
   0.50502945372991503        0.56924477820864905E-001   0.18344363525649712E-002   0.34244074249741255E-001
   0.53564336337411533        0.56673099260297614E-001   0.30155221185597419        0.31836255330576449E-001
   0.18065539411267742        0.43971580531813499E-001   0.47490303978333659        0.34712685712975283E-001
   0.28924136741431916        0.59414528458850570E-001   0.53577503272330196        0.34742905940376628E-001
   0.56559532866063567        0.16458746596432216E-001   0.19524451993568695        0.32342422048396477E-001
   0.53013260503135995        0.56626048838549305E-001   0.69737656245443647        0.32917936446593611E-001
   0.10931875169280147        0.43753964313508642E-001   0.27273523122648258        0.33045557202555309E-001
   0.37657782507582838        0.33234949930418929E-001   0.32475033910177259        0.32240535090384416E-001
   0.37480024676737722        0.58536113138104640E-001   0.64432579678635105        0.34428886773151694E-001
   0.65982756439521140        0.10677459463804979E-001   0.18913291766636012        0.34868909806627560E-001
   0.61458172113836484        0.20566674630850421E-001   0.24349374754760295        0.36451187659790378E-001
   0.36842326164213252        0.58934505959121378E-001   0.84926704994275426        0.33824049428908452E-001
   0.85788839407496842        0.55970367232173260E-001   0.62619653309133705        0.33127825521878179E-001
   0.27231909200153515        0.88207117368456156E-001   0.29807346522531797        0.34969928887292945E-001
   0.13969171654209239        0.91784276923677507E-001   0.24042953800457947        0.32182434267709038E-001
   0.10485379605376875        0.43820025174709015E-002   0.44049269888775312E-001   0.34614630671590978E-001
   0.75417184248215718        0.52380398032989099E-002   0.90808933477548837        0.36726426677952333E-001
   0.87009964322927347        0.53102463511993554E-002   0.45398881438475319        0.33238459463623915E-001
   0.14457047761545810        0.57306487975553058E-001   0.67549267831987569        0.35999134290706017E-001
   0.23385602294494772E-002   0.56342469675462303E-001   0.60766052441279739        0.32393748960501886E-001
   0.95874416778187296E-001   0.63827895763512782E-002   0.69978481666542935        0.37202419487012237E-001
   0.55433993166930151        0.72193404422636956E-002   0.90517917037257867        0.33858802593281445E-001
   0.60527880793906708        0.11364034717054990E-001   0.14157839105944048        0.34330375272422310E-001
   0.55366532520897882        0.87245638777281431E-002   0.15426375365605613E-002   0.33935271480110558E-001
   0.77413570333255322        0.68184239899302364E-002   0.49288004278484582        0.37424436550431310E-001
   0.47064532260910313        0.79077244255600310E-001   0.21033740580926097        0.35834733050225158E-001
   0.91886491868548326        0.55696193549922550E-001   0.89492278094741873        0.34735753577340385E-001
   0.37008778033924700        0.58600865191658746E-001   0.74478692728441265        0.34609370633533164E-001
   0.47051025909522221        0.84696166624758845E-001   0.14190796809129255        0.32803563657486011E-001
   0.43974294001300801        0.84794221562399536E-002   0.54760519109953965        0.34120991309297070E-001
   0.36743059204934786        0.87503601847413511E-002   0.79734172359432232        0.37841815365075970E-001
   0.28732817692865159        0.83183275145690863E-001   0.43144200971027130        0.31741979125499330E-001
   0.40207628446430455        0.81298862343192072E-001   0.21835074004918634        0.32887903017072936E-001
   0.58899299492780388        0.82742567242553716E-002   0.49844429223445141        0.33251097115944053E-001
   0.40069222977234825        0.86612156328687087E-001   0.16624372202901378E-001   0.32217054041458172E-001
   0.33790470734127187        0.86967265890620250E-002   0.53981985094947349        0.34622273456798948E-001
   0.88812409109748824        0.49141815095133275E-002   0.93265189110485569        0.34209300861835830E-001
   0.27706269997228522        0.56974050812080027E-001   0.74759256268453544        0.33548591256764529E-001
   0.97884458780029970        0.54687753970049602E-001   0.67131960023196802        0.33552393368295713E-001
   0.40527653380499642E-001   0.40453357884946341E-001   0.48357852870884449        0.33133706637645095E-001
   0.73627728630092659        0.55769448786199785E-001   0.73160700959637492        0.32270187433136997E-001
   0.62565979485802425        0.12667754061198303E-001   0.33702835577391255        0.34015085888715310E-001
   0.56892178354747136        0.54625538043188926E-001   0.75137422711856472        0.32947727285895373E-001
   0.95758505608295219        0.55158285760141786E-002   0.92588962459359858        0.35536064408216682E-001
   0.85872823631125417E-001   0.46041538978777857E-002   0.84397531033809781        0.33511087400492988E-001
   0.70487940035745977        0.87826431274869079E-002   0.13805318844061915        0.32776664603655636E-001
   0.20137692860983566        0.88203322494496306E-001   0.30546890563263135        0.33800570817595105E-001
   0.84807148300545521        0.55595405342005189E-001   0.83354717248941268        0.31794539491797662E-001
   0.26973047239453074        0.56901951333930369E-001   0.85693179638597694        0.34417362116496139E-001
   0.50621925113256261        0.57147840578394428E-001   0.93585712161562848E-001   0.33238378580528125E-001
   0.10538716754039297        0.39425371159111045E-001   0.20614350040949617        0.33756782025111995E-001
   0.77191809544605650        0.57084326984821687E-001   0.42458636864484900        0.31561512660212870E-001
   0.15644912874471864        0.39543833396911733E-001   0.75118493689657576E-001   0.32336408942068115E-001
   0.69464261524233195        0.72756920193172044E-002   0.50260021018556456        0.34701072198048306E-001
   0.32793069683281745E-001   0.40643347284786663E-001   0.55056276688474548        0.34163847776439535E-001
   0.57275445600851549        0.61918105144132228E-002   0.70697980056653154        0.32667013782216488E-001
   0.96772933932724259        0.54400959968291234E-002   0.99518076655990206        0.34312241456049247E-001
   0.54244954468241624        0.83279031218826752E-002   0.56030120480096857        0.36388038606787694E-001
   0.36817238656398199        0.57528514435089495E-001   0.96582334491993072        0.31559702233778256E-001
   0.37016125840317893        0.67812297074221622E-002   0.89857030110379243        0.33696201781185674E-001
   0.42185916712659760        0.84700645038725611E-002   0.64947057985935397        0.34165579341082414E-001
   0.72937473650763107        0.69177151648282314E-002   0.42870127287260212        0.33980727549557339E-001
   0.69942213647803453        0.57236107756086689E-002   0.57189125634253646        0.34639342522571656E-001
   0.26865851891815445        0.88370219491619745E-001   0.15849659522092832        0.34929799244919187E-001
   0.95756397471694432        0.39903279704534299E-001   0.35593581417000253        0.34263833508165094E-001
   0.65473885261677267        0.60763922225148273E-001   0.95191078632830539        0.35306285096295673E-001
   0.71844902294726065        0.54599922921768490E-001   0.28440453496394408        0.34489828309804176E-001
   0.69950773772474717        0.58672209814091991E-001   0.95898977394656248E-001   0.32502318450998428E-001
   0.54064300956510847        0.59116250293189267E-001   0.40028735332356130        0.34767510195392030E-001
   0.16126615980554554        0.39337780307205625E-001   0.14183442658003692        0.34459946747296182E-001
   0.41428900998078438        0.78927620965867806E-001   0.35329640531867085        0.33490607004711327E-001
   0.47276958738261326E-002   0.54519522593569507E-001   0.22370621895708910E-001   0.32696267488718893E-001
   0.85342489029137636        0.55508470746951755E-001   0.76248964036585465        0.35067568201502010E-001
   0.94236671614844836        0.89901711088851227E-001   0.25902628983324838        0.32756127659778214E-001
   0.33727801217915843        0.88243685394641141E-001   0.15092449872375874        0.34098599510132804E-001
   0.93708307018703710E-001   0.40530077266819224E-001   0.62768120052951415        0.35782904148427504E-001
   0.20437381650710956        0.88351168532579072E-001   0.23914003236347539        0.32582620711559103E-001
   0.19649936217173708        0.54510832495296785E-001   0.92689532479164105        0.35165748010484048E-001
   0.24850253853590812        0.59248519729395023E-001   0.47976421080116333        0.34285027906079089E-001
   0.60348200694885046        0.59214270342755650E-001   0.90481813126961863        0.34311692607530787E-001
   0.24984034382480430        0.33293430265536099E-001   0.40953033468673683        0.34305049836093962E-001
   0.99760851618497071        0.55206404928837008E-001   0.95535582304600752        0.34646675342835546E-001
   0.60450095596654341        0.75121116944655668E-002   0.85471709406521890        0.34352125463956634E-001
   0.16864289781086531        0.45385403081092653E-002   0.88876631722433275        0.33574778421314164E-001
   0.57428988397864633        0.66985691111043424E-002   0.29662660195145613        0.31441065883532793E-001
   0.85900154957149111        0.57601926891012178E-001   0.32184759177091010        0.31899428320769162E-001
   0.81927209938813661        0.52342687481462405E-002   0.93783712352411486        0.34818397898719086E-001
   0.13457221567995262        0.90398449727371655E-001   0.59781365403499254        0.35260303709183052E-001
   0.72931944872939258        0.56879411197225616E-001   0.47274984214686366        0.32610123099148347E-001
   0.36963699079443763        0.37353486420209053E-001   0.47258035204480735E-001   0.33505812336282755E-001
   0.48265844442708927        0.60086739905120638E-001   0.65142972974393865        0.32703301398668942E-001
   0.73227692570518366        0.55711801717530235E-001   0.53902577583035249        0.33532961425269965E-001
   0.49666885660009291        0.86065835695728829E-002   0.49961675310701020        0.33828866021776281E-001
   0.81624195558075330        0.75232017291170673E-002   0.32344864489446518        0.33828642048454934E-001
   0.34719776451097206        0.85319114769253357E-001   0.35993225502500026        0.33718238145149300E-001
   0.85932426236463699        0.54955972919291732E-001   0.22175878841476979        0.35494952551886859E-001
   0.60753340836423608        0.66333611427872613E-001   0.19150195780244983        0.32928331876812732E-001
   0.13557615902143830        0.93600770742355621E-001   0.30553454432326838        0.32122161909369826E-001
   0.61991565676261307        0.61985248978760857E-001   0.29597163684021988        0.30199601215535790E-001
   0.23878227722088374E-001   0.49112149691809444E-002   0.78367536448569641        0.34781433881943699E-001
   0.93317919659636472        0.89945767763821280E-001   0.39498394489204197        0.33657168240204462E-001
   0.60387151568318442        0.60877327604506960E-001   0.84582826659329829E-003   0.35254536141098483E-001
   0.47280537463988487        0.10264555220910028E-001   0.69531447319282746        0.34380931018398155E-001
   0.96299175415965432        0.40719749451147702E-001   0.21442903353484744        0.36161581121086160E-001
   0.47592847732097443        0.78412185528133227E-001   0.28112879573549732        0.34847062400233532E-001
   0.23498686373136707        0.57372156749369810E-001   0.67735798048015694        0.33061680007251695E-001
   0.39962649003380207        0.87593392646868301E-001   0.83243249068193872E-001   0.34296045375255775E-001
   0.67826168852510982        0.56515752722064664E-002   0.63722314542320269        0.33862464012380987E-001
   0.32861101759452288        0.96775366862399612E-002   0.63507051853620866        0.31177926216761964E-001
   0.75798229615829404        0.47333559419942359E-002   0.17937355715846351        0.34588821950166687E-001
   0.94973417819625386E-001   0.39703223052623624E-001   0.14138785749141958        0.31781968706262535E-001
   0.69578581196746792        0.55641265464144413E-001   0.67936194778897474        0.33680145833847437E-001
   0.50471048638341687        0.69811896111328514E-002   0.48149228843748629E-001   0.33399573027601458E-001
   0.60247241614835145        0.10708321938937849E-001   0.95252949440592494        0.32748861367551528E-001
   0.98991697654219124        0.90672677996775544E-001   0.53000364412766909        0.34808370975582259E-001
   0.97948640969598155        0.39830009503806954E-001   0.28246789116437016        0.33680912747033165E-001
   0.45645365140853311        0.56894391392239979E-001   0.95389120412537309        0.33808901658127451E-001
   0.56343182098704658        0.66324676691563575E-002   0.80118185468511394        0.32459229916968819E-001
   0.88346966799646909        0.54844078573856670E-002   0.72606553699943288        0.33654137418299139E-001
   0.92394588584590798        0.51759221457766272E-002   0.52603940093824364        0.32751880048780310E-001
   0.67910376232922987        0.76617757749683456E-002   0.38092687655479412        0.35284961692699610E-001
   0.49171491824003738        0.62690955650856792E-001   0.35109179409279445        0.34476142000765070E-001
   0.50775363517856864        0.73774294026462657E-002   0.95337397202937024        0.32434410624865649E-001
   0.14222414507810655        0.88388453118589991E-001   0.37221294700709195        0.35033601796254456E-001
   0.71306119912901159E-001   0.90575196151198370E-001   0.44918535853230135        0.34750054372026697E-001
   0.19184119652449461        0.73099387369023666E-002   0.68259174511726972        0.33110632655512173E-001
   0.49063749385979305        0.10199994604148103E-001   0.40177792741294516        0.34670496121167710E-001
   0.92113956558828647        0.56922682710716724E-001   0.76064933493775055        0.32544471783563636E-001
   0.95138911077677679        0.58802268848835489E-002   0.85679721479702586        0.33145144720118168E-001
   0.71130493348528334E-001   0.54357774226791611E-001   0.10941847011787399E-001   0.33986023433266330E-001
   0.84729765679722635        0.56016684021453073E-001   0.69337904168864162        0.34261581575906648E-001
   0.70254146085843983        0.10746235125024484E-001   0.95617918062284346        0.33956690789487494E-001
   0.40972076152649989        0.70012898938025996E-002   0.95384129013135988        0.34114730349164991E-001
   0.80761602464234206        0.55031962532844474E-001   0.17354272724780634        0.35169502933385520E-001
   0.85249216889223278        0.51099063599231781E-002   0.16853724814483792        0.31923877869191784E-001
   0.65071299360827650        0.10785060910680514E-001   0.99916887895414863        0.33164520482365845E-001
   0.22947021424699654        0.39563440217388647E-001   0.13262032198716936        0.31610863768775505E-001
   0.67035001718348275        0.46121986693337478E-002   0.28512499631321486        0.34847169742304743E-001
   0.71778023965277798E-001   0.54484903035085297E-001   0.80176190823859975E-001   0.35240351390302529E-001
   0.37130382210988411        0.72890776232546230E-002   0.69526391933448806        0.33953982958087027E-001
   0.18747790579708970        0.10884328475339474E-002   0.32584342357140708E-001   0.32718463218652349E-001
   0.83043479096653705        0.61963458237713097E-002   0.58557349615415277        0.31673294343985713E-001
   0.45989779438637574        0.67388409300611300E-002   0.90960504652304541        0.32408389995228638E-001
   0.19890755468858529        0.59326494570595051E-001   0.53719962018200784        0.31956608631051285E-001
   0.27268140004352887        0.74182797150522620E-002   0.69781558109700270        0.32755105899289476E-001
   0.92276697913075512        0.89866555354364427E-001   0.33037808594171930        0.31696231312732900E-001
   0.31652761909885158        0.58230769420160838E-001   0.80195998277768665        0.32258476217837680E-001
   0.93745104231605292        0.55402527349603450E-001   0.34203028953295966E-001   0.35483147681968676E-001
   0.26180735398757454        0.50631296828145260E-001   0.92129554439360684        0.30454517303353391E-001
   0.94352217583343934        0.54932458584880384E-001   0.56611290591451802        0.33882470470589524E-001
   0.70775368972374941        0.58826134712827730E-001   0.18180674663487895        0.33397920586477288E-001
   0.34789164392392415E-001   0.48050443025148062E-002   0.98300584780992428        0.33205349763898766E-001
   0.28627746269804871        0.55773855989988963E-001   0.98079695129801414        0.34069878129306529E-001
   0.38755305287144381        0.60657438595851682E-001   0.54463812448741478        0.33068428942252065E-001
   0.36778508280461708        0.37668819486510415E-001   0.11623093029445689        0.33484466720635715E-001
   0.86956202188680998        0.55241136329268019E-001   0.34412492241714110E-001   0.32380986169170539E-001
   0.20163015010582211        0.54693933286392452E-001   0.85836848200529114        0.33475560777400881E-001
   0.84969614804170357        0.55528172652081043E-001   0.89991027349674879        0.34581335156392008E-001
   0.19120673396894078E-001   0.63042762979609165E-002   0.64659286256493542        0.33126128709146073E-001
   0.65886110487903093        0.55099787182334672E-001   0.76189548153910924        0.33448855356115442E-001
   0.96626151592341103        0.40951608605805635E-001   0.48975294480676751        0.33395597702796952E-001
   0.38063653519952056E-001   0.40294518757585940E-001   0.41539405499907678        0.33802901844447397E-001
   0.95165325465476214        0.58732500319326822E-002   0.71695931409702318        0.34272392678740389E-001
   0.21042359335830127        0.88196454759737808E-001   0.37720902962780939        0.33313810732425342E-001
   0.67366526917938685        0.57828054782396804E-001   0.33351206936637007        0.31976903643646117E-001
   0.70163667930676465        0.56077093185011757E-002   0.86083761025115335        0.33910547569662386E-001
   0.23695571280793354        0.38226124887295876E-001   0.26760866204778844        0.33406700234997179E-001
   0.20813419668058245        0.94089187002589475E-001   0.44155328615223227        0.31255737176334265E-001
