 3 HS poly
 400 2
 400 0
    1.0000000000000000         0.0000000000000000         0.0000000000000000         0.0000000000000000        0.10000000000000001         0.0000000000000000         0.0000000000000000         0.0000000000000000         1.0000000000000000     
 T T T
   0.32510261073570079        0.79240480250951817E-001   0.36946510837550134        0.32066746658750901E-001
   0.76726625916209212        0.31103307723100562E-001   0.68656010216256436        0.31659378940172102E-001
   0.42282097369697302        0.31481644323596465E-001   0.22649301639005767        0.32964712298844005E-001
   0.29828479001236485        0.79838745782291054E-001   0.27903007423791837        0.35121119766276285E-001
   0.98474417890169877E-001   0.82034993223935704E-001   0.11934272620833367        0.34753729994261837E-001
   0.34276932336606036        0.31961561556276850E-001   0.25795019273427916        0.33000043035738086E-001
   0.63331980935980015        0.31651587576646885E-001   0.83063169493449551E-001   0.32393759372163336E-001
   0.47048290750250554        0.37316407902444323E-001   0.47451177168028036        0.36801956883502095E-001
   0.61887425570669763        0.29557736709840122E-001   0.29405261131071825        0.33438986923185213E-001
   0.80270029696257728        0.81811061705632682E-001   0.72966392702549221        0.34778715389775387E-001
   0.77986064709855385        0.50958712545096346E-001   0.40149967087375643        0.33464527600704029E-001
   0.94239230659758488        0.82492012426183814E-001   0.46368919749292570        0.32984907664532645E-001
   0.49617662511645422        0.81883100364930336E-001   0.14608816911209077        0.32159759529796328E-001
   0.71694651400399678        0.32633872802101296E-001   0.40975572544774197        0.32495174654033260E-001
   0.54554153830665364        0.31860877804086273E-001   0.12355125182703183        0.32893319587098624E-001
   0.51433510295254581        0.86992391229376576E-001   0.45101208031436169        0.32520983387193142E-001
   0.65455370648947853        0.36419819928779455E-001   0.38949875744313278        0.33203717367240912E-001
   0.84688002428738263        0.31922324361651620E-001   0.94379463676051167        0.37350422643390377E-001
   0.62321545771377085        0.81748281776016576E-001   0.40181934057576550E-001   0.34132113183602798E-001
   0.13023162349888501        0.81456196904308734E-001   0.82525463281752454        0.37016951066744311E-001
   0.46281944386555640E-001   0.80758404818748616E-001   0.16278005360395456        0.32872779802229316E-001
   0.34092730757682349        0.81790331892264964E-001   0.14613271815786916        0.34205268845957246E-001
   0.23401159181001885        0.81394548107015408E-001   0.83332915874816593        0.34287863412239244E-001
   0.60949022956304910        0.35835724411113351E-001   0.79678267735194108        0.33241570211998944E-001
   0.32250060495308036        0.79836945941835047E-001   0.21215807138039014        0.33973756488358174E-001
   0.49695772980521530        0.87544256946535809E-001   0.52021066015162731        0.35101206277224642E-001
   0.86843367588722109        0.82549872989906556E-001   0.52993915245513579        0.34996433101825417E-001
   0.56266075180742070        0.81735680351315843E-001   0.82498590351250844        0.37285042489601801E-001
   0.35572726355433779E-001   0.30124634463794715E-001   0.70702574220551306        0.32237172002745042E-001
   0.41557114622620173        0.31656826945522305E-001   0.92460481336849876        0.33354132003211759E-001
   0.38267203028966984        0.41702165906516486E-001   0.69352914079752803        0.34555219021393468E-001
   0.77756548737426245        0.83229209411674165E-001   0.34392333673537734        0.32457737563080485E-001
   0.55004115966453921E-002   0.82408607122597899E-001   0.53378136342620308        0.33794309516103890E-001
   0.83956138415340908        0.82018025421959587E-001   0.62190882467670287E-001   0.34008241118291399E-001
   0.97392734759546806        0.33066292190656973E-001   0.49627426803582469        0.33676890805660546E-001
   0.67836015080441503        0.82255402106422904E-001   0.91912316356043544        0.34615209535774571E-001
   0.64372239209787144E-001   0.83018343363981950E-001   0.74465764256989031        0.32954988784450932E-001
   0.96633770435188460        0.32500207597556834E-001   0.70368231714830487        0.35260687421580138E-001
   0.24588198844268791        0.23119929271354062E-001   0.55640513133202318        0.35848732128275947E-001
   0.27504684388368594        0.79371182635647686E-001   0.40819432778649561        0.31105653836992996E-001
   0.59231921011176902        0.31530492792103314E-001   0.35895921996469138        0.36265700018105126E-001
   0.15681120829679077        0.32605497138855001E-001   0.28594218706669616        0.33076375908621392E-001
   0.40585209539738387        0.37560291069913376E-001   0.75838414489532202        0.34434566530326553E-001
   0.12535732653565437        0.30205570044271227E-001   0.22843546811885002        0.31570941874680590E-001
   0.10217107987101778        0.32986566027556272E-001   0.71774706504340058        0.35176958553910766E-001
   0.46208845832675538        0.81676512985735222E-001   0.92947291843874102        0.35032616766961011E-001
   0.32389264349750579        0.31901662157241856E-001   0.10489504382260938        0.32414075691308518E-001
   0.88816698092577495        0.24988828934836699E-001   0.45495960464052458E-001   0.32899105675684444E-001
   0.53257000193903015        0.81692982446964824E-001   0.22810378200565154        0.33816980032318505E-001
   0.21813876008496677        0.73115505209286211E-001   0.60850013310415829        0.37336176217061506E-001
   0.49912157547933267        0.37012178844744503E-001   0.40039854655992230        0.31310009015302336E-001
   0.11494844824864965        0.34461646338975437E-001   0.48639882237981591        0.34089276645113291E-001
   0.52066352672641369        0.37566965405403691E-001   0.56068856562316494        0.33125875586233658E-001
   0.87116885817419776        0.82569914436233377E-001   0.66707323344800107        0.34523077476246160E-001
   0.32557172231652665        0.81619302336868982E-001   0.85791492826736371        0.35308344720587581E-001
   0.86210666507284972        0.82422033782968376E-001   0.32856148774371235        0.33427092256598429E-001
   0.18863016545271538        0.79601549817920614E-001   0.38647922285212782        0.34850625360606284E-001
   0.52326792418373480        0.81800652103877602E-001   0.81116542035241102E-001   0.36218762684154318E-001
   0.14858943056862323        0.85117380963740830E-001   0.33195656338434021        0.31154557533678510E-001
   0.43615818517280212E-001   0.34069111281550706E-001   0.49838571119538039        0.35115896905592581E-001
   0.97130890495271938        0.32474626356707073E-001   0.56378547033844950        0.33607409732093280E-001
   0.37670375113046067        0.31221619183479245E-001   0.86401849587543389        0.33854693004604926E-001
   0.85917065299362705        0.32037690575315025E-001   0.10878121474323589        0.37064896989938333E-001
   0.70761185045412969E-001   0.32765705021527251E-001   0.26872018901364747        0.32131991275173521E-001
   0.52846830209316586        0.31619285863238526E-001   0.33349019147795333        0.32427255881262898E-001
   0.56170155764764917        0.31605350127886074E-001   0.42430158638043663        0.35860332512181972E-001
   0.14063629115162543        0.29547053508831120E-001   0.38423618464626891        0.34338084170513254E-001
   0.80287460402371869        0.81784774787444003E-001   0.66055911476629559        0.34061781107396306E-001
   0.63098407007515700        0.87292509325467491E-001   0.55904749249373831        0.35796593924471050E-001
   0.18566963019088575        0.72680571726263521E-001   0.87996060665445952        0.31562910908967144E-001
   0.32230429260604238        0.30971180605818702E-001   0.66669266175609743        0.32336054567272184E-001
   0.83144422725742895        0.32563856685449512E-001   0.55952280955976619        0.33865207997326341E-001
   0.41120121901041962        0.78122118216740158E-001   0.48285649739771480        0.35509906940924145E-001
   0.38222418343648999E-001   0.30742370259699989E-001   0.20913287120488275        0.35757508217826237E-001
   0.83118001123618179        0.31785139545219832E-001   0.69449494986267757        0.32614061637200445E-001
   0.67854354484406743        0.31597136993418186E-001   0.32290325915219292        0.32688921509559286E-001
   0.15502904246200433        0.83470297970205554E-001   0.80292734986417369E-001   0.33915579174688251E-001
   0.92266557949818636E-002   0.82340368852363621E-001   0.59988330868987771        0.32390783656627113E-001
   0.40274032417404709        0.33231873390975518E-001   0.28886101461372365        0.32289215951622319E-001
   0.60848113371731694        0.37543782076945233E-001   0.51610016509810741        0.33346090619646267E-001
   0.54517097378745516        0.81557744450630187E-001   0.37710131100700467        0.34786517480381016E-001
   0.49794823231820640        0.37712485565225495E-001   0.63588490173223877        0.35616204324032980E-001
   0.90903744409204312        0.32519893956950305E-001   0.43070383155425040        0.35515076624741480E-001
   0.77673251456089254        0.82049133031935687E-001   0.18754866035011847        0.34863444280467018E-001
   0.27909775716365604        0.29829801269943543E-001   0.23293989384870903        0.35386055649153106E-001
   0.43483643679619083        0.81818474225369892E-001   0.11674448669366902        0.35759111329219113E-001
   0.90713126752658846        0.30986006673076667E-001   0.49894417269517077        0.32767322973859890E-001
   0.62719123826927112E-001   0.81822822696582420E-001   0.56536836740284022E-001   0.32394930882690846E-001
   0.27149858114739356        0.85149807183637349E-001   0.65213759710828312        0.32636465509761549E-001
   0.12905827014372204        0.82545422608698807E-001   0.75542156890587009        0.32621046830088700E-001
   0.45933403794858496        0.81117101910712211E-001   0.78021592818157859        0.34887336676628827E-001
   0.17971831043795153        0.31934971184753247E-001   0.93851719978052861        0.34249856048546433E-001
   0.18450908591484752        0.31393619502912855E-001   0.82571834566127100        0.35922817383166834E-001
   0.32414175492847458        0.31685488215924922E-001   0.90596758075598216        0.33369592788744740E-001
   0.44000516478411461        0.42047442245514252E-001   0.37009670590317906        0.31877614965087737E-001
   0.65708474664828831        0.82182431360779837E-001   0.98248262950820564        0.32092975922041418E-001
   0.65335397708168608        0.83853246050317465E-001   0.77047409810635714        0.33962001886071146E-001
   0.65491975035812122        0.37381289368496044E-001   0.59892178371704952        0.32399484606972125E-001
   0.84953032810458518        0.82659302187161096E-001   0.83379818556692298        0.33588312635499738E-001
   0.55546934092366018        0.31666938008305848E-001   0.26842626922435725        0.34103305578283540E-001
   0.44889136205815205        0.31870541148755011E-001   0.98530958597036211        0.33906486037418818E-001
   0.72140309152539006        0.82132872325625383E-001   0.71245358225811178E-003   0.32765612427001996E-001
   0.23552686982520424        0.29550949911787985E-001   0.39377169083426083        0.33976172181209005E-001
   0.38244660057654861        0.81170696762627337E-001   0.81532947482249962        0.35690768662581994E-001
   0.68911905000600426        0.82105145137117072E-001   0.59956650326190929E-001   0.34674644591275054E-001
   0.99395915380875444        0.84747996951787988E-001   0.32922599186156454        0.31075349137648343E-001
   0.19363860013780995        0.81440641734759942E-001   0.77616453415083120        0.35008638398803554E-001
   0.41864013971793818        0.90311942943744242E-001   0.33414472660577543        0.31973967902906207E-001
   0.65363924537426965        0.86807015448170308E-001   0.49443311638439108        0.32606619258280282E-001
   0.89467655924499778        0.81916138893555979E-001   0.92798949245794493        0.33541347215908450E-001
   0.18163809242467516        0.31957508099749933E-001   0.65277431475372172        0.33244637713956082E-001
   0.61351726448745985E-002   0.29630018293071075E-001   0.28793615464774591        0.30118902667892328E-001
   0.95530802060497477        0.32772522061044605E-001   0.77260590895619907        0.34195427775221693E-001
   0.55724684124559509        0.82105764037749163E-001   0.17981818339755744E-001   0.35338202307025654E-001
   0.43064894764567502        0.87444544855763098E-001   0.71626671123521402        0.35399744999602779E-001
   0.72075430220980494E-001   0.83979642178863556E-001   0.53560957381542951        0.32787990296272364E-001
   0.87233985495286348        0.32430101562361806E-001   0.87573598534200048        0.35123809734473044E-001
   0.94241193576220128        0.84375584431717332E-001   0.39649605447263209        0.32168058992147017E-001
   0.82685485286099547        0.31955677636133148E-001   0.14654394955230254E-001   0.36073074838323900E-001
   0.72250119393610912        0.81854280148386790E-001   0.78611772839976846        0.36946198593126402E-001
   0.80686130930673883        0.82536750861663621E-001   0.45632500835452916        0.35268652661006178E-001
   0.98663145416012107E-001   0.32197255760233447E-001   0.78686055927027321        0.32943847197212564E-001
   0.83489246015138008        0.82421052760086780E-001   0.22337943389148385        0.33325457487405452E-001
   0.22609630416581294        0.81190602714719048E-001   0.94479088767722907        0.33601906633480713E-001
   0.27313581885855742        0.31390509667746640E-001   0.95110796316882151        0.34727415575882929E-001
   0.79162006886944258        0.32081757636120131E-001   0.89907008062234917        0.33345929710476944E-001
   0.70198602102783370        0.32168296666330636E-001   0.10559059555444379        0.33963292039872604E-001
   0.66900358150805594        0.31734700938112301E-001   0.16921680537460698        0.35138354213193272E-001
   0.44261473691193021        0.83162372737036069E-001   0.27124541956621412        0.33955863700981539E-001
   0.37084610867860163        0.81731452444123720E-001   0.91142900576652197        0.34787398205446921E-001
   0.99803825794044188        0.82440380884965914E-001   0.73887456337323310        0.33563520935024356E-001
   0.95953201396222609        0.82044224691739373E-001   0.95201530654694866        0.35553213129637266E-001
   0.31952681282625589        0.81815572235961365E-001   0.95630747851770359        0.33362351952232402E-001
   0.60733388829499590        0.81255842894840585E-001   0.40637022887646329        0.33877175165080112E-001
   0.55976921740343555        0.37511223536886462E-001   0.71647312152814713        0.34411503681004076E-001
   0.84035176648182131        0.32527708527636520E-001   0.42333255565242550        0.33320889699654431E-001
   0.30430037305174640        0.82077115531424702E-001   0.62467207938918225E-001   0.35865595350113313E-001
   0.16889756401672545        0.72807243931821405E-001   0.47595318556275884        0.32477186007904245E-001
   0.21955543225863097        0.31301773075646230E-001   0.99336131065399880        0.33497431890001365E-001
   0.76617291257510045        0.32375593057665741E-001   0.98197497313986204        0.32826927442900167E-001
   0.40256314735149185        0.80048759678536210E-001   0.17805603151691018        0.33517314623822014E-001
   0.72088801360515642        0.71345104250821578E-001   0.58895417836901764        0.36940534617709388E-001
   0.99686008919600044        0.32051851821840227E-001   0.15334597351329371        0.32652630503586764E-001
   0.71637463836536996        0.87216104918963935E-001   0.52057410173309204        0.33279351797865959E-001
   0.33854722798072884        0.23384576058462243E-001   0.56687835962648447        0.34307326172579485E-001
   0.76339324868019387        0.32808096258759016E-001   0.13988631866150653        0.32252077073980312E-001
   0.67428053429794532        0.33136505891426873E-001   0.81073873014609810        0.32937210661768856E-001
   0.80090303962142184        0.82040766535540849E-001   0.28155731521492683        0.33963742459382565E-001
   0.53795411692274721E-002   0.83290169366868685E-001   0.67245055919952379        0.33156117550442392E-001
   0.77101261206704086        0.32538329055300540E-001   0.48922909607325787        0.34496743933595891E-001
   0.41227114960605199        0.87372768420451538E-001   0.64766925590413593        0.35549169355286125E-001
   0.90749002667172429        0.81903083492963685E-001   0.98152362956618749E-001   0.32993996497778580E-001
   0.84048200958855568        0.32612593418919693E-001   0.49106107207985045        0.34161242757724135E-001
   0.87253293815956234        0.81977175883376607E-001   0.99551109466108212        0.33874200710036433E-001
   0.27335684539391247        0.81549519049213606E-001   0.12713268281828405        0.34579473395863675E-001
   0.51919831599907276E-001   0.82154728742241515E-001   0.88818694053897429        0.35349075693344785E-001
   0.60051570954548328        0.31905170318242089E-001   0.23319825716259768E-002   0.32340385851789472E-001
   0.73995010728247407E-001   0.88260881748270487E-001   0.61255075498583100        0.33585085493642003E-001
   0.30296231349293684        0.22528836257627159E-001   0.50985532034383119        0.32736562564502691E-001
   0.30754858987464545        0.81057606452245579E-001   0.70879156490556050        0.34557016884143719E-001
   0.83772929726000367E-002   0.84203983852556119E-001   0.46729516400279292        0.32731982558048739E-001
   0.58947778751357982E-001   0.82067809583409687E-001   0.96456341348805086        0.37900217730801503E-001
   0.24653001872688202        0.79584529130411960E-001   0.34953624448943782        0.33607573812346997E-001
   0.98788339197625830        0.82697813846995955E-001   0.80575719741563723        0.33997138618374750E-001
   0.86801160354878348        0.82199312569813235E-001   0.60118598231789611        0.31113131061057179E-001
   0.51869991910832625        0.87385835283879637E-001   0.74316645090715505        0.35360291797885780E-001
   0.35892505697752169        0.24525347506182394E-001   0.47221104770378164        0.34627845893856216E-001
   0.22381557982931008        0.74266666659522668E-001   0.44382362849209273        0.31146305308946774E-001
   0.44729673312638202        0.31344803490797775E-001   0.16418268659229029        0.33940899312132636E-001
   0.25403278857885708        0.29744783972405077E-001   0.30237077527213230        0.35291313926761415E-001
   0.31828493846651301        0.27846878125634151E-001   0.41303548127177298        0.33553749268354173E-001
   0.95422283327786428        0.31997690281576389E-001   0.96618516335283774E-001   0.35283728829598328E-001
   0.32834820691027161        0.85544975732612175E-001   0.62001225714731645        0.31650594296268195E-001
   0.43577557885146101        0.37518475748134855E-001   0.60744404230132831        0.32684096790362438E-001
   0.43573179735408585E-001   0.38295083928609898E-001   0.64328352395369304        0.32315857680048368E-001
   0.72005394718614746        0.82814058593464496E-001   0.14861941237376577        0.33871863164869960E-001
   0.59471334269123821        0.81793310416463663E-001   0.96171073006452401        0.32240272191981501E-001
   0.69436645213204440        0.34063281966333993E-001   0.74386522148158107        0.32295246425460777E-001
   0.37158236964714414        0.37380969552598835E-001   0.62401337241712485        0.33105086212012733E-001
   0.93779614993427263        0.81176217965683112E-001   0.53094963255072924        0.33845880971230362E-001
   0.68405081527079178E-001   0.32017103469962657E-001   0.14133548844923386E-001   0.33031931836557872E-001
   0.92345018708538218        0.32146469287119839E-001   0.29227959278368182        0.33419285971485788E-001
   0.27851806003650798        0.79494438432119813E-001   0.90515004680691624        0.31372362076986730E-001
   0.97633237626708036        0.32461352977955431E-001   0.63322090657035168        0.35903039629475456E-001
   0.92254910009558333        0.82225491207386786E-001   0.19744874004714755        0.32618075632188361E-001
   0.45712243977036832        0.76489993596555006E-001   0.42101297473876698        0.29847142538732604E-001
   0.83352607935768963        0.82118082058047562E-001   0.89787045116946118        0.31615514904916986E-001
   0.48805333510626697        0.31434314957539733E-001   0.24898522253503924        0.35941413485458019E-001
   0.35661447893872067        0.81688403711010230E-001   0.15036563775759739E-001   0.34419128725522344E-001
   0.58115935141578734        0.31581119138301021E-001   0.20549184695909822        0.33639515628399293E-001
   0.19437147930549598        0.29544388983736281E-001   0.34050997097318680        0.33204455658000433E-001
   0.32181593040783918        0.29465253770333922E-001   0.32368493724171887        0.35579889303321496E-001
   0.58656038458811322        0.85719687607332951E-001   0.75776576113772709        0.34044678387822699E-001
   0.94171081222123676        0.82456948131008428E-001   0.59874175111728067        0.34003466391485965E-001
   0.79142278727143389        0.81929151202707162E-001   0.80031792319864514        0.33389940543202587E-001
   0.91447663606511465        0.32062438702162382E-001   0.15356327887172194        0.33969814115732709E-001
   0.39407403935388313        0.83001407605265948E-001   0.58000859202405453        0.34003568361588889E-001
   0.17509072326581074        0.81293421819554401E-001   0.98760840384057524        0.32891502327747131E-001
   0.37238025307058792        0.81580020512817958E-001   0.82975334625026903E-001   0.35213908689875104E-001
   0.95095858591390803        0.32733971549289288E-001   0.83917717743906017        0.32049881324612325E-001
   0.49470198768912849        0.31782412368657476E-001   0.38010167956851325E-001   0.35676960263567217E-001
   0.16544151718501654        0.32626257983338430E-001   0.34182176682004926E-001   0.34068489587228197E-001
   0.93987037457887801        0.31858710085639425E-001   0.90566037280645972        0.35185051200237183E-001
   0.66958124770673055        0.86731979544046350E-001   0.43074232570263132        0.33040300005707873E-001
   0.69650339176029830        0.82250556769054073E-001   0.85246868319842994        0.34220188615828817E-001
   0.89695873809590243        0.32542830124985621E-001   0.70659078284388388        0.34173571626618687E-001
   0.65640110568251586        0.32246745857580542E-001   0.87651621821087145        0.34137357748106431E-001
   0.59523648361682379E-002   0.31988497765700334E-001   0.97130463014617219        0.35148710631434273E-001
   0.57501907006319346E-001   0.86725795476984224E-001   0.31500962595461501        0.34014977126273563E-001
   0.98325396537997667        0.82218040324805397E-001   0.87429923784953545        0.34636791775148557E-001
   0.59458751201448293E-001   0.35161577199738454E-001   0.42344794376539424        0.31219235231938359E-001
   0.39293140002118321        0.24925730863686910E-001   0.52924404073077014        0.31707760189224839E-001
   0.49257275420172264        0.81759153663707285E-001   0.84123164500484227        0.34325771514190286E-001
   0.28667715128857885        0.35164142041647528E-001   0.61132762196741941        0.33610914154786210E-001
   0.59822113835072277        0.87354140991531548E-001   0.69137844568925277        0.33280583615006631E-001
   0.74799263978288719E-001   0.84248282779692568E-001   0.46338678404177225        0.33287662474265366E-001
   0.56651471112115259        0.38094796894779757E-001   0.64825020512257114        0.33988547474430163E-001
   0.73425903839205697        0.31983724071408558E-001   0.43873789825120725E-001   0.34325202675736820E-001
   0.87920129107750677        0.32678511971973349E-001   0.80921861426546116        0.29502709132176261E-001
   0.17488709778424379E-001   0.32606809078805025E-001   0.84112423221553745        0.33853684182927626E-001
   0.33668468036136562        0.31187201318527275E-001   0.80754472377505349        0.32519594627854816E-001
   0.67327193685875986        0.87569536685725494E-001   0.63830546189013859        0.33524433148409243E-001
   0.21166313289262917        0.29994022660575072E-001   0.24793219315230100        0.33653586567780384E-001
   0.13769633435562348        0.81847942507335347E-001   0.17561775937746904        0.33798376194996017E-001
   0.73295413557224176        0.82815412988523296E-001   0.71852199535086103        0.31241920602667433E-001
   0.28637406941285210E-001   0.80797265075361377E-001   0.25508436092593673        0.32758217640443711E-001
   0.90129280391204636        0.32561625116527701E-001   0.56927013791681591        0.36594434602828907E-001
   0.13348199858943285        0.81965996371445277E-001   0.93494442412636414        0.33862542185139316E-001
   0.14372359619038966        0.22640405274380038E-001   0.88164699845464556        0.33676759982204429E-001
   0.42591451212122911        0.81736695817240690E-001   0.87093561469989988        0.33320866900004499E-001
   0.82326184649903522        0.32077182706945075E-001   0.17220084883949766        0.35103237225785483E-001
   0.35040744645535346E-001   0.36740253438205243E-001   0.35732064716067347        0.35127279225638838E-001
   0.20746854815673460        0.81962771307707197E-001   0.69073665420830255        0.34629181139750227E-001
   0.29398049291006911        0.73383222779362781E-001   0.55675904067446336        0.33308641405195648E-001
   0.80186252094536803        0.80584647574636875E-001   0.52267231707464279        0.30957518220884842E-001
   0.20504407815311498        0.79892021661990012E-001   0.29475922849365160        0.34956464082962664E-001
   0.68374815099210906        0.81747374855491869E-001   0.21577075085664355        0.34667462954152163E-001
   0.72375136264352558        0.32099175214243048E-001   0.89186304969402985        0.34853129862499589E-001
   0.18372110420554125        0.25781430759417134E-001   0.43440088947761013        0.31864649400598709E-001
   0.90614672105325555        0.32362271825664028E-001   0.63855135697918930        0.32536373899317697E-001
   0.80473953012049038        0.82292464376386876E-001   0.59416560106611571        0.32288669253723395E-001
   0.93237245875200292        0.82514640891716534E-001   0.33165865353799923        0.30558962827655613E-001
   0.19306419195121668        0.82035989328674550E-001   0.13647483461861978        0.33748867768467812E-001
   0.69983562260091314        0.30237721831163897E-001   0.26052897271815573        0.33015883367256367E-001
   0.75413046538822381        0.31949562796088370E-001   0.82595281401734588        0.34028778451688765E-001
   0.23422415342665201        0.31881969041771006E-001   0.15248549405398745        0.32802266057200678E-001
   0.52962575197301642        0.81766738175373541E-001   0.90488669479395678        0.35403161709023544E-001
   0.13878276720442634        0.88158603004153763E-001   0.53340301279902558        0.34015716317619696E-001
   0.70291450960272939        0.32457018460300628E-001   0.95988884139029207        0.34107901818317028E-001
   0.39821615386872838        0.31470833130274684E-001   0.39469353833013213E-001   0.34854678388231732E-001
   0.73747531359485319        0.33157850145040094E-001   0.34913281526061840        0.31458353494899588E-001
   0.98968112825851129        0.80734582979570202E-001   0.19989189475033786        0.34509135427822295E-001
   0.12841017795954165        0.79747366409117795E-001   0.42628474146345652        0.31968291653063391E-001
   0.73517993291886852        0.82629969631159761E-001   0.45357026950726198        0.36435751324074561E-001
   0.48154181756854192        0.31782744834210647E-001   0.10600565190608510        0.33466449641959890E-001
   0.77993843260828677        0.81178391494538149E-001   0.31179678062875579E-001   0.32760329261440860E-001
   0.74838628362703719        0.82079083888350335E-001   0.93668940241107135        0.36600735659240970E-001
   0.10833503183281844        0.32102904054388065E-001   0.64973817868981210        0.33013935076551482E-001
   0.80794292418166702        0.82161603753948279E-001   0.12421059405585488        0.35596795105161019E-001
   0.36085771678502265        0.87621605650464257E-001   0.75017869029674078        0.33242758690842422E-001
   0.89883914683857213        0.32523332183758531E-001   0.35497628955289429        0.33914479719896237E-001
   0.10900068578735127        0.38239107726582761E-001   0.57554894993244010        0.37734182919948477E-001
   0.70050104093994092        0.34435494115712874E-001   0.67793789065042886        0.33448534336672914E-001
   0.97993877270555019        0.36575956447785767E-001   0.42743783016064252        0.35443131472940578E-001
   0.36297575790137210        0.30020548469028713E-001   0.19507667086587777        0.32423511805208576E-001
   0.10304216291033061        0.36864519310479252E-001   0.32696037787678012        0.34540108028602766E-001
   0.63216800817588981        0.85881570947764094E-001   0.83384858174011689        0.32833953835965837E-001
   0.45575858614238068        0.37548717502152246E-001   0.54392856647517629        0.33879393928091583E-001
   0.67342135024635263        0.37207261580306482E-001   0.53463786466172469        0.34069572458219823E-001
   0.66455496119528012        0.84379657348525747E-001   0.70428978309524970        0.33092951036813679E-001
   0.56384090756574501        0.87573010245805397E-001   0.53915179768081267        0.34108220483187478E-001
   0.53129656773419098        0.31740491532144331E-001   0.86036961860199401        0.31522896456223533E-001
   0.20275625833297131        0.73055872786528295E-001   0.54027702962430169        0.32030929787912769E-001
   0.76784820773203077        0.34767305978170633E-001   0.62336916712918067        0.31593651950239644E-001
   0.83978577251654196E-001   0.90641225757782828E-001   0.37806705803046936        0.34472594317446183E-001
   0.74968450109711859        0.82332735367888044E-001   0.88960978550572931E-001   0.32467966335533470E-001
   0.66082288176300352        0.80134480709165082E-001   0.27928398757468731        0.32783816033371431E-001
   0.47420629632005162        0.37205681913194559E-001   0.73125807397008846        0.32375388357274971E-001
   0.17303056880924075        0.31388209772188501E-001   0.72906671953970692        0.36553057905854835E-001
   0.57093754283375708        0.32005174508311182E-001   0.92589155106221532        0.32471235452950525E-001
   0.51477336459936152        0.35539543888926321E-001   0.79508230472838082        0.34356217177213003E-001
   0.62746986312311726        0.33903976399539147E-001   0.73131510226506846        0.34411184282358148E-001
   0.16734116203146965        0.79999205004016805E-001   0.23663017804653194        0.34030490546482425E-001
   0.22878394215077577        0.82395100551244951E-001   0.20093236757563251        0.33144531222135412E-001
   0.64191848365512905        0.31636189254623866E-001   0.23076854149020054        0.32093260167374481E-001
   0.55922054115402864        0.81656304106589764E-001   0.16576789205724932        0.33783845899874154E-001
   0.60669531134200505        0.32712668507341162E-001   0.14458298671957004        0.31772615027537948E-001
   0.50696063728071783        0.81459959229533030E-001   0.29459961884944741        0.34310359233184935E-001
   0.36280992911364718        0.31852392973636394E-001   0.96520780028997888        0.33182101815204930E-001
   0.76099044434909191        0.31821497423809082E-001   0.75286704852292885        0.34294529031007340E-001
   0.95242637470947888        0.32040509656689531E-001   0.22802299725964284        0.32881654038186360E-001
   0.83535377979693692        0.31870377933490977E-001   0.62764654095813854        0.33933337116363753E-001
   0.46377554837746154        0.81386411522263780E-001   0.20682931962355705        0.33763650934324395E-001
   0.99458437846390424        0.82016856940047914E-001   0.16400273740236566E-001   0.33062515064752690E-001
   0.85179301921790262        0.32194422894867479E-001   0.27935159147365740        0.37284824945304253E-001
   0.91709984634083797        0.82630488599630875E-001   0.79916692228961217        0.33986827215684835E-001
   0.50701029403404152        0.31797910163099179E-001   0.94699344713385503        0.33699330185831988E-001
   0.80757821921733719        0.81902057514693108E-001   0.97229993415540894        0.32180335129841489E-001
   0.12364996956948505        0.30952975025096210E-001   0.97869983097021818        0.32199234063566291E-001
   0.75320783540295047E-001   0.82726193414540294E-001   0.67938173148457170        0.33137028258619673E-001
   0.46239800428719458        0.35316875437403354E-001   0.31117900612717647        0.31331962320462377E-001
   0.76307554350878637        0.21469038899979739E-001   0.55781694495451140        0.35403272693545172E-001
   0.61133742697566873        0.81689694659347625E-001   0.89741237369154847        0.34161664685173912E-001
   0.21265989231324053        0.81935705736456629E-001   0.43604242534802308E-001   0.34246130387410888E-001
   0.88633173732609927E-001   0.31986698575177157E-001   0.92097841784500756        0.34645145474493856E-001
   0.53930822265969391        0.87589713156408150E-001   0.60493235913765020        0.36095050603653991E-001
   0.29223789553411045        0.80760846195205460E-001   0.79699039291825580        0.34122200125883580E-001
   0.62393017795910410        0.81186097542624347E-001   0.18515189496579415        0.31993202793769708E-001
   0.14657381106791795        0.32147830091765729E-001   0.12867096991110805        0.34861509763827153E-001
   0.47411500717074717        0.86388354820451943E-001   0.58427916729426044        0.31724464399474218E-001
   0.91668979302086429        0.82487212032507251E-001   0.86556832761735425        0.32387055476760948E-001
   0.87582946714869903        0.82536451997437046E-001   0.39508950411838656        0.34155677234961886E-001
   0.44609354762124193        0.81545802268388090E-001   0.47403780576113552E-001   0.34473519445401481E-001
   0.25697867446657402        0.32426791361545762E-001   0.69973736734057013        0.35903516726285459E-001
   0.27995744470659711        0.31486132736511539E-001   0.84236572562496215        0.33906267240719767E-001
   0.60707749823166191        0.87615080810405047E-001   0.62465028164501757        0.34014876066959611E-001
   0.58966627080503575        0.82615609325886991E-001   0.10485719757097835        0.34190277997982244E-001
   0.86879596553350913        0.82037844176767710E-001   0.15826849950438968        0.33893093309374130E-001
   0.38455234161169673E-001   0.32193581290985457E-001   0.56751965072296784        0.33494330557446321E-001
   0.76208656527319385        0.82113902671033356E-001   0.86876372859600171        0.32033855552496361E-001
   0.36726426672783657        0.75486078212070720E-001   0.42068681887540121        0.34356231172627871E-001
   0.93881377026103840        0.82553084143162939E-001   0.66597478854625225        0.33012484873899385E-001
   0.20906923134678845        0.22911155523800693E-001   0.49619913002825272        0.34693077028865517E-001
   0.82237664022827117        0.32245856559511080E-001   0.35159321682350564        0.34296450594014788E-001
   0.91378580764656769        0.32029269531003539E-001   0.97077804304148885        0.34699995284262923E-001
   0.57376338992630715        0.81646639584333561E-001   0.31202090493794821        0.34694374577502012E-001
   0.89634783741914859        0.82182525976165155E-001   0.25769902348976509        0.33074805555590267E-001
   0.93181603015962788        0.82516668065857612E-001   0.73410234263085694        0.32661110619101485E-001
   0.63428771812995210        0.37589832306385761E-001   0.66286260152145948        0.34413101174955392E-001
   0.87994168161503739        0.32422054046496326E-001   0.21301049711225184        0.34724973999486361E-001
   0.44513519646146882        0.37374506828600912E-001   0.67554931440791255        0.30427980233564526E-001
   0.94365130550533277E-001   0.31685292452962470E-001   0.17081685330607110        0.32197099518626190E-001
   0.79508953115790371        0.32075631028066313E-001   0.77150290324808732E-001   0.34015376034991669E-001
   0.37443056741970432        0.25703102837862375E-001   0.37166676453325653        0.35697878099229662E-001
   0.11948453142777106        0.82021700092518024E-001   0.22859096193505991E-001   0.32932391897393928E-001
   0.52820049627882559        0.88233672777876360E-001   0.67424811900929460        0.33878595903503742E-001
   0.79253721217721240        0.32715687599304565E-001   0.23283383587475462        0.32569611334760148E-001
   0.35033785894338809        0.74422414172329823E-001   0.51955756976256673        0.34189896852725582E-001
   0.31207461496521116        0.31626372279647132E-001   0.90999871672695441E-002   0.32730462137383669E-001
   0.73680563960900691        0.84273397513925874E-001   0.65509057241135893        0.32266972399595764E-001
   0.40666137534817964        0.81933443848442825E-001   0.96944628261782007        0.33257398804905802E-001
   0.87459978831303453        0.82545236868486901E-001   0.46234760700979260        0.32721622057275850E-001
   0.73078193008494230        0.32363055939524724E-001   0.20100171001673225        0.33989956257939019E-001
   0.20532260254876364        0.31952616748600275E-001   0.91103634220699545E-001   0.34804975511251980E-001
   0.83940756264991520E-001   0.32343170758731610E-001   0.85305908063163582        0.33280210885476863E-001
   0.25585822353551041        0.72847754114189436E-001   0.50119038896113444        0.33901430962403972E-001
   0.66094449461706706        0.32039285614703948E-001   0.20928148779472879E-001   0.30782245865903928E-001
   0.29940993295925489        0.31724819547871770E-001   0.16669498956928672        0.33866771940825040E-001
   0.60090567143417473        0.81601478681286518E-001   0.24799299731873992        0.34788440321049746E-001
   0.20545754182219447E-001   0.86843980585153940E-001   0.40223349959320814        0.33502067987472559E-001
   0.95628995197290156        0.82019272579029232E-001   0.14198824357599482        0.32189461335528954E-001
   0.57114126516824859        0.32126675395963936E-001   0.62788282479799382E-001   0.32999111371976704E-001
   0.69275816601463258        0.32530400398136802E-001   0.47203698049181081        0.31555978373510360E-001
   0.13970000864132209        0.82543306327367102E-001   0.68848927928207371        0.31782093485339953E-001
   0.25231310575779570        0.82707575903726849E-001   0.74502225837306446        0.31403307702388993E-001
   0.26491343737393069        0.23731462953519411E-001   0.45496112841051034        0.34032847906264381E-001
   0.74376964513574328        0.79480422106293441E-001   0.24666814740074527        0.32867809657789286E-001
   0.23123248342609376        0.24796983659160679E-001   0.89142138467677146        0.35476449481514752E-001
   0.86774008917706724        0.81732188780919215E-001   0.75117920433268326        0.33638465184410916E-001
   0.96373663005042320        0.82020364115248476E-001   0.27130753177007461        0.34004119020357985E-001
   0.17901828060214608        0.23114376309314885E-001   0.57611759203083668        0.33857725195282823E-001
   0.28461768910312685E-001   0.32429545038568666E-001   0.77348374626956951        0.34385340931278409E-001
   0.30040333384295598        0.30945389138973774E-001   0.75329304134381059        0.32624160657242940E-001
   0.85233125159297346E-001   0.80695406866897093E-001   0.21716352895408170        0.33123791403641023E-001
   0.41482796693599328        0.25428709896220588E-001   0.43019876093663800        0.35244830744608213E-001
   0.65669634149183953        0.81643813908564816E-001   0.12161097555311208        0.34901064296041770E-001
   0.63866656050819681        0.81607518085235614E-001   0.34207184311120831        0.33814309085083462E-001
   0.38234139191346328        0.82068805628967720E-001   0.24182378811732047        0.32622813311665146E-001
   0.52870470989172920E-001   0.32051508589093343E-001   0.11907212588359589        0.32893584286970798E-001
   0.58924238211156099        0.87611837582849267E-001   0.47307937250092763        0.35223391704384523E-001
   0.25836991767715012        0.32091144094791003E-001   0.48077023471481982E-001   0.33473267706721460E-001
   0.46954364237777402        0.31717295747764968E-001   0.88239112045624912        0.33999295121126205E-001
   0.58566896341689112        0.37603961720179643E-001   0.58180793274834530        0.35121923307079361E-001
   0.63620558926247950        0.32267955438785426E-001   0.94266143475997655        0.34767572131408478E-001
   0.24196877749455306        0.32873987913624225E-001   0.78607366319350480        0.33894538856596095E-001
   0.49411608719299166        0.81792394408459410E-001   0.99012087250951097        0.33550282311754324E-001
   0.72042405730094605        0.82102784714347843E-001   0.30880903486601197        0.33535055961852994E-001
   0.57855891103951736E-001   0.82366285319942695E-001   0.81312118975017322        0.35805385141768037E-001
   0.26687519437968810        0.81630142396086222E-001   0.23301199219357441E-003   0.35176452311569385E-001
   0.51656608909621904        0.31806797523770733E-001   0.18467981652308346        0.34137657624360856E-001
   0.12037766487285714E-001   0.32190092874308317E-001   0.90555396847448166        0.30776923173153035E-001
   0.15830394584849666E-001   0.32019068583697165E-001   0.59123699197100518E-001   0.36029806512892587E-001
   0.11334459342090731E-001   0.82008954780640880E-001   0.10675644212607845        0.33160067579597940E-001
   0.96619998971278409        0.34596561452190408E-001   0.35977582444421713        0.33617106825818088E-001
   0.10655077491690387        0.32035811015251360E-001   0.70920655188675477E-001   0.35305313833187385E-001
   0.36336351178045567        0.80840552115493569E-001   0.30407817300939421        0.31315053498517938E-001
   0.63146498733458323        0.36868257212189171E-001   0.45182556158935089        0.32947048919639718E-001
   0.82678259106101526        0.31883330918899118E-001   0.77170193655601849        0.34027497087435403E-001
   0.95186670597106038        0.31906671087622983E-001   0.27683846833492162E-001   0.33578770445255632E-001
   0.48053001757029690        0.92018984220234815E-001   0.35654992396957763        0.33841445971918058E-001
   0.54153276778926529        0.37576988115723575E-001   0.49388051810481470        0.36814765733847205E-001
   0.43305241912039161        0.31203423126062071E-001   0.82287887796282533        0.35811738723729086E-001
   0.38650484809619445        0.31777586507470673E-001   0.13076623051783132        0.35144861078332437E-001
   0.17988569789828462        0.31769009190303545E-001   0.18950171830486834        0.32877636163409447E-001
   0.59378295887479982        0.31787720206596336E-001   0.85953728608325430        0.30715624416048033E-001
   0.14612434808951633        0.81877642302912085E-001   0.62135402868848699        0.35566008879503744E-001
   0.75821108174435514        0.32172111052858235E-001   0.28907306828136803        0.31964682612171481E-001
   0.11354727031406474        0.82604017515567535E-001   0.27749853522631213        0.33548736941271709E-001
   0.69865065091243206        0.82609690028043400E-001   0.37161850871717123        0.32941705918033269E-001
   0.31215760001354620        0.74536987901446666E-001   0.46222444571184551        0.34493732194716263E-001
