 3 HS poly
 400 2
 200 200
    1.0000000000000000         0.0000000000000000         0.0000000000000000         0.0000000000000000        0.10000000000000001         0.0000000000000000         0.0000000000000000         0.0000000000000000         1.0000000000000000     
 T T T
   0.28545277418117093        0.51804871754070935E-002   0.84933868530067524        0.34883921126486243E-001
   0.32527082559655496        0.55421174201231320E-001   0.36741962575387122        0.35287644567245806E-001
   0.74705974924106966E-001   0.55342748325230444E-001   0.96488257769237196        0.37204972495253043E-001
   0.27292576079722924        0.55242644096684973E-001   0.58314093400266975        0.38615942446207828E-001
   0.39347232460640053        0.51950572328920194E-002   0.67356680463731033        0.35169421313324102E-001
   0.25487575307279048        0.55026603301136651E-001   0.37017271579742933        0.35050539128858783E-001
   0.43497086454341460        0.53701762459720222E-002   0.54647471429967853        0.36003977267198721E-001
   0.54813058089695266        0.49835248402827770E-002   0.33751801870331694        0.35171068577633871E-001
   0.70031358954994544E-001   0.54338824621784326E-001   0.52778225273023738        0.34842757785065029E-001
   0.20243898755699408        0.55084308537124316E-001   0.90200688849290567        0.34884485198237856E-001
   0.90626729364179204        0.55700042707517133E-001   0.71873454206292564        0.34681931030218924E-001
   0.58449551001252231        0.55599888368911478E-001   0.53255902895741958        0.36041993778687317E-001
   0.39391359911865564        0.52118599493965216E-002   0.75987418397245399        0.35930139003550077E-001
   0.16401527308218947        0.55144753826875587E-001   0.96272320695270552        0.36943150211178062E-001
   0.60602403267711913        0.49871316241232163E-002   0.70800829851183289        0.38043977979642950E-001
   0.47427200792626178        0.55222863756479293E-001   0.84397655558958684        0.37241822818733165E-001
   0.66907529687282585E-001   0.52075438984720938E-002   0.63847882533916289        0.34445261388067631E-001
   0.50070741447049627        0.52508554694835567E-002   0.12698887249123013E-001   0.36337131125236607E-001
   0.14661324042894261        0.53286912241837887E-002   0.78698538763021197        0.39494701129407561E-001
   0.67044435277656167        0.51073252345819773E-002   0.75301446625980129        0.33420862032977332E-001
   0.15184025112242356E-001   0.55155877559836378E-001   0.70659004350004873        0.37354673804209843E-001
   0.48400583955511156        0.52243010205054036E-002   0.98939131195154531E-001   0.32998655087680580E-001
   0.62596971514378474        0.54995457280978387E-002   0.82931368477570322E-001   0.34339400980489543E-001
   0.93781672178099496        0.32871128802230186E-002   0.87965208160971775        0.38052136255313306E-001
   0.68870422140216270E-001   0.53194769734976567E-002   0.29745077022750316        0.35903589107738249E-001
   0.24336647542660167        0.55114198376193940E-001   0.11084632600318114        0.36606764819962452E-001
   0.73068217476182973        0.51126269915922106E-002   0.55737905859461612        0.33439108617111857E-001
   0.51941101688172053        0.53685089000747978E-002   0.53402076809839982        0.38472728494508182E-001
   0.76454979585994920        0.55434475301733947E-001   0.94506673798796947        0.35288012346299351E-001
   0.40063616581905970        0.55431243642190035E-001   0.45531391538352423        0.34157087298879875E-001
   0.35644283918590486        0.54188924016785357E-002   0.47918740674298227        0.36655189017382114E-001
   0.20090570093911655        0.55362250911027915E-001   0.52637953864699005        0.34180237780152119E-001
   0.40366910046267052E-001   0.53577176861918929E-002   0.84005318653289318        0.34563046591312034E-001
   0.33746461580581516        0.55294131596365328E-001   0.22461268552965286        0.33905919489116088E-001
   0.14060928270877471        0.53784591636592202E-002   0.33553278991960594        0.36547389426599498E-001
   0.43422051886707980        0.53047758193140223E-002   0.28781595691387962        0.35977165356841971E-001
   0.71971818268657728        0.56319920609841645E-002   0.35401057615748910        0.35580776245865878E-001
   0.61362589846722060        0.92340583530568406E-002   0.63614998700227054        0.34336586785424665E-001
   0.47032574457694692        0.55498072594332482E-001   0.50889379018221992        0.35720501410471513E-001
   0.25276065649225493        0.54422632999718678E-002   0.16288636497951484        0.34301585262751996E-001
   0.97080360993166048        0.55478789238728225E-001   0.99116513151408914        0.35860171582092648E-001
   0.92583423831229472        0.55665932069035784E-002   0.30362487952546213        0.35646529104676986E-001
   0.78859672317891660        0.55448735998547081E-002   0.90184377865818710        0.34928242153653283E-001
   0.10424359252564620        0.55417167439624417E-001   0.75057977719518865        0.35152204540299353E-001
   0.44614769719727576        0.55387958036353879E-001   0.73905210033809077        0.37553207638597715E-001
   0.91141654186329646        0.55178518130013746E-001   0.52952968984025783        0.35232373887619670E-001
   0.66766321320614375        0.50472168631863360E-002   0.59214757885325642        0.35435908279306545E-001
   0.88427752948326416E-001   0.55018832905753101E-001   0.84126091313440246E-001   0.37899127438188608E-001
   0.23478704130015776        0.55223699000371322E-001   0.67540454861024435        0.36874120704609187E-001
   0.42342669526474902        0.52046997820320642E-002   0.86024218174886846        0.35888200745366278E-001
   0.67300714004834949        0.55314752001881996E-001   0.33719059361490095        0.33797982858862888E-001
   0.63653436168710409        0.55256546942611229E-001   0.27172010745430020        0.33961311622855525E-001
   0.37039476034955132        0.55215120285333832E-001   0.29210917000886977E-001   0.35617327995050532E-001
   0.59348824045757975        0.55230783604782278E-001   0.91211581635698513        0.33844748976973614E-001
   0.74625508701892829        0.49295679551558148E-002   0.80070424374339888        0.35507955314797467E-001
   0.91508175119058621        0.59568490028816951E-002   0.99870030748529104        0.39013292794446909E-001
   0.68691481108671559        0.55356895771344887E-001   0.18396457247150233        0.34771251199674440E-001
   0.32240747719966861        0.50899994466517213E-002   0.43667748752496627E-001   0.34293369405345088E-001
   0.79737634371934873        0.55515223349263704E-001   0.26781552721337137        0.36835799431326040E-001
   0.26550116148275510        0.55260673898929386E-001   0.21415521567797727        0.38221941059536482E-001
   0.34236264705974534        0.55126937292601111E-001   0.92798864886543053        0.35844626030817887E-001
   0.95466826108930336        0.56068135596267180E-001   0.42197373563500462        0.36608051681150874E-001
   0.13480132275546206        0.54139292353195638E-002   0.61570837346620377        0.37147274842000470E-001
   0.29486566917876716        0.51228648222224962E-002   0.10750738429069298        0.35155013564960959E-001
   0.89134436630108593        0.55986694631056280E-001   0.11855274546831165        0.37916625824080050E-001
   0.50288085443540936E-001   0.53466616593247068E-002   0.19241204924197514        0.35499377467403247E-001
   0.97365924044010266        0.44694483208923830E-002   0.81717955227878469        0.33912843709863479E-001
   0.86021730574972521        0.55419151039963289E-001   0.39138190395373657        0.37095457943648179E-001
   0.59318844309507490        0.52315804244897910E-002   0.25012375739935666        0.35561578290714276E-001
   0.26648057828612337        0.55207255581748049E-001   0.29975544723957276        0.36089393774616223E-001
   0.22003463929372397        0.53441017929210972E-002   0.47957143486542769        0.36917771563242482E-001
   0.67402917909127236        0.55098912612782491E-001   0.47828285080331823        0.38165804661995234E-001
   0.36548925438948215        0.55360447633955659E-001   0.15883070526915458        0.36174708024356073E-001
   0.55492478294398895        0.54683329765842850E-002   0.40659046835550794        0.33896370281631401E-001
   0.17698900063841888        0.49943532258734666E-002   0.14278478537218395E-001   0.35919736475881293E-001
   0.95783627277113836        0.55457814746368489E-001   0.76940043509146505        0.35760604408920676E-001
   0.66992427767029910E-003   0.53683625517945933E-002   0.39303648703831084        0.35615872537990215E-001
   0.21991299223638607E-001   0.51808486062957368E-002   0.97861806726451905        0.36567920966140394E-001
   0.79784065457035935        0.51785085288194033E-002   0.53579350462335240        0.36789376277083903E-001
   0.89007063862816060        0.55443673473420302E-001   0.45968870232250958        0.37434403680488539E-001
   0.61796403850920401        0.52498351157861736E-002   0.31874543224773533        0.37088054165700990E-001
   0.45459471000355589        0.51468125505264020E-002   0.61429160071655120        0.34593288567161526E-001
   0.39266217446078350        0.55424545221283254E-001   0.38688517745135487        0.34700800832052056E-001
   0.71483365392181375        0.55301003146412259E-001   0.81198713467721092E-003   0.36351027607298129E-001
   0.59238636385134891        0.55218028438793781E-001   0.36947878287992841        0.38572893353322237E-001
   0.66656192288115548E-001   0.52021725766594499E-002   0.71842414660514253        0.34824832400846030E-001
   0.71203531072186521        0.52916606235833274E-002   0.94693303808699503        0.37139743937253909E-001
   0.80824588888899473        0.55274188321276811E-002   0.21428763432526901        0.37149700239514277E-001
   0.52332052682303842        0.93637156276741955E-002   0.60681648908571706        0.34362610266771856E-001
   0.73105192949879050        0.51126198058811219E-002   0.63606908181326571        0.35921653472463448E-001
   0.88998625491877847        0.32735399834119918E-002   0.82564421052558123        0.33801752974801938E-001
   0.99529336960432646E-001   0.55168755944202036E-001   0.43939959160776804        0.36321628296163803E-001
   0.55215002438116356        0.55310030816470582E-001   0.72497790253569905        0.33920480511560033E-001
   0.21497509183385247        0.51965955525999320E-002   0.21868798546114016        0.32916167881301889E-001
   0.52707486317235142        0.51758330052683625E-002   0.82771419918890843        0.37174107996776916E-001
   0.29580491214624738        0.48744360457553919E-002   0.77339171173825250        0.41654823796584514E-001
   0.83816623725515516        0.50673317299529327E-002   0.43842783264761892        0.34692631500811560E-001
   0.20236281381596422        0.55229279762007401E-001   0.17172872721041527        0.36763829451003253E-001
   0.22093606166442026        0.52273100677312249E-002   0.78826212162987130        0.34614113733021368E-001
   0.23484124911131662        0.55187433287327448E-001   0.83774908402196435        0.37042998569249509E-001
   0.61956949607947653        0.54309142940711470E-002   0.16671939793274460        0.34963303376261176E-001
   0.43375875581483170        0.55845632735786271E-001   0.18263403531536979        0.34611686912095076E-001
   0.84271481163023854        0.54743133126044083E-002   0.28885705741563311        0.33827199628876758E-001
   0.91884495233441543        0.55606921249296108E-001   0.19857393950273916        0.34338175936719818E-001
   0.19047073654497859        0.54992372805727364E-001   0.62584975243163241E-001   0.34873666380975187E-001
   0.95052223188048721E-001   0.49708846536364523E-002   0.13738840544796027        0.35312634310663948E-001
   0.13546705573898893        0.55634879542920623E-001   0.50213549218933828        0.35393810746493254E-001
   0.53907179700952390        0.61030281811517151E-002   0.67564966105064894        0.36299440424118645E-001
   0.10647976194411400        0.52968352696495299E-002   0.23600188703263311        0.35608080264490957E-001
   0.84422970708373168E-003   0.49538816427252561E-002   0.65701545392199012        0.34168535128002629E-001
   0.73535291682675274        0.55617497714366464E-001   0.30552758148758608        0.35713250941370386E-001
   0.76681406574099131        0.54734042538563945E-002   0.99561550116884456        0.35767540638289110E-001
   0.12010343875499922        0.55396791449626254E-001   0.28629452261915345        0.36442925675410798E-001
   0.51470483237761755        0.55421089368195890E-001   0.13703870374256533        0.36740566773660950E-001
   0.54797350864586225        0.52976254668953941E-002   0.18127198865002206        0.37667885048767925E-001
   0.32514082824718282        0.55334987176975964E-001   0.43796249318032582        0.35232358290335136E-001
   0.33786165198316348        0.55323553109621351E-001   0.29793145419846512        0.35278401852559919E-001
   0.68448306314703944        0.51307354938791632E-002   0.29150323704789766        0.34759679546242608E-001
   0.71847000875494249        0.54971609438888569E-001   0.75770193147938281        0.35875297736412202E-001
   0.87188726267361594        0.55887778631897422E-001   0.96751047337308993        0.33952274751595686E-001
   0.12589658297877998        0.53269317352107447E-002   0.85887814561295439        0.35316081736911482E-001
   0.54547952676163058        0.55209674240405439E-001   0.98173308381810220        0.37255590320761242E-001
   0.93267003006415816        0.56000930756699534E-001   0.53225639354090977E-001   0.36833770642050616E-001
   0.40398088768633883        0.55350098223177241E-001   0.24629994728847882        0.35663851947352568E-001
   0.86203447298043900        0.53919161344586370E-002   0.50383631224363201        0.34880471180270135E-001
   0.30905418948080687        0.55048906371502983E-001   0.99555820217576918        0.31704072429924693E-001
   0.48943425395540884E-001   0.56045400481237122E-001   0.88496578680678784        0.32425529330680061E-001
   0.14387215166741632        0.50622566511217054E-002   0.84258959583068269E-001   0.36711217636476376E-001
   0.86339704981511844        0.55976199616772519E-001   0.35534636900983733E-001   0.34528380305726837E-001
   0.94105512131439473        0.53780567949862955E-002   0.36698436427727432        0.29352126422338927E-001
   0.79492405335039651        0.54863483578585448E-001   0.79153595193803994        0.34784438615836646E-001
   0.11732358444450705        0.55352252640307242E-001   0.90702387980164012        0.34596423265999078E-001
   0.38939192886828550        0.52804597962044517E-002   0.20089835720926505        0.33341343664554393E-001
   0.15099419905564737        0.52337971840663118E-002   0.18070231881812335        0.35372775866319685E-001
   0.44766967585831746        0.55151380937036754E-001   0.52528496522792061E-001   0.33986258551229762E-001
   0.74502158364653870        0.55031335672607751E-002   0.25303054600399127        0.36970216284526264E-001
   0.45886559117097508        0.52605305076656650E-002   0.79213570478312878        0.36360637131034289E-001
   0.28716389898859523        0.51779652476253270E-002   0.67788496127168318        0.35546118318820444E-001
   0.25468153602495258        0.55209382753755913E-001   0.44051140468536842        0.35263001390398882E-001
   0.40813848158705157        0.55200561853954402E-001   0.81020535992164933        0.36371545914286062E-001
   0.26827562809252470        0.55876795808606029E-001   0.50960373045869700        0.35055154448523355E-001
   0.26457779322228764        0.48515482404232740E-002   0.99809306630063710        0.34853623419827361E-001
   0.16807706799881994        0.55314806956872908E-001   0.38092565537395356        0.36054857815416584E-001
   0.96638567319559654        0.55557582832116863E-001   0.26988639673501857        0.36996126869576790E-001
   0.19983789380472788        0.55408233865021674E-001   0.60815062243758455        0.38540479244625121E-001
   0.25478258927964494E-003   0.55375529073919898E-001   0.20430264997079287        0.36204334050195519E-001
   0.99784814835628000        0.54138945235306535E-002   0.31545565841256057        0.37309654107823553E-001
   0.64778859760995200        0.52019546253925207E-002   0.90342810618902980        0.40384975402825915E-001
   0.22427581625644366        0.53400050585033967E-002   0.33002830986258508        0.35765069760017532E-001
   0.64765720857099307        0.55531980714598785E-001   0.12606710646147154        0.35136838362288390E-001
   0.47195105213538452        0.51396962401881290E-002   0.94884069633026158        0.33215297074520936E-001
   0.55692208847261249        0.54375273336749290E-002   0.10449473698044405        0.36257448267884476E-001
   0.33905317733806922        0.55272976245419526E-001   0.65948392706952830        0.38587071650326578E-001
   0.71256988881560979        0.54948380256451879E-001   0.83162619709450936        0.32166025991836343E-001
   0.80955187707577736        0.53579188578965851E-002   0.37313811744249026        0.36340881480203951E-001
   0.34673791981245677        0.55275830135351360E-001   0.58598575875755810        0.35240744045020034E-001
   0.23762013338371069        0.49321017621283096E-002   0.61404631033148666E-001   0.33781323204112611E-001
   0.43848326471935473        0.55206619360212220E-001   0.91167045218415932        0.37398606723811491E-001
   0.29533893946074030        0.53058380535608270E-002   0.25843104244459747        0.34793606091114468E-001
   0.14893964912514102        0.55377201421045297E-001   0.66576056613217349        0.34947459814272538E-001
   0.80398348604483139        0.51702166063502964E-002   0.68097475878314440        0.37250462842219473E-001
   0.21594014823064350        0.52295788987970588E-002   0.40517011901042527        0.37136831764147685E-001
   0.56870518329500663        0.44303263871168603E-002   0.28347586614133353E-001   0.32535810840931878E-001
   0.12893737951059545        0.55079314342141444E-001   0.24576539752931784E-001   0.34118326802021391E-001
   0.70258554994567635        0.55227684123560106E-001   0.89709155800450291        0.34040690004886048E-001
   0.96007905355646050        0.53142461615527849E-002   0.71587452829240705        0.37384949885169237E-001
   0.16904763216861479        0.51704180911673657E-002   0.26911711970124269        0.35027525682158653E-001
   0.37910891935880660E-001   0.55186538433148129E-001   0.29489066750393190E-001   0.36504049353729438E-001
   0.59808114584104655        0.51157015984940974E-002   0.96319026745551894        0.37303340428074372E-001
   0.88241661198250443        0.52712999437696494E-002   0.57253475990917690        0.36680376343305329E-001
   0.65999591695130289        0.53677399495192504E-002   0.22550969551813893        0.35577344278868127E-001
   0.58711391514772682        0.55492956053155712E-001   0.44457069352037920        0.36642211792424030E-001
   0.58037556424885695        0.55160478479707287E-001   0.81719520551331382        0.36600625535872094E-001
   0.41979389304442111        0.51603202942665178E-002   0.10187729719323633E-001   0.37144768154999667E-001
   0.46800509646506311        0.55320216967853511E-001   0.43770667381377709        0.35472702361403867E-001
   0.46555539156765424        0.53516044534878066E-002   0.68589378541507906        0.37836674255853409E-001
   0.35282332759869345        0.51239719142398129E-002   0.97935179918379500        0.36582082312915522E-001
   0.65493212372627219        0.55927896443582238E-001   0.96069642711075987        0.35495442659729377E-001
   0.45003643207694191E-001   0.55186413169440167E-001   0.14279409006244423        0.35009955923742772E-001
   0.63540573822327584        0.48445841437717869E-002   0.51801986682292001        0.36145607834566024E-001
   0.74601187456716633        0.55568426622961124E-001   0.14403775602757088        0.35415684579299549E-001
   0.51947924606886874E-001   0.46158589545100279E-002   0.57189184773721791        0.33802949147409181E-001
   0.65700869690824637        0.55146283036051180E-001   0.71085558823423090        0.33270690532382123E-001
   0.69885594325194922        0.55613602113053487E-002   0.12308565739348080        0.36408386000993657E-001
   0.50754120361099542        0.55178185884049373E-001   0.78056896183094160        0.34266612869300453E-001
   0.87485226798202406E-001   0.55362902781159573E-001   0.82690662714901686        0.35321607918437088E-001
   0.89311316921563566        0.55612652742379259E-002   0.24027021333786650        0.35631636763434858E-001
   0.13962625398357261E-001   0.53290155281280893E-002   0.76257334957463163        0.33911600087807331E-001
   0.51956489502967440        0.51228904015638297E-002   0.26324862855251285        0.38060012858982271E-001
   0.66216281005400324        0.55510863395082370E-001   0.49970964049394273E-001   0.35618851662891651E-001
   0.81539494645139676        0.59787466721277528E-002   0.50140939975192943E-001   0.36303894403015811E-001
   0.51754684446680732        0.55166893018600373E-001   0.63537476927615008E-001   0.36727128927586852E-001
   0.57487363917185202E-001   0.55363333385073960E-001   0.24770435925859779        0.35298870234141452E-001
   0.99640918095971698        0.54973366869828615E-001   0.89798194663180383E-001   0.36643959150661980E-001
   0.97448845863545164        0.57079549608863682E-001   0.49922642630801628        0.34358048487917313E-001
   0.13639175570418802        0.52902124351604934E-002   0.71311313952625754        0.34975612870339810E-001
   0.80209078124558064        0.55948852113639758E-001   0.98660914381636558E-001   0.34491973669483013E-001
   0.56602220812668236        0.59140433682697474E-001   0.62936383312058275        0.34896852384380658E-001
   0.95036689434321930        0.55384506446500975E-001   0.66200090158282132        0.36673215006174514E-001
   0.20952223425670127        0.50919312281575016E-002   0.72019738054028704        0.34382027731021288E-001
   0.87686035534535844        0.54558434126140455E-001   0.78206909547641834        0.31409559157077924E-001
   0.72081166606700608        0.48054897146173458E-002   0.49296411704373738        0.31628289589273044E-001
   0.85559663889753679        0.53797105295102831E-002   0.63531000124542858        0.31493298766575049E-001
   0.57485830295400775        0.52964962304358668E-001   0.29450894340705275        0.31487154830671188E-001
   0.85081515412793896        0.30961951808694097E-002   0.87792006967761627        0.31501286992695089E-001
   0.75553603374256395        0.54090214015190020E-001   0.51366058673280734        0.31555961705842517E-001
   0.15445005494992683        0.55064983811397343E-001   0.22514757966026508        0.31450915733665999E-001
   0.76974617007922352        0.55379961214183621E-001   0.41018555033389519E-001   0.31549327327198555E-001
   0.66115852861158397        0.55077401931015180E-001   0.79384821539210437        0.31523563004166817E-001
   0.16333073503539194        0.55204903743797253E-001   0.83468951914151879        0.31474309785958228E-001
   0.64306151375365189E-001   0.53205168564457814E-002   0.36469875168378241        0.31445548256818653E-001
   0.69814066102168992        0.55336512152865017E-001   0.24938304075435494        0.31545518433408110E-001
   0.14155782577049558        0.55456972385215998E-001   0.56905395355801369        0.31526158368225303E-001
   0.84432133230726558        0.52666306045463712E-001   0.83610506087919323        0.31506938196744244E-001
   0.21201819860162013        0.55114048446762022E-001   0.25934906455107809        0.31491856748758755E-001
   0.67439430189977989        0.51053543410746575E-002   0.67336171879110074        0.31533474080650874E-001
   0.29806203308895141        0.55775036908215420E-001   0.15225275555199741        0.31521035613466808E-001
   0.38072968006701791        0.55164022281302343E-001   0.71626112804873265        0.31631720587852040E-001
   0.90441085898132190        0.57165130191764238E-002   0.67529095338497835        0.31463016165343638E-001
   0.80266249834143488        0.52232646837213929E-002   0.83687434735389055        0.31456386790518258E-001
   0.15124435062803454E-001   0.55366412414694359E-001   0.80483160369039974        0.31516686827555464E-001
   0.36735215672498545        0.52717930025123361E-002   0.54661824875470821        0.31589248404144683E-001
   0.81197357599432951        0.55325057237573208E-001   0.99382940783653384        0.31471441363319273E-001
   0.93271495428753937        0.54339586247391511E-002   0.48076019886573590        0.31523715547592784E-001
   0.28901807242053640        0.51976463137030169E-002   0.46882730338020301        0.31505586691447707E-001
   0.32392886754444289        0.57956434408004878E-002   0.18209018386384698        0.31527550083265896E-001
   0.92689238895550263        0.55838911859548680E-001   0.93087058777508191        0.31598841212541043E-001
   0.74078445461151554        0.50769117405340770E-001   0.45217679712515835        0.31467383050581138E-001
   0.67011726967877117        0.55063372418445590E-001   0.54776892883617434        0.31410746293783293E-001
   0.90201990067170257        0.55219341282296379E-002   0.41370887016193325        0.31478034455006833E-001
   0.63842364144945984        0.55202116640067848E-001   0.85276161249564797        0.31402132895843017E-001
   0.71260820076192266        0.55122032620644329E-001   0.67748161736954349        0.31498775823647504E-001
   0.38542798196655204        0.52336769773872124E-002   0.60740212339110522        0.31454441820409677E-001
   0.41463356308005522        0.51882523849736987E-002   0.79097441514173042E-001   0.31491318196708480E-001
   0.92232159352464441E-001   0.49299570420598482E-002   0.48507080465886954        0.31543061981152878E-001
   0.76384905632466293        0.55499352137468871E-001   0.36657023207910039        0.31420947728305337E-001
   0.88829593551726693        0.59135777384489233E-002   0.92852373992619919        0.31503908632121311E-001
   0.33343003755042522        0.55199985293049515E-001   0.85515141552147220E-001   0.31541511195151146E-001
   0.74154935233136376E-001   0.56315463184400888E-002   0.91680791779658144        0.31493526083772670E-001
   0.32725697104170909        0.54939780514721460E-001   0.83572500117773341        0.31506815363721873E-001
   0.96274151533403718        0.58478329070616245E-002   0.94504976879621949        0.31521359581607525E-001
   0.14583566638516107        0.55287686393445348E-001   0.13095020223651246        0.31476958395994944E-001
   0.36155145745482065        0.53544232717950618E-002   0.26055846337619626        0.31430807027322101E-001
   0.51166355068943592        0.52317183554565095E-002   0.73780739602530010        0.31494251810307919E-001
   0.99218630269824049        0.73750733773545506E-002   0.45966989079703141        0.31470493892683318E-001
   0.51147167597293119        0.55479526644554612E-001   0.31158668796885763        0.31609850298263603E-001
   0.82832172266313420        0.32935405277507261E-002   0.95581172685500337        0.31477638667485208E-001
   0.77998174511452034        0.14269251249357830E-002   0.46989240274028909        0.31487189977429067E-001
   0.48142684837044131        0.54641147125971939E-002   0.33609935438888572        0.31520676471034154E-001
   0.13116674529518906E-001   0.53555915693013047E-002   0.24823027584063553        0.31505175577415744E-001
   0.17965532792769265        0.53390899032256878E-002   0.56340341331317612        0.31473468211663566E-001
   0.61059590819790455        0.54984351994261382E-001   0.75615369128829757        0.31501192649895531E-001
   0.71227665185315692        0.55073947319232222E-001   0.59471099963463003        0.31507007931304468E-001
   0.93274041290201215        0.55935252414415380E-002   0.61877059130290979        0.31508527651442665E-001
   0.79035063557434926        0.55341670755535508E-002   0.14802938294263149        0.31482462697133770E-001
   0.91217344045765203        0.55531896360206751E-001   0.34647844851504361        0.31532587585757305E-001
   0.49662698603581917        0.59546561599127662E-001   0.20269554624856678        0.31482662163655438E-001
   0.88921533543738562        0.53175858786650668E-001   0.88031436759723936        0.31493055586353291E-001
   0.58295733707704056        0.55386538730825309E-001   0.14212197023671022        0.31448668030822371E-001
   0.62215520576786554        0.54896839302981074E-001   0.58876334770683747        0.31606208542554644E-001
   0.70719266337657738        0.54088341120317922E-002   0.46164465168074681E-001   0.31477483920535586E-001
   0.75905152507789142        0.55409051171390498E-002   0.90988420069429532E-001   0.31516329322433666E-001
   0.43654484907632196        0.56071552375280918E-002   0.47887385950521560        0.31452266226080605E-001
   0.83112969701951989        0.55233592689352844E-001   0.60555207128489430        0.31511119121282946E-001
   0.50727034393419457        0.52879458075597236E-002   0.45947766938232087        0.31578540408211508E-001
   0.72129232279751754        0.55402974835435374E-001   0.81819070740028726E-001   0.31480051380384143E-001
   0.66323359714150576        0.55044680591238550E-001   0.63661025867350129        0.31446615082663089E-001
   0.95703976961867299        0.53628597856398546E-002   0.21936093604883605        0.31525671100970307E-001
   0.46161579445975809        0.55129013679066079E-001   0.98857401823714897        0.31470427668425505E-001
   0.83599371097595687E-001   0.55189784974493700E-001   0.67819465358059572        0.31529627505502811E-001
   0.86341632921675970        0.60879070833418300E-002   0.17318472567677609        0.31559977254159766E-001
   0.87362280952775595        0.54626122903116787E-002   0.34636327692442997        0.31448692825183949E-001
   0.70909623777589303        0.55294650101562530E-001   0.39788106316755689        0.31478573894281804E-001
   0.99983295042024178        0.58705166152477270E-002   0.14052957596961016        0.31480860700818042E-001
   0.92382643426159017        0.56591020877574897E-002   0.15474779462642807        0.31541153678693028E-001
   0.94959458000576846        0.59779099564062216E-002   0.96914840328404625E-001   0.31491048090059606E-001
   0.78011075553577736        0.56343143319831394E-002   0.31190919812824475        0.31537619917816784E-001
   0.73072942126681961        0.55124462591964350E-002   0.18599473280245363        0.31510185103721583E-001
   0.77041441679535427        0.55124960091002755E-001   0.85937623773647154        0.31470541068830946E-001
   0.58824419103592596        0.53854969262954605E-002   0.86298443404964476        0.31439229829643353E-001
   0.85355540218431489E-001   0.44451235965206103E-002   0.31387882291199883E-001   0.31467978853990455E-001
   0.97441770807883044        0.55400313540114189E-001   0.35669323315193296        0.31499141871705050E-001
   0.51917789235326701E-001   0.48013965250379197E-002   0.43661195707424677        0.31460283482972327E-001
   0.54276047090035633E-002   0.51094901075035152E-002   0.89627974163980240        0.31539777624246555E-001
   0.55380112601195997        0.55219093452633518E-001   0.22880636499137053        0.31499578818799640E-001
   0.19302864593012345        0.51895376228505525E-002   0.85918756301352284        0.31511335806448153E-001
   0.33826899957156938E-001   0.54769845968539593E-001   0.47054750141259072        0.31480504727160713E-001
   0.82881995495706795        0.55060254230671207E-001   0.33027271444632433        0.31579789456033604E-001
   0.77210070475003423        0.55147469429591936E-001   0.57474517401809355        0.31543679847912960E-001
   0.52149299277322103        0.55835173609748927E-001   0.37548117471502890        0.31575366595403616E-001
   0.12716086192910245        0.51578334575795000E-002   0.40239244781508926        0.31561751430924899E-001
   0.42638874631872736        0.66956730833857645E-002   0.41672757447466774        0.31488667476119801E-001
   0.39728237392863336        0.55226149609326640E-001   0.52090449528085903        0.31491401844399233E-001
   0.34206951122821916        0.52207633652376090E-002   0.71668636038501643        0.31488013652063530E-001
   0.18188212245714833        0.55411737439673051E-001   0.31469687959886794        0.31492065615251315E-001
   0.57269403736602675        0.55098919158219350E-002   0.48857891559113797        0.31489215550863224E-001
   0.76277099319861947E-002   0.55180190169587952E-001   0.93469282913808716        0.31493577997913191E-001
   0.19178159534946174        0.53640212478010766E-002   0.65667587883191825        0.31499737962787260E-001
   0.58290626667817103        0.55581589675397928E-002   0.57790175243614506        0.31443248040792363E-001
   0.64795774627407665        0.55301631303789622E-001   0.41348117528423178        0.31584582233105285E-001
   0.75353587061344840        0.98711754191195100E-001   0.41221213458559819        0.31507557227924796E-001
   0.95224300859343047        0.58230999018563205E-001   0.58214813910047869        0.31394227792310082E-001
   0.16089356054129419        0.51107985145822168E-002   0.91591506064566530        0.31555029195641397E-001
   0.65612918468221382        0.52748507104883186E-002   0.37580107438214083        0.31503622617166549E-001
   0.56621675276159944        0.69098426543736605E-002   0.76972732777813124        0.31517504810192540E-001
   0.10291843570223551        0.52087128511656859E-001   0.18710487157326480        0.31419753095621401E-001
   0.92188778700083608E-002   0.57568543320565130E-001   0.55537393205659236        0.31495741140693839E-001
   0.48985411485891239        0.54007425422249065E-002   0.39864861801857943        0.31565987041320423E-001
   0.75713289566414405E-001   0.54104290366965811E-002   0.78416062218796823        0.31450670156428676E-001
   0.65275788757874376        0.56955005356887078E-002   0.57105142415933008E-002   0.31517841203342188E-001
   0.82568775107059755        0.56113071512399575E-001   0.73267395752889042        0.31528790847824346E-001
   0.41625846023818455E-001   0.55320903228863218E-001   0.33383728842113619        0.31524561132631621E-001
   0.30350863298485675        0.54974837849475801E-002   0.54371742714290616        0.31429274436840036E-001
   0.77626902975304746        0.55175388663865989E-001   0.64265435433814633        0.31509228910388556E-001
   0.47670101597396120        0.54145227431037944E-002   0.16379614047912122        0.31502344511616702E-001
   0.55044881788794198        0.52887333533790781E-002   0.91350055820549170        0.31497264874099568E-001
   0.41919763406086458        0.55330780076570010E-001   0.58912790317532060        0.31488694333444381E-001
   0.98996288144342393        0.83420200885031045E-002   0.59225930008253280        0.31533213818372700E-001
   0.96175949082497969        0.55600237344814077E-001   0.14857294471377172        0.31475290680422631E-001
   0.83866546373757633        0.44218200612070836E-002   0.78495849286712882        0.31464683761248287E-001
   0.73217061288751439        0.51857531021505124E-002   0.86634087229092449        0.31579854357013472E-001
   0.67307956031285676        0.48774760204479232E-002   0.83584179174744000        0.31458523947555120E-001
   0.72772064318653462        0.51260341603646181E-002   0.71319085470766541        0.31577750399541270E-001
   0.37980585100003444        0.55172105809095921E-001   0.87180499503249953        0.31423001425248030E-001
   0.84415078205603267        0.55419935944963972E-001   0.54393549668009933        0.31443501406243697E-001
   0.91033150579945088        0.45987148688606807E-002   0.76361877833277192        0.31483116578352677E-001
   0.45469911373614225        0.56276168534314993E-002   0.22286009837911142        0.31516121898576853E-001
   0.27959127844550719        0.54611178484751721E-001   0.52793384216120592E-001   0.31449630046690824E-001
   0.34300916282256089        0.51259481649871602E-002   0.88266006844295963        0.31559383712693255E-001
   0.78769333322473478        0.47051875919065693E-002   0.74774278561187368        0.31477533287867038E-001
   0.24569237579627040        0.54889362147365929E-001   0.74769613378050626        0.31441436828182623E-001
   0.31238995219506971        0.47014503973666017E-002   0.61508332461473236        0.31585960332404253E-001
   0.26196421782144565E-001   0.55355328227395730E-001   0.62088923086605141        0.31522922243273549E-001
   0.11164017229635283        0.54635155966688588E-002   0.54506160266721015        0.31458245296461948E-001
   0.53392986492742533        0.55315688971661871E-001   0.48719932068258665        0.31480088038220680E-001
   0.85816048023696120E-001   0.55495115295851043E-001   0.59882377688538002        0.31442545644730369E-001
   0.45704623837478509        0.54898398857924635E-001   0.36998198552269984        0.31528290356744523E-001
   0.88480861761610075        0.55504646387392748E-001   0.28447876959419049        0.31527507474534158E-001
   0.49994254887605388        0.57605862639012441E-001   0.64781476297789098        0.31546430025996768E-001
   0.79766772464896718        0.54200869208541017E-001   0.41965340766326864        0.31513192269133725E-001
   0.25565842062539418        0.52864398467401208E-001   0.95035986618113311        0.31464883034299992E-001
   0.24030663093719234        0.47505107319280402E-002   0.54523398836543147        0.31537515143331814E-001
   0.35050378333293730        0.55333145819267932E-001   0.77403583162640799        0.31582855277696859E-001
   0.19871775966361785        0.51299983122680155E-002   0.12523918956012656        0.31527751109170936E-001
   0.17266520173469094        0.54928516362248825E-001   0.74279341718785541        0.31534249521343601E-001
   0.89310180434457387        0.56486697124152878E-001   0.62035074984271532        0.31452170403451954E-001
   0.76663374544988783        0.55131290026871831E-001   0.71027464210422664        0.31513706241158471E-001
   0.11984598275019495        0.53066014163930400E-002   0.97851747403330813        0.31471788358466875E-001
   0.48339825551910692        0.57685447694810613E-001   0.57553943189044554        0.31527191621234407E-001
   0.60873647488448723        0.55095525900269504E-001   0.92899959201601847E-002   0.31512792177405352E-001
   0.43169563841323960        0.55119172677921213E-001   0.65131328353573137        0.31491997279504205E-001
   0.21180922289579374        0.47958208602076760E-002   0.95642411192971633        0.31537511418492849E-001
   0.61397881762124051        0.55415896897917677E-001   0.21019698405856241        0.31472819263246084E-001
   0.49289735018304293        0.51951142910531883E-002   0.88751584507784675        0.31582186969976028E-001
   0.93179177802038393        0.53305181513400607E-001   0.83149148057380440        0.31597620489611310E-001
   0.82692019216090440        0.55785162854354253E-001   0.15998665729443465        0.31366988670428600E-001
   0.36132708198645092        0.54677439828307757E-002   0.11290108254646906        0.31509182491472464E-001
   0.79242080673865989        0.50869110185114653E-002   0.60756580995943965        0.31550069769428486E-001
   0.98517753330694413        0.75937841845660345E-002   0.41047753119798587E-001   0.31389522735014407E-001
   0.36003316194223628        0.45537922223647899E-002   0.33836910020541583        0.31408908231577430E-001
   0.35212615217860521        0.54519272357058520E-002   0.40269958703770503        0.31507380780293907E-001
   0.81577868536000953        0.51216853366357777E-001   0.48654864280072163        0.31442086743048193E-001
   0.44778243070287455        0.55367197457996370E-001   0.11801860678956505        0.31501019218972220E-001
   0.98707538662889560        0.55110999593422166E-001   0.86192540083596214        0.31533037751508591E-001
   0.39164494950704976        0.49051029111756572E-002   0.92332767185993470        0.31547191683955624E-001
   0.47027062314315937        0.55611959670288369E-001   0.25980652899961260        0.31476651411701452E-001
   0.40104891940025789        0.55446650949991939E-001   0.31998866373221668        0.31594072262047385E-001
   0.95503499390908175        0.51185333575464922E-002   0.53987868363645841        0.31465015024429263E-001
   0.85511208422149554        0.54570150966039004E-001   0.67617499883630350        0.31521929432707214E-001
   0.15235742628655080        0.53535113862993727E-002   0.46054329266235927        0.31519763681588903E-001
   0.42102674110172228        0.53991319131235765E-002   0.35399739051063694        0.31454534935125976E-001
   0.33418939267344738        0.55601259029369146E-001   0.52017644785125960        0.31567124383603672E-001
   0.29463957716307419E-001   0.45704323866895113E-002   0.51052241049106695        0.31536935413649249E-001
   0.84291306438652069        0.62057870156080183E-002   0.11330662465308936        0.31463658454365551E-001
   0.62275636195770612        0.50322210492004709E-002   0.79787674265029940        0.31552433619572828E-001
   0.41732630281744937        0.57225626135277621E-002   0.14215039660044543        0.31540325718715637E-001
   0.24627535842332834        0.53273905175550652E-002   0.62464862637441487        0.31538065465884869E-001
   0.50591912983980503        0.54919407004236476E-001   0.92541841535975289        0.31409740772588436E-001
   0.85530915499745919        0.55515888736222700E-001   0.21607078914159092        0.31479839262391118E-001
   0.22115629557888952        0.55028290194850109E-001   0.35704071837340708E-002   0.31460612641258170E-001
   0.40856819873999452E-001   0.50133612055506876E-002   0.76059923478071043E-001   0.31570626754192851E-001
   0.54088486174824757        0.55364032654656531E-001   0.87300684397006867        0.31533247643089235E-001
   0.29720630412191995        0.63574941610176549E-002   0.93999054862589593        0.31527126621768785E-001
   0.36257070720294671        0.49551001916005406E-002   0.81971984454070757        0.31495186056993314E-001
   0.86277509066962954        0.59139688699104661E-002   0.72236162203794030        0.31371796335897845E-001
   0.69455484237702969        0.54211112544531766E-002   0.43368659048656860        0.31558606104714927E-001
   0.88910757734391421        0.59885183555748759E-002   0.70380397675725057E-001   0.31539977905568638E-001
   0.30324041615577296        0.55197399210380783E-001   0.71991262072780748        0.31615940807582031E-001
   0.45480733660145253E-001   0.55221284020393613E-001   0.39822628632987805        0.31533275403007086E-001
   0.39811495533267738        0.55570863508652736E-001   0.96806357221179173        0.31426973355240022E-001
   0.28691751947458777        0.56066389013374974E-002   0.40381804566170348        0.31568202708546218E-001
   0.29127647952843111        0.54236412678177037E-002   0.33846717031635876        0.31559617807080720E-001
   0.10280233272294953        0.55253292629982013E-001   0.36247040764875460        0.31585170085850711E-001
   0.24613191414546587        0.50155218577082640E-002   0.90303736604884977        0.31386883510885179E-001
   0.76146540857258560        0.55498057935527305E-001   0.20916003188744681        0.31478030736237984E-001
   0.58573226449063409        0.55499336927323367E-001   0.68012618069262953E-001   0.31540389211548975E-001
   0.83393621281195407        0.53075380665143446E-001   0.91345120366621013        0.31501339122509658E-001
   0.28377547506175560        0.55000991208677720E-001   0.89375235307641787        0.31513737850247248E-001
   0.18793705944791111        0.55413235087162060E-001   0.44547819873343814        0.31431534105424375E-001
   0.63361258542405974        0.50598019933563573E-002   0.45026513816023028        0.31540827243870397E-001
