 3 HS poly
 400 2
 200 200
    1.0000000000000000         0.0000000000000000         0.0000000000000000         0.0000000000000000        0.10000000000000001         0.0000000000000000         0.0000000000000000         0.0000000000000000         1.0000000000000000     
 T T T
   0.94185356239199125        0.47806398966257969E-001   0.73435153371828174E-002   0.33516491743957481E-001
   0.27568762869643876        0.46943199842176604E-001   0.22603870818360494        0.35057362374723337E-001
   0.41046031746962669        0.96594745393996345E-001   0.10991966676454452        0.34927554650595785E-001
   0.73494729564179195        0.46328067064625847E-001   0.17509278574289824        0.35627140015715930E-001
   0.18905056448134069        0.46748999108057465E-001   0.69934676491124892        0.35455602891896414E-001
   0.64329969220056293        0.45839268976375719E-001   0.97525782401926497        0.37380643413073691E-001
   0.84178369555509502        0.46730964195737142E-001   0.22394893720092565        0.34072340827532931E-001
   0.51811324839024964        0.47298125506763995E-001   0.50272087662067677        0.35170008040850721E-001
   0.89709008601322582        0.47202279288643859E-001   0.59775606204125309        0.37259175983283252E-001
   0.35323421726635384        0.97013520761717431E-001   0.45326938219515750        0.34985930729132225E-001
   0.20092645126024897        0.47086103249104935E-001   0.34837399867158164        0.35733555439726748E-001
   0.33619589667840788        0.47038059418558320E-001   0.28009134491476911        0.35410322365997185E-001
   0.95304351864962178        0.97776929689329717E-001   0.85617207457685318        0.36773015995767183E-001
   0.28497080527595109        0.97003974914799895E-001   0.27741167144354284        0.35974158629594119E-001
   0.70703959166461372        0.99733749038752928E-001   0.91347685009184920        0.35703662556989348E-001
   0.38114801641667706        0.96892088630190276E-001   0.38455831727107953        0.35560341590816613E-001
   0.97129254800984988        0.47165593864263861E-001   0.39637389024688852        0.35457647084945365E-001
   0.29535741632449303        0.96964545134735125E-001   0.73104976509927377        0.35708657424957095E-001
   0.21227896887729605E-001   0.97602061072328078E-001   0.69445280728215347E-001   0.34517088556762374E-001
   0.38545196220488759        0.46718073695680762E-001   0.84839156995440679        0.35071999498352220E-001
   0.75764092939447392        0.46480280932738323E-001   0.10510577224347950        0.34949459566758663E-001
   0.89409251586358274        0.47268082746821288E-001   0.93925117661319790        0.34371394485418517E-001
   0.55675915646477503        0.96651695851729752E-001   0.86699452929866871        0.34269663556456831E-001
   0.53398854964327758        0.96727813515948252E-001   0.21260300240686791        0.33166653695942398E-001
   0.66021741802257883        0.95511754651631420E-001   0.25162209878735249E-001   0.34922012578660913E-001
   0.97736664688433383        0.47754377336565249E-001   0.74390187818950149        0.36731172398370274E-001
   0.15133835454511763        0.96904540784286758E-001   0.73969431114162965        0.38906488756290512E-001
   0.65573608187807564        0.49786326853301199E-001   0.90228735902644985        0.36697705520816040E-001
   0.76194726951758140        0.46474556843098890E-001   0.60431756618734966        0.35044300389202185E-001
   0.17391118855287144        0.46928151450560417E-001   0.62665634040582496        0.36813325102082767E-001
   0.43896329646147764        0.46653806952737631E-001   0.93420382233810306        0.36781546796423370E-001
   0.41747071767395061        0.96905125840687709E-001   0.47686946572861372        0.33437354253923343E-001
   0.57100067724111203        0.49525855832553457E-001   0.76504155499723647        0.33891839860055860E-001
   0.72290110222854087        0.63862184711639763E-001   0.12890009898246858E-001   0.31707771923862371E-001
   0.95270137246851339        0.97391311201832864E-001   0.23489852130232078        0.39485292397063741E-001
   0.38223133237925488        0.46889098039812067E-001   0.49818077848841735        0.31311255312866139E-001
   0.66377414569671056        0.96752301791059467E-001   0.27071047412710153        0.37290930838919788E-001
   0.29269002394828203        0.97469136391673497E-001   0.12121467913895376        0.32613394986874558E-001
   0.22441650296574986        0.97185294379555004E-001   0.52716793393875327        0.34566001036809298E-001
   0.78784980633798352        0.97098563004254249E-001   0.55748915941991173        0.36048655698690660E-001
   0.53801383407902093        0.46627209958280028E-001   0.31796628491705736        0.35585080122705531E-001
   0.46473087828140036        0.96666379683758324E-001   0.97968465987068443        0.35535608171164759E-001
   0.87853713944307643        0.46619655992785392E-001   0.28628851364048641        0.38219332289189369E-001
   0.93238478274557579        0.97302703615385330E-001   0.56066609202954121        0.34218283522518975E-001
   0.61753978469316649E-001   0.47279342617784145E-001   0.12534827302596135        0.36677930978332572E-001
   0.28739675888325666        0.46711663573715236E-001   0.33239240894285260        0.36033605932387761E-001
   0.57148727435696267        0.47209639611640493E-001   0.96882251019898491        0.34169262460500886E-001
   0.92269467065348471E-001   0.47908235976533389E-001   0.97747279034389056        0.36685264596567534E-001
   0.71048695996545441        0.96470162381455254E-001   0.12522525447873414        0.36650395620615471E-001
   0.59357373827429705        0.46924441333269347E-001   0.36993868951141506        0.39421006245686729E-001
   0.25971320910317841        0.46976203790091015E-001   0.69560122555992543        0.35174559638762398E-001
   0.27307242125196901        0.96682966545763582E-001   0.97992032560013465        0.34920501939641177E-001
   0.12468998039303954E-001   0.97291828256804727E-001   0.13811858558767323        0.34515510231507944E-001
   0.18492452468979517        0.46904697950749259E-001   0.78819060754219084        0.38392319233430311E-001
   0.39096134298101765        0.47247304125624938E-001   0.70222313985731366        0.32963891919212486E-001
   0.42688791513304913        0.96517303236041185E-001   0.74677397593036809        0.33781242137506599E-001
   0.90882134525124536        0.47506778308126413E-001   0.70298692541499605E-001   0.37251831375083491E-001
   0.83470788288151021        0.47078592643070807E-001   0.54240648304857575        0.31083458559322465E-001
   0.70887109498813738        0.46321836640010772E-001   0.54213613088334811        0.34518955905243502E-001
   0.72829362151085389E-001   0.97251141337832234E-001   0.44088407508774380        0.37289544677889183E-001
   0.21236821961369715        0.97505158125860997E-001   0.13653989222487461        0.35053043247042198E-001
   0.97937809016386457        0.47174195795673807E-001   0.32141222464083452        0.38837294840772738E-001
   0.65578273805713927        0.93828879032227225E-001   0.57216760101882069        0.34697279065364808E-001
   0.77556141805756007        0.49427862626450991E-001   0.80077006039924070        0.36213857389308733E-001
   0.76682597327169644        0.97073449919449273E-001   0.30116671729172573        0.37306311583146137E-001
   0.18614019955397135        0.47084325678009908E-001   0.22848282030821687        0.37318739242604239E-001
   0.11355417824024158        0.46913057708375443E-001   0.69424759380304180        0.38487088523286327E-001
   0.36217426462969921        0.47036603893562907E-001   0.20300256113639464        0.36491718842947482E-001
   0.11576828106845086        0.47215948978697277E-001   0.21318241138006175        0.34599866681202802E-001
   0.62869845077808906        0.45273805214188438E-001   0.62201320691905626        0.34772176165468280E-001
   0.64357322784961224        0.96885432428319498E-001   0.47838697261231100        0.36368103911160618E-001
   0.46801310870139601        0.48241506516164427E-001   0.30451470292305660        0.35667618591170860E-001
   0.58645459196397964        0.45469090972434359E-001   0.90323856542553493        0.32676409810668203E-001
   0.10310580228501820        0.97424140077368160E-001   0.94841316577369078E-001   0.34633176207779712E-001
   0.55885447738657057        0.98675612870121387E-001   0.71759130443703778        0.35463711704873870E-001
   0.49002986978058084E-001   0.47212242177336564E-001   0.55397804815138263        0.38537246995436765E-001
   0.45601101171270697        0.47402218410400043E-001   0.58541699436589056        0.33502508527534391E-001
   0.75119099844055404        0.99761873528584441E-001   0.84279535686894624        0.33251089953509012E-001
   0.71713580929190890E-001   0.47631037388754349E-001   0.50279322063876655E-001   0.38967049499844648E-001
   0.24482173644030186        0.97581985492059223E-001   0.68785470981886948E-001   0.38318903321472315E-001
   0.82084190406576363        0.97437830524436109E-001   0.23963684321979740E-001   0.37184247778627916E-001
   0.57591103093620655        0.46688194513381596E-001   0.18486584097122752        0.36066431653107953E-001
   0.93186429593084819E-001   0.47042612214428833E-001   0.49246460062503178        0.37195347982534155E-001
   0.63383593842414176        0.96660990986457765E-001   0.92656349482400993E-001   0.37477784100416522E-001
   0.74720417554105145        0.49801724942238869E-001   0.94327710899635586        0.34903281363633999E-001
   0.16383229425806348E-001   0.97198275047288743E-001   0.36670845956840981        0.38079020122472600E-001
   0.16648108380619142E-001   0.97429165436963630E-001   0.71409733285437926        0.33222504447078360E-001
   0.86512509021774031        0.97430120505137469E-001   0.10285761274572534        0.36626080879398573E-001
   0.54226378379695047E-002   0.47432975695061608E-001   0.49068176522318491        0.35314074779755594E-001
   0.97394736554663730        0.47327902674103625E-001   0.17689466782701768        0.39520849117942077E-001
   0.88598494400276584        0.91501198320222354E-001   0.83032978161341664        0.35191184632846553E-001
   0.54767836818944016        0.46874423208514406E-001   0.35309057562242216E-001   0.36208397843144238E-001
   0.31218880141695654        0.97305093477970450E-001   0.38534760591929867E-001   0.35501624206975169E-001
   0.37809002906099759        0.97006719081922307E-001   0.25232072980078407        0.35446327588559784E-001
   0.12362011798876346        0.47052722627945069E-001   0.34647377186068662        0.33782912610395364E-001
   0.32342860014000024        0.46970411300026937E-001   0.62963056737063816        0.37660105135368882E-001
   0.80744754281205533        0.95237735221709641E-001   0.69774091993248977        0.37067507795002272E-001
   0.65834971215760607        0.46578849459837868E-001   0.14326799025120113        0.37709907708830911E-001
   0.69872903195204183        0.46934066189488997E-001   0.39573732472857637        0.36899939015365861E-001
   0.37978799868753223E-001   0.97685447720924620E-001   0.84928447056032308        0.33616618539073662E-001
   0.36565429336545184E-001   0.97405833622027704E-001   0.29663564071823090        0.34739696596084862E-001
   0.92186650943405196E-001   0.97296967443070079E-001   0.16881239282497248        0.36213297472983519E-001
   0.50155373883273047        0.96658649175428199E-001   0.60603498542062761E-001   0.35628398678552414E-001
   0.88766671908491879        0.47423543549815830E-001   0.42634810098777876        0.37025934146458675E-001
   0.45518175190858778        0.46648265369186731E-001   0.86324461361983684        0.35913588643415838E-001
   0.94118673860386559        0.97735176227437826E-001   0.70624457699086940        0.35522457422502117E-001
   0.56159804776824573        0.96912900749433498E-001   0.53306180452897456        0.37171024125492710E-001
   0.15981968773181501        0.97084541708265859E-001   0.37928108012332029        0.35981112301903311E-001
   0.61209363667614880        0.45562479816193741E-001   0.70841851734446681        0.35962183995114173E-001
   0.98696244060628990        0.97965842534541853E-001   0.98628238250985989        0.36895693532534364E-001
   0.18308512917951636        0.47048376374512424E-001   0.49908306518439327        0.36005450582202427E-001
   0.68871950196636633        0.46419365623627203E-001   0.72611249856850191E-001   0.39044232468815165E-001
   0.82165077278990317        0.47951470611717770E-001   0.13620747978190892        0.36226599694056595E-001
   0.40745251284197975        0.97046797639804616E-001   0.17976419727626780        0.34840481784983161E-001
   0.84774843262440713        0.44848907102986814E-001   0.79400851416045970        0.35167647709386622E-001
   0.93228992929246413        0.97228748555898886E-001   0.63627138459049382        0.34960047977873658E-001
   0.32836249226303815        0.96653546110248206E-001   0.89467955289941781        0.34117759458894739E-001
   0.95519460574402670        0.97668003380808083E-001   0.50361134750913222E-001   0.33640247189423447E-001
   0.12254928577247778        0.97744764354901426E-001   0.23035272172846261E-001   0.37287552670715651E-001
   0.25001301803601406        0.47066329522431297E-001   0.62529726989175349        0.35754009760511074E-001
   0.58885587964488850        0.46804733071171951E-001   0.48392255048590554        0.37902862144046194E-001
   0.60010274702285682        0.96685280910994362E-001   0.22908316611060200        0.34918518485204234E-001
   0.25933291644323825        0.46957212911927351E-001   0.77125923048792877        0.37848749344710955E-001
   0.39903586505687000        0.46882595638827379E-001   0.43238727749679656        0.35862011354455152E-001
   0.97827274221822902        0.47514197176204399E-001   0.98892419991038025E-001   0.37432292957839397E-001
   0.99926716809745797        0.97377124991078104E-001   0.43979338840125337        0.36246919149670397E-001
   0.37644326013585494        0.25139328487528697E-001   0.54291582249364215E-001   0.36072513250017479E-001
   0.85665168170007966        0.98105851093892291E-001   0.17522270189879322        0.36051176306659750E-001
   0.10087905813221758E-001   0.47196107861501579E-001   0.25124124468973508        0.37569855053110557E-001
   0.78697162328579040        0.99842265897690116E-001   0.91288115176246065        0.35789232194190952E-001
   0.68348012818838955        0.11320058394328392E-002   0.84642453352594760        0.34301329102638820E-001
   0.33052432107407304        0.46494222478047117E-001   0.40537197637956313        0.37469328430454314E-001
   0.10699787301627750        0.46985456158658331E-001   0.77124581082782684        0.34911634402412482E-001
   0.12289151890385373        0.47093159491688991E-001   0.41762940638684820        0.37044926637957061E-001
   0.93494565548915842        0.97920151470908490E-001   0.13387973546140036        0.36675222444378250E-001
   0.28306248903577380        0.97463870437843644E-001   0.44396640304501983        0.35784509114049380E-001
   0.14114363686832868        0.97061413102743591E-001   0.46806487866755442        0.36217029241851467E-001
   0.74985624864445299        0.46736568135143632E-001   0.44820909504117501        0.36296805360532862E-001
   0.81725429482332035        0.95839711916525128E-001   0.83238451840892436        0.33670395586345207E-001
   0.23358806441823959        0.46967879355478886E-001   0.28441863216365809        0.36016079772881918E-001
   0.51920123992051170        0.96553300614393045E-001   0.77649486474868090        0.35212794308628829E-001
   0.52849522678916583        0.47528282592968124E-001   0.57959214692038952        0.37321425283004091E-001
   0.73680418505165712        0.95391638257991448E-001   0.71409443884278279        0.34620064937144271E-001
   0.57683380456072542        0.97151587328146771E-001   0.60523452044212156        0.36216383774475974E-001
   0.20626748707025902        0.47039682756082196E-001   0.89845795483510349        0.38524882856901206E-001
   0.73608232816594377        0.95403636953876644E-001   0.64591428892575686        0.33372952355261651E-001
   0.46783350587318767        0.46508209738936705E-001   0.78140628108902366        0.35979080159292187E-001
   0.64626086903795454        0.96885372279173210E-001   0.38944817719138858        0.35753131398271076E-001
   0.31339483975557147        0.46750077979762716E-001   0.84622502440809744        0.36989080553646983E-001
   0.26500701459972699E-002   0.97133722658442084E-001   0.58293201543673656        0.35476095222265074E-001
   0.36675705608216225        0.46549024085628520E-001   0.92539588479964863        0.35927722458960629E-001
   0.71357182156010435        0.47067991887945082E-001   0.30120162043979914        0.35701744386437251E-001
   0.45436494626389595        0.46544252826233985E-001   0.83305181057791972E-001   0.36651740478794742E-001
   0.36597982398064660        0.97107463067586886E-001   0.60169434740610583        0.33553543624081077E-001
   0.44834691807729216        0.97779702726042084E-001   0.25794757630488152        0.34993813175354188E-001
   0.79459476139354390        0.96931760332907055E-001   0.21129676498139055        0.35651508113430250E-001
   0.35266596090803609        0.96744345480828914E-001   0.80494705362457553        0.38766423654370143E-001
   0.36110329772862498        0.96800961675310659E-001   0.53447770642631598        0.33782524984021470E-001
   0.53464254972221703        0.46568776169714249E-001   0.82370708489464206        0.35175377369066577E-001
   0.90656138453454105        0.46635321811578062E-001   0.20489138575183732        0.33309917990726717E-001
   0.25397076540535157        0.47263777107624631E-001   0.48663772364990948        0.35955215140099202E-001
   0.44781552869847452        0.47263898725219279E-001   0.51529123324771708        0.36239300838858679E-001
   0.73693057356619573E-001   0.97145739411582444E-001   0.23759459590770224        0.34944947840029154E-001
   0.29379664720464421        0.97108255349515699E-001   0.51864793519760222        0.35322131109731966E-001
   0.13083449384226925        0.47129883691671870E-001   0.56960393078933469        0.34551848178412087E-001
   0.16158388494707093        0.97184815241634886E-001   0.18386493255883685        0.33912946902286446E-001
   0.16702796212316037        0.47821092152261262E-001   0.98739058912565758        0.38477192956765910E-001
   0.89900530950087065        0.46986834804117444E-001   0.52425819197809898        0.35519122927012994E-001
   0.89837669858896707        0.97229451657997998E-001   0.47586913803082120        0.33858377746456531E-001
   0.21219651247051208E-002   0.97712177917448378E-001   0.91278186322777433        0.38107510137497934E-001
   0.73689000856573672        0.96340297280634618E-001   0.50008512948164219        0.36549367748614787E-001
   0.71194343975902075        0.97072696194985486E-001   0.34835588078161545        0.33037996340536634E-001
   0.36166969322113324        0.46953865140292879E-001   0.12077294960680965        0.35413626673407049E-001
   0.47787291291926387        0.48091935685235065E-001   0.65091392251843250        0.34557177586646240E-001
   0.25922081274857195        0.96856822184061248E-001   0.88424641552487038        0.35427505613264999E-001
   0.49525434398585161        0.46590293556666405E-001   0.23919438109079041        0.35003918090255194E-001
   0.11155309398196872        0.97205631943693402E-001   0.30411918855596526        0.32611019225680785E-001
   0.59291014697564204        0.98334690471355277E-001   0.11096317069635714E-001   0.33816831387532151E-001
   0.13783243993002739        0.47182780627632745E-001   0.13658783490847937        0.38591331155015847E-001
   0.43109750654031781        0.46843036374494218E-001   0.36683335134289474        0.36582864938298598E-001
   0.28695563844814592        0.97036459801158326E-001   0.59084371031969141        0.35269941550566411E-001
   0.66240879276705644        0.95547860264075052E-001   0.70601574441641346        0.34805901797223940E-001
   0.40698899890969625        0.96498549682331028E-001   0.89317437972916103        0.35199109708171229E-001
   0.76144580113182281        0.47057503686567415E-001   0.35619123321266422        0.37145025999466209E-001
   0.68235241420120696        0.96549277726365609E-001   0.19271591394247409        0.36468378200570806E-001
   0.87191828639211655        0.47557844091722458E-001   0.64343545152938239E-002   0.36324753194679031E-001
   0.44714517142992327        0.47182454232285558E-001   0.15362985706399077        0.33944456657207571E-001
   0.42754970556905486        0.96677030856384460E-001   0.81765622680634409        0.37099671023368044E-001
   0.54396352233019429        0.96738918256036935E-001   0.14167948988518780        0.37054413647810952E-001
   0.19929344022759829        0.97028577323205148E-001   0.84260354098358159        0.36717556520598306E-001
   0.21230862130734629        0.97227736899380135E-001   0.45582195435409245        0.35949239082185593E-001
   0.35840699162970058        0.96950382925971690E-001   0.66940621642230203        0.34518444857927273E-001
   0.69643239127974721        0.45352667941358761E-001   0.74335205071190036        0.35958773997195201E-001
   0.29095267214911963        0.46662174975709347E-001   0.92807661609137271        0.36678250759655806E-001
   0.93387849851016436        0.97537087502043512E-001   0.77763309443169804        0.36215815649053913E-001
   0.51837410019904007        0.46676422066462053E-001   0.89715135550617486        0.35576195907055040E-001
   0.49014287014857227        0.97275350032695010E-001   0.54338982060061003        0.34936603358871388E-001
   0.58754101862939126E-001   0.47762256093850583E-001   0.89456123673694365        0.35743650091640877E-001
   0.44398732701920146        0.96876963777225863E-001   0.41454403785997945        0.33630414427816488E-001
   0.69791963960338133        0.45381544298246708E-001   0.67246380808586315        0.34866754797487028E-001
   0.57264281555939067        0.96760119090977148E-001   0.28948470116359287        0.31420199715781916E-001
   0.70432671850440487        0.13856965012490905E-001   0.97914457952657585        0.31404530096676368E-001
   0.83983635583468108        0.96893638220696618E-001   0.50500772007669603        0.31392013706777834E-001
   0.67510294454002986E-001   0.97244689963660008E-001   0.59934162161930049        0.31415007665562843E-001
   0.47433554917468873        0.96667739501965944E-001   0.90417527093042094        0.31397163724060775E-001
   0.49320402054553070        0.96642576528466612E-001   0.83877303216612786        0.31413207759636470E-001
   0.39248585282101528        0.46942223809869392E-001   0.63750354419335398        0.31392851224121221E-001
   0.63574252276440568        0.46905432577252597E-001   0.43295738701427999        0.31337115027376711E-001
   0.91740290047198386E-001   0.48140234783756529E-001   0.83583215877799832        0.31425634638944433E-001
   0.98615871917728096E-001   0.98001304058640992E-001   0.87335317019615488        0.31322487582302244E-001
   0.30477250516558877E-002   0.97686436655125775E-001   0.78336802245165016        0.31385333297447159E-001
   0.77861899206015506        0.47211740920214663E-001   0.25386578288820061        0.31389558041795294E-001
   0.47995207557741104        0.97578871041070214E-001   0.34926211620150904        0.31342330518772214E-001
   0.96211847960998109        0.96968247148945946E-001   0.50181968149779743        0.31401920452181015E-001
   0.50609395663253631        0.47736433116741431E-001   0.37691020950710197        0.31355540771946182E-001
   0.53213853746255972E-001   0.97531468684787653E-001   0.37234593505628081E-002   0.31390948170574001E-001
   0.53031283583323341        0.96549073191806264E-001   0.99290679128216697        0.31364463753229190E-001
   0.93651993430129532E-001   0.47233871987750850E-001   0.62708845592624085        0.31421717645119140E-001
   0.32867024844882381        0.46685868562546140E-001   0.76180698863424889        0.31427122185292630E-001
   0.84352615035396028        0.45097381583921757E-001   0.72757151107446105        0.31303570914334854E-001
   0.50898916912431791        0.97783490865390579E-001   0.41477238360605012        0.31351275444847219E-001
   0.24535087023258703        0.47048121506259498E-001   0.83967041857596958        0.31275924735984659E-001
   0.84976551744222517        0.46700555503353926E-001   0.36476973321957307        0.31347545052815014E-001
   0.87569009206397452        0.97247114200966794E-001   0.69173698916216364        0.31358824822711254E-001
   0.63928038049351721        0.46693392967252119E-001   0.20978197511507676        0.31458703463302456E-001
   0.20121429081572695        0.47290018501354995E-001   0.56404574395726137        0.31439251909923457E-001
   0.61513781939179080        0.45855526168788206E-001   0.28404601118893191        0.31306915435566601E-001
   0.80721138427643546        0.99095034325503178E-001   0.76639958795574048        0.31479510544203441E-001
   0.58131454700763563        0.99598258260267539E-001   0.80593262669730559        0.31435832949141471E-001
   0.42472223102567236        0.97205840844610550E-001   0.55471431385318937        0.31417377997826942E-001
   0.91009291457579966        0.97890613805513241E-001   0.98004768515949947        0.31394500058037171E-001
   0.92498125360406036        0.96593437208038313E-001   0.30018838222909294        0.31382955096619224E-001
   0.49048103560210893        0.96771289957473500E-001   0.70284912521389420        0.31345411668681399E-001
   0.48231870969680962        0.97321072499279709E-001   0.47718176275405239        0.31396786335671459E-001
   0.30610208246178899        0.47470607864475517E-001   0.82984348159427679E-001   0.31390014139963195E-001
   0.53257958802636363        0.93726631727493237E-001   0.65629174450553629        0.31389936545318402E-001
   0.78245386708772147        0.46198231635318804E-001   0.50799946675611152        0.31416353158060996E-001
   0.79832160779505068        0.96464968639058346E-001   0.88705961996585134E-001   0.31325617772891209E-001
   0.33662237630193026        0.97283729769540472E-001   0.96018557596845144        0.31461781152458006E-001
   0.24166255697972966        0.97077568436136574E-001   0.32910110510677792        0.31442850136801509E-001
   0.76547070938217765        0.99756620166577520E-001   0.98310448999513589        0.31420711572461978E-001
   0.38857718960128479        0.47186107419413703E-001   0.56675140077998720        0.31410807062129724E-001
   0.61207983098192009        0.95649136127985701E-001   0.66298622194333445        0.31389973388284052E-001
   0.32131897730660491        0.46946745277294567E-001   0.48326277818813468        0.31400793330164274E-001
   0.54776193223255998        0.46928305061977781E-001   0.42434157914944926        0.31364592591270724E-001
   0.39985269758927572        0.96748818111237006E-001   0.95963504922729170        0.31484256415971842E-001
   0.51451887931528495        0.46759986911135767E-001   0.73235475376004633        0.31364687322624200E-001
   0.14254127221002844        0.97006646173379424E-001   0.24757463184353082        0.31454228878292710E-001
   0.73481771368308069        0.99668946591216667E-001   0.77991305990638327        0.31317307438991013E-001
   0.58639421157724436        0.97122767023673132E-001   0.42019872260419905        0.31449046929258817E-001
   0.82866858388056841        0.45907622955538990E-001   0.60480780902972020        0.31527739529532327E-001
   0.54721384699309272        0.96797078202242842E-001   0.93194479145911346        0.31342354999201620E-001
   0.15357202938323855        0.47397282481637402E-001   0.85232288595226169        0.31445173594600896E-001
   0.93300445428185419        0.97395844912010823E-001   0.92139487254451891        0.31345809935009093E-001
   0.96885409588134852E-001   0.97110915892889560E-001   0.54319143670844316        0.31346907516650049E-001
   0.30762350522162550E-001   0.47756565821566808E-001   0.62150581035620800        0.31387231624556707E-001
   0.33233725841793893        0.96787201767454534E-001   0.32600875103062410        0.31395916639060134E-001
   0.14024638521636498        0.47645349959598682E-001   0.66687325011610205E-001   0.31305001549736658E-001
   0.90943369625366122        0.47192976142520333E-001   0.67379457631544226        0.31393579290478563E-001
   0.56108576373771024        0.46953592955915460E-001   0.25213891078726230        0.31449133267732111E-001
   0.62103984900410369        0.46278497298796024E-001   0.46506961219088698E-001   0.31477145586994965E-001
   0.88754740809627719        0.97252803030870083E-001   0.37900908864405841        0.31489398111720364E-001
   0.31481692721351279        0.46831583057273363E-001   0.99314920394408357        0.31416022803055881E-001
   0.56674041928208119        0.96818856017745508E-001   0.76784080694181092E-001   0.31449999074708926E-001
   0.88180287417144165        0.96656001383737727E-001   0.23783565609355198        0.31393744652861134E-001
   0.25521198881298113E-002   0.47663992560133837E-001   0.30600398695228494E-001   0.31417592869958204E-001
   0.88921134413348979E-001   0.97469235898061279E-001   0.37209161246893036        0.31483066897921436E-001
   0.47239762102259678E-001   0.97441948193642353E-001   0.50484125562355797        0.31374513919811706E-001
   0.32669919729388364        0.46988460464370226E-001   0.69904425599090048        0.31355574557879441E-001
   0.51024304419428279        0.96782331584068210E-001   0.28249176426168937        0.31355867117294892E-001
   0.97360404684520685        0.47288812054648868E-001   0.67507713309178041        0.31388762993341479E-001
   0.94723624534261219        0.97129314874936479E-001   0.35897973072872880        0.31423003327413844E-001
   0.22522471190829998        0.96739762284557607E-001   0.73062586534903662        0.31427103670003849E-001
   0.21251535784583747        0.97091544529175233E-001   0.60068164784760636        0.31364650061282903E-001
   0.99876466247188145        0.47786716272143655E-001   0.86425617997285531        0.31437541221873463E-001
   0.50622035888249894        0.46488063226209492E-001   0.96298444166293884        0.31354219088572090E-001
   0.16562155754875869E-001   0.97278796731810932E-001   0.20389771876156521        0.31356222927562398E-001
   0.15582472300804356        0.96909999323891521E-001   0.66947345411491954        0.31423957260520011E-001
   0.47318223217166994        0.96106375853305170E-001   0.19101425533197405        0.31340608774660952E-001
   0.90968685483593914        0.47194411676733439E-001   0.87512814616020851        0.31395401506117276E-001
   0.76921992398632744        0.45328828098793912E-001   0.67060374576797699        0.31390257638300258E-001
   0.86828805563387057        0.98556045969134268E-001   0.89837873283222969        0.31421304307552363E-001
   0.77586733773129768        0.45207994909123528E-001   0.73318226710288736        0.31460438632932075E-001
   0.54373945939185497        0.96650107756789144E-001   0.36219958592901536        0.31376069108457680E-001
   0.59942553876450022        0.49803986471222569E-001   0.83996114187773918        0.31407804983777161E-001
   0.86981736000096110        0.94845639015595340E-001   0.75533692779951822        0.31380068378722370E-001
   0.22630181577637340        0.97972512376380383E-001   0.38998903267228319        0.31320204646395275E-001
   0.61164266083821328        0.94922698357900334E-001   0.93555952438640499        0.31409496808597039E-001
   0.49073204717899477        0.98082153069057459E-001   0.60970797355647066        0.31347084295403026E-001
   0.80518536619006498        0.47417666990951735E-001   0.40906308992393559        0.31465914329657715E-001
   0.43010262498693858        0.47547429839653509E-001   0.21783022970823754        0.31359278976142310E-001
   0.86213370458224836        0.97130566101462798E-001   0.62938897541391248        0.31365043345013263E-001
   0.84799600509879625        0.45880007610470591E-001   0.86060478212755620        0.31352006071064330E-001
   0.21175908478572661        0.97977263355996908E-001   0.73760683400047817E-002   0.31397290854073022E-001
   0.32073620553520685E-001   0.47673641223025143E-001   0.80812249819581661        0.31403114536823283E-001
   0.61580233177582755        0.95681920525973352E-001   0.75355242286799839        0.31397594726924938E-001
   0.52127484735311402        0.46656888088024567E-001   0.10070612895464842        0.31395538801457151E-001
   0.23263280854049281        0.46797225209215539E-001   0.96327215746773365        0.31415432476190094E-001
   0.80018042271260692E-001   0.97262341766849697E-001   0.73003967856670882        0.31273271697548934E-001
   0.28281537212670188        0.96577343541743632E-001   0.65768407007156071        0.31379894160433748E-001
   0.19166511872944647        0.46829373371392452E-001   0.41499296940225777        0.31388220647544991E-001
   0.70106498246225313        0.96915140979958403E-001   0.44231146896776485        0.31429825727387659E-001
   0.26327737807625845        0.47089015384838312E-001   0.55343134811479822        0.31440085715252468E-001
   0.13187429079970611        0.97811019578744413E-001   0.95352975006185869        0.31346983559364994E-001
   0.15709018492035562        0.97100003850173783E-001   0.89605088050779347        0.31376858684953990E-001
   0.77670513181976075        0.47260248738821814E-001   0.41504050681011470E-001   0.31348342110167272E-001
   0.59678886463910696        0.46959860289474430E-001   0.56414948709874235        0.31321740925669611E-001
   0.73970335217025140        0.97717484816251796E-001   0.63628268602047441E-001   0.31358064783753581E-001
   0.65895083731319848        0.44453678568533286E-001   0.34022016000944505        0.31390697297430804E-001
   0.26173078773640923        0.47830726150867968E-001   0.40370645799265192        0.31316249399038223E-001
   0.17592455283511074        0.97698096354086078E-001   0.80003946385227759E-001   0.31442382332280965E-001
   0.26924441497866619        0.97515701001850030E-001   0.18089525191177122        0.31459373372612821E-001
   0.26546419331941525E-001   0.47391684666514028E-001   0.95732887040106629        0.31496810375617246E-001
   0.70781859429927396        0.49975021030543798E-001   0.80961411035438702        0.31429556305168541E-001
   0.75073936010160303        0.97023394233579349E-001   0.40227243369289029        0.31338384171101866E-001
   0.13333344283168039        0.99475922063340105E-001   0.80978173272098120        0.31463941742918340E-001
   0.47869900605752436        0.47516333129943439E-001   0.43866613421446199        0.31309409645794914E-001
   0.42868395733918280        0.97258221934780772E-001   0.61856222132456129        0.31296889570348568E-001
   0.93420535764652413        0.97325645565274371E-001   0.42124308746459016        0.31400026763038429E-001
   0.30297677804139894        0.47439232984853093E-001   0.16258008602699042        0.31473688716808557E-001
   0.69629620614239218        0.46545542814051016E-001   0.23639580708080229        0.31365438135554903E-001
   0.84116311577352276        0.97423124401825642E-001   0.42152234907931024        0.31374869584371044E-001
   0.27673343564462882        0.96675976479264153E-001   0.81656315568908333        0.31391404882422917E-001
   0.36838320597453611        0.75145607266826592E-001   0.97298545341409637E-002   0.31374228117695885E-001
   0.19530202604028599        0.97033776223502857E-001   0.94653345861678295        0.31449163906071588E-001
   0.82778490612921918        0.86963288429787219E-003   0.26943369748772245        0.31327501665913901E-001
   0.75686307860882790E-001   0.97536036229884451E-001   0.66226111841617552        0.31401996899046151E-001
   0.18419841581311744        0.96544958239572876E-001   0.30181973686807539        0.31442610862572648E-001
   0.36262786276024139        0.95160381173091710E-001   0.73545075998121301        0.31428740902381715E-001
   0.96507580497554646        0.47714229967509701E-001   0.81115624100906492        0.31445962654396732E-001
   0.62345939548474683        0.94442146680012273E-001   0.32626645856953790        0.31336613903542358E-001
   0.72386682055026519        0.96344823755215872E-001   0.58236624428570916        0.31340819670667236E-001
   0.62229962801080707        0.99768308849920884E-001   0.87034172986732472        0.31378148395672212E-001
   0.57102729524455265        0.43413683136239563E-001   0.65450356543692678        0.31394346631194163E-001
   0.69333751263108456        0.46651614856471721E-001   0.60630338910237525        0.31405805170378012E-001
   0.73417523662865269        0.96548583091511375E-001   0.24053835875994489        0.31468600714768730E-001
   0.68033886048367714E-001   0.96739879135586626E-001   0.79164257961734563        0.31383133766535024E-001
   0.14830458277110553        0.46652637434397182E-001   0.28580158040862985        0.31343622204323976E-001
   0.83104008780897787        0.49836361647711096E-001   0.92082665300411903        0.31323788531600713E-001
   0.78573839366869358        0.49685535008224202E-001   0.86773189064084455        0.31409863848811226E-001
   0.64531667381688840        0.46821069629971818E-001   0.52427915601538555        0.31467701543063706E-001
   0.54415657098118986        0.96807747673833336E-001   0.46671189424608844        0.31306833202260270E-001
   0.91056089397503226        0.47108450491001333E-001   0.34819653937443545        0.31466553914646200E-001
   0.36055594386068786E-002   0.97781123065852460E-001   0.65002784578435058        0.31500468311551053E-001
   0.86684238221083432        0.97134322124971570E-001   0.56176042141446159        0.31321092298172121E-001
   0.23122082222178650        0.47535254289234122E-001   0.17633082354679575        0.31444269603004518E-001
   0.84701266547298237        0.14739046448534424E-002   0.96001094170244361        0.31421175107188691E-001
   0.58918501342434448        0.44566001569351588E-001   0.11762422530123215        0.31310976764894784E-001
   0.42378500170702949        0.96889950055590174E-001   0.32128772715205006        0.31408594583953682E-001
   0.61293752438775251        0.96678441024662096E-001   0.15827859548032525        0.31358058532321563E-001
   0.79907806121660918        0.96130460912661461E-001   0.62953735870305672        0.31385880220096286E-001
   0.43580063912850318E-001   0.47389660560466645E-001   0.68304230716902758        0.31349260523727912E-001
   0.68944571192260928        0.46805744451097066E-001   0.47903259496685091        0.31427800002122037E-001
   0.81325649054938820        0.47105127945570105E-001   0.31059723985291604        0.31434953119568912E-001
   0.36744281531823964        0.46879284941073761E-001   0.34199172985228948        0.31500239105451876E-001
   0.45534082785779126E-001   0.47229050010360027E-001   0.74581891286872593        0.31368954991744850E-001
   0.25775370780514151        0.47046729316654004E-001   0.21159967421927967E-001   0.31381909587287191E-001
   0.97329884683277845        0.47346688956463691E-001   0.54921780229805739        0.31328634237728373E-001
   0.80634504201181179        0.97096685371796276E-001   0.36939040832875941        0.31302050270658979E-001
   0.29198470397529169        0.96680924927544140E-001   0.37740279477250283        0.31370779765351589E-001
   0.58598527628609669E-001   0.46589541755154971E-001   0.34179533332793294        0.31395132652246006E-001
   0.43121535664978894        0.95630401981758026E-001   0.68164117561250370        0.31400188786050429E-001
   0.52972721778725335E-001   0.47383274905708525E-001   0.19290136670014765        0.31360643154282851E-001
   0.31912958028318517        0.97108266647389405E-001   0.21935790255128138        0.31322006682795847E-001
   0.83307061376075264        0.47393960037564180E-001   0.69492725222695950E-001   0.31445760745791224E-001
   0.34298514396443924        0.96971081188787375E-001   0.16110825866229739        0.31424652674726467E-001
   0.66673961035396800E-001   0.97811697514787063E-001   0.93875668815024382        0.31411363956063310E-001
   0.96345323593114340        0.48087122986378926E-001   0.94577541733542314        0.31436458333054383E-001
   0.83186084112209302        0.46870626720223296E-001   0.46713954954560688        0.31503345619198063E-001
   0.42215779156988342        0.43988976803576697E-001   0.31903472864731013E-003   0.31371312649908674E-001
   0.94213750179806799        0.47020206894523096E-001   0.46869956463224932        0.31394119895512496E-001
   0.23277659582959767        0.97078780117240790E-001   0.23491161130575866        0.31301307559348131E-001
   0.88924187743644012        0.47577439792447274E-001   0.14258589638948102        0.31359816076100250E-001
   0.50924867705604404        0.46651695446561448E-001   0.17415599978928378        0.31423425302016146E-001
   0.25259642363859491        0.47605863112048251E-001   0.11703993630184721        0.31494707537527290E-001
   0.12324006462654043        0.47017897792122836E-001   0.91507254513951608        0.31349649146834545E-001
   0.96865547474344382        0.47096085154763219E-001   0.61180681754634603        0.31424697445125695E-001
   0.80631962950994529        0.47561454188133401E-001   0.97856701398355284        0.31443112231125087E-001
   0.67018774246385204        0.95414034568156919E-001   0.63848213244075669        0.31330742894487756E-001
   0.45412759014816151        0.46565779776802985E-001   0.71491770514093911        0.31379921329071060E-001
   0.40260572777127324        0.46985046547162540E-001   0.28941968180579308        0.31448145231815550E-001
   0.32583562072819067        0.46859124191024865E-001   0.56052973409722184        0.31443637923685180E-001
   0.22051308314641377        0.96988050984785024E-001   0.66694644993475816        0.31354850806837642E-001
   0.77499232860213629        0.96774018908694470E-001   0.14710834165297296        0.31346636097116548E-001
   0.63428726764523002        0.45843747332865309E-001   0.78767196761164948        0.31387435565755809E-001
   0.67220006973158275        0.95502697941120512E-001   0.78174659321243745        0.31332734398464492E-001
   0.15926008914308401        0.97176557061787419E-001   0.53748955172906088        0.31284220108331248E-001
   0.36694583278890726E-001   0.47283964639960090E-001   0.41062842237088676        0.31362514896550724E-001
   0.48131336568647415        0.46670686986338090E-001   0.20882403732044478E-001   0.31305180906253130E-001
   0.78508401392761981E-001   0.47137469626586680E-001   0.28102730800912851        0.31438402834997950E-001
   0.90825137943520518        0.47757532864788232E-001   0.73843796590657451        0.31391028746396842E-001
   0.43562990022837400        0.95725716486539811E-001   0.40068462468009984E-001   0.31418235574642739E-001
   0.79328677028693417        0.96744580961312568E-001   0.46218791730132947        0.31380582358469973E-001
   0.12904646316814752        0.97132727171115596E-001   0.61258979973435335        0.31395360850649104E-001
   0.39660952296757612        0.48020918623289166E-001   0.77876828599106118        0.31363045398312778E-001
   0.20037372292207906        0.47758321919396718E-001   0.48809488893816762E-001   0.31372073836460547E-001
   0.72132076110226873        0.49703360111993715E-001   0.87101014799433774        0.31403957665404734E-001
   0.85237844288719644        0.96675728602446886E-001   0.32693204634829509        0.31271932007599881E-001
   0.84715717796950063        0.47025441708504756E-001   0.66494022406627507        0.31386403749270632E-001
   0.47760069921184972        0.96640756273883952E-001   0.12355285230268157        0.31442549086169128E-001
