 3 HS poly
 400 2
 200 200
    1.0000000000000000         0.0000000000000000         0.0000000000000000         0.0000000000000000        0.10000000000000001         0.0000000000000000         0.0000000000000000         0.0000000000000000         1.0000000000000000     
 T T T
   0.65342863954793817        0.91481520081384438E-001   0.97039458841638948E-001   0.36019468406397595E-001
   0.71890529696179994        0.86226342757751984E-001   0.66728277873241848        0.35083838861797778E-001
   0.33711793286188568        0.39465682382072105E-001   0.94560656841513546        0.35606707637497029E-001
   0.72403649421698746        0.88954697287539922E-001   0.87015268112679567        0.38545862578000620E-001
   0.58081527090862639        0.89774559299693524E-001   0.40117656268690244        0.35624637317169826E-001
   0.35174536777290799        0.89413466569171596E-001   0.28400459405250561        0.36809917927839449E-001
   0.54146702627609156        0.80419007626446312E-001   0.88274047858289917        0.35825993841757747E-001
   0.19278481324683722        0.89101974758886426E-001   0.75465284468739047        0.34550606666329801E-001
   0.10232293461162581        0.89159062655961574E-001   0.44207466464411344        0.35311304577943889E-001
   0.92603715540753184        0.38262883807255101E-001   0.15124789429107380        0.35796128958424135E-001
   0.45671833515228083        0.39372286364591155E-001   0.24954928822626926        0.34958768215796181E-001
   0.10958007309433640        0.89401825793841261E-001   0.91056154464520955        0.34530507529223285E-001
   0.85861509940877190        0.38805633885769165E-001   0.37883315585328226        0.36389627055478047E-001
   0.20135500939885134        0.89379532390583355E-001   0.96317517382774620        0.38916194579004970E-001
   0.39328694061110497        0.93668972277791501E-001   0.94316396285802062        0.36850258620999873E-001
   0.79310775485880758        0.38153247684282875E-001   0.78022534396776755        0.34996040780707983E-001
   0.91852861739394842        0.39537871336632814E-001   0.91695287500567013        0.40854286262429873E-001
   0.85290472146825136        0.89142526954084880E-001   0.59593556339903327E-001   0.37253230482988904E-001
   0.75828280830684147        0.89655263518254411E-001   0.43402279811374334        0.34450303957943504E-001
   0.35827145660046777        0.89282908470483174E-001   0.18305844401655194        0.36604822210930608E-001
   0.40167816249704974        0.88902903407480763E-001   0.87110075626552186        0.35836611647711597E-001
   0.75839625169635672        0.89180702871032400E-001   0.21010578646424110E-002   0.35286249632802830E-001
   0.31004369271432608        0.38883065838693484E-001   0.76572770421509639        0.38986287584156225E-001
   0.86713746784362333        0.86243576726043394E-001   0.60994665955182825        0.34351776403915395E-001
   0.81299147980520070        0.89153034350227242E-001   0.12519038679891759        0.37271111664218530E-001
   0.98406448093430599        0.86605762219913909E-001   0.99754876834091066        0.34538630027950663E-001
   0.22383359922146087        0.89351737708939782E-001   0.35081383784744506E-001   0.36413689223327841E-001
   0.83580827329392149        0.38840995774570203E-001   0.51175489584341571        0.37600400441568385E-001
   0.60814836772217407        0.41344305952169993E-001   0.76591791335733461E-001   0.34337256339293409E-001
   0.22644995798171530        0.39301107990092787E-001   0.29943448025139940        0.36590572704605327E-001
   0.35147698378183961        0.89831622543732961E-001   0.65130271689387653        0.38093524942555239E-001
   0.31235473312103729        0.89391990608726157E-001   0.34535060522001032        0.35909504118673642E-001
   0.97086098793153974        0.38882722479535753E-001   0.49593277282055226        0.35654680124152342E-001
   0.83286136919964160        0.39517740657180972E-001   0.85706296290017991        0.35461657398410014E-001
   0.21300028401390787E-001   0.39037106330619610E-001   0.76721434370809249        0.35027443371926974E-001
   0.84491018487265968        0.38964784310773444E-001   0.92932487616590276        0.33608744741142484E-001
   0.47248411568271143        0.40422435364212507E-001   0.16560016351342058        0.38176891179250064E-001
   0.57603715292933755        0.89640908760968543E-001   0.47411084081596760        0.37454156061882293E-001
   0.27036198352859342        0.39371801105066530E-001   0.37729295690331710        0.36720256092435573E-001
   0.80696936087724902        0.39159592776915969E-001   0.26129200230253880E-001   0.38405167453316416E-001
   0.71091609806651279        0.90129228903463393E-001   0.23036632877619967        0.34199122936846779E-001
   0.31149243715458125        0.39996784684937170E-001   0.10216089706890352        0.34973705867831738E-001
   0.24967349910272693        0.40122812843494157E-001   0.51767730944703660        0.33809959067161902E-001
   0.47621805577450688        0.36117373194504546E-001   0.80188491985723109        0.34079292089080483E-001
   0.67291666619665169        0.41170648606753027E-001   0.51832740281366078E-001   0.33872629078250206E-001
   0.15094018494488251        0.89327401064202727E-001   0.43402722011117681E-001   0.36935638480351286E-001
   0.55776416289856112        0.40975098799248315E-001   0.15831846960739598        0.34694686605183454E-001
   0.72848496380801298        0.39583642578943654E-002   0.30106485812537598        0.35862250366230974E-001
   0.67804513184578441        0.53999407094702745E-001   0.28321701232284568        0.37335268993215563E-001
   0.28054037739893778        0.89396449885364257E-001   0.95769135712156228        0.40422191417378385E-001
   0.50162069176956692        0.46554212666633357E-001   0.96004191090983615        0.34481247742853417E-001
   0.13800906763975340        0.89305122124073127E-001   0.54231643885628744        0.37459846317572966E-001
   0.39713656233865002        0.39491127522235075E-001   0.48262580136304273        0.36015571650517351E-001
   0.73917904192754280        0.87188252396981011E-001   0.79652265392750421        0.36628649610327677E-001
   0.62686063929097147        0.91432284949542253E-001   0.29662101415268829E-001   0.36389294704333913E-001
   0.38828432302267829        0.38997038647065184E-001   0.82123830030642320        0.35935331260410902E-001
   0.28771621926057995E-001   0.89270308392663089E-001   0.88057154668858584        0.34902648009708818E-001
   0.61688773134619057        0.39754964475640364E-001   0.43820109207086649        0.36268145508369966E-001
   0.23480560081060495        0.39014688414682773E-001   0.65116406133141969        0.37800761052547802E-001
   0.10351041375190562        0.39110550178841269E-001   0.66129359438328594        0.34734990240376414E-001
   0.36960185450744154        0.88975575212050434E-001   0.76908084060326454        0.38616511564330380E-001
   0.15270504768757590        0.88988546455527603E-001   0.63121613155584499        0.35035281639552489E-001
   0.25912337409092967        0.89045318979049576E-001   0.95770893611255237E-001   0.33744143281132878E-001
   0.77996971848492891        0.39111438829461595E-001   0.95541319562661708        0.36365849321409016E-001
   0.55070280646762899E-001   0.39313919414439201E-001   0.42014599747471248        0.36307813813722140E-001
   0.57055219437036697        0.89705085046647690E-001   0.32928931527444638        0.36800585629481353E-001
   0.48403162606710448        0.39520584974090389E-001   0.44086646073477920        0.34040662490678025E-001
   0.52022190618383091        0.36484551113023164E-001   0.72039032660615276        0.35817733624416419E-001
   0.30133630700650416        0.38862436524285386E-001   0.61960075284014693        0.34976937471210230E-001
   0.85413564285949073        0.89347190462819900E-001   0.19580108387781878        0.34328286946173264E-001
   0.75701846332151623        0.39207353265423725E-001   0.24703370062898999        0.34602895378516588E-001
   0.91680392591218540        0.38850459549261029E-001   0.29491722853731728        0.37494497739485426E-001
   0.91301464847086855        0.89407610934564619E-001   0.74911905066604001        0.35263633863728334E-001
   0.93621695291951712        0.89093127235168892E-001   0.45730165350650082        0.36238737810034498E-001
   0.50034492991595358        0.89549800796148188E-001   0.27631939056025873        0.33917476235754890E-001
   0.65114678709152218        0.85871374766616104E-001   0.64354508001892974        0.34863556325835036E-001
   0.25852234690507070        0.39291816964763214E-001   0.23380664117980013        0.35598566048741294E-001
   0.57986084097650481        0.40945057669572515E-001   0.94524158656400983E-002   0.34646986619654832E-001
   0.27166509407347950        0.89338413382420323E-001   0.27987535872294900        0.33562874141570699E-001
   0.73534871119422618        0.39157633745311678E-001   0.17881832532440317        0.35966699818345840E-001
   0.11928621229067736E-001   0.88962514595391798E-001   0.52899743850668801        0.36924231362471784E-001
   0.84412148980542578        0.38928602227876502E-001   0.30761107800942999        0.36271363983701177E-001
   0.66373939280483119        0.85829209598567130E-001   0.55572013133005882        0.38111114868702729E-001
   0.66172992401283748        0.83049405287359240E-001   0.40090018968918761        0.35424074983034758E-001
   0.56151332822457400        0.39597127381332885E-001   0.58381148434726138        0.33188002646483333E-001
   0.52700625348875052        0.89615170939989053E-001   0.54919934877964460        0.36706802350866895E-001
   0.39940201114455620        0.39269176195732419E-001   0.15002553914693295        0.36024785675439208E-001
   0.11259139406494197E-001   0.89024074986264551E-001   0.44875505969639562        0.35814020602118704E-001
   0.93771885147750234        0.88922842470939845E-001   0.60911182695792376        0.35878281545475690E-001
   0.63511923014075072E-001   0.38978525656351293E-001   0.54874974172259550        0.36918734576250181E-001
   0.89990724971588021        0.36717888239078983E-001   0.64499688723881676        0.34543471144015854E-001
   0.63154738859525564E-001   0.39250804936750879E-001   0.34042038213067960        0.36536294800374666E-001
   0.65694822688970911        0.36654214437240595E-001   0.75751079795437282        0.36493594498293522E-001
   0.19950387187081028        0.89277986047858887E-001   0.13511370517897614        0.37686756650204128E-001
   0.17175803865422543        0.39325667763305969E-001   0.79576138331522184        0.33323084593199361E-001
   0.93780907662916768        0.88826567534442166E-001   0.10367310820750621        0.33363376773656070E-001
   0.20852864517247977        0.89288210481081154E-001   0.24903802257495769        0.36610758833846631E-001
   0.58645311080014573        0.41348058965981149E-001   0.22206747990851244        0.35120072279343065E-001
   0.39442879685381411E-001   0.89568145416954792E-001   0.95172491174353901        0.36995314432236998E-001
   0.82463273213614618        0.89364951434345946E-001   0.97638201693823923        0.33455308994389421E-001
   0.65823669317757050        0.39258277064745939E-001   0.21273624375583011        0.37297610477131912E-001
   0.97904572055534034        0.39029466458603571E-001   0.64143174706186423        0.36405390173617526E-001
   0.41127694136369508        0.43832579064197817E-001   0.82968179712820805E-001   0.32140249511541367E-001
   0.29810859261521050        0.89212945054401527E-001   0.42107830259049789        0.35027537777373378E-001
   0.62987047967899656        0.41507179290847046E-001   0.14436341895301810        0.36660033431541034E-001
   0.63836676643173862        0.90486825301137067E-001   0.32521066192481674        0.30994612152941595E-001
   0.47626345370103473        0.86207951601277796E-001   0.75074308611927343        0.37073491310719207E-001
   0.22696875193989449        0.39037457636154946E-001   0.72260531763416180        0.33803086388982488E-001
   0.36246612049520366        0.39456235417267810E-001   0.33791529691220029        0.35070548767600219E-001
   0.36941362572031294        0.89807300671180645E-001   0.43762687230664932        0.35461539624655848E-001
   0.97457403836396539        0.39133665958273389E-001   0.56832468916921342        0.36722876818625905E-001
   0.87936732872147849        0.39418267124189020E-001   0.14540469625506883E-001   0.34870394312866405E-001
   0.98711831106329168E-001   0.89280873999001878E-001   0.29793303871639143        0.38056689280440210E-001
   0.86939815176831470        0.89643450322175910E-001   0.88962460399390342        0.34237084746030273E-001
   0.69939542556718703        0.39046319682283163E-001   0.91770197728397807        0.34552020590222943E-001
   0.96264052530746058        0.38829967133952710E-001   0.21795374803005702        0.37731359584538680E-001
   0.86715931523803325        0.88842384883759618E-001   0.47109524542749331        0.33971230458736866E-001
   0.52670530639284452E-001   0.39241857694608563E-001   0.26860319543201827        0.35884841240443686E-001
   0.97834665989837877        0.39264051818987643E-001   0.86632914063755384        0.37506485228709738E-001
   0.92772371319173064        0.38976884645999368E-001   0.36554823106516721        0.33938948508089928E-001
   0.79631608878846039        0.89808502439577484E-001   0.89958539582360386        0.39420845083630085E-001
   0.62960365580010591        0.86127489762466189E-001   0.71008290361150306        0.35009171215005026E-001
   0.19507356298593972        0.39241609344516731E-001   0.19348981734319692        0.39279052099113546E-001
   0.82521290661171109        0.88755512681165882E-001   0.41672408205511713        0.34622577431777893E-001
   0.43339208808816371        0.89317890582338799E-001   0.31124948131413283        0.36051193857437415E-001
   0.23985547343020922        0.38855733469579823E-001   0.79018727106597519        0.34761485690315605E-001
   0.68533038564270343        0.29707014220291390E-001   0.35216479672448914        0.35771850482944970E-001
   0.94057969666191787        0.36747238168292416E-001   0.98677349349453813        0.32323519394937515E-001
   0.82764732732605539        0.38939923522172785E-001   0.23791222358532096        0.35271105660386701E-001
   0.40485821148029300        0.39444769299943366E-001   0.65919326122821364        0.35111252850847971E-001
   0.77235132075907797        0.86135254138304432E-001   0.73463407103185741        0.33578262059984224E-001
   0.25111155213285075        0.89032605702760559E-001   0.87247346051391172        0.36549351767928118E-001
   0.63755996051585362        0.83637765992627434E-002   0.90414616157602623        0.34997569521620649E-001
   0.90236638771774891        0.38867698814699224E-001   0.57233470191278446        0.35506542677817117E-001
   0.30249097506092737        0.38747113107907356E-001   0.84328163387304034        0.34584914470009533E-001
   0.88568608843464047        0.88795607072157751E-001   0.33635739843755807        0.34464762426352782E-001
   0.67371207811439071        0.36126581285955105E-001   0.68772829080818310        0.35256674458151303E-001
   0.95267431817248560        0.37838861665415773E-001   0.71445518369171268        0.34602744961002442E-001
   0.61547816511136788        0.39949531720477438E-001   0.36375292097964979        0.35678959424282973E-001
   0.43823398787819967        0.89516016195940767E-001   0.45361134516208523        0.34879514079445478E-001
   0.32513634202277951E-001   0.39259786056715547E-001   0.18937966397604336        0.37698506218699038E-001
   0.75535631605135600        0.88808180910715337E-001   0.36471274790662456        0.34845432550374700E-001
   0.19324748214755219        0.39280576390389295E-001   0.79702341986707434E-001   0.36897794864881588E-001
   0.46979133298540865        0.39468231804558995E-001   0.52041846992200769        0.38034645123833741E-001
   0.62841309932096168        0.36837832645093140E-001   0.59707800206601014        0.34642649256419591E-001
   0.61694448417186831        0.39581660975507291E-001   0.51521192706162688        0.38966496834861579E-001
   0.99917728574453801        0.89231759181498504E-001   0.81482798251026245        0.37182314368326266E-001
   0.25347623608385444        0.40269633738568102E-001   0.44800225947383560        0.35955112124810777E-001
   0.68391741688689689        0.89234012996531220E-001   0.16369544288207369        0.37260324501289840E-001
   0.89257974507428395        0.89469113278842272E-001   0.96766712658005161        0.34856098462353748E-001
   0.99153780582371875        0.39396121055235968E-001   0.94732515305881981        0.31845599567982101E-001
   0.12079281620007329        0.38963811476086518E-001   0.59310791675952113        0.35448413849904853E-001
   0.58516682114420004        0.90978404637920993E-001   0.11864838671393320        0.34636287879782693E-001
   0.74110620729372301        0.85755764599160525E-001   0.53108031633708941        0.35395935861466721E-001
   0.13322053440008693E-001   0.89259045854324037E-001   0.23768356028574195        0.34363780931287016E-001
   0.57196621576432527        0.36308231714283955E-001   0.78810477058079531        0.35042000480504737E-001
   0.51016893467700253        0.45528962979416610E-001   0.32435706652796228E-001   0.38292817490104367E-001
   0.70331566854241445        0.39322634500256665E-001   0.11485384987544853        0.35190012032939533E-001
   0.56712352084063877        0.28682127114823847E-001   0.93316959564061497        0.38531545891069448E-001
   0.47265474568448107        0.80695782451547612E-001   0.85699583027559811        0.36835132878170120E-001
   0.25412218855908103        0.39149976958001417E-001   0.14530676264627865        0.36734033192899973E-001
   0.81673900386954923        0.39411207728849047E-001   0.70824576009262452        0.34385683436681566E-001
   0.42221751995258283        0.38918691082708526E-001   0.75932302621118331        0.34525639613938203E-001
   0.31064809226163342        0.89533951900621689E-001   0.48941767309125986E-001   0.35872458811362029E-001
   0.50492472227305141        0.89586181534707293E-001   0.48205698580606454        0.33963712303361322E-001
   0.84109158080695057        0.89645634285962908E-001   0.75298885698959361        0.36752253106754673E-001
   0.13322249911905581        0.39368453167380718E-001   0.86886448244779346        0.34652483137994392E-001
   0.19808245767777660        0.39154906605734736E-001   0.36652802184036426        0.36249841571851703E-001
   0.17390274435441788        0.88634524371852985E-001   0.31867246146098471        0.36637740110371193E-001
   0.79086780513399935        0.86132824148887524E-001   0.60173069184480965        0.39217238230134149E-001
   0.85711801904517348        0.89437116579368675E-001   0.67944440138884177        0.35822985834068066E-001
   0.12355052626688552        0.89150479490079759E-001   0.76364601709935398        0.34942735180029369E-001
   0.60647837940386140        0.39670951738361160E-001   0.29043514347175908        0.35956116160484768E-001
   0.51727979684951762E-001   0.89041973764081267E-001   0.66273997397415030        0.37139928843976176E-001
   0.35632566562702195        0.89355990271266617E-001   0.51015152686863952        0.33984176057730124E-001
   0.98128784371854261        0.88788872209158681E-001   0.16392067302166630        0.37967199272698773E-001
   0.79722974104920097        0.88912720910533719E-001   0.28093275099444748        0.37246952199052406E-001
   0.89384313181843381E-001   0.39106783090492842E-001   0.72935601240158954        0.34506089010035830E-001
   0.26388454695063117E-001   0.89249939414863158E-001   0.37711554271431691        0.35560853948535177E-001
   0.12232440228324198        0.89483366236563028E-001   0.97813846892807177        0.34131710274508689E-001
   0.61207610465555762        0.78747112926499926E-001   0.96148874132021622        0.34361449310666363E-001
   0.78305028089396822        0.89182267447863894E-001   0.20268976649408146        0.37079482557853767E-001
   0.36646442531038353        0.38916702728930955E-001   0.71657996469666385        0.33898966596392605E-001
   0.86638585313820293        0.89512926914731172E-001   0.82034299790822818        0.34976118491422389E-001
   0.80956680687027022E-001   0.89263935359471344E-001   0.16307524904083329        0.36713666320881966E-001
   0.98609271938873444        0.38847580056764176E-001   0.10909772225025234        0.36314064343584189E-001
   0.87259814694052462        0.88882865820724910E-001   0.26373861087310818        0.36044422692194822E-001
   0.11913503547214951        0.39292507815717075E-001   0.49112146965191844        0.36081755013146817E-001
   0.94082353096516957        0.89040648781148826E-001   0.53365689732388932        0.32460449755219223E-001
   0.95248046610249726        0.38187189403951924E-001   0.78604107386729516        0.36153031034346216E-001
   0.15125667832250714        0.39419278021494697E-001   0.93801487610730139        0.36064149522725096E-001
   0.58333896769722737        0.89480629313911458E-001   0.62538548967966612        0.35309515391835508E-001
   0.36452321843847224        0.90326893387718266E-001   0.10633253416942035        0.37699264439835324E-001
   0.42893939382894007E-001   0.38986367161853865E-001   0.61504786621539198        0.32472551126211432E-001
   0.17742083580914320        0.88858531862485116E-001   0.89256741446244903        0.35580061230919793E-001
   0.16498902311882280        0.89120852258503844E-001   0.40728262813526078        0.36218795271243394E-001
   0.31755722465408476        0.39767383412159206E-001   0.54138738238587025        0.36095049178687486E-001
   0.46901501188884309        0.96557470437054871E-001   0.99518616375123270        0.34731569461649320E-001
   0.32474526556562378        0.39776758406753397E-001   0.46767312893654084        0.37880833574804373E-001
   0.32223827326674692        0.88880902558318930E-001   0.71576046121317549        0.32681059372047259E-001
   0.51538236566894824        0.89350316032417013E-001   0.62006553709433498        0.31430945849252982E-001
   0.75315884962228088E-001   0.89295822829136826E-001   0.50318296293132747        0.31406144648580415E-001
   0.34446699376058143        0.88563157131922338E-001   0.99067590158012753        0.31429983145268181E-001
   0.30416343907589494        0.39296189003997589E-001   0.41612718738257941E-002   0.31341483727421945E-001
   0.68609808137055150        0.29735754042284731E-001   0.50670528288149108        0.31320637128842352E-001
   0.92479342128262376        0.87838802716688091E-001   0.68165063313197638        0.31376931917804635E-001
   0.83606691768924379        0.36209954640760038E-001   0.58065041124696459        0.31336179160822042E-001
   0.52411974719272958        0.80820468488785741E-001   0.80036370432344894        0.31358165245275585E-001
   0.45551935286340872        0.40349739949556651E-001   0.70241436974001703        0.31406578492740804E-001
   0.23917592222803628E-001   0.39075515115634937E-001   0.70058208890482576        0.31293004441350768E-001
   0.50848854064817772        0.95320488348870192E-001   0.81422118060302362E-001   0.31349797140708964E-001
   0.79011072968734630        0.90631658130779544E-001   0.67221602925958990        0.31386143470394222E-001
   0.44135679963394008E-001   0.39209460652991107E-001   0.59849331294950812E-001   0.31408020184390574E-001
   0.12520895015162126        0.39328585858808170E-001   0.14854473891881756        0.31437422338254611E-001
   0.28658764985488522        0.89754421643971682E-001   0.49695466311606340        0.31410841948447739E-001
   0.99131297498671356        0.40512058338991276E-001   0.34675359006758760        0.31426074504838461E-001
   0.64491131971738558        0.89765491746661236E-001   0.47413294813837498        0.31335272693188761E-001
   0.82860878421939799        0.39837002752383062E-001   0.64299457831297535        0.31397118882166335E-001
   0.77855336678122300        0.89211141016631357E-001   0.65697016118071730E-001   0.31307286078854156E-001
   0.46084935317246728        0.89456774278235299E-001   0.57047357323807646        0.31405028493632629E-001
   0.58394228670756176        0.86271168965153827E-001   0.83008681841252729        0.31292896211411618E-001
   0.88398054162934647        0.39396366700998858E-001   0.71576132809299209        0.31343649354123239E-001
   0.68371935589879829        0.30286029510604964E-001   0.44339469985728291        0.31393099773805243E-001
   0.20348958323509689        0.89059305783737081E-001   0.68768601455401257        0.31438426347207227E-001
   0.68945417915936902        0.36008221032234132E-001   0.62277558555918777        0.31335248571043563E-001
   0.80014418582870417        0.38794088447908374E-001   0.45190772117169697        0.31360923299245211E-001
   0.27570007891710169        0.89785465637884462E-001   0.55930893030923345        0.31363934975416799E-001
   0.98664402444836630        0.38901856469779082E-001   0.28405023997051898        0.31366965148164470E-001
   0.62858553347402035        0.89990362326246617E-001   0.25063299884636536        0.31335446740615086E-001
   0.96094674434794858        0.88994611158973516E-001   0.39125902975894439        0.31335298384143201E-001
   0.59437138771154907        0.89598115853316007E-001   0.55942142886583879        0.31413523008796504E-001
   0.54007201615925926        0.39571266247831374E-001   0.50496430197027975        0.31283142379872987E-001
   0.56468771922997885        0.90756253955316848E-001   0.26128563511855180        0.31312392660879887E-001
   0.61473537509218090        0.91398332130800869E-001   0.18842376891466489        0.31408316575233193E-001
   0.31154792567986167        0.39587897029104362E-001   0.18226271260602520        0.31391075667316498E-001
   0.18428021764089891        0.45157701384308302E-001   0.57319925364819446        0.31361065121768276E-001
   0.74616673747736595        0.31974062263946224E-001   0.48319196494983480        0.31344115367334370E-001
   0.53510864915603740        0.96964378353115596E-001   0.98900651353854863        0.31334498532346128E-001
   0.66102581765653190        0.58533536276038446E-001   0.86707301241264378        0.31382444697012700E-001
   0.47876554715510988        0.39306588723722773E-001   0.31280260955221134        0.31386434071181080E-001
   0.89254920517910097        0.38797822950445877E-001   0.22266870725474067        0.31350382965633840E-001
   0.24502930115033983        0.89180009209957459E-001   0.19086913108628167        0.31398002959381985E-001
   0.44280045414277125        0.92152700092548556E-001   0.12507462665746760        0.31371228606066295E-001
   0.75183566046369976        0.36032772852044086E-001   0.63308485708608719        0.31407207895653877E-001
   0.11998126917417663        0.39132971943298948E-001   0.40034791510183798        0.31384908583561036E-001
   0.28224781743780164        0.88869392851983753E-001   0.65896141216726656        0.31433067906540518E-001
   0.96623615060417567        0.44034196857359299E-001   0.44613279475161340E-001   0.31334231575769804E-001
   0.54859555630007195        0.39763390769942203E-001   0.37028129829756484        0.31392511880008071E-001
   0.36603341004858858        0.39555951298760134E-001   0.60498321632554819        0.31340442304307665E-001
   0.30428142639262766E-001   0.39621514470679797E-001   0.99809625279821201        0.31386106510151154E-001
   0.61385183817613698        0.86453543535503774E-001   0.77491491395643897        0.31380791748534802E-001
   0.69297140436332916        0.91106828507262913E-001   0.14783702938169567E-001   0.31308076805641467E-001
   0.10474381767822073        0.40234077631171462E-001   0.80615283631844581        0.31300088300491205E-001
   0.55135287310253334        0.88909832155354515E-001   0.68413637198979671        0.31412498994396534E-001
   0.16230123905052091        0.89236041458977011E-001   0.47759236579084624        0.31294595987849935E-001
   0.46300174457696430        0.90251737583267655E-001   0.92926639552935619        0.31412265885205459E-001
   0.15524690690829562        0.38967776980603483E-001   0.73315496785122747        0.31376376513895007E-001
   0.14698120744109219        0.89230104849009728E-001   0.17999933869990642        0.31383656087536550E-001
   0.72508915616062186        0.37155276545960646E-001   0.75251946521952118        0.31343728632866615E-001
   0.65517349345050313        0.37361082564541952E-001   0.98883727786502607        0.31249134168501946E-001
   0.16881886943505167        0.39049409628445844E-001   0.67191334954508641        0.31320240584122937E-001
   0.70689031133815206        0.80031979159224609E-001   0.47402987708207817        0.31346370523101436E-001
   0.21473482887824741        0.88840286333978558E-001   0.60723569793595022        0.31418574283600946E-001
   0.71096847589251944E-001   0.39396735144548306E-001   0.89163209764451079        0.31328443417158874E-001
   0.33229772501681598        0.39397759373063126E-001   0.24175119297692033        0.31382264776112861E-001
   0.97970249351076322        0.87876440995895491E-001   0.74871879680223175        0.31422062776875669E-001
   0.71132578092779675        0.35815482108900600E-001   0.56390906462373014        0.31358877514658524E-001
   0.54646672260446083        0.90855895257353547E-001   0.20061273907898480        0.31363986037038952E-001
   0.46451409771063330E-001   0.89129550859914919E-001   0.73128951061121161        0.31400934991388213E-001
   0.30168858583436842        0.89859791221618593E-001   0.14509528105794756        0.31406496021360385E-001
   0.18153417902006427        0.39348583801123681E-001   0.84273318000539846E-002   0.31282360173690418E-001
   0.56185786933254100        0.90913486838424346E-001   0.48794204126282957E-001   0.31340654759677886E-001
   0.22492910065142313        0.90148692647022799E-001   0.48326078969869896        0.31345550223521909E-001
   0.93054251048466907        0.89234082917755086E-001   0.86596707760602631        0.31314076871390539E-001
   0.34502258644996653        0.88765386244943734E-001   0.83495888307702093        0.31359011062390446E-001
   0.30097684023616295        0.89332568299003989E-001   0.21974936004642012        0.31386035559322005E-001
   0.44874220307901441        0.96541604558091076E-001   0.62173218946766813E-001   0.31427182931151265E-001
   0.67124239613204351        0.86784005822116775E-001   0.80130812874639734        0.31359657693543215E-001
   0.54434467320398072        0.39455588952740539E-001   0.64610724621779037        0.31359374505167292E-001
   0.28052224479038518        0.88829324152535249E-001   0.80595851953983577        0.31457611041543529E-001
   0.47353481465360059        0.45321243470292254E-001   0.96153680730617530E-001   0.31356653547902055E-001
   0.76373310617555146        0.39627209888222631E-001   0.84025618440162575        0.31391525391841438E-001
   0.43610990821478585        0.39619416423770058E-001   0.60012657612656473        0.31369087082690830E-001
   0.71769502024218668        0.39914954727939884E-001   0.98223136906315811        0.31403248853958413E-001
   0.70407184132335571E-001   0.39112374917383647E-001   0.11769992767900897        0.31381067003373682E-001
   0.87978178136029017        0.39485238748059599E-001   0.77878221594570984        0.31367235868647092E-001
   0.44390535650323965        0.89850424920925431E-001   0.63783211551358976        0.31400763298021730E-001
   0.64434371040321820E-001   0.89643440655740245E-001   0.15495889055317145E-001   0.31371560836533106E-001
   0.22126975349915534        0.39298616058647359E-001   0.91737886357088383        0.31428635218145450E-001
   0.90726157267994167        0.39282052614782431E-001   0.83627789700266664        0.31245264375743893E-001
   0.18401656391711277        0.39923776969352814E-001   0.51063848165355508        0.31382101439492334E-001
   0.72026784668212485        0.85901417920681067E-001   0.60074593440439472        0.31296251221313125E-001
   0.95518644690326515        0.90575385757522955E-001   0.32792641434445963        0.31328673120516473E-001
   0.33828357094102918        0.40085845781440768E-001   0.39984849521248089        0.31254685970125061E-001
   0.73733068042053163        0.89113288104473901E-001   0.93881387306301167        0.31342614041008368E-001
   0.16382039861373424        0.38615906595403135E-001   0.27290386235428532        0.31395913876837322E-001
   0.39141059271868428        0.89862798751346229E-001   0.37308275006398647E-001   0.31374287754059947E-001
   0.60915851322836045        0.38596507230349124E-001   0.66307570705722885        0.31269161736175867E-001
   0.37292674876420580E-001   0.38974293305447778E-001   0.48557812644743492        0.31436886016004167E-001
   0.71626939595411265        0.89343831345396002E-001   0.72932490085636403E-001   0.31313084407997911E-001
   0.51627141563078294        0.90924980560054020E-001   0.14401995390586142        0.31311630397042961E-001
   0.42134733738055580        0.89455925861350441E-001   0.52119643946146910        0.31306678744128104E-001
   0.77974701584942174        0.35865443730072152E-001   0.55289351568324363        0.31363179108241351E-001
   0.63522833578328192E-001   0.93682692542984447E-001   0.79156214430314875        0.31360873582826049E-001
   0.78861953170256183E-001   0.88796703217681794E-001   0.23138785169990742        0.31375406066422577E-001
   0.24604383144038411        0.39772368427465732E-001   0.58296269155900671        0.31289265629329183E-001
   0.81826589234204794        0.39176846419119671E-001   0.17195382523437810        0.31350896158622139E-001
   0.86743574665489404E-001   0.83868820388942930E-001   0.84898871765267747        0.31307146118240758E-001
   0.38230810654834613        0.38620403825823782E-001   0.99505116505098701        0.31358888866136303E-001
   0.85659215312865544        0.39108268180240963E-001   0.10665320781599824        0.31473788257709689E-001
   0.77916871932269738        0.40014018280154065E-001   0.32666949236341969        0.31330821203890906E-001
   0.13927515667197568        0.88973446405119935E-001   0.69753317710647800        0.31389782242289513E-001
   0.97123836828163868        0.39056206951545991E-001   0.42781788578966140        0.31399839088737315E-001
   0.20384955860212564        0.38854034594403619E-001   0.85676176034899265        0.31350393142261498E-001
   0.48827452261592152        0.90255113370223017E-001   0.68298527782940466        0.31369486575703424E-001
   0.14537618583887524        0.89395598084051439E-001   0.82739037177511543        0.31338586942372230E-001
   0.21732680172028278E-001   0.85314135021271151E-001   0.31010749894453121        0.31350260408306921E-001
   0.86048182882840260E-001   0.39577500258541981E-001   0.95534253543391834        0.31345417425419027E-001
   0.23824457837631641        0.89379642575025675E-001   0.34403005761838795        0.31364368213009877E-001
   0.55706580020490271        0.86354028440791236E-001   0.74682737747092864        0.31416477354067801E-001
   0.63022391423451818        0.30988372503078905E-001   0.81975543121445404        0.31417640757877938E-001
   0.13462277045369672        0.89371454701958175E-001   0.11171086253613285        0.31263198723740677E-001
   0.74443899480309805        0.89309723769122495E-001   0.13133851854405007        0.31350771500274467E-001
   0.69373668808080946        0.86403977979987057E-001   0.72885406055416901        0.31420675728687696E-001
   0.30804866192878405        0.39364435477210885E-001   0.29978280482132569        0.31370558316878856E-001
   0.58760706367843618        0.36344969280775935E-001   0.72345349709835072        0.31398460157020955E-001
   0.45006345396317543        0.89401320212526433E-001   0.38759320545763393        0.31390797156711343E-001
   0.67650680872135360        0.89228243059964935E-001   0.95430771840672424        0.31298139057149947E-001
   0.97124791022430612        0.89524393674477079E-001   0.91389981491359051        0.31354004851053385E-001
   0.23317563829179078        0.90538738167725882E-001   0.40689186104865432        0.31395741076411202E-001
   0.10270861700268153E-002   0.93552551782312768E-001   0.61065791641026136E-001   0.31369446496410693E-001
   0.35741316768988551        0.39312109495784675E-001   0.88181781118871938        0.31323485812768254E-001
   0.79164566875085762        0.38837909757439053E-001   0.38944058841498314        0.31394675836979705E-001
   0.48605155674904899        0.39403634488322008E-001   0.37549086181134250        0.31359175168756012E-001
   0.53914911623374517        0.39495624887793415E-001   0.29412138627236517        0.31429140187866217E-001
   0.24221015182782896        0.39346123019094383E-001   0.99242167248350621        0.31368594395751820E-001
   0.48734311090228846E-002   0.89072517061063561E-001   0.60334995891713006        0.31325107362403293E-001
   0.90409129740669536        0.37640179357247852E-001   0.50192552282433123        0.31334126724401508E-001
   0.70165701420189108        0.36874566270922775E-001   0.82430732068784140        0.31417257088394400E-001
   0.48165970482775988        0.40110357771838322E-001   0.64529045721988587        0.31315262937221616E-001
   0.58973665446112045        0.36257682336690321E-001   0.86739920390411518        0.31321648419299526E-001
   0.80523354895058102E-001   0.89299391209601148E-001   0.76138865104587242E-001   0.31358494230231522E-001
   0.49846020749326952        0.30253383759814047E-001   0.89621943972914520        0.31353117868096622E-001
   0.42643079823818725        0.39307873462777504E-001   0.35596358817862939        0.31377897041350036E-001
   0.95344757164129579        0.88821973846309354E-001   0.26485103760459328        0.31378427888701980E-001
   0.32160588708461457        0.88798232371591151E-001   0.89740843795017233        0.31355058592662917E-001
   0.52985488789756097        0.30390511148354261E-001   0.83925974066012043        0.31388551317414595E-001
   0.49689242209520562        0.39644688821238588E-001   0.58440803807656350        0.31395324076275391E-001
   0.43635584737649807        0.38860448123557351E-001   0.89957183817769126        0.31308672355444843E-001
   0.43575989279356458        0.43626307072102438E-001   0.96222633125511825        0.31404469497713687E-001
   0.50345915555121967        0.89329530287184253E-001   0.34178880866263694        0.31338135869850098E-001
   0.28302581680542332        0.39498749408931028E-001   0.90622072532888887        0.31298557492704326E-001
   0.38847552317548578        0.89422255614330259E-001   0.37334528831103525        0.31434684949092580E-001
   0.14069383595017076        0.88526174635146546E-001   0.24266884066499114        0.31324590842254453E-001
   0.39845318617160635        0.39516695470901309E-001   0.28193855751426911        0.31422529385640108E-001
   0.35565352737288020        0.39590387193902357E-001   0.52271364144617229E-001   0.31437124217936700E-001
   0.41111067255070383        0.40880841652016803E-001   0.41676115518934376        0.31329500011540487E-001
   0.43726724429208857        0.46532740453994532E-001   0.24983333593554483E-001   0.31397334939400903E-001
   0.39651469719922322        0.39537047732819866E-001   0.55011697918087421        0.31410761819167764E-001
   0.77082054907812680        0.39392414440260280E-001   0.10309898027523458        0.31404489652959555E-001
   0.31540961144249952E-001   0.88936521763990598E-001   0.11587721553678630        0.31515893687352671E-001
   0.80029022510226377        0.89345989054804828E-001   0.82656157142833975        0.31348716911216420E-001
   0.43117105928761668        0.87979620998344832E-001   0.80318597732452568        0.31405673179117244E-001
   0.89886790401415184        0.88812780699928429E-001   0.40093603371250863        0.31357832725473878E-001
   0.88162573369958408        0.89390738162043334E-001   0.13599507180440443        0.31412351670964893E-001
   0.54464030633118377        0.45259162730699756E-001   0.93480401360528875E-001   0.31438699347826143E-001
   0.48441434582279619        0.90413223291040387E-001   0.21258689881795997        0.31424702937383697E-001
   0.33402702559129965        0.89690948932757364E-001   0.58385400147933442        0.31476006022982325E-001
   0.72976850456583708        0.39657463380548964E-001   0.40167204080922420        0.31446823566848622E-001
   0.41378008957437334        0.89146479778275056E-001   0.70982233605080935        0.31397649135306453E-001
   0.90999540918021560        0.38801118392702234E-001   0.73332486021881402E-001   0.31365202868091031E-001
   0.40004497989398424        0.89597710588156840E-001   0.58808623277998273        0.31384588713437203E-001
   0.10289560696565662        0.39804429587503354E-001   0.16213927460346566E-001   0.31378723090613563E-001
   0.54917245559760464        0.39437728464641039E-001   0.43425832084028093        0.31393225705236685E-001
   0.75218961668406181        0.36154694602379828E-001   0.69591539949042502        0.31375266579923775E-001
   0.26468387296739626        0.88346608670105867E-001   0.74435586485842331        0.31393788983807229E-001
   0.51391985245036453        0.88871628552296689E-001   0.40716134816214794        0.31390006774293044E-001
   0.38993724552209136        0.39393730254852530E-001   0.21686271401021401        0.31379407209046153E-001
   0.82027764607214027        0.90211685515382792E-001   0.34838051677315390        0.31320115101583411E-001
   0.91979108207523963        0.88759235787703727E-001   0.19618349753820213        0.31303593685573367E-001
   0.21227616186665496        0.93899835762897885E-001   0.54457532626960825        0.31372945739583089E-001
   0.41317936513873366        0.89414142707465533E-001   0.24685546082191734        0.31314369488201967E-001
   0.92053369127243301        0.89225232274317834E-001   0.30111797454967157E-001   0.31387728276720754E-001
   0.87699834307743019        0.88829590919015211E-001   0.53576895167905969        0.31394851288798112E-001
   0.52045568477288684        0.41613109208476856E-001   0.23088345919634290        0.31426680552315379E-001
   0.11865093727889918        0.39321086430678276E-001   0.77150776702395826E-001   0.31468593646507025E-001
   0.20762160460966170        0.88854701284805326E-001   0.81912149633512288        0.31341938318519960E-001
   0.79349305516853574        0.88753757729054417E-001   0.48980167696298132        0.31341905129913500E-001
   0.76323282967284495E-001   0.88982093945234222E-001   0.59357190487321621        0.31376277688585440E-001
   0.28688534729102994        0.38855145056476283E-001   0.69677499639214713        0.31409494355282383E-001
   0.13099570696423096        0.38590655593799789E-001   0.33827900322358434        0.31333566982304127E-001
   0.26569697454563090        0.39391162516392977E-001   0.54053861584398705E-001   0.31366860925581795E-001
   0.73887657683409769        0.39038666407763462E-001   0.41918598160014378E-001   0.31430060655442862E-001
   0.42716119582961581        0.89444439537644665E-001   0.18576758582338987        0.31282247846974108E-001
   0.18607659698494655        0.39216371373752952E-001   0.44780687762577348        0.31417879726449084E-001
   0.10056935169496276        0.89099103422476247E-001   0.36771046770612947        0.31368933343558024E-001
   0.98740030339509854        0.88997783873736858E-001   0.68644542225523475        0.31328882348603065E-001
   0.89416938753775044        0.38825667498926728E-001   0.43874954647876335        0.31381066445307269E-001
   0.45973414111590942E-001   0.36995792872898288E-001   0.83332487730722016        0.31237034561259754E-001
   0.11291775604735078        0.39286755544298342E-001   0.21102289976652175        0.31474075508298192E-001
