 3 HS poly
 400 2
 200 200
    1.0000000000000000         0.0000000000000000         0.0000000000000000         0.0000000000000000        0.10000000000000001         0.0000000000000000         0.0000000000000000         0.0000000000000000         1.0000000000000000     
 T T T
   0.97106378004736227        0.46333404991005724E-001   0.50808288976444793        0.34843341379147220E-001
   0.95523659374102066        0.95848111565240632E-001   0.77517275737148605        0.33644345706537612E-001
   0.23090287501900073        0.45802226287416134E-001   0.38316790484906749        0.37300122724641331E-001
   0.98737076729234452        0.95516878095423030E-001   0.20877731451762729        0.38841974007174242E-001
   0.29725299496014312        0.47645371937443906E-001   0.31723811115604494        0.35659205594376936E-001
   0.42147640786452439        0.95862257222359165E-001   0.45536948487343837        0.36349376200013168E-001
   0.27570838743595366        0.95602073378916255E-001   0.69387642589624643        0.33624029216475060E-001
   0.22974567436321122        0.45525095272471700E-001   0.22024774367205177        0.37021861723602445E-001
   0.17857289820059472        0.96310212540387574E-001   0.68606503931526852        0.34899915638999961E-001
   0.48059830730111525E-001   0.46062648089214127E-001   0.71203076625457429        0.37874945510889935E-001
   0.58558141762555926        0.95964269245110936E-001   0.73252843938973611        0.36009325687706067E-001
   0.30558945554493422        0.45280984338286749E-001   0.38973502620280687        0.34340712326633861E-001
   0.93485948844038130E-001   0.96220956762752108E-001   0.55885347692804410        0.37362681512449099E-001
   0.21343124841343392        0.45829315484262841E-001   0.55899627509652616        0.36324631095817676E-001
   0.94654812367926755        0.46307299518525358E-001   0.67095098865550240        0.37756305560626154E-001
   0.58607338656256291        0.45573950254759493E-001   0.51706352703980452        0.33720147368676838E-001
   0.84102254880791805        0.45951738823769295E-001   0.78355462346067573        0.37008398831136304E-001
   0.30921846519961638        0.45684273971726988E-001   0.46470431926990430        0.37488602732815596E-001
   0.69250490971404444        0.46012962999426858E-001   0.70751879384770544        0.36015272067522842E-001
   0.52192175828513032        0.95950248746998701E-001   0.69565595868828789        0.36898758001699845E-001
   0.72748648912774758E-001   0.95602892784693028E-001   0.14059834488408415        0.36862837692774486E-001
   0.39581051863823874        0.45115305180545094E-001   0.82477108303866631        0.33444918924460082E-001
   0.84170976865233782        0.96008419849809692E-001   0.43223437160475275E-001   0.37730678341752505E-001
   0.85700874707130725        0.46485611667112306E-001   0.39337080192000723        0.35729568379179316E-001
   0.31996064258702195        0.95025880099825794E-001   0.74812583420279399        0.36382323752327875E-001
   0.12469712881314905        0.46205018436004747E-001   0.68518621513586719        0.36656295955958020E-001
   0.48181746405529596        0.95992110034213318E-001   0.58649928055545519        0.37356181172007306E-001
   0.51166402800881161        0.46347301875796582E-001   0.23770647435162950        0.35646857144082077E-001
   0.33297780611098247E-001   0.50633475261878780E-001   0.95799664822018737        0.35061455614225523E-001
   0.67276001782169381        0.95847997537060858E-001   0.84350973993522971        0.36734338266659707E-001
   0.88958958008887179        0.95816161351506487E-001   0.80724720636315883        0.35882919572072465E-001
   0.62003746611190969        0.45561488284690477E-001   0.89378705672656367        0.36990292121125923E-001
   0.69918847406147955        0.45898934563888050E-001   0.60320397232414025        0.35506017787951226E-001
   0.99663877080326624        0.96263148111371877E-001   0.99831700416493108        0.34896038965712500E-001
   0.37790615178499842        0.45708672394552403E-001   0.17931607546295103        0.36772123261585195E-001
   0.47855820084910039        0.95265506163421679E-001   0.99656117689325130        0.33600586333786008E-001
   0.40912736158232749        0.45375476706552731E-001   0.67349576582598791        0.33386840229854525E-001
   0.15428906965090639        0.95824742850302014E-001   0.93294602039473618        0.36614281776535536E-001
   0.86598960167837480        0.46126488375796061E-001   0.46612884558368040        0.37495452512936935E-001
   0.25307654400164198        0.46548882292966977E-001   0.73833035555553497E-001   0.35332971371758046E-001
   0.51348308020757671        0.95924392574429751E-001   0.34473988855703408        0.36772222211257227E-001
   0.74371916742384481        0.46044554877646172E-001   0.31743938740436657E-002   0.35288522082545994E-001
   0.87546311751614025        0.96470965367334377E-001   0.10728607470459711        0.33690830492950817E-001
   0.12225361538384118        0.46491542780628996E-001   0.51418446066460355        0.34709516680816177E-001
   0.26022296644576781        0.93612323677557563E-001   0.95212836073608031        0.35348335092646552E-001
   0.80741079761576962        0.97186893888235593E-001   0.37674171992867300        0.34411899358329896E-001
   0.58995002349743220        0.95700054015006322E-001   0.56534441152542092        0.35324296177260489E-001
   0.34865144205555987        0.53696741065668935E-001   0.23403891606768548E-001   0.35317802843343946E-001
   0.99649647631022753        0.46097534329929746E-001   0.80436987750418210        0.37149671166166923E-001
   0.74290496043996890        0.45795160155693272E-001   0.46495837467412215        0.36053679417657358E-001
   0.21761806183711787E-001   0.95415123970252869E-001   0.37029787751410836        0.33361459361282833E-001
   0.64602091174329990        0.95341058830610823E-001   0.41472044473056707        0.35599750555034039E-001
   0.95701959401734238        0.46472577020399621E-001   0.96932291433210727        0.34904800187874480E-001
   0.82037169722100256        0.95983347504667027E-001   0.27927203326158068        0.37240915188014020E-001
   0.23889428990740721        0.45793722042288758E-001   0.45382933527970398        0.33650449938762643E-001
   0.17854651882044509        0.45774158088713192E-001   0.80674416933763232E-001   0.38829775345314378E-001
   0.57013776473271494        0.46193184061404227E-001   0.54121774064031521E-001   0.35532409573074214E-001
   0.59028828524255050        0.95906688901024023E-001   0.46545339864992419        0.37732826402624806E-001
   0.96881236375898883        0.46373823587884791E-001   0.37206282302058961E-001   0.33829061103216332E-001
   0.33776665359547275        0.95921169677428475E-001   0.28189643868757558        0.35207499566826159E-001
   0.66937164316879572        0.45126810888930634E-001   0.94923349478660890        0.37100005387568802E-001
   0.95830433293991857        0.96485348092335541E-001   0.39397377021216662        0.34377235383540788E-001
   0.90969284193188937        0.45838045286798058E-001   0.75830569495655653        0.36038166184023765E-001
   0.59220410248256694        0.45907353851627412E-001   0.61598393580283417        0.35637216042064587E-001
   0.93199205514544003        0.45943728466704178E-001   0.60137144049014113        0.33259583254347372E-001
   0.44259572467357894        0.45276193987400841E-001   0.77190828849388204        0.37130880960170913E-001
   0.83470769682474955        0.96296304484717460E-001   0.16666973106123109        0.37932502083645181E-001
   0.56465175827227365        0.46447117131061991E-001   0.16033961804988159        0.38325395503360879E-001
   0.91410316777645839        0.96244336540829811E-001   0.87783649313657741        0.35278354277858311E-001
   0.45593943541997495        0.45666957510483115E-001   0.86550710899781791        0.37306337956732209E-001
   0.59734668545789205        0.45527389652510492E-001   0.41412419884643636        0.33993845592583893E-001
   0.93186718026105342        0.46446822247856095E-001   0.30535780078518798        0.36164815399138843E-001
   0.52803820408277347        0.45537763841986378E-001   0.39727091479644822        0.36862856473600755E-001
   0.12225097199611946        0.95647524602343006E-001   0.65028182968734152E-001   0.37945072723299375E-001
   0.62271707109683005        0.96134824002767155E-001   0.53909280694594976E-001   0.36948691615823905E-001
   0.33949569490948683        0.94893966606006894E-001   0.35299524515269609        0.35878033350304955E-001
   0.37068247418936273        0.45719472272810931E-001   0.88851910217924834        0.35063351135893227E-001
   0.88555364405828885        0.96064712549782050E-001   0.58718373704918680        0.36014557311357873E-001
   0.67336901882316536        0.46390148876649023E-001   0.24908554578981837        0.36852542819465990E-001
   0.68444155277717467E-001   0.45567038269587967E-001   0.84916476624670667E-001   0.38056550941044334E-001
   0.22905884395982695        0.45571574693385054E-001   0.68960640024878372        0.34847766576827671E-001
   0.51027820957535530        0.45918040472379046E-001   0.64293120670162529        0.36105372871782004E-001
   0.30619838236278968        0.45913777767726593E-001   0.57665005692278704        0.33737266963850876E-001
   0.22759814372554596        0.45849644572605680E-001   0.29446203420649636        0.37093400496498369E-001
   0.97299981598166149E-001   0.49125635474275384E-001   0.29862454865181776        0.33786084508184627E-001
   0.69509896374585312        0.95893195066799816E-001   0.65740996058165280        0.34719899736731612E-001
   0.99110457407732011        0.46181984691900553E-001   0.26528128041639493        0.34848636421400910E-001
   0.92013167389588546        0.96157580646717880E-001   0.20276783626178171E-001   0.37750306979994035E-001
   0.21506441398043710        0.96032550735691391E-001   0.89845267601999634        0.32866488121917767E-001
   0.15515605301479113E-001   0.46340667936805496E-001   0.64698344584199841        0.34802957877462945E-001
   0.82506119098537001        0.46480455453749396E-001   0.22219235114460323        0.37249209708350259E-001
   0.53472274891242544        0.45552156242586635E-001   0.57252782176189132        0.36398140401532671E-001
   0.27551981519563323        0.95711955788667286E-001   0.42610623829598793        0.34070966850748348E-001
   0.56878926908377192        0.96136669062287960E-001   0.10494413871138618        0.35715757854163518E-001
   0.69830647843743920        0.96300971973802565E-001   0.36855012065073206        0.33830638428701341E-001
   0.57450721360984403        0.45459678877842885E-001   0.95179320761746045        0.36459742866714898E-001
   0.64034766964816070        0.45826257463018417E-001   0.56382985086030835        0.35286746584041406E-001
   0.79731020835400890        0.45917193761886743E-001   0.32720302972231136        0.35610546047865191E-001
   0.28584254627028477        0.96648102475941064E-001   0.11392687872421407        0.36403737383979527E-001
   0.51941168815113659        0.46059716728105896E-001   0.10247830534955052        0.34523161765041263E-001
   0.22390601023133413        0.95793786409636039E-001   0.50391896280728121        0.38691120574617134E-001
   0.98315752888506258        0.96083332034048632E-001   0.85705390657610070        0.36687660867094470E-001
   0.37448409920350190        0.45374598484513508E-001   0.74008890718740106        0.37709814172702034E-001
   0.46067380978256484        0.95939902236358510E-001   0.65678242977817991        0.35616978252050402E-001
   0.29834226718889090        0.93232411416968499E-003   0.42332839976654733E-001   0.36179882382298946E-001
   0.11636278140068412        0.99111447616697601E-001   0.25100116469781331        0.37679513893262129E-001
   0.38393422200053616E-001   0.96290802397727734E-001   0.60491124473070612        0.34360032696167345E-001
   0.20342960999888224        0.96104415775605148E-001   0.83086107020361533        0.35678972394973377E-001
   0.20551433765422181        0.45786486029673133E-001   0.94557262010360865        0.36018571903432543E-001
   0.39441230645994524        0.97357482037108561E-001   0.99675125996266400        0.32134212125155825E-001
   0.14366473626967402        0.46234821114697018E-001   0.58435279447499444        0.37882980913129610E-001
   0.68475906433570233        0.46028726105944558E-001   0.13538255391145265        0.37286469922940615E-001
   0.47785873399441969        0.45260642840569160E-001   0.45163555242785612E-001   0.36088467354301948E-001
   0.93128371914811137        0.46015964426203988E-001   0.83279519567020832        0.33622976716083136E-001
   0.99988703849872862        0.46467179709123264E-001   0.41366153281110568        0.33545826256714747E-001
   0.98675433738573803        0.96306341816199445E-001   0.92891394745162170        0.35187858105358322E-001
   0.26207428819855894        0.95884810590150013E-001   0.56600156876492314        0.33722806804113270E-001
   0.40254146014204806        0.95517656031150019E-001   0.54181260081271365        0.34051334089060657E-001
   0.81414272218043759        0.95940400390948088E-001   0.83114068560147225        0.34090518106322021E-001
   0.95144977726212487        0.96262032803473951E-001   0.55581340141369573        0.36835982809863221E-001
   0.37582235933737612        0.45615070369519048E-001   0.25081832803128451        0.34665272174933093E-001
   0.74697319345390079        0.45767048594710334E-001   0.37883832609218149        0.36221164307236889E-001
   0.79052852476732183        0.95822734496890105E-001   0.76477175894978933        0.36348620966017375E-001
   0.11901638730405538        0.95959095287562898E-001   0.86650655115511743        0.38411041314586614E-001
   0.29694743877487939        0.95526841641757843E-001   0.62677722562166938        0.36272978377170854E-001
   0.39600396293639395        0.95366392331310612E-001   0.62643950176392960        0.35780763918061162E-001
   0.80310164085878399        0.45839931979574533E-001   0.50284907948639224        0.34991246822689066E-001
   0.79884649198078250        0.95955136253929985E-001   0.55334457083925970        0.35106334049820914E-001
   0.67575784700570629        0.96303612713575751E-001   0.19854917484206600        0.33810222387968242E-001
   0.15269319006378196        0.46448669748088513E-001   0.81278608470563407        0.37331265585544997E-001
   0.61881310056589722        0.46092359271902583E-001   0.10545714835103183        0.34935590597965117E-001
   0.91297641335162893        0.96599883254830876E-001   0.94790830724902198        0.34787404350928225E-001
   0.84706356458907550        0.45958937405195334E-001   0.55627987136098411        0.34167340959600008E-001
   0.56296821620880877        0.45755574746094686E-001   0.84536805978728247        0.37712228870466484E-001
   0.39997298379867534E-001   0.95812400695925296E-001   0.28896227711585748        0.35856282655258642E-001
   0.91658966834606537        0.96278023007463881E-001   0.48911346659174715        0.37048248453249021E-001
   0.16076452419688844        0.96496169944642773E-001   0.53720316811210955        0.32458773685573303E-001
   0.64395483682007726        0.45804671779426459E-001   0.46573468744872015        0.35530378288392069E-001
   0.60878694909734909        0.95876366933295515E-001   0.66444571504214445        0.35903609516641885E-001
   0.41656104641833408        0.95643336989100020E-001   0.36011508538214659        0.39252021774229602E-001
   0.56772994534070753        0.95584027687459897E-001   0.89901754087331087        0.35531965154174408E-001
   0.69309737574717267        0.95793877423916526E-001   0.46716453347290171        0.34506341398148420E-001
   0.86223419241222110        0.46219704164800701E-001   0.85725497442436982        0.39620752825276190E-001
   0.13149909851303504        0.96250679453329893E-001   0.63510538613759004        0.34372116942673413E-001
   0.82897075039295620        0.95784007343475558E-001   0.68884443775351190        0.32096064306923681E-001
   0.70748456290671624        0.45735504977345659E-001   0.31614655623391813        0.37716575037460870E-001
   0.73132177498022044        0.47385743604958119E-001   0.76076263464330093E-001   0.36148368711937405E-001
   0.82664212509444013        0.96196442750972777E-001   0.89881254350177420        0.34408430681386687E-001
   0.22104357200776338E-001   0.96039706405046055E-001   0.75869067998837558        0.35200064944272871E-001
   0.99744365050796602        0.46297749973273322E-001   0.57929748522953328        0.35015415187329084E-001
   0.32561949409733154        0.46670198163161473E-001   0.87201199556859885E-001   0.32805863787723009E-001
   0.45010570340297207        0.46220731661018075E-001   0.17483614799807809        0.35474914346421693E-001
   0.38955504209541847        0.47132677656826910E-001   0.10887729786078985        0.34623228266679497E-001
   0.76965157060278000        0.96396786603270668E-001   0.22450325484779016        0.37361647441548469E-001
   0.55846942563802171        0.46078176213484069E-001   0.31799188313264365        0.35269055198121194E-001
   0.89006797206220345        0.46332997887166813E-001   0.63251913044134786E-001   0.34310377836403096E-001
   0.82959672185878242E-001   0.46190717366426742E-001   0.62607428989932534        0.35675724387397384E-001
   0.75136670763268520        0.95873432951926921E-001   0.61242808630977263        0.37199707614948049E-001
   0.42582332168872744        0.95381964632734018E-001   0.72015392665068212        0.36645349535050137E-001
   0.49456157574126086        0.95793038447596304E-001   0.14689677453376121        0.36587022418957588E-001
   0.11414139982266978E-001   0.95767011759779447E-001   0.70673520298328324E-001   0.38947361857694610E-001
   0.81228677940186164E-001   0.96501847511158201E-001   0.48713282455891554        0.35359864367160772E-001
   0.54342391482371266        0.95747409595584476E-001   0.79246374181016688        0.37247290274830112E-001
   0.93475374694153435        0.46260408795280990E-001   0.43876415327230439        0.36174441326941920E-001
   0.98360504095200918        0.96375996306480555E-001   0.45963157857745623        0.35836932415778365E-001
   0.64376584475674348        0.46186284244591896E-001   0.35849295364713568        0.37440721639896805E-001
   0.47011715886470723        0.95730907415672001E-001   0.91609025872818983        0.34443296716296139E-001
   0.35190378417004131        0.45697205294390503E-001   0.52537944949418747        0.34532023163750487E-001
   0.64292706173528524        0.95874351846366390E-001   0.51502916406501442        0.34562839900460461E-001
   0.34643881643757513        0.94987693880167298E-001   0.83270806139628173        0.36982448429583738E-001
   0.24411735857772524        0.45679774355100261E-001   0.14723121681486850        0.35574489083353263E-001
   0.71082944464283859        0.95792724391247641E-001   0.76814905275327094        0.36355364614429828E-001
   0.47561613162799066        0.95524443011071963E-001   0.40709167911194005        0.36176299089076512E-001
   0.10884415620102007        0.46550314271937412E-001   0.44541349424835264        0.35139159160430061E-001
   0.74046939997656969        0.96203600110647353E-001   0.14547094900647811        0.37649602117383454E-001
   0.99255600789773510E-001   0.45657538092687369E-001   0.19593120516413182        0.34468509766922541E-001
   0.29613135207939720E-001   0.45630384452225628E-001   0.17189540022753452        0.36140974437970944E-001
   0.69339015553378303        0.46038799199303253E-001   0.51683612180134275        0.35534949702036391E-001
   0.87578619210265318        0.45795249601913945E-001   0.69406579754841979        0.36568712543641455E-001
   0.52954124411147752        0.45608288707513253E-001   0.74452637809396738        0.32815400570048177E-001
   0.36015094554635801        0.95361094722227494E-001   0.68866938870823391        0.34832407968731528E-001
   0.66986435608675610        0.46111974660837954E-001   0.42917104524777913E-001   0.32536464722119116E-001
   0.30662441530540641        0.45030186653200389E-001   0.79811031741327965        0.35530674079867798E-001
   0.17070620833008729        0.46018138663317207E-001   0.88325164075549578        0.35361568447168978E-001
   0.62118033953382024        0.95239832345813291E-001   0.94189908693228497        0.32059698851889300E-001
   0.50923563168147401        0.95833458868734900E-001   0.85738803738038349        0.36098687508985247E-001
   0.10267898488171157        0.96255939567316914E-001   0.79480863147106651        0.35125059376025926E-001
   0.72408530240380098        0.46357947493587459E-001   0.19685975848559423        0.35685224287081381E-001
   0.30239078733091779        0.45607982744806860E-001   0.24510233524291392        0.35934215249755895E-001
   0.58268161002811059        0.46299706520662384E-001   0.23585450166922259        0.35394705439276454E-001
   0.25962973702941028        0.95086573084952900E-001   0.78957726135585737        0.33083396218323867E-001
   0.99598352997190942        0.96328240555281108E-001   0.69275958959068984        0.35694500566697047E-001
   0.31022895275209739        0.46082938001530120E-001   0.93746031481137448        0.33936039909622413E-001
   0.76092271895597230        0.95907969198692308E-001   0.69816723714110063        0.36512897226052547E-001
   0.74515994499629135        0.95892406526022253E-001   0.84135910657702351        0.35541750450832854E-001
   0.80280606546647715        0.46243526941496221E-001   0.93945844365549236        0.34235208480438969E-001
   0.28168750974390988        0.95650623474520746E-001   0.19086489917812177        0.40651502406608545E-001
   0.34674614985611540        0.45540191413670009E-001   0.64067267849980791        0.35555049428702426E-001
   0.84458841524671135        0.96198249196858931E-001   0.96697105320454102        0.36023828414918996E-001
   0.32724722635188885E-001   0.46593332028102279E-001   0.47424389383098481        0.35362751943209453E-001
   0.69219779113762581        0.44559630156826964E-001   0.41929308347569344        0.31436744713264020E-001
   0.26990065165707516        0.95875733816329023E-001   0.86453579279244674        0.31533013729544139E-001
   0.86443523718126802        0.46460941927575175E-001   0.32622719285966989        0.31492325094319283E-001
   0.75342361590323825        0.46815245207302465E-001   0.54965338734831215        0.31477678581165319E-001
   0.37611803920893067        0.45779835318214557E-001   0.44790861874108123        0.31478522713899011E-001
   0.77671509432479191        0.45730077348076957E-001   0.80916628817343828        0.31461461961447487E-001
   0.17687225508297985        0.45644082461523183E-001   0.15777998591182943        0.31444171463857584E-001
   0.16761164308311535        0.96377103794188554E-001   0.76760686186624960        0.31472900290574174E-001
   0.41696257874327097        0.97034354425971303E-001   0.14346566883775116        0.31494522458156336E-001
   0.27247814167347179        0.95900675951218289E-001   0.36037362329707529        0.31518895901777061E-001
   0.66133304690016326        0.95721524254582774E-001   0.30376286116660101        0.31430049010521321E-001
   0.85166544204041530E-001   0.46127276009497516E-001   0.90356108426154158        0.31451401994231402E-001
   0.89065114146127999        0.96421171254607821E-001   0.42493589609103005        0.31437427363755960E-001
   0.33080371289775307        0.96528669073841389E-001   0.97501098422855426        0.31486872313619400E-001
   0.80022035444679007E-001   0.96182318626758134E-001   0.94163603337218660        0.31552068113058766E-001
   0.42488831213433477E-001   0.45549810621790442E-001   0.33434738707554373        0.31449551162437396E-001
   0.46976188309215006        0.45820463967465350E-001   0.36137338623194420        0.31537671636705303E-001
   0.52238479465153975        0.45129194980201778E-001   0.90176715105519123        0.31428544191617294E-001
   0.43698851509221287        0.45045229676952979E-001   0.99141205404291499        0.31408350008447272E-001
   0.79612328117002207        0.45848892902830424E-001   0.59770287809675859        0.31452832703114705E-001
   0.12745676828195077        0.95860123526246871E-001   0.99566648833733162        0.31563841182417417E-001
   0.44345138729903094        0.45732922449212815E-001   0.24402269077598690        0.31442842853898902E-001
   0.62962826826210738        0.45892151965874574E-001   0.82591237447813515        0.31516946220426251E-001
   0.77170933445908274        0.96204592247159160E-001   0.38239041276832850E-001   0.31530478863724828E-001
   0.82399943458179992        0.96516186202694282E-001   0.62516016367330174        0.31440023280929728E-001
   0.71666347195218372        0.95697266588649244E-001   0.26852221817501665        0.31491936515224014E-001
   0.88212875747892294        0.45815650436299878E-001   0.17918299193410825        0.31453114259539783E-001
   0.87204516005787058        0.45006418917116521E-001   0.92780792884897001        0.31507348210704521E-001
   0.13542867733083509E-001   0.96384866620221027E-001   0.52372807522465381        0.31530219998516011E-001
   0.90032797940228604        0.96904032856989564E-001   0.65314611149211921        0.31534766312845526E-001
   0.70927616069136279        0.45927964918003439E-001   0.81411456864227183        0.31463452121513483E-001
   0.60228545186227722        0.96093195191287770E-001   0.32578059110005875        0.31514738819357783E-001
   0.50449089188389951        0.95901642416504673E-001   0.46865876652506194        0.31487544796130883E-001
   0.19184941507417066        0.96850236678890256E-001   0.25036567176019320        0.31448936402150886E-001
   0.44885297467285729        0.46013553761257375E-001   0.55250097637954088        0.31466065350758028E-001
   0.86283894356969892        0.46342928078799681E-001   0.62689508050035680        0.31452338647056023E-001
   0.70879162067620061        0.95950874693215324E-001   0.30878904665680017E-001   0.31474366493182589E-001
   0.26921820543052233        0.48833254498316797E-001   0.74239001258903958        0.31531279343708710E-001
   0.15231982441236869        0.96620532782662902E-001   0.45401865153598753        0.31452725776485640E-001
   0.95087758989770621        0.46306848418499691E-001   0.90265872009309500        0.31502992555499001E-001
   0.44792223798025242E-001   0.96541466328231074E-001   0.43096678729309562        0.31512992448110823E-001
   0.58840659631896897        0.45909634657062742E-001   0.77784483885337308        0.31456032875239515E-001
   0.62756791974033874E-001   0.46596780819290799E-001   0.39702458910886540        0.31475900537830503E-001
   0.19266334024590992        0.95876562386239927E-001   0.98925449695140844        0.31492421093854105E-001
   0.34928888325158253        0.95702313765170036E-001   0.21615274152343705        0.31518418538216922E-001
   0.46707400841341556        0.45918418244083187E-001   0.46056778835375928        0.31461309364784917E-001
   0.85255525016294920        0.95970735989808723E-001   0.51369720747264269        0.31522358959778750E-001
   0.35893781681891884        0.95744774965743351E-001   0.48219945208704101        0.31446410309968045E-001
   0.88446641876527754        0.46443330469262682E-001   0.25695218402153230        0.31562333110611532E-001
   0.11468227206001318        0.45548562437858667E-001   0.36143002054764334        0.31467233924902249E-001
   0.14013631135948659        0.99198371657314252E-001   0.31824157305022949        0.31489645723317222E-001
   0.88518901127533201        0.96464792300144292E-001   0.35837384697123065        0.31458993910527172E-001
   0.23155534873363529        0.95647279581657974E-001   0.64601899282020026        0.31456407869941479E-001
   0.49954217707433701        0.45402962391196101E-001   0.81111214227475159        0.31490817131250341E-001
   0.32741124883285649        0.95811216169124788E-001   0.89849275260654726        0.31479909549336306E-001
   0.30833440421229891        0.45856891594251659E-001   0.86516332084628134        0.31510539734447195E-001
   0.48847048180961045        0.45892234915290257E-001   0.95515773433258655        0.31484913004673210E-001
   0.24869652250139831        0.45872355972703192E-001   0.83237928465175026        0.31502469182292395E-001
   0.41228456260638513        0.96865547706850269E-001   0.21853996439751683        0.31513444045117564E-001
   0.17005243907500692        0.45807294644655029E-001   0.41871579202255604        0.31441415569870665E-001
   0.73852136078055874        0.45905273648859574E-001   0.65781733553279664        0.31493729614118712E-001
   0.21012660964833604        0.95753092012323959E-001   0.17714200228402580        0.31532576895191962E-001
   0.10145658059027841        0.96601599357307291E-001   0.40205592170795745        0.31389304489922096E-001
   0.36454692465918698        0.96860416494685256E-001   0.72848623691266781E-001   0.31508160235035658E-001
   0.28664107500031688        0.50926163086914680E-001   0.99825898793682988        0.31432733854452478E-001
   0.64939299050190769        0.96047585834950489E-001   0.60795304640286829        0.31506556818693555E-001
   0.40862160097431854        0.35135775339471285E-001   0.46726852962217742E-001   0.31483784476184516E-001
   0.97693604305356418        0.96620424864967761E-001   0.31307796357131468        0.31460370068742839E-001
   0.17948511731224887        0.46548644237477892E-001   0.48106435341232096        0.31386284772108371E-001
   0.90941266154193479        0.46273554936386393E-001   0.53552219613821650        0.31526616275757695E-001
   0.11888662698713540        0.45638194049317127E-001   0.13287879194599211        0.31519792132401539E-001
   0.39626504456662814        0.95285933644239276E-001   0.78286848286564337        0.31528808359869973E-001
   0.40837130159072221        0.95616693324412555E-001   0.86507969516976813        0.31483977767448393E-001
   0.65203410151363306        0.45920238859635136E-001   0.65088854997584789        0.31537435558050650E-001
   0.87739682382246298        0.46154763816698766E-001   0.99846963274846356        0.31478841656051547E-001
   0.16040078396995511        0.51904282480427347E-001   0.28187420841192878        0.31504389429045342E-001
   0.62560480588541090        0.95860275826642555E-001   0.78768100323974510        0.31517580384235307E-001
   0.15669004560784847        0.95688865643577758E-001   0.12526040792024046        0.31434292543546544E-001
   0.88647998986748044        0.96578107788703030E-001   0.21822996137883069        0.31490017257091024E-001
   0.57170602334637340E-001   0.45806295146764597E-001   0.24709723453306975        0.31574449032721087E-001
   0.48637650391931481        0.95271095657128768E-001   0.75409162404193741        0.31475094231821585E-001
   0.16208002265493165        0.45868691051495228E-001   0.12302932157675353E-001   0.31469748220437362E-001
   0.13102744020491178E-001   0.45901550544014090E-001   0.89297274352733880        0.31453447522930729E-001
   0.56649712471081826        0.45935203092316156E-001   0.68090579409630436        0.31552586376142895E-001
   0.61988614947954290        0.46079924195622936E-001   0.29169125480098668        0.31470044552369146E-001
   0.43075752235736803        0.45582193230820106E-001   0.31163245938215783        0.31553003667316837E-001
   0.78458176481384057        0.46594981248721634E-001   0.16572486928847915        0.31535669591319114E-001
   0.81755010376371295        0.96293479303191279E-001   0.46054228921998075        0.31510435546241798E-001
   0.63627163342635196        0.46322707705506921E-001   0.18413265113866359        0.31422111319990759E-001
   0.41323570992552938        0.45745820353030459E-001   0.50052384607423528        0.31427882272356107E-001
   0.43302921964406266        0.85204040697538730E-001   0.76465673767057971E-001   0.31530450223204089E-001
   0.21599099741082031        0.95805238669025516E-001   0.47886948324890120E-001   0.31492130395232340E-001
   0.51279338515336989E-001   0.96274307891899488E-001   0.88542585441707788        0.31489132192895501E-001
   0.57437657098817629        0.90975160841022029E-001   0.29879427617354229E-002   0.31547914420337241E-001
   0.75274857229704628        0.95905235207329534E-001   0.33239963652168181        0.31504230746494652E-001
   0.64739667692407438E-001   0.95368426474200241E-001   0.30434976451456553E-002   0.31510926241831466E-001
   0.21307826869152383        0.95836726120499885E-001   0.33932099058992510        0.31481881164402613E-001
   0.76102622231929473        0.97052030478878157E-001   0.90652590157005508        0.31494430899351993E-001
   0.80145966548497571        0.45624866061807483E-001   0.66041998049555051        0.31484341421745728E-001
   0.34145636660022338        0.91598887454727079E-001   0.42038366856375442        0.31464134091721101E-001
   0.42160787857363664E-001   0.96815350189013480E-001   0.82280628003221201        0.31523270333366021E-001
   0.42890193855782582        0.45647730815475469E-001   0.92897018679910437        0.31509695056648704E-001
   0.93755034285103123        0.95593709569836233E-001   0.87459550466302077E-001   0.31448340403320181E-001
   0.33022549566782904E-001   0.45433262947362024E-001   0.24942974877571685E-001   0.31542119193480829E-001
   0.37169440196833792        0.44953191656370295E-001   0.38487098582601764        0.31516289600859095E-001
   0.97529401372921654        0.45682869826557136E-001   0.73759541037610188        0.31554533135602601E-001
   0.88730921504312743        0.96445396060175589E-001   0.29534934432549714        0.31535501844258330E-001
   0.46346356450826953        0.95681352965416869E-001   0.51645492803566839        0.31449108775443720E-001
   0.11501827983256292        0.45866331572543606E-001   0.95911642561333343        0.31517973916256874E-001
   0.34803700623307848        0.95905653671647106E-001   0.57841636445669420        0.31467126167986421E-001
   0.97290206957992897        0.45530623387611262E-001   0.10246117320597226        0.31496002625790831E-001
   0.52361925092114436        0.94876822288044574E-001   0.54151807902179112E-001   0.31567227782336844E-001
   0.30894289726532664        0.95731041334198130E-001   0.52063068637404619        0.31492968256815627E-001
   0.73687839127114396        0.46914544252638260E-001   0.93662309670082267        0.31543474082573589E-001
   0.60859975683670964E-001   0.46101968185619464E-001   0.78026165242871171        0.31512081295282754E-001
   0.61703966781729891        0.44657600196445942E-001   0.56327671660112493E-002   0.31440173451086378E-001
   0.25919523146743678        0.95777722711524335E-001   0.25951404389873500        0.31537795176591457E-001
   0.97532760207773495        0.98088431965467848E-001   0.62399046288126769        0.31486563433386336E-001
   0.65714372529864007        0.95146137801881261E-001   0.99469755631056400        0.31544710604428240E-001
   0.75989862806982611        0.46343466558312708E-001   0.27093230444943106        0.31468506441572085E-001
   0.65382290150653177        0.95935129131683283E-001   0.73134198071640277        0.31462207461101573E-001
   0.49322365873535018        0.45973436970826835E-001   0.30264752522477173        0.31539179148809021E-001
   0.25574930382665673        0.45967284437310851E-001   0.90035595881015629        0.31450354779125778E-001
   0.46681845772359648        0.95956666399143672E-001   0.27463619750195362        0.31455393795002735E-001
   0.17489461501036835        0.45816644534588467E-001   0.34288478404108930        0.31493409813616410E-001
   0.80836798607289845E-001   0.95280355487080332E-001   0.34258140553616973        0.31513781451096116E-001
   0.86607385788098323        0.96375097369493623E-001   0.74149838472559138        0.31524198770223770E-001
   0.96233611169719180        0.44649988519014736E-001   0.16459743965040721        0.31501020947745505E-001
   0.31719480836265795        0.45502268915363214E-001   0.70117576451908681        0.31540467922542309E-001
   0.50202301740680955        0.45423752480306917E-001   0.51299096636967156        0.31512411375797113E-001
   0.93990681673291909        0.96451324263232982E-001   0.26059011137298721        0.31421492844478406E-001
   0.80933917395599586        0.45737218906474114E-001   0.72285681079581299        0.31432090577066987E-001
   0.68213447117150106        0.96108224822848420E-001   0.88061768810758459E-001   0.31511151642824156E-001
   0.25281612584931018        0.45655735256814975E-001   0.61421371352973775        0.31488383366217183E-001
   0.54246372414197208        0.45902324939722905E-001   0.46407226979237703        0.31448111511268154E-001
   0.63823841737267462        0.96017238269650196E-001   0.14500931555225879        0.31511507343336520E-001
   0.78825905174680888        0.48958554257349553E-001   0.87122857780699536        0.31442750109662430E-001
   0.47490589842047831        0.96398601871901690E-001   0.21206728942008099        0.31437107823182618E-001
   0.16118414109734527        0.45887002500301095E-001   0.21907495289756268        0.31501344852272274E-001
   0.37144109376043261        0.45662349140082457E-001   0.96112374713705895        0.31465946058649996E-001
   0.14124455880577189        0.95777579008678421E-001   0.18627105616773276        0.31439659313812762E-001
   0.18986935625092893        0.96048358849780219E-001   0.59883847847098126        0.31486153063502643E-001
   0.22310534473913868        0.94162741793862248E-001   0.73579501229779665        0.31575908400866798E-001
   0.92104649017156204        0.46469924132268740E-001   0.37230045599336836        0.31610027925538332E-001
   0.81293599604722211        0.46061757555537722E-001   0.46193350019879025E-002   0.31596744698500767E-001
   0.99106801666606892        0.94322899536329621E-001   0.13821741726607797        0.31526132104808979E-001
   0.17622058886518896        0.46252593115245759E-001   0.72986549530478817        0.31483860393450462E-001
   0.92662845888382073        0.96092398986451721E-001   0.71585818736577234        0.31513502941277700E-001
   0.20832636862403955        0.95829442548628116E-001   0.42505741324611057        0.31518140096599381E-001
   0.50381461817304990E-001   0.46246202201507755E-001   0.53884729999215863        0.31585959932228444E-001
   0.21798740843676825        0.95737942103901505E-001   0.11085487794006306        0.31487505364704321E-001
   0.79792259848222935        0.96545304332785076E-001   0.10562739444249526        0.31496587902851272E-001
   0.27027495811020763        0.45513261617086929E-001   0.52186965596591950        0.31541189013343858E-001
   0.36739293617197261        0.44609766487781422E-001   0.31677755924964091        0.31585375373364193E-001
   0.71452710770139927        0.96917515665166473E-001   0.96805411543339437        0.31477350771625369E-001
   0.22505535665029175        0.45782777546987161E-001   0.10489490941107569E-001   0.31495746603414837E-001
   0.95385093168321944E-001   0.96140207306766479E-001   0.72128821084144079        0.31525574326218879E-001
   0.35328614753792076        0.95582269526087449E-001   0.13565622823026260        0.31490146274718273E-001
   0.53682155961519151        0.96371016769225923E-001   0.20048820463337996        0.31459104747266646E-001
   0.92226330747233787        0.95785730851230350E-001   0.16400824427946636        0.31556417216065655E-001
   0.79841844213731172        0.45773566427520229E-001   0.42634484641772230        0.31501994043563748E-001
   0.83460967931064201        0.46437699562816355E-001   0.11785125020655524        0.31520643867355772E-001
   0.69385389158555955        0.95436585861696413E-001   0.90845636150287623        0.31402007157578841E-001
   0.31537280604775514        0.45668603887171977E-001   0.15117151700022291        0.31518102580447654E-001
   0.70722360407230267        0.95919268746474440E-001   0.55939818736744551        0.31410408058352428E-001
   0.45451444405993158        0.95185850529973873E-001   0.81764359308870060        0.31499850661500038E-001
   0.62472744393975455        0.96411870301096270E-001   0.25248508115128121        0.31489243747076651E-001
   0.57153665050566249        0.95536609690591856E-001   0.38071299185443536        0.31413536981548952E-001
   0.62380867390568151        0.45938580079530195E-001   0.70743227392912900        0.31507353015295003E-001
   0.42946771915682608        0.45894757977781864E-001   0.41003975575751012        0.31498982736842304E-001
   0.59956373171676836        0.96313328379948104E-001   0.19472240936232704        0.31444650295503675E-001
   0.53876936842749323        0.96371330705156605E-001   0.27363033996617181        0.31481741051183308E-001
   0.79841188023233189        0.46279143134746722E-001   0.66148674513557479E-001   0.31530382628472638E-001
   0.53963417739915065        0.95451653003080006E-001   0.52125106713150482        0.31539922969246924E-001
   0.98176275951458492        0.46702775657483729E-001   0.35118523177267474        0.31495268179071015E-001
   0.62727673035596385E-001   0.96105945199129433E-001   0.66614198141456260        0.31426266805246371E-001
   0.52938961761591530        0.35659745110671569E-001   0.19902346052218349E-002   0.31462351632987523E-001
   0.77731559106464210        0.96004483404873636E-001   0.97401980978903901        0.31491279506500935E-001
   0.52739513702467056        0.95456130986360965E-001   0.95260889697396545        0.31494447242968057E-001
   0.74731844526834101        0.95955166694162278E-001   0.51047142362112463        0.31549591794757893E-001
   0.77207649922595281E-001   0.46017425329916012E-001   0.84116239259900349        0.31452518816432684E-001
   0.98665334213582548E-001   0.45558115695969341E-001   0.21983845146126252E-001   0.31533639192663318E-001
   0.57838970197261579E-001   0.95618496497011984E-001   0.20817957117115113        0.31489945453608906E-001
   0.45454328833756746        0.35090515722652753E-001   0.10834517349322646        0.31450517826016780E-001
   0.40444604322779937        0.95539043415062183E-001   0.28354493005748455        0.31481199530047202E-001
   0.16310772319469333        0.95899017760937483E-001   0.38092416685487629        0.31480548327476675E-001
   0.54750250035049952        0.95919580146668251E-001   0.61700272793163891        0.31393138494748653E-001
   0.11771857659309616        0.46373747001759849E-001   0.75316028844359029        0.31460618454254193E-001
   0.18252426596160762        0.46399359540380956E-001   0.64193031666241285        0.31516054780885608E-001
   0.93736229278846539        0.46369250855553282E-001   0.22244327543022602        0.31452841579520510E-001
   0.38698770433867907        0.45535269157324754E-001   0.58149802922210780        0.31583043856230744E-001
   0.74972444642188030        0.45786192272068892E-001   0.74348529791708418        0.31558429325233589E-001
   0.47155271468269616        0.46953898993431213E-001   0.70162168759740084        0.31466953019127490E-001
   0.21537114803414967        0.41133116587374341E-001   0.77904997963576783        0.31494288073161146E-001
   0.91377791818746779        0.46405032255273787E-001   0.12458930453041098        0.31411045941957060E-001
   0.71633792540035912        0.45782921442416913E-001   0.87683994642986074        0.31553193814940900E-001
   0.39049019527103723        0.95644774599628044E-001   0.92788068128348411        0.31506967117547045E-001
   0.76011931768495178        0.95772146092263200E-001   0.42283136080281908        0.31517180866453123E-001
   0.66024649313977479        0.45881234453607873E-001   0.76957576088556590        0.31503725073935375E-001
   0.44227312634832755        0.46436423065531834E-001   0.61519157621839560        0.31538753580291554E-001
