 3 HS poly
 400 2
 200 200
    1.0000000000000000         0.0000000000000000         0.0000000000000000         0.0000000000000000        0.10000000000000001         0.0000000000000000         0.0000000000000000         0.0000000000000000         1.0000000000000000     
 T T T
   0.89094675174321336        0.44341973531902501E-001   0.59496431593114829        0.34254109339057932E-001
   0.65250727137667819        0.94652923271896755E-001   0.43413180916334287        0.37087699741127342E-001
   0.11366415886956962E-001   0.95108585678873411E-001   0.66393175517564740        0.32668911011103412E-001
   0.29942409820029225        0.94216595357636795E-001   0.65958906937253337        0.33768167279607610E-001
   0.10386433788534120        0.44726867359186101E-001   0.58235904997416199        0.33991726605443404E-001
   0.99370162962315589        0.45196329000715296E-001   0.48446768292918059E-001   0.36163741214038418E-001
   0.12253894463167560        0.45016933468478626E-001   0.24207914631998403        0.36175611141209957E-001
   0.25645097118501836        0.45056643632349597E-001   0.82354553259327479        0.34139670138788027E-001
   0.16980648333961321        0.94454416318114562E-001   0.31712035922721565        0.34913142839325707E-001
   0.67356179589072374        0.95472186959284860E-001   0.88122900378430913        0.35541001303344928E-001
   0.49286774431374153        0.94459562690441257E-001   0.30214156367241624        0.35675283121377008E-001
   0.88385435238732457        0.95264926917591530E-001   0.89708346333338254E-001   0.36832501002801422E-001
   0.59388014446925885        0.94363492646601960E-001   0.57529252400075070        0.36588293388236319E-001
   0.99957666199025197        0.44915326550485926E-001   0.76962146749474902        0.34931013499293367E-001
   0.71319234030251966        0.94613190906805048E-001   0.48070177017878557        0.39377101684260792E-001
   0.45149634071748118        0.94479542602575253E-001   0.62626451028339303        0.35665772887022190E-001
   0.87765564592468981        0.45679825337188645E-001   0.85462115948720307        0.36449179970172899E-001
   0.69716278029201650        0.45586878992486528E-001   0.99971377901384084        0.35491539592869964E-001
   0.93608643470769637        0.94376642909327291E-001   0.68291080713269137        0.37501848648300737E-001
   0.46449590687651288        0.95085340889654327E-001   0.11420089018325150        0.35073065275180310E-001
   0.99888022665185805        0.95419482180922971E-001   0.20029086630476314        0.36684069241254759E-001
   0.45051120707978293        0.94950909632326289E-001   0.84615990296582388        0.34528426666433291E-001
   0.28828114371114510        0.45476698256727413E-001   0.36803348224642332E-001   0.34315299563748243E-001
   0.48089507430385692        0.45030336930624727E-001   0.88342930541328557        0.34760457289226263E-001
   0.49952007779272029E-001   0.94579781534706489E-001   0.38854618702389404        0.38574503452711580E-001
   0.71134778286546374        0.94980659869266626E-001   0.19080998041137218        0.35960430187773507E-001
   0.80404375506675851        0.95363071594671667E-001   0.64217653229063532E-001   0.38435235541876396E-001
   0.21696885164417445        0.44443048271885409E-001   0.50231439400233924        0.34988142078956605E-001
   0.56145239254030233        0.44254078842596849E-001   0.68506188306826710        0.35268411935545307E-001
   0.82468624289298809        0.44881950188863276E-001   0.46188657443715397        0.37047142217428317E-001
   0.65177529250760280        0.94631412361475542E-001   0.52741647506747036        0.36515592038191075E-001
   0.52033839213893440        0.95132156568075790E-001   0.85317628795221756        0.35649541621070327E-001
   0.11247639357279715        0.95268831466394435E-001   0.77591603428384293        0.37341215138402273E-001
   0.94031464598828707        0.95226805622769362E-001   0.40588505848025341E-001   0.37183704466118690E-001
   0.93209590483774685        0.46086019388876631E-001   0.91457472752008939        0.38795714632039659E-001
   0.92992494950737170        0.95674214421013079E-001   0.85828713972338044        0.35910547908653327E-001
   0.74430011880859370        0.94665501063880358E-001   0.25414165526323501        0.35415224655036576E-001
   0.36805382604841269        0.44299673925179035E-001   0.82205011300140865E-001   0.35170324882857658E-001
   0.86076317959089987        0.45412565049911133E-001   0.96374498267014452        0.33215091177258148E-001
   0.80799106029662093        0.44980585254231965E-001   0.17192747297668001        0.34577776772810952E-001
   0.70478499006293815        0.94710105110667436E-001   0.34211070381817166        0.33678042652313653E-001
   0.27645490989047350        0.44545048746527358E-001   0.37520419458041715        0.36053556465633206E-001
   0.20791162990730042        0.44358581545402176E-001   0.58812935986069925        0.36261313572789867E-001
   0.61499208413390316        0.45189284287592127E-001   0.77549082649172618        0.36155836659515127E-001
   0.32453760055748732        0.44508148993821411E-001   0.31929008575261386        0.37627778876254479E-001
   0.60536081741044934        0.95357746703522456E-001   0.92654294490276812        0.36063693304289449E-001
   0.98399370240347617E-001   0.44718927376149152E-001   0.66572869782960964        0.34905633217294493E-001
   0.23605653919248626        0.44477896605273341E-001   0.43438484583227105        0.35559667994126749E-001
   0.10203711119058853        0.95435227501912953E-001   0.30445926796526407        0.34019130991586044E-001
   0.95449871567855837        0.44503886860811664E-001   0.56889839851546864        0.33725004434616519E-001
   0.55951505176870142        0.47007954202590116E-001   0.17850644998491538        0.34831355359617858E-001
   0.99530906240914785        0.94474191863297474E-001   0.59394534367541441        0.35420366473279549E-001
   0.32793847192426062        0.94910576561607313E-001   0.57324305160932190E-001   0.32119208312608505E-001
   0.97918952278510785        0.95997874313362153E-001   0.94206824701933856        0.34946361967153373E-001
   0.55589409933076050        0.45051263242499778E-001   0.95302602097209721        0.38755520972856436E-001
   0.40816773484153496        0.44941209449592984E-001   0.87642552418851993        0.37634544816286974E-001
   0.98871091001180711        0.95483354387876113E-001   0.97860510000227413E-001   0.32698164216187285E-001
   0.38050673949992975        0.94363846849763219E-001   0.63606429752410620        0.35718353182183228E-001
   0.26601560648680367        0.44644289590204049E-001   0.27081079933670338        0.35730964818705600E-001
   0.17734048446432932        0.94461803456414875E-001   0.73846168382566368        0.37532475751782833E-001
   0.44372564585428165        0.44372329458954668E-001   0.40065665165600772        0.37257052295034780E-001
   0.39374096199267228        0.44481766013875039E-001   0.46078066668987883        0.36618411858571634E-001
   0.75115502757782546E-001   0.95571391995135480E-001   0.99073744678939979        0.38920427129402260E-001
   0.51350869783783526        0.95129660458316501E-001   0.20114919211977714        0.33746216021152270E-001
   0.54531716446016387        0.44384211006113006E-001   0.30465461258852800        0.34303182322180464E-001
   0.86148076815324026        0.94383582460212917E-001   0.63446116732216939        0.35906219108376589E-001
   0.63744829647746692        0.44271303580575239E-001   0.70364790505390351        0.37618028818357171E-001
   0.31717891905201212        0.95010338860448199E-001   0.26585273966842049        0.35344786620353501E-001
   0.43820317916168916E-001   0.95300912015760075E-001   0.58116052063605692E-001   0.35187552989051983E-001
   0.60472401509136564        0.94899893985796457E-001   0.67225107603457859E-001   0.37326366744156833E-001
   0.65050580493050758        0.94900685376791860E-001   0.81402571726881168        0.35464284181969119E-001
   0.79254238543757516        0.45298452243585439E-001   0.27849003417304186        0.37427577004540177E-001
   0.67509968503408924        0.95040169653921036E-001   0.12750515140206983        0.36967712005466447E-001
   0.72816039646238850        0.94633491280691456E-001   0.77181959400019962        0.36047494754540964E-001
   0.51216119664595094        0.95736055838057388E-001   0.77847830746283231        0.34784185000877897E-001
   0.23748477967963766        0.95079204807623413E-001   0.69452161478193797        0.36693064251061905E-001
   0.10152794145859817        0.45337198150814419E-001   0.82323701649457015        0.32244686921581882E-001
   0.17494431477674652        0.44435519620400175E-001   0.39738236559947016        0.35153295570580181E-001
   0.42139726324275331E-001   0.94539359717973767E-001   0.51917010287139020        0.34732674099096660E-001
   0.81354722644952138        0.95780428918361082E-001   0.95361261496926641        0.35307394859668599E-001
   0.56701209633654659        0.44943806003272774E-001   0.10807729067369735        0.35898132789419473E-001
   0.34463472526639222        0.43616261648360063E-001   0.67028073735915905        0.33954795267680138E-001
   0.73871933019140434        0.94925980444158259E-001   0.95725283426109156E-001   0.34074747126469372E-001
   0.51865286924598397        0.95012097775346749E-001   0.99462406700982831        0.36076000650794061E-001
   0.94435698228082776        0.95556727134880587E-001   0.15134006847739029        0.35266213379842072E-001
   0.75529637886953516        0.95424256922850836E-001   0.17343226259603206E-002   0.40226482651777244E-001
   0.84871175251516484        0.44402551452746152E-001   0.75159114008875427        0.37193158134757272E-001
   0.74788723952230007        0.40913724917161116E-002   0.54539024406930869        0.34515818245440283E-001
   0.60014644090630431        0.44390488700387663E-001   0.62626168148244254        0.35002724477411679E-001
   0.99575921002228854E-001   0.44137148165929480E-001   0.40197981641263064        0.32757978446865683E-001
   0.93877964570217265        0.45335759820808598E-001   0.98003793135923278E-001   0.37810889501345368E-001
   0.22454249507285923        0.94536388709988400E-001   0.38394733616695292        0.36341894934197830E-001
   0.26985197654564075        0.94535799818463953E-001   0.32296403526921741        0.36519506739264330E-001
   0.90764353355882865        0.94516597283461928E-001   0.54384115371531783        0.38956079975967915E-001
   0.44347879075096502        0.94860019430878906E-001   0.91589811460975568        0.35127440350345207E-001
   0.68300884710326859        0.44401955802643431E-001   0.64355723393906317        0.35620516593958276E-001
   0.81131498700929383        0.95631230779349000E-001   0.85693382248722783        0.34475169343076636E-001
   0.28810107172557659        0.94490727869638427E-001   0.42715261895325463        0.36942376004643090E-001
   0.18523193219712167        0.44455495642355750E-001   0.68540423903825498        0.35763041114690690E-001
   0.17995860540845923        0.45432199085770217E-001   0.95275253671908477        0.35215868484128499E-001
   0.95060468231728656        0.45476165375475601E-001   0.40776831385637413        0.33993357942457551E-001
   0.52219058848811306        0.94074920551880603E-001   0.71109047573789064        0.33219317138490273E-001
   0.68300028051893635        0.44702666054971849E-001   0.38793662761425124        0.37442582202921973E-001
   0.29867574388988655E-001   0.95343850796972676E-001   0.31341770816064729        0.38546983318542012E-001
   0.40219214623786759        0.44827403413917367E-001   0.95234311916894454        0.38491888029200179E-001
   0.94969466997017271        0.45350169372788178E-001   0.19780908832851726        0.33009766504733591E-001
   0.85544988665768618        0.44501961514258677E-001   0.52720530372473473        0.35103367348118392E-001
   0.23265537416629731        0.44919430561193158E-001   0.99725394486441055        0.33757379982491550E-001
   0.45125273841980736E-001   0.95088407117889739E-001   0.92394773794457252        0.33352359570065652E-001
   0.17908084273337657        0.45250130777163965E-001   0.41426586449716613E-001   0.35271276870365069E-001
   0.85429327591935700        0.94934523384856320E-001   0.16185392467076978        0.33617696953106208E-001
   0.94317242827588410E-001   0.45483303205260499E-001   0.94050012870342181        0.34392835981205870E-001
   0.35913417181527213        0.45412285603846365E-001   0.16493275741340033        0.37560542194201171E-001
   0.73983765428419246        0.44850258948878077E-001   0.43278925052070943        0.34199801040806770E-001
   0.45396047931654027        0.94271402583269145E-001   0.69780870540480822        0.35908413754385998E-001
   0.25267861231217481        0.94865591852890119E-001   0.87178295280587881        0.35272653112102842E-001
   0.92807319481479911E-001   0.94465077714393955E-001   0.45245674622504645        0.38228923947235961E-001
   0.71677533403407911        0.45877133634954638E-001   0.90885041880509854        0.35645557354925278E-001
   0.87672987056024521        0.95648853415286686E-001   0.90685431724345011        0.35809025536056867E-001
   0.51552573044778649        0.95083753660980389E-001   0.92148724071486943        0.32777189787294568E-001
   0.58625713044774441        0.95310696850277377E-001   0.73404373595487560        0.34619264666566500E-001
   0.92710379795370113        0.94989930066768091E-001   0.45049530546667976        0.35230506326383117E-001
   0.86593317607204656        0.44892834297577802E-001   0.21398413844495853        0.36171620056612376E-001
   0.20992203231671691        0.95881685251571008E-001   0.16236788156743981        0.37076579022468491E-001
   0.44250612002074513        0.94248786392267775E-001   0.77689295424996951        0.34745107747171031E-001
   0.19513857008496302        0.94517608446811563E-001   0.63711191578273441        0.34395838175175129E-001
   0.26194891701162965        0.94861468215080944E-001   0.76051466958867031        0.33509846823549572E-001
   0.68866414159155420        0.95880762335051897E-001   0.95016104929619449        0.35011156782123985E-001
   0.49167857438954166        0.45059786581029132E-001   0.15711146628694292        0.36180965022216363E-001
   0.94170675121801073        0.44676344513562248E-001   0.49936432110644102        0.35948246660374217E-001
   0.35294432437065515        0.94383483037016255E-001   0.78239253167589651        0.35877666576307220E-001
   0.38636186409647671        0.44377645778577425E-001   0.35750498124502239        0.34421841815936577E-001
   0.49282184381077609        0.44604875095969970E-001   0.66272942015951875        0.36214845322767752E-001
   0.61117287194162526E-001   0.95297351027907151E-001   0.23669851862016789        0.34833060594314860E-001
   0.41798168787803186        0.44247939446012075E-001   0.73411053757682987        0.35478828722386890E-001
   0.82807710481807462        0.94893942984482296E-001   0.34558997732931540        0.37111017548297341E-001
   0.91323410841003483        0.96017870782122428E-001   0.96944187862395192        0.36382133717924620E-001
   0.25577634615087563        0.94372712421923619E-001   0.60389147788279363        0.34656742274761690E-001
   0.12914664182258090        0.95308340711379835E-001   0.43721207468607859E-001   0.35298159816705955E-001
   0.26098033031633000        0.94646005311397149E-001   0.22113073468155983        0.34834923534886243E-001
   0.76996721140518720        0.44218270544557611E-001   0.73997531140606820        0.33870276522281549E-001
   0.26736575874441609        0.44554561927814540E-001   0.16825833293374107        0.38108644406696292E-001
   0.14897097575853879        0.44421915384243754E-001   0.46593265744351081        0.38125135993803856E-001
   0.21793142725500267        0.44456409552332460E-001   0.33191640812582990        0.36017016386881540E-001
   0.14416102447188328        0.95302259860373550E-001   0.84282630251813928        0.36238617140203142E-001
   0.81186351833940151        0.94949977687301013E-001   0.22462191037925561        0.38143932849618173E-001
   0.71585280137855389        0.44701382082779975E-001   0.29558733794289405        0.35458753161809173E-001
   0.26350668952888050E-001   0.45196103524063412E-001   0.96641338420190048        0.34649184692174373E-001
   0.33965865737771861        0.44457939818279557E-001   0.41132227097584700        0.36575569534859916E-001
   0.55950964398519687        0.44965062990668048E-001   0.32201681466519395E-001   0.38507043710111974E-001
   0.80181700259351885        0.44870465132430239E-001   0.39225958834526031        0.36110687248224256E-001
   0.49466047128197760        0.44415177830070610E-001   0.45308097924115626        0.35836500387444542E-001
   0.39114071038420661        0.94387470593248049E-001   0.40704487059271105        0.35268066438898932E-001
   0.80833965815382014        0.94476576510580473E-001   0.51189847067201788        0.35229387757584989E-001
   0.49029660924176999        0.44403822579165822E-001   0.24803650545538805        0.37164265287843355E-001
   0.84657798604369749        0.94964620332794181E-001   0.41494588473124722        0.34653091149654446E-001
   0.81000667026368170E-001   0.94761352814513256E-001   0.71108094627139928        0.34719781448845209E-001
   0.44447198998672227        0.94429304882878040E-001   0.45292936458806643        0.34997047753952938E-001
   0.19686052506876411        0.45140646809850686E-001   0.85450907671929244        0.32782482895922137E-001
   0.23626797764700858        0.44701227327214953E-001   0.86512830923216710E-001   0.37489239130507876E-001
   0.31607560499650972        0.94498574411017777E-001   0.51952492947290052        0.32888131525548786E-001
   0.39958371523407726E-001   0.45075868653801261E-001   0.62456069871506492        0.36109025747964346E-001
   0.43086472894976302        0.94649038036471442E-001   0.25143698530589353        0.35753176550527448E-001
   0.90902157509378267        0.94494521948520871E-001   0.38336661040313030        0.34241982010963387E-001
   0.37909281189354666        0.94267445074429551E-001   0.70569464402473780        0.33903362141671611E-001
   0.44697097440486261        0.95224604108713543E-001   0.18229307445248005        0.35222274834161973E-001
   0.63914337814853084        0.44016324864233708E-001   0.17497791761226786        0.39205867829930852E-001
   0.47890779776939679        0.44975137013304856E-001   0.95647828528481926        0.38228524463618900E-001
   0.40433556157589151        0.94471743186375703E-001   0.50742122086025587        0.32544680203282182E-001
   0.98102925961499193E-001   0.45213959712217561E-001   0.15072825896262301        0.36743089101628219E-001
   0.54132953072001289        0.94314432740589191E-001   0.63372839069111908        0.38946779890480038E-001
   0.54375443565976045        0.94416647574569967E-001   0.44443762189649599        0.34702027184338569E-001
   0.42024712885652199        0.44373044598732474E-001   0.66288482882671906        0.33509375002581873E-001
   0.21394393491789707        0.44636167239303963E-001   0.21696186279706886        0.33912832670122385E-001
   0.85883473552620559        0.45038100056802560E-001   0.30520890393148348        0.34017063074620761E-001
   0.69516097925995191        0.82783945311015988E-001   0.58314740645436247        0.33737577762311337E-001
   0.43815604398288022        0.44481900185577683E-001   0.30600504699611092        0.38494852772649968E-001
   0.18712287039070169        0.95186427109837046E-001   0.90155101014854166        0.36507179137675885E-001
   0.92771192731793073        0.43912777344591924E-001   0.79606551888075106        0.37960990722873796E-001
   0.99934466152187429        0.94513010787442564E-001   0.44502071792386511        0.37206868727503110E-001
   0.72550249528465449        0.45012752519257682E-001   0.14203977291562817        0.35260028252170325E-001
   0.45086901775162480        0.44357141344274653E-001   0.51197942761200821        0.35825279677366588E-001
   0.11123607432140648        0.94556679764043861E-001   0.53385985023864113        0.35882315921015560E-001
   0.82538710852095187        0.45867273677486352E-001   0.90447653314684717        0.35723237404406381E-001
   0.99715595657847411        0.45436646891937688E-001   0.14597127610845079        0.37127251922267672E-001
   0.85482412794051421        0.95038905726534950E-001   0.10810374428702028E-001   0.35190187130832683E-001
   0.59506848524950628        0.44054613043228025E-001   0.35472947048213671        0.35862086958996307E-001
   0.96845087480391401        0.44382797070287548E-001   0.63856979971582628        0.36695343982834132E-001
   0.40030541287743415        0.44185814709436839E-001   0.80350117678395905        0.35656660338214928E-001
   0.37986191758586474        0.94483715376646654E-001   0.30503875138147180        0.38226963926891545E-001
   0.73306684907758046        0.94467357869929380E-001   0.63991820109831710        0.35144866081952823E-001
   0.27446776267009354        0.44551759180962061E-001   0.55055482303751924        0.39083911164714297E-001
   0.95028743338495970E-002   0.45304533170053944E-001   0.24895147087977779        0.33797510944311236E-001
   0.35464082696541482        0.44779943283065941E-001   0.11069205165668176E-001   0.36832796478837249E-001
   0.54236134945280723        0.94418133301412438E-001   0.35461772876232950        0.36406003136738127E-001
   0.36275060816673177        0.44459813007836739E-001   0.52981200316500654        0.36221285768220882E-001
   0.92231318037227594        0.45200131804146559E-001   0.26599643272128337        0.40447002446792689E-001
   0.73347586742354298        0.95538438972213979E-001   0.84268348593296616        0.34674292682488853E-001
   0.60229756483505037        0.93991295972035233E-001   0.29911469680323638        0.39217693319356622E-001
   0.20816465528103395        0.95205811882651925E-001   0.80662439727566804        0.37277179805624179E-001
   0.90098279952132454        0.94182599792790533E-001   0.31795343917026314        0.31601582859946589E-001
   0.60540697161493662        0.44626560667106657E-001   0.52994798842216329        0.31525515296067383E-001
   0.76432272941760149        0.45971374840031831E-001   0.49496831638386468        0.31435072607818686E-001
   0.49329049989101931        0.94607010967795280E-001   0.40148867159058582        0.31443243407270331E-001
   0.64382456100674290        0.94368791536836374E-001   0.62184024823374451        0.31475223201534494E-001
   0.78419895893894964        0.44661213170287685E-001   0.11003779621509599        0.31578325389438208E-001
   0.64611127932876466        0.39767238354961411E-001   0.57808962098838257        0.31490896479963060E-001
   0.75599995658012920        0.94611808541512715E-001   0.39299741948516825        0.31499725078040164E-001
   0.12750663106686891        0.45156965486197867E-001   0.88168181976738522E-001   0.31466951011550913E-001
   0.23331921799545413        0.45225771942943159E-001   0.91231063326736261        0.31571532248478952E-001
   0.65353740975370656        0.94442300808790181E-001   0.22550959329085718        0.31441017007448960E-001
   0.42262395910497169        0.44884953538796304E-001   0.19381615314515571E-001   0.31528720997922123E-001
   0.45337980242154352        0.94993772093463422E-001   0.47278814909110421E-001   0.31492841268223222E-001
   0.22072705674948509        0.94398778368425459E-001   0.27405574113135012        0.31451767585231938E-001
   0.22806830834340257E-002   0.45975608559880338E-001   0.90467698154386345        0.31523532166816207E-001
   0.34295136667215448        0.95040558189848717E-001   0.96566009263889940        0.31502775911617098E-001
   0.96808977146588859        0.94866234923932632E-001   0.34684235602155872        0.31537222907042362E-001
   0.49402167032270894        0.94370589370212629E-001   0.49837121393292833        0.31558693176377446E-001
   0.91190784722323481        0.95158831132591618E-001   0.21450928911441378        0.31543191736679611E-001
   0.41141179236503886E-001   0.94471778921354110E-001   0.78747528122593757        0.31435160039357618E-001
   0.42153226795626797        0.45114331757477449E-001   0.58823356219474277        0.31526344643921671E-001
   0.57884363873137856        0.46549459087093438E-001   0.24196096478965301        0.31497443490925342E-001
   0.45917547747000159E-001   0.45684520076285269E-001   0.19471451509812224        0.31497569421731431E-001
   0.17892740535259244        0.45190210754738724E-001   0.12489716847722442        0.31476510631963807E-001
   0.13239978784034370        0.44391271290235068E-001   0.34013133254122646        0.31528509122186466E-001
   0.29902226832642759        0.95021480484723836E-001   0.82302561702771249        0.31484928084164872E-001
   0.22002148497368254        0.44613590353299273E-001   0.76007711533269851        0.31527210290327644E-001
   0.33765679146744970        0.44259454649657720E-001   0.92525451358165034        0.31496175378169046E-001
   0.18779728031592244        0.95819860845761148E-001   0.99739922951562932        0.31459294601524329E-001
   0.38695767077514015        0.94915814082821862E-001   0.56916142824774330        0.31492336863458065E-001
   0.22460787834403315        0.94372634045724157E-001   0.54554583659360445        0.31484223171253420E-001
   0.49950581629634871        0.44968917688391834E-001   0.87348949481568725E-001   0.31512796474306493E-001
   0.69765143022459652        0.95512874604443826E-001   0.44522335850096746E-001   0.31546978905635958E-001
   0.66719680981227755E-001   0.45502608183453037E-001   0.28056000761174499        0.31530270726230214E-001
   0.35101001831441947        0.44275507176017539E-001   0.73714907980089639        0.31493692347308748E-001
   0.39061471332777836        0.94815001823493117E-001   0.41480032233021838E-001   0.31505622823574220E-001
   0.46161211609389290E-001   0.44513013678369517E-001   0.43792451744810179        0.31543719498446032E-001
   0.36691698427930264        0.46034025416523003E-001   0.25486608932580995        0.31480337138760112E-001
   0.68304539808676767        0.94383158032669501E-001   0.68848110406753327        0.31545837673697424E-001
   0.31490773143211886        0.95361569529770415E-001   0.18257936607313136        0.31443042787967779E-001
   0.67231151816974344        0.94828559911044816E-001   0.28559598971622802        0.31473536730802422E-001
   0.10464779565597554        0.95176373404489908E-001   0.89818785594266093        0.31504882609964188E-001
   0.64210983221011997        0.93453814870159080E-001   0.36052020404523277        0.31553977291388979E-001
   0.89052554659788574        0.44393690100163641E-001   0.66927861633374430        0.31485242078143176E-001
   0.95744243174985755        0.94123254764332420E-001   0.74885536016850995        0.31498159667727545E-001
   0.97662112907235943        0.94772708635552538E-001   0.52927629796457598        0.31507395725037010E-001
   0.35725171949758988        0.44313134549087842E-001   0.59742819930544377        0.31570797729594348E-001
   0.28622386032201919        0.95236060709754627E-001   0.99355293781194098        0.31559194611392574E-001
   0.92973230213034153        0.94317026030973083E-001   0.61287002712596295        0.31472441302515961E-001
   0.85218926179423549        0.45236440830228049E-001   0.55137942060568573E-001   0.31447408019850180E-001
   0.66187928845872976E-001   0.45229418942964214E-001   0.75489138234317898        0.31610538417569861E-001
   0.30384596118222812        0.44757563812023567E-001   0.10076119500073107        0.31505333595076616E-001
   0.44147235583694442E-002   0.95092599085099830E-001   0.39568649266021579E-002   0.31504427980678373E-001
   0.76277394761024897        0.44480682115034281E-001   0.67261426248825973        0.31552493212366917E-001
   0.81694668358609501        0.44736040336220709E-001   0.62218687053212762        0.31577331900723878E-001
   0.76226951336988669        0.95447672236923090E-001   0.90697818165009181        0.31558806831654011E-001
   0.14001077783814386        0.94367276429539321E-001   0.68033487598799869        0.31500220857098853E-001
   0.53591264753779488        0.94939829133988907E-001   0.75235663595455568E-001   0.31473833532242625E-001
   0.16026886345589181        0.94167676657770455E-001   0.58076846225214129        0.31549645283805966E-001
   0.60332303716288360        0.94312706948490033E-001   0.67015171589075440        0.31517967060805896E-001
   0.60084399690308299        0.94449735179717678E-001   0.14165267685633715        0.31531655631679506E-001
   0.19223199279927958        0.94436084843947096E-001   0.44370277003060932        0.31545677215821175E-001
   0.43927643141907052        0.94897252832245260E-001   0.98478233375973645        0.31493382321606256E-001
   0.17345184407301276        0.94439901306410945E-001   0.50788820679053748        0.31516332685165072E-001
   0.84191594074719334        0.94334681125781389E-001   0.56981595482099545        0.31618281205146308E-001
   0.51337605390647523E-001   0.95086158423107817E-001   0.15391065255787828        0.31550684134732637E-001
   0.48541514809208292        0.43918409291386025E-001   0.73148821366113159        0.31461338256948530E-001
   0.32301140967460246        0.94400597877254577E-001   0.36801080188171176        0.31533042622948329E-001
   0.69382294044486004        0.45365591727688725E-001   0.83066183065703458E-001   0.31572958497217599E-001
   0.33731210034959180        0.44996447693834186E-001   0.82728877603614126        0.31440828429840285E-001
   0.68238820472041287E-001   0.95301560145826109E-001   0.84477701467981225        0.31527698089236923E-001
   0.13421164370287508        0.94380424268838040E-001   0.37995574945585175        0.31537104706161057E-001
   0.54103682200142689        0.44566925662004236E-001   0.40080153600280555        0.31560942609635143E-001
   0.97861928425722655        0.95540568945944343E-001   0.80897830356620737        0.31546527402774929E-001
   0.18775991497239936        0.95017963665817440E-001   0.87241534249439132E-001   0.31419190424023538E-001
   0.69361674791827055        0.44972322332420378E-001   0.23245422360060874        0.31454004051645161E-001
   0.54420920862292321        0.96640820976736944E-001   0.25873839855175645        0.31498194909836928E-001
   0.76944614815192147        0.45534147030372507E-001   0.86728892692198023        0.31447538042022445E-001
   0.77845008502893731        0.94912549380286496E-001   0.45212303792139968        0.31596815788596626E-001
   0.49496509220701457        0.44301437150487184E-001   0.34788590892890858        0.31531275698062175E-001
   0.23842486488335249        0.95558445256799365E-001   0.95165457733434422        0.31502397788156535E-001
   0.29780770114860466        0.44974661012788512E-001   0.87640476796638844        0.31542582957792310E-001
   0.17134531676779483        0.96080464974194202E-001   0.22935580064615507        0.31473746358733665E-001
   0.64512819873723615        0.44864790395009582E-001   0.42228548835255841E-001   0.31426089399879342E-001
   0.78573589383081055        0.94825299359694082E-001   0.59884774104744554        0.31562405073536255E-001
   0.14234726252528029        0.44817085044799906E-001   0.88903710964218241        0.31493039309278180E-001
   0.97441605091908967        0.45865435240084358E-001   0.84771681639335184        0.31584806976369881E-001
   0.12953064603113490        0.43749724284037249E-001   0.99651394447118946        0.31538823902157766E-001
   0.76829799876516924        0.94933165551900275E-001   0.15436026347460405        0.31569479640341139E-001
   0.12762617108811661        0.46277117123403266E-001   0.72569066334763943        0.31488310512520337E-001
   0.76907840022587570        0.45778879718800479E-001   0.95111744694889910        0.31586677705354262E-001
   0.65504352070226401        0.43621426900042629E-001   0.32384585435086310        0.31524857532626259E-001
   0.82918038993509824        0.44473594204207240E-001   0.68547613048173595        0.31541976785270397E-001
   0.42485249495397265        0.45131950671922369E-001   0.14365907801107106        0.31499700972330333E-001
   0.56281586955846186        0.44460011319252021E-001   0.48348544584743530        0.31465408351498150E-001
   0.92875444041757504        0.44478206866988973E-001   0.34526682881132720        0.31521338809195852E-001
   0.84682501673765698        0.45156237081316573E-001   0.11841497840743521        0.31514880975375109E-001
   0.58702582607246223        0.94974166847542188E-001   0.99162833825482077        0.31477749726686509E-001
   0.54559402783801469        0.45717498705439452E-001   0.75013383607200401        0.31499439518945863E-001
   0.34719831713967364        0.94402387985179984E-001   0.46305441209025738        0.31544795657129220E-001
   0.28496535488521346        0.44340433723171764E-001   0.69943827628889832        0.31494302532869528E-001
   0.62869317058387275        0.43917103835626442E-001   0.85433576970239300        0.31521856088954428E-001
   0.63435591714849027        0.44941551294170955E-001   0.10425553326364076        0.31503777063185016E-001
   0.28157287856024860        0.44777700334460296E-001   0.95397177119010479        0.31508651832616905E-001
   0.43494698815892591        0.45046560866929611E-001   0.81350558805270257E-001   0.31609474273626224E-001
   0.33885719024942584E-001   0.45412261880104506E-001   0.82650373380545450        0.31477614013720526E-001
   0.39786934817112751        0.94797196591708890E-001   0.11571231323462255        0.31522928309067305E-001
   0.31526810394066346        0.94317594187422804E-001   0.72305047745358464        0.31525574923495878E-001
   0.91695988303945364        0.43999062657917989E-001   0.72717667001211783        0.31604390481150581E-001
   0.29949641996485660        0.94352585877868628E-001   0.91937798959133010        0.31454890323635139E-001
   0.98076076433276338        0.45211203536309828E-001   0.30927938864152021        0.31543903111244040E-001
   0.87055901580649842        0.95261105663906206E-001   0.26239231005076896        0.31442512041603386E-001
   0.62228353673968129        0.45001865265512621E-001   0.97615875630261606        0.31525711417641870E-001
   0.87254571005981624E-002   0.96000307862326190E-001   0.86662822129664085        0.31567580874180851E-001
   0.47695748363798951        0.46541222892427223E-001   0.80758152345460854        0.31522545692911373E-001
   0.41144154678379657        0.44594221015791857E-001   0.21017335699923442        0.31468791333176170E-001
   0.69018283729620000        0.45507151156276217E-001   0.83968501271414764        0.31489126572203117E-001
   0.48546446008378541        0.45016215272842212E-001   0.25899521836067231E-001   0.31484811044717460E-001
   0.13552839207503889        0.95413198278536546E-001   0.95390536562129113        0.31626683319155108E-001
   0.79632996402539735        0.47363520433891228E-001   0.55811193170029694        0.31621881257206871E-001
   0.74444340048211788        0.44676132532538576E-001   0.35624618284528164        0.31560437393904663E-001
   0.53369235881479715        0.95122628295186321E-001   0.13891475078384163        0.31503422008937715E-001
   0.92215513683038430E-001   0.95263172561049853E-001   0.10409066072488085        0.31546086701430845E-001
   0.43272194706073092        0.94458194785787555E-001   0.35470293457918733        0.31472542738029637E-001
   0.65712258225791442        0.44519685719587976E-001   0.48145890412166736        0.31503656853442273E-001
   0.75342394781004562        0.44487603724058890E-001   0.21009353884496226        0.31527817132484176E-001
   0.79938450023539709        0.94545404939565855E-001   0.66070304447729455        0.31494364521685421E-001
   0.11162991921563988        0.94699846339341476E-001   0.62402638383187958        0.31454324937896176E-001
   0.11443829634799212        0.95211103585810961E-001   0.19678562443910705        0.31515392343383818E-001
   0.55494250940142043        0.44849509036594848E-001   0.88255394852353808        0.31587682852706571E-001
   0.29798138908268185        0.44557869882109802E-001   0.47359706353367848        0.31494824787590116E-001
   0.48433867786688617        0.44493099109024818E-001   0.59545056678605424        0.31537989783124942E-001
   0.80898279453433775        0.45670860586225215E-001   0.72705487847220225E-002   0.31535320249988966E-001
   0.60181170820295360        0.94592945732642764E-001   0.48052254033008446        0.31453708660894517E-001
   0.36488466180533649E-002   0.44009375929523836E-001   0.36815894318440945        0.31560549873790512E-001
   0.76531264695880152        0.95459925246829391E-001   0.31771126066460259        0.31514780782487282E-001
   0.63840995593263394        0.44170064445230001E-001   0.26282685226175156        0.31545883374700920E-001
   0.88673620102099016        0.44968391119734913E-001   0.43205719161247486        0.31512894201840370E-001
   0.86829430061647131E-002   0.44508423874120379E-001   0.49131794784504879        0.31495226894231496E-001
   0.86034428227084536        0.95752591128755810E-001   0.81190654962451092        0.31492898854320363E-001
   0.69809700250512730        0.44822266340323706E-001   0.52982712437235713        0.31521540839377277E-001
   0.70748495182590587        0.44487463720909531E-001   0.71870847876883348        0.31450400859978765E-001
   0.31325561025761040        0.45312687877882868E-001   0.22116469026349236        0.31495978690917976E-001
   0.50333285094992582E-001   0.45267719384166849E-001   0.10190480344694045        0.31505205170916768E-001
   0.30090782005052830        0.45007672048302187E-001   0.77526226401753318        0.31448682136976790E-001
   0.89856089537091943        0.46973074352224427E-001   0.15442172570283086        0.31473196066617255E-001
   0.65832523632844120        0.94446503462212589E-001   0.74703816268565237        0.31512879572129254E-001
   0.97379384748590392        0.95213757580602867E-001   0.27134298835628273        0.31499351952026716E-001
   0.84737649300388435E-001   0.45409140534147012E-001   0.41045179970528589E-001   0.31543386060536943E-001
   0.54824974887368472        0.44369109526358662E-001   0.58447816043805367        0.31500453901252362E-001
   0.25899264009171785        0.94443448858537199E-001   0.48923712472382197        0.31609620001937622E-001
   0.59391584319970181        0.97249135864210898E-001   0.20561951936677816        0.31457367757499757E-001
   0.24129965353631713        0.46194943645310391E-001   0.64711503978023710        0.31494915971001756E-001
   0.65030335410669782        0.45295197868929105E-001   0.91959980705492073        0.31469346549244111E-001
   0.68270596860125610        0.44431110881700146E-001   0.77687184834339840        0.31546998367381472E-001
   0.18202635183075935        0.44562167930251029E-001   0.27451319068857244        0.31507236888643403E-001
   0.29734609650449706        0.44233626660588388E-001   0.61759274771216044        0.31520875672569885E-001
   0.15758391866636165        0.50811397053090041E-001   0.18413040404693620        0.31566620960000125E-001
   0.86714865492392634        0.44933531498335844E-001   0.37195159549303625        0.31570356776240538E-001
   0.27029877194878843        0.94621855242665198E-001   0.11982868465645735        0.31493138881368794E-001
   0.33520080775211109        0.94807973780139623E-001   0.12290681886413120        0.31471689583960204E-001
   0.96011130566645364        0.44959542713044198E-001   0.98894146532039773        0.31490750680047475E-001
   0.57610431985449628        0.95198328657139952E-001   0.79940583262930409        0.31504010393618762E-001
   0.54010564760629942        0.45129080703170552E-001   0.81290683487163096        0.31512630387277474E-001
   0.59293954759345902        0.94237210163528443E-001   0.40012291964009372        0.31495566521875878E-001
   0.36978222237368552        0.94952610321334008E-001   0.84768759298694252        0.31532939969891254E-001
   0.75220160989094953        0.44924937954731993E-001   0.55575869045448714E-001   0.31450092046465629E-001
   0.24119775032200655        0.95000328358865682E-001   0.38553625998415490E-001   0.31480631959748352E-001
   0.17145936296735623E-001   0.94423788147148316E-001   0.72873656192407055        0.31495664631207149E-001
   0.75946074640943728        0.44724676813834859E-001   0.80506577277154934        0.31571219548043705E-001
   0.23964403291253288E-001   0.44654910183241067E-001   0.55866653414788148        0.31434769424894156E-001
   0.37030566568074508        0.95778323844480040E-001   0.21403994139999022        0.31545748444777512E-001
   0.58749102909455830        0.95138635282563389E-001   0.86141432648062988        0.31450305952903143E-001
   0.97715856797764822        0.44370479914471704E-001   0.70704766720210432        0.31535820646717665E-001
   0.81200839263374180E-001   0.44523297695315558E-001   0.49987448519200900        0.31547111217780033E-001
   0.69454680499168933E-001   0.44590185818175969E-001   0.34354949602520557        0.31442580616518445E-001
   0.55327233949556376        0.94353840363277847E-001   0.52067859077411627        0.31468121595448435E-001
   0.74371195638533028        0.94497282380021350E-001   0.70607307536579034        0.31475766648309006E-001
   0.15222096365309359        0.44866344449463712E-001   0.62672957643353489        0.31495604978241630E-001
   0.79557157427364567        0.95373686029726415E-001   0.78627306157121757        0.31597582370666379E-001
   0.86878538445733922        0.93785109552145529E-001   0.48350084456185222        0.31557117553682387E-001
   0.62093751490336503E-001   0.45386900195208330E-001   0.88293815789183328        0.31553170643266237E-001
   0.14376381452206152        0.95140123461513251E-001   0.14063257777559698        0.31565193870561351E-001
   0.60537581359766435        0.44602074414803961E-001   0.43698453602512805        0.31556983015076957E-001
   0.15957405023390089        0.44657294576329554E-001   0.79167408945366047        0.31483472349541838E-001
   0.31904247076560049        0.93339455039949573E-001   0.58421371170307057        0.31515606092363223E-001
   0.90062550266684316        0.45280963875753630E-001   0.14783347689061564E-001   0.31524161341970947E-001
   0.61397226790395373E-001   0.94750880695536221E-001   0.58271698535161709        0.31588995031528615E-001
   0.51252547519351599        0.94618562215227575E-001   0.56899543189110646        0.31503717769197963E-001
   0.80999966608280172        0.94160851456074293E-001   0.72402760057173576        0.31543328529378196E-001
   0.89529083331707393        0.94283873768139626E-001   0.75944755576630230        0.31498467934859178E-001
   0.15582069564681508        0.44416844780045997E-001   0.54197882377394924        0.31463533949231404E-001
   0.44930426616585728        0.95260483383271338E-001   0.55820157963771988        0.31591931080373295E-001
   0.74668242039776589        0.44509353472918345E-001   0.59779038392437489        0.31560023264034932E-001
   0.82208822496223433        0.45810747334620851E-001   0.81501428204405457        0.31461018114697120E-001
   0.64925228125371903        0.94898426494873817E-001   0.40160772958388853E-002   0.31535623823130611E-001
   0.86936234404376600        0.93904974507441258E-001   0.70201548775688027        0.31507294305865595E-001
   0.51588559678208268        0.44336087895206509E-001   0.53020012690637786        0.31575995838439147E-001
   0.37462068176513802        0.95178200035920507E-001   0.91112955867019618        0.31530918300211527E-001
   0.39438600755571838E-001   0.44495221505846429E-001   0.69711164495762123        0.31525102999994982E-001
