 3 HS poly
 400 2
 200 200
    1.0000000000000000         0.0000000000000000         0.0000000000000000         0.0000000000000000        0.10000000000000001         0.0000000000000000         0.0000000000000000         0.0000000000000000         1.0000000000000000     
 T T T
   0.53346027873276403        0.34202713020693716E-002   0.29185238790395601        0.35371389696497217E-001
   0.71223324576076275        0.53238086776698945E-001   0.25261557910519822        0.35778492533480151E-001
   0.24007830693165880        0.54158824889575519E-001   0.20950620398490501E-001   0.35033501917482321E-001
   0.40467127112363516        0.33150720527241476E-002   0.63097257720962574        0.35355554617063190E-001
   0.34463114997970462        0.50160952907253907E-002   0.15464355736716309        0.35019767884462115E-001
   0.65631431532548012        0.34067997235012180E-002   0.65160317269439305        0.36318625760277945E-001
   0.14344233508738011        0.33604845933541457E-002   0.49153699233151149        0.35633586560793733E-001
   0.25073900374377628        0.33213007128608837E-002   0.80601290290051475        0.34309020132391593E-001
   0.14764018557163386        0.38554075530713170E-002   0.34285944290242754        0.36094172379075848E-001
   0.16992121814755357        0.33051343620371710E-002   0.62086371486638647        0.37750777990295817E-001
   0.90826219550361165        0.53416378858947344E-001   0.11729463042314410        0.39059446665551473E-001
   0.76733888513590420        0.26069893819355371E-002   0.84951854776669319E-001   0.35929574737210791E-001
   0.17742822924912982        0.53217742028288821E-001   0.56443805247324208        0.37955097334257767E-001
   0.45409239394679474        0.29856855408132662E-002   0.19502747778626808        0.34886633788308273E-001
   0.94048323883689011        0.34471242686808777E-002   0.80839030397984590        0.36575662942139570E-001
   0.97337344705312978        0.28654591709207080E-002   0.46078380588048490        0.36194280139161490E-001
   0.98600187871107181        0.53708057525570577E-001   0.27879688099454580        0.36547552916707311E-001
   0.24376771746617548        0.42776424425996322E-002   0.29202237934347308        0.34342465054945669E-001
   0.91746930450051367        0.34037093962314153E-002   0.61578286353566908E-001   0.36350360066820950E-001
   0.88503953311004746E-001   0.54270297723160735E-001   0.16169334747159492        0.36694193323523486E-001
   0.47079979359516172        0.31280515935769334E-002   0.95232112943468628        0.36208395240690694E-001
   0.91830843323304079        0.31992159520728108E-002   0.40905197850587377        0.36209523223765853E-001
   0.94866857481243405        0.53078000219554111E-001   0.56670816401620006        0.35981874642488525E-001
   0.24670048489267257        0.54720421049619189E-001   0.20418639123874044        0.33947250327625016E-001
   0.50881088348490044        0.53097136367526200E-001   0.98708150862921729        0.35547105275325279E-001
   0.95272349216074836        0.53432935735494382E-001   0.18211666979749702        0.39438417133980670E-001
   0.45256425944743206        0.53295920027825218E-001   0.90770208862292590        0.33069682518781063E-001
   0.97290929649764124        0.33347059148943975E-002   0.87199113702558495        0.34741907696535478E-001
   0.96731753482888050        0.29878000913908451E-002   0.70879866712984574        0.35467361277889679E-001
   0.16661616903893731        0.32364341388978419E-002   0.77770641506514848        0.36927061929189410E-001
   0.56472646494683720        0.32127512825619836E-002   0.78139903608026984        0.36777508280387575E-001
   0.39257185745883566        0.32009374141832182E-002   0.76685704683136280        0.38543212767161342E-001
   0.45993178189472683        0.34423336284108591E-002   0.32974156250783843        0.37142109539330080E-001
   0.71932124025711441        0.53834135057218013E-001   0.47241104022931024        0.37029231296128881E-001
   0.19301624106906798        0.35769881984445274E-002   0.84692021080248825        0.36416780011772183E-001
   0.82039121150269589        0.53201495588398331E-001   0.97936986042900284E-001   0.36436606689715531E-001
   0.26113420483170119        0.54989621128913604E-001   0.60764915418448573        0.34700463711247902E-001
   0.99964342657477467        0.34939512630646971E-002   0.93601685902400289        0.34239403318220535E-001
   0.43223740825989460        0.53754741347644242E-001   0.48407315560017677        0.34346555949373886E-001
   0.47224422743432976        0.53203912413483878E-001   0.55014309886458435        0.35211673589742962E-001
   0.38482038420027104        0.35723677405754824E-002   0.30858160139023394        0.33387357136530536E-001
   0.12642423294898503        0.33515400818547678E-002   0.87296555671743137        0.35011058488260971E-001
   0.53432040422168980        0.53409177954170939E-001   0.51173483415618759        0.37662065886406658E-001
   0.29914536034326078        0.53351294850809673E-001   0.68016338338198912        0.35260323768608604E-001
   0.54686975375708458        0.52982346610792298E-001   0.18675512949770443        0.35937046724672822E-001
   0.11083090895276841        0.53402403903979316E-001   0.92006808235563253        0.35391755488211392E-001
   0.91104580837041715        0.34203424788635849E-002   0.90099861616459520        0.33207550771353532E-001
   0.35933975400044349        0.32760646353226204E-002   0.85280466659112408        0.36716698009122882E-001
   0.43469167745415088        0.53466056764450542E-001   0.28498543344488669        0.34215073518372163E-001
   0.65737768886516168        0.53282818866417059E-001   0.86036638774498553        0.36544006457997422E-001
   0.69565507294579909        0.30234486994680774E-002   0.96285092447898490        0.35949531720455868E-001
   0.60572702088161667        0.31090049997099605E-002   0.70430305725106515E-001   0.36947646764475296E-001
   0.59017946031648005        0.53503459753578148E-001   0.46580978929320682        0.34219840785380054E-001
   0.92662017856131162        0.53448943756266742E-001   0.12766868536650430E-001   0.34054907125038981E-001
   0.18902118089927925        0.41852188885464882E-002   0.39052339015847458E-002   0.38401189726692674E-001
   0.78532945563616063        0.53271098425095677E-001   0.44634184935595017        0.33554869000741540E-001
   0.19824278817285063        0.53288028114179480E-001   0.47273664484070677        0.39828043503312351E-001
   0.20683367029884415E-001   0.54010807775170956E-001   0.12946230016643870        0.37757055089368954E-001
   0.19902235061404303E-001   0.54270910500962721E-001   0.21539400510381568        0.35347427967411860E-001
   0.10018288903601491        0.31590972932423311E-002   0.64310856642275116        0.34407825043866552E-001
   0.62156097376654318        0.53061364149016868E-001   0.18099945351994728E-001   0.37048005828685733E-001
   0.13073288717038417        0.48679413914329006E-002   0.20264616485996834        0.36499488107026148E-001
   0.27417708624633591        0.53365307271895160E-001   0.76161802554303093        0.36440260186060537E-001
   0.13141575252390200        0.53921900620846133E-001   0.39242022806899612        0.35970196369517302E-001
   0.27632650287553390        0.33615141129998780E-002   0.86973015353749905        0.34278558527935120E-001
   0.57103496219770955        0.30379981860051853E-002   0.61815683373181107        0.34210510459681244E-001
   0.65187670070799331        0.53500712727785706E-001   0.31779909390267408        0.35105999092258020E-001
   0.44707252380847363E-001   0.33946083850829403E-002   0.81012643340161363E-002   0.37169768758647158E-001
   0.67353563110394243        0.53252097714841240E-001   0.60320188231626515        0.35236991374706379E-001
   0.85916029429725527        0.52834466352410958E-001   0.31493746455178645        0.32821684019894729E-001
   0.62010874450306966E-001   0.30505732447138633E-002   0.57334996236120583        0.36463230227058920E-001
   0.44152822325457991        0.31753828773218723E-002   0.82735764628546971        0.35737667902351319E-001
   0.12249068516135903        0.32846840686759915E-002   0.71934684459710896        0.35652513065878577E-001
   0.52020964254153257        0.53273964762053289E-001   0.60352980465018113        0.36451882295491837E-001
   0.62359971897472506E-001   0.33693003386103520E-002   0.90450207922318826        0.35905742049387041E-001
   0.61908781612457620        0.53234001146172875E-001   0.79583032639964146        0.38463104303180340E-001
   0.59586570878678621E-001   0.53657396010825524E-001   0.38809315587991305        0.35974914943470285E-001
   0.88294178602379050E-001   0.54369987624835595E-001   0.23379997946262840        0.35377374091995754E-001
   0.48991051016098471E-001   0.52986923312744419E-001   0.78311697624873788        0.36315970285851346E-001
   0.89022813309173221        0.30538420431047357E-002   0.47376976577339480        0.34281789784064577E-001
   0.97570317364272097        0.50595221356933215E-002   0.22845446165720026E-001   0.33346102086769580E-001
   0.62646900603662659        0.34766176706131149E-002   0.73912569182728716        0.37196428693550845E-001
   0.20740145868257803        0.53268184517212540E-001   0.80208193332723465        0.31905116865998923E-001
   0.71403636600044906        0.32576729840883751E-002   0.86022643471654980        0.38933145057492805E-001
   0.26080548157261199E-001   0.29867429969126923E-002   0.66345048576445143        0.38661774973138087E-001
   0.94008863428482670        0.53189554006664357E-001   0.36483260491008118        0.33497848868153657E-001
   0.82919372898929911        0.63964301220355735E-001   0.66622402416118720        0.35430975821041676E-001
   0.80173247074509635        0.32907733811594641E-002   0.97862658685247950        0.36973946043396433E-001
   0.36426552243401239        0.53675089217209454E-001   0.26438251629206705        0.36288852280005855E-001
   0.81939874928394851        0.53308096073926871E-002   0.21209240256750253        0.36741656407008452E-001
   0.50856902966896700        0.53182701548141656E-001   0.77495802919332835        0.38660175670209247E-001
   0.71517406118285276        0.53141067587308834E-001   0.39699354216516619        0.37016023125089142E-001
   0.55533371955454058        0.53108135726308993E-001   0.50628757807184357E-001   0.36686730989730042E-001
   0.99005469077491848        0.53415520326546909E-001   0.82511580938663565        0.35754014167866374E-001
   0.55461572160119077        0.53276086700155614E-001   0.83543972479788997        0.37139615168432734E-001
   0.57914883672766815        0.30820438344054423E-002   0.14434167778772841        0.37040813019203006E-001
   0.86907317841921239        0.13901393809439444E-001   0.69444023829978219        0.34411963659416789E-001
   0.52093102117252418E-001   0.36622794651648347E-002   0.33663268366433996        0.36125448602845008E-001
   0.64646773996233442        0.52959991480673763E-001   0.94991781532989883        0.35324065805543606E-001
   0.46294206194095744        0.32048345175636900E-002   0.74695823499522085        0.34549943400361764E-001
   0.25513863551042415        0.46675132899276217E-002   0.97566027357142437        0.33230417011891292E-001
   0.32333344138133080        0.54136457949121281E-001   0.39672370319878125        0.34078382337388663E-001
   0.25302676623468601        0.32859119046021825E-002   0.65875412789064458        0.35996246541902255E-001
   0.60490738827170243        0.34250183114623643E-002   0.41761223239245820        0.36600375098896826E-001
   0.81259085213111437        0.35857163959281432E-002   0.55602201120726891        0.36247037910854284E-001
   0.26983330581956727        0.51161942913310696E-002   0.49890371858210580        0.40188687044260679E-001
   0.55535639042723584        0.31858316239013044E-002   0.88862708112132427        0.35781504868504566E-001
   0.30217903046596134        0.42739020633321021E-002   0.43439517478817169        0.31658786546220695E-001
   0.70635266375408334        0.53225346265598897E-001   0.91371054204418412        0.34645740398028917E-001
   0.58552629052675842        0.53281087467546367E-001   0.56760869510918022        0.38030962868487589E-001
   0.34430130397494768        0.39094691804458202E-002   0.12927899410687239E-001   0.34544861195382699E-001
   0.44733625413110434        0.34565608136326608E-002   0.43799246025300725        0.33827822419911703E-001
   0.32959462001637613        0.54182374689688367E-001   0.47218429574502790        0.36160631799395007E-001
   0.40873603999759733        0.53405023588790804E-001   0.58098536138508550        0.35389641241668372E-001
   0.56756385717396807        0.53366517820909114E-001   0.25503821685722922        0.35370657361270909E-001
   0.14820803921821907        0.54073650371696751E-001   0.40700336369609333E-001   0.35765828718577773E-001
   0.70008305931019799        0.31034227491828961E-002   0.71207239676650225        0.38051629134867170E-001
   0.75955042685109964        0.52493787775068634E-001   0.13318148841695668        0.33808475320209808E-001
   0.54266946520324022        0.34419389415280390E-002   0.45966601423897474        0.34925119285963403E-001
   0.37071099923532713        0.34613569516640363E-002   0.69507301836347257        0.36442345712021366E-001
   0.36248069920039250        0.34059119696835090E-002   0.57731740281668020        0.32820010410539543E-001
   0.97020998358993382        0.53042294510584814E-001   0.64298548188928806        0.38997972650958626E-001
   0.14386080968153289        0.53322540236680427E-001   0.67064336037186945        0.37305246726263008E-001
   0.64134607550153089        0.32342470094947461E-002   0.56194235621480060        0.37080836491510054E-001
   0.46140456021310555        0.53441787090526362E-001   0.38518904682535565        0.37514002469809710E-001
   0.72168038394124512        0.27383998471415235E-002   0.16841588799613241        0.37944675137985259E-001
   0.61198778095020523        0.33371007175925583E-002   0.28321030092180449        0.37179201313195596E-001
   0.43364901764879676E-002   0.53755144576327941E-001   0.34619944401320429        0.33275872341896121E-001
   0.87080272786607194        0.52844971871431792E-001   0.38383900450452563        0.36956600172342008E-001
   0.10962528003417420        0.53453095637133421E-001   0.45808326980861674        0.33082486787644035E-001
   0.16749954901937320        0.54274795065532393E-001   0.13565594892079968        0.33558720180918523E-001
   0.48144055493546106        0.32809385274013697E-002   0.50042631291716499        0.35833505961723702E-001
   0.46733294351367816        0.31120653585642788E-002   0.10629792642687613        0.37464993208765535E-001
   0.38345003010538820        0.34453007442924069E-002   0.46693917486199304        0.36271565547046046E-001
   0.64428783011370794        0.53349543283604320E-001   0.38655710178050962        0.34009298487136748E-001
   0.39929945771146064        0.32112298069196538E-002   0.95603137630751756        0.35329500965239402E-001
   0.50991443724650121        0.53487875316586157E-001   0.33340204740422968        0.33349937836410375E-001
   0.67000953160776311        0.31390970628315251E-002   0.49252756554112836        0.35497402085866291E-001
   0.65233455798524409        0.28317795027353156E-002   0.14309565514177230        0.35668792554792002E-001
   0.77057642018718819        0.53190860892806058E-001   0.87143763545108199        0.37317258546699726E-001
   0.95401786239874575        0.53468571341962458E-001   0.91974233214871082        0.35292132170041575E-001
   0.10601858244158839        0.53565467543345707E-001   0.52653626931964836        0.35345462645857785E-001
   0.58031882563247095        0.53414814663058710E-001   0.32797238466528572        0.36971946829183741E-001
   0.40975996303168716        0.33419829158819513E-002   0.24680388644133025        0.33211254608542372E-001
   0.81150616661389119        0.49323522680637007E-002   0.28467357390760384        0.33410544932927826E-001
   0.73134583886277610E-001   0.34530600724130911E-002   0.48620459336584998        0.34804255838187588E-001
   0.51124292673664029        0.31088631486720897E-002   0.32887950974229994E-001   0.32282016205243569E-001
   0.22070012026147373        0.39209867185256491E-002   0.91466212844082084        0.36695662816617382E-001
   0.77745206704942971        0.53551660744070056E-001   0.51697674885686817        0.36104870243055635E-001
   0.97743546272281392E-001   0.33441893728309324E-002   0.80175785329089755        0.35615306200584930E-001
   0.17453055294724563E-001   0.53000811923286428E-001   0.71811640630121720        0.35892114331920230E-001
   0.20527927822168171        0.55115857275933648E-001   0.80080713173862964E-001   0.33580916177105784E-001
   0.75524607628976215        0.32237153145319459E-002   0.92261749741276367        0.35812262396268807E-001
   0.82996219057603504        0.28688742882558116E-002   0.35045524668987316        0.34925976544530578E-001
   0.77308345024709846E-001   0.53348935532328660E-001   0.85196096027952828        0.38119827718508914E-001
   0.31583410464166567        0.42172653302758037E-002   0.29154048257491727        0.37675011259766855E-001
   0.75796252664340669        0.30152899529324764E-002   0.36108849400038567        0.37683567553313618E-001
   0.37458240937808657        0.48117928744559439E-002   0.78358922845115989E-001   0.36598907435396698E-001
   0.81200739894189689        0.45971651219414517E-001   0.73293140691270664        0.35763049788959923E-001
   0.46408519200458132E-001   0.53376476769100192E-001   0.95422196827589889        0.36295227869706688E-001
   0.39566378913982214        0.51011793054594440E-001   0.19234334918326870        0.35882742930682679E-001
   0.57362743641091474        0.53369047626893755E-001   0.72714737975896548        0.36348546185140128E-001
   0.43787157748959210        0.33038101062875928E-002   0.33574874199144081E-001   0.40906593710638074E-001
   0.93730856454405242        0.34881826726734888E-002   0.96619794701136774        0.34954740611635060E-001
   0.31814966508245995        0.34668361960024791E-002   0.94386983199706886        0.37142650063868556E-001
   0.32038788889933023        0.33576550530852742E-002   0.78987340753875934        0.37182948828952248E-001
   0.32159975731391011        0.53265433849483450E-001   0.88997452479926176        0.36000854094153399E-001
   0.87224244965432585        0.33713305543470978E-002   0.84028274588334018        0.38664340738770703E-001
   0.58746168304716122E-001   0.53121448093725723E-001   0.62248901460113504        0.33590462877246721E-001
   0.74889725132370710        0.53215455767804280E-001   0.97356960558614347        0.35829051277043278E-001
   0.49377532560278664        0.53413849382137252E-001   0.45073676448971367        0.35555106949285376E-001
   0.36191100006394028        0.53366165349140821E-001   0.64811190721707623        0.32544064184893633E-001
   0.30418427291310269E-003   0.41509825008409166E-002   0.77076108179258529        0.33705181649110662E-001
   0.10476714458029998        0.44083350965564939E-002   0.28361088195132700        0.37026166278128526E-001
   0.19076632410092176        0.32557419668195692E-002   0.69134717451816841        0.34254816836880808E-001
   0.85405236860473088        0.53728132954337759E-001   0.16981656810608720        0.36248187364415124E-001
   0.31943440425527114        0.33746670562442567E-002   0.63664836666445734        0.33960382010537422E-001
   0.48725255680792762        0.53210572548730767E-001   0.70327238037345041        0.36113106368526500E-001
   0.74351608079417486        0.53158163838081710E-001   0.73909425516537630        0.33349676531157779E-001
   0.75363010050666079        0.53208121180169758E-001   0.59439732640713461        0.38654828469426979E-001
   0.38930058288816244        0.53470029507854733E-001   0.41664235868363703        0.34807100123900245E-001
   0.51049319874123689        0.31970260295084078E-002   0.65592530190640586        0.36550800283381972E-001
   0.99543634169645900E-001   0.41682778542058612E-002   0.56012568618565163E-001   0.35554425222772731E-001
   0.63718843374356604        0.53358269791897062E-001   0.23973830822211681        0.33686837871656515E-001
   0.68610621262171945        0.16561918059021016E-002   0.35385723428024113        0.33816762367574318E-001
   0.86268700194925718        0.53352779782747529E-001   0.89566311554777378        0.36505943068972681E-001
   0.34379657764064270        0.53077669017263643E-001   0.74080329198777117        0.35912252676069741E-001
   0.16173150995946101E-001   0.53338423579261711E-001   0.88978818626456102        0.33687333978617673E-001
   0.61280005027523587        0.53232305921564874E-001   0.63215838802731084        0.31826403992231307E-001
   0.81932196607213092        0.31996353851759455E-002   0.48302110752316207        0.37015811159480716E-001
   0.96592286546715100        0.36010431300141431E-002   0.11682129243400029        0.37114168500349543E-001
   0.70460915613711417        0.53183784607926922E-001   0.80967193167363405        0.32717175190974668E-001
   0.82781495551076456        0.31626992264659503E-002   0.46299342083377375E-001   0.35476089239315806E-001
   0.27315642458715783        0.49495060445490999E-002   0.16136922369557549        0.36753748458490838E-001
   0.60117635689974913        0.30810873757864897E-002   0.93966608330214962        0.32778743309842935E-001
   0.73576039558248929        0.29891255540876833E-002   0.21676272989167435E-001   0.34515709241944560E-001
   0.21924922713655273        0.22795869641730115E-002   0.35927305829610706        0.37193829833791762E-001
   0.89932849823320959        0.29925337118305168E-002   0.34020096822962670        0.35147209312467551E-001
   0.55149264746359616        0.53620244900912842E-001   0.40487950310352705        0.37456889051622408E-001
   0.45563238423096342        0.53086704533988893E-001   0.63821672643442717        0.36217211470571331E-001
   0.87593029007733381        0.26990154050694297E-002   0.27788161626199254        0.31391537420792592E-001
   0.31722598700633081        0.55474814515398374E-001   0.19491389119540442        0.31379310828727157E-001
   0.12602185623555665        0.42518326711669984E-002   0.13475952308089389        0.31335634036627133E-001
   0.88991090355735503        0.52965841416579645E-001   0.63982975236913520        0.31414897000291771E-001
   0.53477272348015914        0.30505732396401693E-002   0.92160692331086147E-001   0.31383020815141438E-001
   0.82346739211603825        0.53649003141385945E-001   0.60041749515925746        0.31418452248518809E-001
   0.20823730176009336        0.43083170751738965E-002   0.22391526110646054        0.31314650452917175E-001
   0.96218823924126429        0.39608893994196636E-002   0.31847502441628672        0.31334493847926595E-001
   0.42520652673984644        0.53189369760877826E-001   0.84547539457442589E-001   0.31381683146905592E-001
   0.69292837191770262        0.53885783265294140E-001   0.53772485122512481        0.31426856368911606E-001
   0.85947039286916438        0.36719379893445352E-002   0.94186724022146728        0.31303536287259598E-001
   0.98385133019448845        0.55547680691837908E-001   0.98103495518599948        0.31381567314941648E-001
   0.92394443905333501        0.52783326537348511E-001   0.69671509372028761        0.31394222612047898E-001
   0.58654334899791594        0.49320671983421362E-002   0.21310323180154209        0.31391829477728485E-001
   0.16251636871565120        0.40927821264142138E-002   0.83676166218807385E-001   0.31438918375508253E-001
   0.20248876272196206        0.32406179025128478E-002   0.52337629727036650        0.31402366661546791E-001
   0.91480197900889793        0.30890728746773995E-002   0.59653906821546998        0.31349209966874424E-001
   0.47282363952710471        0.34846815365618526E-002   0.59513789647713600        0.31326720529751086E-001
   0.42032673259366576        0.21411358065261065E-002   0.53482718135034635        0.31378931748503570E-001
   0.17959877786626985        0.53206901963592484E-001   0.73263031437739434        0.31460351314086636E-001
   0.85892076642110859        0.34567718656469330E-002   0.12343403863315762        0.31409807694530611E-001
   0.66782692200143756        0.31879746428786684E-002   0.79379178078023049        0.31346428723393396E-001
   0.30802296370638121        0.54989537097177535E-001   0.13070334517675578        0.31378207834989853E-001
   0.90700324960078516        0.53030746960929090E-001   0.51303874504485036        0.31427921674640751E-001
   0.83603489211811988        0.30770642828418637E-002   0.41662946873662743        0.31433878049007768E-001
   0.58898462104446425        0.33589782052004715E-002   0.68156967390922119        0.31422252836217017E-001
   0.72084769936904947        0.51860178759586685E-001   0.32617504273162634        0.31346694791607947E-001
   0.43887501860355621        0.53203558064831284E-001   0.78257299032233274        0.31383229803832728E-001
   0.14220223395994488        0.55799106930047006E-001   0.82731503389981620        0.31324209588500532E-001
   0.72900769710405389        0.32481132041304928E-002   0.63710711471906878        0.31365733239560080E-001
   0.65794249870459198        0.32266048647482250E-002   0.90656396745636092        0.31483002673212176E-001
   0.51040236410995976        0.30590416746200111E-002   0.16024928186589171        0.31288478199603412E-001
   0.29214760402451584        0.46836241169848835E-002   0.57302393509578553        0.31424461987184751E-001
   0.38595910018549323        0.53320526765041266E-001   0.26897166108592347E-001   0.31385651425301871E-001
   0.29045998031058234        0.25867968540633376E-002   0.36415126030201622        0.31385897060120578E-001
   0.96005249891263955        0.54946025699904158E-001   0.75602870910944375        0.31405626113284381E-001
   0.41464047231454343        0.52974947697349672E-001   0.72293132584103748        0.31345812049432500E-001
   0.85485343483545939        0.10776386698857970E-001   0.77223443304934281        0.31387641094919393E-001
   0.70829826348876657        0.32143041383720494E-002   0.57591214535765500        0.31309504579328927E-001
   0.16462663435585484        0.43196594920900206E-002   0.42698673719119845        0.31436473263583495E-001
   0.50885003900592474        0.32801755151476370E-002   0.82406716309629191        0.31342805883875051E-001
   0.12192222668607550        0.53369716664951210E-001   0.76412107668478335        0.31390114600988964E-001
   0.40570360193208910        0.53190279528651241E-001   0.85447884196954071        0.31418156363052500E-001
   0.44654626120327356        0.31260227583425181E-002   0.68308994942610834        0.31299326907723662E-001
   0.15640114056409218E-001   0.53241224085618544E-001   0.57384286771707049        0.31317977518493099E-001
   0.12930466515725761        0.32484602323073750E-002   0.56450449075048847        0.31324665721212980E-001
   0.74727814292859152        0.36487171183342978E-003   0.29276638233446844        0.31324300521445192E-001
   0.94387402692598121        0.30497450011096735E-002   0.52189736455918079        0.31303218899623564E-001
   0.78896690823072912        0.54675975250833980E-001   0.32169598464495125        0.31372286098285310E-001
   0.23703041041057410        0.53727772143314895E-001   0.70467646547589302        0.31382202227064823E-001
   0.69448108781813322        0.52703992941738553E-001   0.12750443448124352        0.31401254453311683E-001
   0.97875545824904253        0.43178555857528063E-002   0.23204632644171963        0.31375937102743251E-001
   0.24341497697301615        0.55118216837873601E-001   0.54313616581036483        0.31296378707780938E-001
   0.92308495881313180        0.29105339228047492E-002   0.65866532631178032        0.31294558228336246E-001
   0.67631980077653764        0.34571843354354753E-002   0.22566821578247620        0.31250396742649920E-001
   0.54419786832481720        0.36046181624370035E-002   0.35773692925985473        0.31351524512396166E-001
   0.20900172791212882        0.53251021477940058E-001   0.64845103638728441        0.31353791476436764E-001
   0.17851050301343807        0.54301097093804235E-001   0.20006272092735725        0.31414329696628038E-001
   0.69116947634866732        0.53055707960201842E-001   0.82057861706664858E-002   0.31449323438971930E-001
   0.28786172436287444        0.42145274085849524E-002   0.22803385751490987        0.31362075850366357E-001
   0.67637970973074923        0.53620238753477482E-001   0.18766172668334088        0.31423664098365958E-001
   0.54618132461816101E-002   0.20072262370247175E-002   0.53481855574566850        0.31405537590471995E-001
   0.77684881531263283        0.96763622006884195E-001   0.70299506154068170        0.31395418736800768E-001
   0.37669595814886148        0.54801599315048168E-001   0.12442918528330259        0.31413242038760891E-001
   0.88193502699909099        0.53090494604875964E-001   0.57719882046204907        0.31482318114347180E-001
   0.63353964313970179        0.53423098117004277E-001   0.69236085381207102        0.31506709552966722E-001
   0.52356607836389335        0.30710979947982543E-002   0.22559211524570111        0.31413016174841185E-001
   0.41046743109155209        0.51128300280934014E-002   0.14513555358548988        0.31409892666477611E-001
   0.26494053032751008        0.55079128363955371E-001   0.44781059450180627        0.31390440192737200E-001
   0.44225420056750210E-001   0.53539316463926338E-001   0.45366321464318671        0.31316297571215734E-001
   0.76430750916533552        0.46646287862625736E-001   0.66568202495943263        0.31447546465827793E-001
   0.83155267553122647        0.53239150289715854E-001   0.81224755385485170        0.31434502359378579E-001
   0.15100608806096025        0.51951616547082226E-001   0.25658216549738649        0.31330130589618081E-001
   0.38476980829385432        0.53097265826352061E-001   0.91398096576451426        0.31430115638350881E-001
   0.17116075854180476        0.56536519039164172E-001   0.89099044609684264        0.31442533415599952E-001
   0.57343137706818770        0.53051817634344384E-001   0.96932291243562585        0.31397855977022909E-001
   0.92226936214964517        0.78762615826955429E-001   0.24277294822632867        0.31435855379322329E-001
   0.51734316061620467        0.53014860360832618E-001   0.91399560140242830        0.31412622122240698E-001
   0.50402367411058224        0.34040057352070236E-002   0.40584259158465430        0.31316956506891779E-001
   0.53725702217426674E-001   0.53720987590867644E-001   0.29112056543150922        0.31453343835839566E-001
   0.87209902448840548        0.53406817238874277E-001   0.53501688793784634E-001   0.31482412785825371E-001
   0.27202501839368548        0.55173150202964698E-001   0.79225444440182355E-001   0.31388522918400469E-001
   0.77507079762197262        0.55938294628714497E-001   0.19636855940524728        0.31342619389607813E-001
   0.33876567484290820        0.49767987865242990E-002   0.51780168944055593        0.31250241616385004E-001
   0.60702449227213107        0.56501161239962197E-002   0.84555104700872408        0.31332814479603018E-001
   0.80039616609477982        0.17365967384466358E-002   0.14656236895635524        0.31421370582574243E-001
   0.30080051653765633        0.34069691764629230E-002   0.72423149260800368        0.31309997155950633E-001
   0.58015307162071456E-001   0.29201309967815314E-002   0.73813289306459706        0.31420285948679419E-001
   0.18951301509539453        0.52325217050462496E-001   0.32155563688824274        0.31395907141642115E-001
   0.73198665087775427        0.35677262885177308E-002   0.51778473606106190        0.31420583544706150E-001
   0.21354016513254934        0.54120869379670138E-001   0.26163245622712694        0.31368461583027592E-001
   0.53755244241677236        0.33443349627380967E-002   0.56103849859199162        0.31326545185918563E-001
   0.35226642119433681E-001   0.33523824786020071E-002   0.82741685065413639        0.31496302908302264E-001
   0.30793401368564866        0.51222243993531901E-002   0.92264575272687707E-001   0.31416713668734837E-001
   0.43560713104405974        0.53271215282298029E-001   0.98134563403928932        0.31366658965298617E-001
   0.23305554661722869        0.53643274636655282E-001   0.86950283318678823        0.31425181730044827E-001
   0.48072300568578041        0.53189166735538362E-001   0.84965653597098201        0.31352275301357084E-001
   0.27633635707141485        0.54256180264330246E-001   0.26426537309651715        0.31402310315341762E-001
   0.32600126937429047        0.53370561977210407E-001   0.59488539360237935        0.31427201096795886E-001
   0.68440404414110501        0.34531968717753086E-002   0.28822171601924207        0.31402061328582552E-001
   0.98393849126074306        0.30240111554923578E-002   0.59534928016022970        0.31380087900679379E-001
   0.92197187246091872        0.52335380657387243E-001   0.30139023823030336        0.31354810026176620E-001
   0.48411621968357421        0.53113245981790840E-001   0.61707285652376501E-001   0.31432513580083039E-001
   0.28192578663521134        0.38738126551342944E-002   0.34443696982396584E-001   0.31318764357486407E-001
   0.11380723685915291        0.54230601140598328E-001   0.98418539206854908E-001   0.31408842985525244E-001
   0.98688399187458919        0.53038793491276173E-001   0.41652713750544790        0.31408178742462600E-001
   0.80439049065002055        0.53479617325730790E-001   0.93178650208211145        0.31426899855643481E-001
   0.35325291646369811        0.41989836309318926E-002   0.36662041575979176        0.31424727729751731E-001
   0.24096991575149093        0.50770855770027514E-002   0.10126655192239722        0.31369160830249050E-001
   0.12149515119133351        0.53189736604001198E-001   0.60569599771955407        0.31356250675244897E-001
   0.34469382027357737        0.54186507691757348E-001   0.32956097839128423        0.31329910639311474E-001
   0.40134315603220963E-001   0.52883535392963699E-001   0.51617406351715711        0.31303013719745802E-001
   0.72575821154911857        0.52780365883769734E-001   0.64114320577241896E-001   0.31376429261399920E-001
   0.80089461770043602        0.31522682477305749E-002   0.83501102124979121        0.31397981022652635E-001
   0.47257887442548452        0.26314280858807087E-002   0.26238203198462429        0.31382425334989174E-001
   0.76803739742795818        0.46154225936310793E-001   0.80308755595750625        0.31417894790755518E-001
   0.77913097924540742        0.54959908484954662E-001   0.25905174298216915        0.31395909957912985E-001
   0.22693995436173064        0.49855817384185791E-002   0.58123591621068915        0.31362041653124735E-001
   0.57324941118642658        0.30628319863570293E-002   0.72502322864022471E-002   0.31339353192175748E-001
   0.60952037207334081E-001   0.42852555871294969E-002   0.19885212844006492        0.31403919801863821E-001
   0.53846856502811169        0.31821882630806487E-002   0.95369130171180327        0.31376863817368796E-001
   0.69725488655714019        0.28424538066651440E-002   0.89459213342010249E-001   0.31366940956058860E-001
   0.10335240545124103        0.54340818981629568E-001   0.33055743393677856        0.31348338776257520E-001
   0.29148279341191813        0.53270143545522265E-001   0.82917874412225867        0.31372402651074396E-001
   0.67421400484653737        0.53153113412945631E-001   0.75292818051224020        0.31385342857620221E-001
   0.62085080260305137        0.33763206790080992E-002   0.35128339805704434        0.31311220219952265E-001
   0.55625713509025032        0.53134127635082011E-001   0.66140503394228900        0.31366820938400534E-001
   0.23241444032863720        0.54904657398195493E-001   0.13927314831141860        0.31360744081393936E-001
   0.19247475655921453E-001   0.35701165284866276E-002   0.72341028053861320E-001   0.31372670961655552E-001
   0.36492695035061973E-001   0.39605172274126072E-002   0.25688163865948488        0.31339990077547952E-001
   0.81682992613548278        0.33897916573692949E-002   0.89579048258186000        0.31303329280378094E-001
   0.41549490062152850        0.33065411161138738E-002   0.89124623661072844        0.31293411237909838E-001
   0.97836982229785108        0.52871252207448483E-001   0.50592933755771763        0.31296295004219057E-001
   0.67321376567077607        0.32079969135841852E-002   0.41823826293658495        0.31442521429219765E-001
   0.87913729397888107        0.30651846298101453E-002   0.53909589044500883        0.31416140587537819E-001
   0.33152127376439616        0.54122253534945909E-001   0.58401319651907153E-001   0.31438483781906300E-001
   0.61624285959631475        0.53044075344219468E-001   0.11594717631621662        0.31347921205615560E-001
   0.92805477343696119        0.52893614930915947E-001   0.45382690695113453        0.31361780598178277E-001
   0.77024939905611767E-001   0.56352364262872934E-001   0.68636718468425728        0.31369306280405518E-001
   0.97392654444493509        0.54259800082901315E-001   0.65442132420488477E-001   0.31377147407888779E-001
   0.80070419110697355        0.53042273113723684E-001   0.38329268369335812        0.31341392127576077E-001
   0.40579974917453343        0.53548968746539950E-001   0.34417604839382104        0.31436036383913006E-001
   0.88241822826947525        0.32076946557622402E-002   0.35451708594199756E-002   0.31393641587898119E-001
   0.66484144286282076        0.30691995637057365E-002   0.35650102679046065E-001   0.31351246244442521E-001
   0.58931143234010219        0.30707276267863551E-002   0.51062985122778348        0.31373262211414787E-001
   0.45109150043873719        0.53144333044110384E-001   0.15137209583798902        0.31400895802103077E-001
   0.84487931326509147        0.53287565970816166E-001   0.99662766463888219        0.31424801837644234E-001
   0.70156695543905512        0.53103254908333154E-001   0.66379877858169145        0.31432143048087724E-001
   0.85407378534384237        0.52787943873427112E-001   0.45075844745993121        0.31351581253041633E-001
   0.88986186913640553        0.28685234214305057E-001   0.22239980224127834        0.31390546442941793E-001
   0.28177593800739315        0.52807992477525628E-001   0.32687697513600433        0.31374210739397411E-001
   0.90458604779239171        0.33883344950058980E-002   0.16680404093322324        0.31322083471832358E-001
   0.61407704479235425        0.53401012081619161E-001   0.17876625701752011        0.31439040396111458E-001
   0.78179027399110579        0.49969571215158021E-001   0.32408924620366777E-001   0.31398560563190923E-001
   0.30563080623060518        0.54980485455914864E-001   0.53556956121125443        0.31305663341987193E-001
   0.87663949331338709        0.63887470801738080E-001   0.73662087216709204        0.31376313797126035E-001
   0.89488963886590989        0.53599733872091972E-001   0.95548361918900537        0.31361451356563201E-001
   0.89543645680174877        0.53259679733933633E-001   0.79687681025037671        0.31398920391986468E-001
   0.74554413472043901        0.31526776620933112E-002   0.43239026077442860        0.31338312103340017E-001
   0.92456138413361222        0.53531824337420854E-001   0.85552203511531444        0.31347107149628524E-001
   0.72954808658607873        0.31918351363057935E-002   0.77800378800871228        0.31378848023374893E-001
   0.35760922909739434        0.53173152399713035E-001   0.97073280061814538        0.31357967305780762E-001
   0.15554475146284577        0.41737189705862076E-002   0.93472916450759092        0.31373636514268777E-001
   0.84483495135279152        0.53139474909267716E-001   0.52228631146557081        0.31412703964245836E-001
   0.20051390975006275        0.44100586925106093E-002   0.16127620661104694        0.31447849364128679E-001
   0.85646598784391403        0.37867391478171343E-002   0.61981779209063415        0.31272317795103539E-001
   0.66250082079078321        0.53037854502988362E-001   0.73483510816247447E-001   0.31339929577169343E-001
   0.29705653602447635        0.52458498898159359E-001   0.98700613350590249        0.31309257620707708E-001
   0.65406704106256086        0.53144412248068845E-001   0.45117951937357403        0.31310281445952527E-001
   0.63233885005029522        0.53182379252997236E-001   0.51603977716333504        0.31342193799121974E-001
   0.19814948423750819        0.52114086847528385E-001   0.40140414918521883        0.31384223263086618E-001
   0.27016332771390792E-001   0.36035337264734230E-002   0.41961220160492585        0.31429959531716949E-001
   0.51205643050103400        0.53058413620642987E-001   0.12249928760103951        0.31343711814546954E-001
   0.91790608718102004E-001   0.36534437425233659E-002   0.42099587458344112        0.31398086655084811E-001
   0.23166152536268592        0.47945050516517750E-002   0.42687135948644755        0.31426575960032788E-001
   0.21226275858782676        0.53697317356535261E-001   0.96042635500727425        0.31325989027478685E-001
   0.91327148421859494        0.13897860863481696E-001   0.74688023811798276        0.31431340830895646E-001
   0.36426999445941688        0.53312314006893180E-001   0.80681414166064269        0.31356470965119621E-001
   0.15089905332654160        0.54158324646559113E-001   0.97351770483141919        0.31408589124183157E-001
   0.66487546495797370E-001   0.44124644096725750E-002   0.11431913894753870        0.31433506787588196E-001
   0.79180107880184314        0.96091103787414756E-001   0.77319179977190811        0.31425223372380247E-001
   0.79253329150129581        0.33689067557310659E-002   0.62663152240415387        0.31317404951621504E-001
   0.23101960878483618        0.36572746941009762E-002   0.74314494272476117        0.31300373069908231E-001
   0.37755636080318045        0.55007641573672300E-001   0.52083375916794061        0.31299810909806797E-001
   0.41426071111443868        0.34510750062080467E-002   0.38127998408656227        0.31307604602516914E-001
   0.48792797589117071        0.31018738917822711E-002   0.88693875184665816        0.31361764423285504E-001
   0.52767900627484887        0.33829606017558469E-002   0.72420476207147466        0.31358389370954538E-001
   0.48504607365353930        0.52724285582817110E-001   0.22605549374084058        0.31385101778500860E-001
   0.26727124543374059        0.55300362161196062E-001   0.93005481211644447        0.31395328459746907E-001
   0.91590659222385601E-001   0.53495443015478178E-001   0.45692363066641810E-002   0.31333794197158447E-001
   0.84183154655712877        0.55531801507829583E-001   0.25299905113115784        0.31452233667390132E-001
   0.75348637280169917        0.47934764860641738E-002   0.23044807116961741        0.31415520147718978E-001
   0.32173691933380460E-002   0.41110631474476529E-002   0.17429785957099958        0.31326210115469981E-001
   0.98619512487285788E-001   0.19398116187446784E-002   0.96527410296006366        0.31348414902504930E-001
   0.54478735930397461E-001   0.53813936012851261E-001   0.55612612045217044E-001   0.31436639762462561E-001
   0.17862692558279220        0.18830398516385270E-002   0.28276310519396458        0.31379042605682764E-001
   0.97891017920583534        0.32215709061160173E-002   0.37914782850744083        0.31353189952878051E-001
   0.25885720360862008        0.52500962805160784E-001   0.38535296018498061        0.31372071931263686E-001
   0.59980124178268246        0.53139485578025052E-001   0.89650130243517556        0.31410547358743032E-001
   0.35035627127061447        0.36821690343456352E-002   0.22093483547172510        0.31380661248692272E-001
