 3 HS poly
 400 2
 200 200
    1.0000000000000000         0.0000000000000000         0.0000000000000000         0.0000000000000000        0.10000000000000001         0.0000000000000000         0.0000000000000000         0.0000000000000000         1.0000000000000000     
 T T T
   0.98328784141591585        0.49473072363930212E-001   0.62760885931969623        0.35745269578782268E-001
   0.33526099112791929        0.98751059751226042E-001   0.85830415079020328        0.36340017345096037E-001
   0.15989633123385169        0.99644044924944178E-001   0.44469165969516167        0.35997073596647285E-001
   0.28249866543521546        0.49800844896646476E-001   0.83267631350830040        0.33616065474275925E-001
   0.68859026620020802        0.99289201206181704E-001   0.39810406788684910        0.35681342138711353E-001
   0.84480304169415732        0.99030104223605170E-001   0.43883714683244734        0.32992540671799679E-001
   0.57945741284711161        0.99057674457337430E-001   0.14224961522613958        0.33839533368357905E-001
   0.44490987771310081        0.49273262825210384E-001   0.14297774658491116        0.36205085682091048E-001
   0.36751143449646378        0.99503679615053034E-001   0.94597320994438927        0.38810882889785070E-001
   0.92955985328402713        0.99528248690587406E-001   0.73391978104233324        0.33783066321789561E-001
   0.84986401832154412        0.49348028553572905E-001   0.61451225731384651        0.34356603432054211E-001
   0.31120513850607406        0.99183189771027191E-001   0.77016846164763975        0.35251072134142677E-001
   0.11585324826958357        0.99450827057455268E-001   0.38860496206190143        0.35297225607957963E-001
   0.69299051036278292        0.99411238804332724E-001   0.20187989163558150E-001   0.34785880493846434E-001
   0.78475862376170691        0.98918315111540756E-001   0.95745302312814162        0.34765039080530288E-001
   0.65099648278600181E-001   0.49794485019601410E-001   0.62865069975622978        0.37158313488081240E-001
   0.77389283643783058        0.49493275746715477E-001   0.57679124555317118        0.35599170847423423E-001
   0.65362858057455953        0.99368062105985935E-001   0.55520164908612979        0.37514056222425617E-001
   0.45669833446380986        0.98888642798843129E-001   0.84218385975910848        0.36253831525343873E-001
   0.11172637522904628        0.99742028463533861E-001   0.59742469170288381        0.37915234009711127E-001
   0.91635884177513427        0.99279813060589292E-001   0.19714359922261449        0.37951335478393383E-001
   0.14390309056506612        0.48935818921008019E-001   0.92842294612884313        0.39714790892681144E-001
   0.48899648974128956        0.50117537486008570E-001   0.35365635641623788        0.35564118889736152E-001
   0.12038138353909940        0.99424255952191037E-001   0.30118037854844459        0.35088515492444065E-001
   0.26305802804924350        0.99373793351913653E-001   0.87247564300712521        0.32839574411472949E-001
   0.50147472095932089        0.48020783439975311E-001   0.71886767316770284        0.38200778653364534E-001
   0.23846178622606384        0.49305637949826189E-001   0.14108284160282777        0.36482330769104315E-001
   0.77475302242123933        0.99216806556087014E-001   0.45861097426298886        0.35482443582781784E-001
   0.85331188600333308        0.99331518029666555E-001   0.96069090212239772        0.33393736983280707E-001
   0.33083225384176757        0.99542776597822458E-001   0.10033338654044304E-001   0.34879360841784404E-001
   0.82574397755995488        0.99262826528319137E-001   0.36936614948890822        0.37163004992490770E-001
   0.10456419404794652        0.49056242914418249E-001   0.97639045927767898E-001   0.33980320740324393E-001
   0.74330438989415903        0.49546509131797298E-001   0.27482843610411745        0.35165390902222059E-001
   0.32469227763163112E-001   0.49597677730403064E-001   0.56420339707353706        0.34775399200363107E-001
   0.23948898836381044        0.99365878925281537E-001   0.80714494723397578        0.36483751215686616E-001
   0.79770527187838625        0.98446060797003659E-001   0.88847143727112099        0.35126400088427545E-001
   0.40390154957712452E-002   0.49467655451685792E-001   0.41623391285319178        0.39030985673828969E-001
   0.13935803948727496        0.49269332714031687E-001   0.84770585013218935        0.35602199681082469E-001
   0.79471029149558711E-001   0.49254007742343731E-001   0.18626852462099652        0.38869796123204986E-001
   0.72309912171632340        0.49372048991210365E-001   0.64827011093790776        0.36484073256657028E-001
   0.27493405402571103        0.99660305204570684E-001   0.60208330811963573        0.36651698833835358E-001
   0.45394061913653949        0.98924434569549594E-001   0.73865962760636550        0.32570693945149103E-001
   0.33306869918007576E-001   0.49037157796150477E-001   0.12794301577313091        0.35376971085313472E-001
   0.32130435547966119        0.50348562356284925E-001   0.57713085725009505        0.35145059663694800E-001
   0.80304827086282271        0.49162871532209641E-001   0.41698694187984015        0.35414430879750214E-001
   0.80307507307706749        0.49474120427335538E-001   0.18968122918979541        0.35843015197137069E-001
   0.82297533708680315        0.49767728581375341E-001   0.26820468763595323        0.34308765541472455E-001
   0.64225183273468500        0.49344972878444360E-001   0.37324362155835250        0.36784212641049870E-001
   0.13431463986615885        0.99568081521428375E-001   0.20084513920698521        0.34863437654038626E-001
   0.42469574833064884E-001   0.49368988877358619E-001   0.75829319788290572        0.36110418313716273E-001
   0.23599403033012778E-001   0.99229693148541007E-001   0.92242131109845515        0.33044342966993497E-001
   0.98084897630448670E-001   0.99386382818485372E-001   0.81470912877112123        0.37027138344383884E-001
   0.72128314693895601        0.99811106553651233E-001   0.53083104478278464        0.34241411925746583E-001
   0.56355289660461350        0.48924423316305143E-001   0.87629276249206201        0.35534658227288206E-001
   0.28661357250436553        0.99267457007530091E-001   0.14409200217635260        0.32938163880649032E-001
   0.46733335021985190        0.49689768240665073E-001   0.50692236777767552        0.36531871096335308E-001
   0.45892415316407037        0.49003961797811385E-001   0.78777720375209248        0.37593202428337559E-001
   0.90204536146774122E-001   0.99027167003394950E-001   0.95219500589040984        0.35857982994026108E-001
   0.33397762457127123        0.49604525690520117E-001   0.26478956772795426        0.36435736063768376E-001
   0.23478444464569245        0.49742502611544497E-001   0.24871878605991346        0.35703705005887765E-001
   0.17855832595952040        0.46805725195038630E-001   0.29253061300975119        0.35142024812924777E-001
   0.68628316036410397        0.49193259071561420E-001   0.70257431297808162E-001   0.36010625186959154E-001
   0.38216659201021042        0.49362798777413577E-001   0.99864273352206667        0.35133855199591460E-001
   0.35340412579381220        0.50220802054673622E-001   0.39686682708484505        0.35716638266030831E-001
   0.67321630438725744        0.49544298992127492E-001   0.73965840401862060        0.35005293893504208E-001
   0.32041081960504975        0.99129868155171219E-001   0.69391066295271764        0.36044456953499171E-001
   0.85886754157676837        0.99352009445947062E-001   0.73491069462499425        0.35037294528559672E-001
   0.41413683864605665E-001   0.49138609229490190E-001   0.96515322018520899        0.34958037432239623E-001
   0.40701359906804235        0.48852979968089037E-001   0.83696422028875406        0.33761095095823701E-001
   0.60400850470580691        0.49434564189007199E-001   0.53473159731353470        0.35779537770015614E-001
   0.78676385541246030        0.99601315574848456E-001   0.30547166892220978        0.37664052174201698E-001
   0.55615294322038877        0.49741840357302169E-001   0.33189436104995274        0.34833040939344806E-001
   0.84275357798182560        0.99415879140641997E-001   0.66481063910654414        0.36779389841789294E-001
   0.99550995395851816        0.49031776757470724E-001   0.21015935884125803E-001   0.36459049036453611E-001
   0.49877793857752950        0.99229061325388224E-001   0.23542288412983878        0.36544646775398190E-001
   0.10818719955368777        0.49116770286081142E-001   0.43913819817757965        0.35562160447074311E-001
   0.26149168711462034        0.49870740098335246E-001   0.49347549077497249        0.34640707728194560E-001
   0.39119543631469506        0.99199674025654272E-001   0.13793991219092525        0.37113992263986886E-001
   0.51519789194152477        0.99119186262725464E-001   0.79613003124426296        0.38043748980454914E-001
   0.15550977180985454        0.99693833044280922E-001   0.53634792776229145        0.37200240834712212E-001
   0.62085229335508629        0.99637133945539927E-001   0.42220021230079763        0.36137377387490441E-001
   0.51317666272250884        0.98957134715430384E-001   0.88755606645569762        0.36145564546258897E-001
   0.57747775590969763        0.99460527990328021E-001   0.58094701503129265        0.37265799454854504E-001
   0.80589907393087068        0.99632348261253056E-001   0.81548625503221606        0.38324201016838394E-001
   0.54701177800862422        0.49148420642883134E-001   0.96558205395149432        0.31393073833167529E-001
   0.17108975126877360        0.99273496716178425E-001   0.68501801554850383        0.34386827519729470E-001
   0.85662581506522217        0.49747166752944827E-001   0.84685733990449685        0.39291380828685059E-001
   0.42253417221236916        0.50077533065977120E-001   0.37902733093707025        0.35558148190732358E-001
   0.14231572105102142        0.50057784874792156E-001   0.64100575844056373        0.33103889101716896E-001
   0.96401789772128499        0.99130675471177931E-001   0.33246287571640776        0.35660750567461069E-001
   0.26504556909496430        0.99605202481654068E-001   0.35279896680279915        0.35066698094999925E-001
   0.96795759384828051        0.49280575144854830E-001   0.94627211786480606E-001   0.37489210401137542E-001
   0.99834666184963272        0.99317607730622898E-001   0.73368987637622995        0.34915709279057600E-001
   0.95196370042781187        0.49412454362729979E-001   0.49519965293633755        0.35952279767401403E-001
   0.52474860045916294        0.49239989029181974E-001   0.18435977762210046        0.39387151380055586E-001
   0.63509023500985218        0.48598671972925479E-001   0.89353087020288779        0.37702865970395780E-001
   0.65425622875478306        0.49149018728412687E-001   0.67113298128246701        0.36045218818863724E-001
   0.61676605226139236        0.48679775255432267E-001   0.10463987529997086        0.38682834591051860E-001
   0.63312851746885043E-001   0.99111508047773078E-001   0.34188576639960100        0.34936500878445090E-001
   0.47690113959548880        0.48959168746178172E-001   0.57758978497239222        0.34686106260497437E-001
   0.24286947510065462        0.99875877871719407E-001   0.19795355531946002        0.35769050245069670E-001
   0.29193155596140991        0.99809809805215532E-001   0.53203715739384883        0.35312144479678079E-001
   0.82523280148949940        0.99434685092754230E-001   0.14347066305979711        0.35669518583962952E-001
   0.92740497127506072        0.49248247733818307E-001   0.98841787239344847        0.34851651595266403E-001
   0.99471602708152140        0.99482170589063890E-001   0.52802479061602248        0.37470998647465302E-001
   0.73158072260386631        0.49181304675480431E-001   0.42883770820284667        0.36911952155353485E-001
   0.92713286109303328        0.99146004457186535E-001   0.91769004897028916        0.34808291671124710E-001
   0.41409624961634584E-001   0.49320721463034310E-001   0.48794857743602782        0.41226710876713202E-001
   0.89505886327774764        0.99481567820276312E-001   0.35046130134897996        0.34216051020861754E-001
   0.30176447854010441        0.49444413057961538E-001   0.89993961814000434        0.35947338177841397E-001
   0.43197321495240043        0.99222161114769475E-001   0.25790162806880707        0.33802902874046421E-001
   0.18729384545945954        0.49463519662074545E-001   0.99154642561032857        0.36783834028786419E-001
   0.48215611035910211        0.99692384658978256E-001   0.45998748404456463        0.33447789320468005E-001
   0.39812688566979637        0.29895590863342479E-003   0.42723132758766175        0.37828886773978970E-001
   0.57453224799985581        0.99125990079821633E-001   0.92759179825295113        0.36777685335664334E-001
   0.90612472862330184        0.49450385041770850E-001   0.55554458491470740E-001   0.35502379400551835E-001
   0.75659938183335584        0.15796423106667984E-003   0.16155961937609470        0.35202457535186193E-001
   0.96999580547179320        0.99175382867207812E-001   0.14695068010362530        0.34792082266270868E-001
   0.54928889171967521        0.49036001973724486E-001   0.25914752758458459        0.38202077505334116E-001
   0.53907536984852278        0.99378815253035518E-001   0.66392285708282650        0.35360223279462248E-001
   0.46920979004754101E-001   0.99124758814645608E-001   0.13823234014441174E-001   0.34929703963560044E-001
   0.99757628029627773E-001   0.99616688082334204E-001   0.48915675586894741        0.35247185835001298E-001
   0.36887429496936547        0.49205976622973553E-001   0.67377399456896991        0.36353091848164376E-001
   0.53338192901284143        0.99979671182938185E-001   0.37466032575878211        0.34299737284157097E-001
   0.30319235406305445        0.49725758540666458E-001   0.64534462315900332        0.35192613252006968E-001
   0.39092716436233965        0.48994475282152915E-001   0.60193840214669014        0.38777342861132873E-001
   0.55039847345662840        0.99942474108114049E-001   0.44416878438405116        0.36327652708657093E-001
   0.63116279617473325        0.49315108061281032E-001   0.81933408674337327        0.36585924591182491E-001
   0.65222402425516035        0.98569016288605482E-001   0.14740359500605976        0.35968439444335698E-001
   0.57502177101140317        0.49903442246570145E-001   0.39929209282598105        0.35085438946770887E-001
   0.13583855775988968        0.49370220124586361E-001   0.77504572713230113        0.37111996983199100E-001
   0.69589613809770201        0.49598424380002746E-003   0.69819628865929895        0.32573877127658198E-001
   0.57269063394040709        0.99213097807087383E-001   0.21109327167288514        0.34816600526930822E-001
   0.62729241211039932        0.99139898613636757E-001   0.99740739708216630        0.34290769043698620E-001
   0.70462198539811582        0.48600595488413181E-001   0.14334413164000240        0.36054384620202093E-001
   0.22761825664833490        0.49299422565532228E-001   0.90479512513923566        0.36360719145616310E-001
   0.77234161188183270        0.99509938229153092E-001   0.23229617668488792        0.36530103126453030E-001
   0.24045417922344658        0.99492789390624989E-001   0.94678997866457105E-002   0.38329309836455425E-001
   0.44118470674676491        0.10106115216997291E-003   0.32877067757722572        0.37612082085834928E-001
   0.62918479686484663        0.99238534525129971E-001   0.71514660323697843        0.34951982892515290E-001
   0.18675827890590935        0.99274637453824977E-001   0.15263020190990564        0.36305009165282336E-001
   0.73324672905424937        0.99021896816700428E-001   0.82844934238521517        0.35216447084889260E-001
   0.10084145034710920        0.49697538907309706E-001   0.54203115928780865        0.37098155984647628E-001
   0.70219337533972681        0.49286238286277886E-001   0.57873952514145510        0.35942454676822638E-001
   0.11077793649018303        0.99460222921091995E-001   0.88589964559439272        0.33342147382058436E-001
   0.93246220178737804        0.99199861256594135E-001   0.26874740777791395        0.35312381395043627E-001
   0.29403349409234814        0.49214268026988112E-001   0.19010499147099186        0.35173092588196023E-001
   0.98663446518915443        0.49181393463937267E-001   0.82068303031330048        0.33356531713832224E-001
   0.76283175483562693        0.99391487251424909E-001   0.68259733065436812        0.35967068753104556E-001
   0.79187790834925031        0.99472576998108742E-001   0.52834308689656673        0.36287131404494855E-001
   0.36150762786712881        0.75911023155395126E-005   0.54677048584954779        0.35585123506709185E-001
   0.76110115066675854        0.49625808539515308E-001   0.78784898640634482        0.34238489958057561E-001
   0.59634731619441916        0.49731014333590562E-001   0.46522489814663948        0.34146555100410723E-001
   0.49633442893057361        0.99269213580058302E-001   0.13585406976816120        0.35796516756014300E-001
   0.43114662516268010        0.98939378117310461E-001   0.98889650074400304        0.35056638238535776E-001
   0.10405631012062859        0.97928597488929334E-001   0.66940087987836883        0.34359005093861909E-001
   0.47665821240397671        0.48940729969998237E-001   0.99071651262072347        0.32486921567320602E-001
   0.18642313868873087        0.99677651487239005E-001   0.61896447758295792        0.33395559003213553E-001
   0.62725490136888529        0.49410010007253209E-001   0.60348158510028493        0.36757461106246218E-001
   0.66581654180682598E-001   0.99198521411601237E-001   0.24209522470552680        0.37134543269229943E-001
   0.12046236477729495        0.49546816620497300E-001   0.24986383596070136        0.36466700659013210E-001
   0.21905855067246430        0.99630394700353106E-001   0.40558861054689155        0.34728566160806371E-001
   0.24163202478009235        0.63890954045111334E-003   0.66874956306243860        0.37414913124327417E-001
   0.57349113295696552        0.98984014123871686E-001   0.68155471473403909E-001   0.36622805787676155E-001
   0.39190756341119071        0.99579407077376225E-001   0.47233747112606590E-001   0.35039231307085514E-001
   0.39087588229351050        0.49301072308592084E-001   0.19334828700226350        0.37406673601321577E-001
   0.72829937431323644        0.99161425189291441E-001   0.97482831239683723E-001   0.34700259188488340E-001
   0.52903333417697418        0.49010056495286863E-001   0.36752394778150899E-001   0.37072554194033165E-001
   0.67797404799858285        0.49659361594784818E-001   0.50588515921208377        0.36304552089306642E-001
   0.21026796212564533        0.49261593070425942E-001   0.71161927137068759        0.34353718425768766E-001
   0.13694993814687839E-001   0.49100384219224559E-001   0.34233169544877412        0.35487278985433877E-001
   0.75995252963170679        0.48880943427287847E-001   0.91766953583024313        0.33649371692995013E-001
   0.39565874561811176        0.99285411258485043E-001   0.78779578525886951        0.36513131911499928E-001
   0.87352943891829582        0.49286056573926533E-001   0.39743536287536180        0.37431491819626045E-001
   0.34353997865202773        0.49661359691752748E-001   0.57403410917117724E-001   0.35062825581406831E-001
   0.88907456078666214        0.49189301808920755E-001   0.24692466168543742        0.34353631614098011E-001
   0.18598261305920025        0.49122911659235657E-001   0.96507548365577733E-001   0.31827140991862381E-001
   0.64312912983843118E-001   0.49143651082294265E-001   0.29354884740548493        0.34565495751203608E-001
   0.61084798594471013        0.49069617560236672E-001   0.17898685814815990        0.35677936739321223E-001
   0.84498681303627865        0.99233698114688754E-001   0.22214834620756657        0.36641378245115708E-001
   0.18195265180344164        0.49459883069991765E-001   0.20312472794847444        0.33964636788623395E-001
   0.94193104556086127        0.99409827050700533E-001   0.60144392412544756        0.34069794295011696E-001
   0.54180521769489032        0.49101672729650735E-001   0.11070433098729503        0.36167780742739443E-001
   0.92330614382040177        0.99451490469445514E-001   0.53557153459056550        0.34290798074971755E-001
   0.51204020631117186        0.99694751126897477E-001   0.30705602872680937        0.36267308196463850E-001
   0.81036250207766547        0.49376748597935366E-001   0.71105620788097934        0.38531967392502531E-001
   0.57891346124414295E-001   0.99205050687076635E-001   0.43086226850455345        0.35698804556736879E-001
   0.44504263606053990        0.98981558808931835E-001   0.61658004592527993        0.36213976298358451E-001
   0.93185904327349439E-001   0.99302896540308605E-001   0.74031300703044611        0.37140102428103908E-001
   0.21380207762299763        0.49415325553313329E-001   0.35498724049189972        0.36429205854163163E-001
   0.18049286622615701        0.99263236585441283E-001   0.88019728929773389        0.36582454538732184E-001
   0.55617228181021272        0.99278095028447907E-001   0.73377785890412894        0.36553964630680343E-001
   0.86006232551700090        0.99290508883380646E-001   0.50617279165482609        0.35406754127460999E-001
   0.34575960799573019        0.49251378531537923E-001   0.80591004880936101        0.34892320294645798E-001
   0.71255195836779095        0.48985757410572907E-001   0.35053505455254275        0.36684411824079659E-001
   0.21462365172317727        0.99784553996742409E-001   0.48837710175376964        0.33854236862609473E-001
   0.97588926384092289        0.49154137174472021E-001   0.93523330060449117        0.37073263119141324E-001
   0.86812720877023075        0.49446065233797021E-001   0.11589024944190163        0.35735393797047085E-001
   0.58409420162718650        0.49291142088526987E-001   0.68876616977735472        0.36270024355990214E-001
   0.40680123803533647        0.48817833127583844E-001   0.73568899648705421        0.36047952955426676E-001
   0.69682262765031799        0.48634863222788871E-001   0.80173932062852971        0.31360123683836783E-001
   0.64142274487214301        0.98891047763630058E-001   0.61817798893290782E-001   0.31443364656129541E-001
   0.97088727694801180        0.99151710847430352E-001   0.98177992921289348        0.31419903331440249E-001
   0.44470298643013484        0.98947376777947932E-001   0.54860231302275586        0.31412273336661925E-001
   0.96314248697693772        0.49287576542156229E-001   0.75956779481029457        0.31448215411346923E-001
   0.25954127442625580        0.49503580178262938E-001   0.96467776882733525        0.31438011922682169E-001
   0.34307540597987812        0.48740301524632962E-001   0.14295143001132252        0.31500679825123223E-001
   0.30125648416461620        0.99602106073156144E-001   0.29704650543909666        0.31411950083992418E-001
   0.20448018935431236        0.49337061853062358E-001   0.77722193619222735        0.31412897182845012E-001
   0.59729091732952588        0.98790894476792374E-001   0.35746186456376849        0.31394202125909453E-001
   0.20332939075480208        0.99149048777111115E-001   0.94698064840118923        0.31373203509627461E-001
   0.86425927329383545        0.99475660976626856E-001   0.71087285943938830E-001   0.31455159724115271E-001
   0.80763076210280305        0.99506972529871729E-001   0.60626965706858837        0.31472031179647392E-001
   0.79211823719867258        0.49113573254628749E-001   0.69763464592780932E-003   0.31483558297495932E-001
   0.36536771621806441        0.16563615072116389E-003   0.29913806196251946        0.31401620774963265E-001
   0.30967164442943179        0.48893996254060705E-001   0.44803265879673010        0.31460701008298009E-001
   0.94851693503739742        0.99416356948433926E-001   0.40894359743028082E-001   0.31560863707296327E-001
   0.93428885801817940        0.49259788002516978E-001   0.43016232981056307        0.31410386991773093E-001
   0.83588431855514422        0.49517074777755077E-001   0.54445417258540796        0.31460398653546773E-001
   0.66676778066225717        0.98903048118678116E-001   0.85087029005232662        0.31377818270717221E-001
   0.75554558263969973        0.49550351048427727E-001   0.60757269762517364E-001   0.31469544471620578E-001
   0.92653089375562803        0.49205366797508553E-001   0.14987957559151632        0.31401097774236650E-001
   0.32945319222885422        0.55508053906151877E-001   0.33372605434872815        0.31493088091329509E-001
   0.63197468498769716        0.99304453940040074E-001   0.48925843670330704        0.31446746394285609E-001
   0.16170859653587680        0.49900658647768062E-001   0.39871853313148564        0.31497528064109971E-001
   0.33846211878689925        0.98866384972245341E-001   0.18220261063475598        0.31390026538122354E-001
   0.99112919597543134E-001   0.48159667205116864E-001   0.99849933924093592        0.31449629261530956E-001
   0.91771384047128335        0.99308860254705589E-001   0.46493992157281172        0.31475903857494401E-001
   0.51208504580621539        0.98882703009491466E-001   0.60283638359208980        0.31364558333791398E-001
   0.45446229428134072        0.49213150940170015E-001   0.22249006666282808        0.31441763293385584E-001
   0.97391340087291667        0.99419036203224981E-001   0.67158564881584260        0.31458781628605714E-001
   0.59526787994225538        0.99190515344859995E-001   0.79002948616205160        0.31484308667629440E-001
   0.14092711865295759        0.49105434185211488E-001   0.15211206654491410        0.31398367859172917E-001
   0.79363075924414073        0.98527443390509228E-001   0.82841056435910262E-001   0.31430819128350704E-001
   0.56135676089014153        0.99121227413243279E-001   0.10804140730456479E-002   0.31533751231602507E-001
   0.17675987020653883        0.99223998901642366E-001   0.75064572158968768        0.31407877317556628E-001
   0.15262551604779043        0.49677196656228509E-001   0.48943505290606248        0.31393136680165801E-001
   0.10284306442828924        0.99422204820769480E-001   0.14253521391722204        0.31386910068944361E-001
   0.32255874383683086        0.49427805332288563E-001   0.96700522576858716        0.31478225458169307E-001
   0.22322279769311518        0.96269018616206695E-001   0.29785161567374774        0.31428024792177281E-001
   0.15159234837290588E-001   0.49408993593905069E-001   0.87911996371832868        0.31384594579937329E-001
   0.60383238597715672        0.98991323017700625E-001   0.85689014903995164        0.31412441179120038E-001
   0.50616159366185598        0.99860391236023249E-001   0.53239780906325718        0.31497828429683059E-001
   0.56197401728873020        0.49214352251775048E-001   0.80922368498351849        0.31507673522132941E-001
   0.65775517384002857        0.99626222836389111E-001   0.78084808136843731        0.31428491365982178E-001
   0.12902241376328305        0.49392491781136569E-001   0.34483287166261756        0.31454015515340855E-001
   0.67818065846345388        0.49502165274660712E-001   0.22786829799765601        0.31539148163888829E-001
   0.30885545193861746        0.15329351431399762E-003   0.40288369006113378        0.31463999601943529E-001
   0.26688951895524576        0.49222404803349329E-001   0.76937055180554981        0.31487399025242287E-001
   0.45647633814483701        0.99061627274556779E-001   0.92617005339061753        0.31498246603839812E-001
   0.60640809900800297        0.48955491936216927E-001   0.75293895793929611        0.31453486101063938E-001
   0.70270355420179542        0.48963770495347864E-001   0.86428799443656434        0.31430105584928793E-001
   0.25693959039309783        0.49617342389237304E-001   0.55944694035489551        0.31396472595168576E-001
   0.72943455353416897        0.49505255563726633E-001   0.99594275908032115        0.31380975826987040E-001
   0.75964258843442023        0.99690189138185184E-001   0.38920334165788389        0.31380282228198525E-001
   0.73906541244494128        0.99318596911060597E-001   0.60505411800334841        0.31422930780630999E-001
   0.38256496209945229E-001   0.99511370449353875E-001   0.66782234077789515        0.31467344508133967E-001
   0.23770930946916941        0.49312371364519936E-001   0.58792496167568035E-001   0.31449726060790530E-001
   0.43877723134480306        0.48823639981155895E-001   0.66228481268206130        0.31478683693036323E-001
   0.26488026069290960        0.49615269624000445E-001   0.30884047669894332        0.31463672601689655E-001
   0.65586888217238937        0.99120928009421086E-001   0.93722965376661260        0.31399810293824576E-001
   0.75969268703481996        0.99237511805543105E-001   0.21430374708562627E-001   0.31514871046478245E-001
   0.20582971539817854        0.49649985954303200E-001   0.44710529997964588        0.31468134726402613E-001
   0.53377351792291572        0.50284633163517160E-001   0.48784283649907684        0.31547778337911420E-001
   0.79085843357436869        0.51835059262394123E-001   0.64385673643400998        0.31413336726023193E-001
   0.44184418367861572        0.15966788623472629E-002   0.91217464985920982E-001   0.31493539073331828E-001
   0.70197672550989676        0.99611026027429175E-001   0.25870004019417969        0.31418002111551643E-001
   0.55941142459714222        0.49415321300705140E-001   0.62448848601814777        0.31404613371265377E-001
   0.49537430552403650        0.48950507221127190E-001   0.92954230725087816        0.31470216625772478E-001
   0.44819268327008949        0.48638578408007692E-001   0.88760954619848631        0.31475299715533755E-001
   0.71813129337676429        0.99335321182800862E-001   0.95852338523063207        0.31551968633900002E-001
   0.95302485318881025        0.99231192535369508E-001   0.79650779102522051        0.31477744075246283E-001
   0.66782295179137596        0.49052725972514838E-001   0.98363991862868805        0.31437001666794112E-001
   0.50801169662788526        0.98881753057099619E-001   0.96588906889988779        0.31480292078470820E-001
   0.46896964433605681        0.51382362068403423E-001   0.28385861279222946        0.31515004624711025E-001
   0.61144794400224316E-002   0.99321890870444296E-001   0.66389429494064692E-001   0.31414865002334272E-001
   0.43502317155842901        0.49552308350645807E-001   0.39293293308561836E-001   0.31382566122346259E-001
   0.71079359951211438E-001   0.47775723767132613E-001   0.69695558008180536        0.31437502564807873E-001
   0.13350285395149081        0.49168859172606723E-001   0.70638652160591997        0.31509556589520073E-001
   0.33912346802153986        0.49096680510144375E-001   0.73550259591204281        0.31513001342178514E-001
   0.85499640538705446        0.49211345621520297E-001   0.22411846870353073E-002   0.31380751599963556E-001
   0.26794311573607205        0.99745152002579551E-001   0.45061070633885109        0.31393002391913970E-001
   0.96208463202462591        0.49128264875942913E-001   0.56345593359761859        0.31487577293815648E-001
   0.69550275201549971        0.49288322515874297E-001   0.92713576555036159        0.31430267593209341E-001
   0.67866034152384946        0.50484720855557101E-001   0.29083032261577818        0.31369444775614583E-001
   0.63906478945756495        0.99400207080023242E-001   0.21431080434637040        0.31450031961035851E-001
   0.28793795175657988        0.49401780802594802E-001   0.20877295845467613E-001   0.31459375084221745E-001
   0.44422156282278608        0.49776411798684660E-001   0.44254661844539317        0.31443084318048146E-001
   0.91865148277659936        0.97219084258125477E-001   0.10295946845706196        0.31469006626071792E-001
   0.94268375866064447        0.49466860255552941E-001   0.69397950569770572        0.31477033592217138E-001
   0.40660346426333704        0.11197632705270914E-002   0.88760598749859565        0.31401083258595593E-001
   0.98994973291373167        0.99245793702243804E-001   0.22054648458861448        0.31428892582313947E-001
   0.91251547938769961        0.49099474690402427E-001   0.30855363818398734        0.31457035086412559E-001
   0.21896062275707057        0.99719291376833580E-001   0.56290964575298741        0.31406042450738046E-001
   0.93558563831272623        0.49167439996375017E-001   0.36723150437395102        0.31453933039334719E-001
   0.20206844003254745        0.49720481033465380E-001   0.52867069510251519        0.31501216659589479E-001
   0.18080301148714417        0.72967949156874162E-002   0.44970811322240060E-001   0.31445656275111263E-001
   0.74970676856649709        0.49152951902392786E-001   0.49689983741685068        0.31422694848765281E-001
   0.33390185557106333        0.99687348713606794E-001   0.10027196407021999        0.31454038996087647E-001
   0.89964243578967373        0.49427763774496120E-001   0.57128365384386315        0.31440580216502999E-001
   0.73701890811004256        0.49508583571177323E-001   0.20263169375112189        0.31446288813779352E-001
   0.82298565359736631        0.99103743399379468E-001   0.23568982224866072E-001   0.31463986224571458E-001
   0.16895991118469086        0.98484550056780862E-001   0.81301955096831502        0.31434977701863896E-001
   0.72368757332261155E-001   0.47979857932461158E-001   0.90615195680184091        0.31450176172862380E-001
   0.61772853596727884        0.49382014441330807E-001   0.24608558816044179        0.31422421269199953E-001
   0.22494332842347586        0.99180254383627209E-001   0.96137949542011603E-001   0.31428650488814082E-001
   0.14077726628363110        0.99407193469225996E-001   0.99682593816940057        0.31476562410405570E-001
   0.49899097091214917        0.49856181897173668E-001   0.64387558133053269        0.31425340636128063E-001
   0.97941858365624068        0.99190570743686396E-001   0.86245551952371413        0.31404192608318872E-001
   0.12609985375429584E-001   0.99928844477878240E-001   0.28612245622953303        0.31467962738625475E-001
   0.91076113985233575        0.99567720218230918E-001   0.67126970977893530        0.31474502556351903E-001
   0.66394539951037990        0.49326403883339871E-001   0.43958188621801736        0.31429793118649282E-001
   0.87010460027660830        0.49206400134994263E-001   0.18313385043252423        0.31478617006753515E-001
   0.86000209965039620        0.99377421222175855E-001   0.29077828736988376        0.31352266861860580E-001
   0.95666754395084141        0.99203603021668696E-001   0.39920427749066068        0.31452543634355262E-001
   0.37027900072539577        0.99556347906034209E-001   0.23641376399848521        0.31468258029435807E-001
   0.40048530355999706        0.49133724043899402E-001   0.91805888375911790E-001   0.31433218106646219E-001
   0.40500964395418682        0.48925198054613012E-001   0.29481860470543714        0.31437291343280133E-001
   0.67839208787376448        0.29913708753382200E-002   0.62231968137194760        0.31435748280824939E-001
   0.97319403505819380        0.49086202723857775E-001   0.28851349183709490        0.31414946158080895E-001
   0.81488904933943773        0.46370386771564347E-001   0.48512532253940166        0.31463406477461479E-001
   0.16856040431797889        0.99388946316718643E-001   0.34710987391163584        0.31412040997965268E-001
   0.66847941052079218        0.99419880364435220E-001   0.33399984838619928        0.31321108564150504E-001
   0.53903533276530491        0.49558995890049751E-001   0.55281850861116699        0.31445647748093088E-001
   0.53031618624314783E-001   0.49131956976999132E-001   0.57197000245394702E-001   0.31480011522484974E-001
   0.14704897971729858        0.99222372835516603E-001   0.97489614018212101E-001   0.31468934144425642E-001
   0.59719860078205600        0.48992292777846426E-001   0.28269601766733633E-001   0.31575848357688077E-001
   0.61848619418854112        0.49980112538203419E-001   0.30912596845710838        0.31483870379207440E-001
   0.94165296245385122        0.49625284458861850E-001   0.87576422459461678        0.31451065621661264E-001
   0.41152708992177961        0.27540295716332625E-003   0.49520108963809745        0.31404362604328981E-001
   0.86393085707817774        0.99961688422784481E-001   0.89655156967598226        0.31428343849367268E-001
   0.77053791115692538        0.48917697118171399E-001   0.85279240761520381        0.31351509879549017E-001
   0.56538789119810695        0.99919079079453438E-001   0.51035040328615089        0.31457280043457672E-001
   0.98077416828178965        0.99464320021772856E-001   0.46023129903419502        0.31465891847062048E-001
   0.72437519118320404        0.98905873183654860E-001   0.89575862067867229        0.31432770618322330E-001
   0.16795071393714470        0.49690303688885856E-001   0.58176667580608032        0.31430333721070493E-001
   0.91316239095661644        0.49582053750099685E-001   0.63289431375547511        0.31474933741170594E-001
   0.70081650954159191        0.99900725111653169E-001   0.46527586839409113        0.31464806333289269E-001
   0.62416274147091277E-001   0.98986777307552121E-001   0.94443496909288036E-001   0.31436700733841423E-001
   0.29184058756521242        0.99498994797710627E-001   0.94405803812971101        0.31408036320286076E-001
   0.69929319957625546        0.99494413900489187E-001   0.19572072167981877        0.31467958603739764E-001
   0.88712964689410279        0.49076619120867693E-001   0.93505989226933195        0.31472880777049045E-001
   0.50701403410628720        0.51827436925420127E-001   0.41961685456884062        0.31472944795460547E-001
   0.38100644194249761        0.50375096512370626E-001   0.47209341302080299        0.31424756618774696E-001
   0.58164126314096698        0.99538833450737926E-001   0.29624179940049145        0.31488726671708107E-001
   0.87946041070158276        0.49309206319338286E-001   0.46611821945387188        0.31461877104538759E-001
   0.60467785470366253        0.99360254713429408E-001   0.64767693421242911        0.31502237320982451E-001
   0.47042426440114710        0.99387575763323799E-001   0.39570576873151286        0.31368072288463909E-001
   0.28095028051135640        0.98871612685315968E-001   0.66238363745071666E-001   0.31383227110461272E-001
   0.87844087333691567        0.99959783143317868E-001   0.79902601377550531        0.31394791582576687E-001
   0.84995962950415982        0.49469747817808857E-001   0.32812953588497484        0.31364885798047269E-001
   0.52022750234298927E-001   0.49429914654366539E-001   0.82527114521494516        0.31467512794734746E-001
   0.22603309323963833E-001   0.99163528482972038E-001   0.80017688390670016        0.31477671289336547E-001
   0.89566138847368870        0.49415713523429411E-001   0.75866055129867072        0.31353749287180682E-001
   0.18552894286199653        0.98991468916028572E-001   0.24580547549075663        0.31465152904003681E-001
   0.22952968700256562        0.48657485977519545E-001   0.61796398142790898        0.31489720437544728E-001
   0.99491015219301937        0.49232328582299645E-001   0.18261196162782858        0.31404126954696215E-001
   0.40395098155518772        0.50005584165355013E-001   0.53293194340803363        0.31425543603898723E-001
   0.49903699936922806E-001   0.99404835081658538E-001   0.86348833182315676        0.31445504919785511E-001
   0.41204392369261361        0.98993059733404776E-001   0.69004641098985442        0.31479181004775612E-001
   0.82459967667911616        0.47290552511374706E-001   0.92751470975354278        0.31486718007048817E-001
   0.43800076935648091        0.99277967700560729E-001   0.18801290918153224        0.31411907384356938E-001
   0.37959131517473294        0.24194124433014939E-003   0.36033639607206880        0.31425446070643646E-001
   0.14215244023688367        0.57028018721371677E-001   0.43605320185106655E-001   0.31435572160217223E-001
   0.29465286886579933        0.48936190536262358E-001   0.10257872091283779        0.31463389623722846E-001
   0.19264558575132935E-001   0.49420114831122415E-001   0.24524330866789637        0.31395089726990559E-001
   0.73896663753485825        0.52817387639816520E-001   0.72573559944462540        0.31507819771419913E-001
   0.64167670712687119        0.17994939691742752E-003   0.27720211259200789        0.31472572666732035E-001
   0.83531844922263032        0.49539757826722070E-001   0.77653277667689302        0.31448260550337073E-001
   0.78069417678838182        0.49475967816056537E-001   0.35346032067679589        0.31453166480766029E-001
   0.31800709594091404E-001   0.99085175612480370E-001   0.17242609859570077        0.31444133484128230E-001
   0.89153725698436403        0.99295250287469841E-001   0.13282843440280079E-001   0.31434347440827626E-001
   0.91013345428418313        0.99396781274688928E-001   0.85359312986681313        0.31477432434820214E-001
   0.27612149050721801        0.49412481029330130E-001   0.70699603575368031        0.31533987780591848E-001
   0.87937820040875470        0.49241093457738701E-001   0.69460008590408862        0.31462065707482341E-001
   0.95255126022354641        0.49188023531590463E-001   0.22907724641579530        0.31464638977987236E-001
   0.78357340451064650        0.48489456417389269E-001   0.12289127028981577        0.31460798749212565E-001
   0.47942717184503530        0.51595071738536349E-001   0.84140549193293224E-001   0.31448802014048559E-001
   0.34276251891745113        0.33025135928513625E-003   0.47218396660789602        0.31465618691543962E-001
   0.60992362180510440        0.49178074020731058E-001   0.95799975610094246        0.31490667915339124E-001
   0.24439982185773926        0.99093706784833493E-001   0.73810080822126756        0.31498499720712128E-001
   0.20690100671129447        0.49180151680143322E-001   0.84017270690340295        0.31498900026519658E-001
   0.47373428634715120        0.98833037672631671E-001   0.67780161321141041        0.31377603306044673E-001
   0.92052344322050794        0.49224507072422145E-001   0.81649753324133256        0.31404190443316042E-001
   0.71715466221959234        0.34730836666989244E-002   0.75966281384191070        0.31408897435747450E-001
   0.82625791662775760        0.48818660483054138E-001   0.62146844328161963E-001   0.31458953032958759E-001
   0.23170452753850445E-001   0.99573413305749162E-001   0.60671848330588152        0.31461215972364703E-001
   0.34640256720506019        0.98038340980587141E-001   0.62679401530874812        0.31447645669079018E-001
   0.26548548518904602        0.46707299588526097E-001   0.40076263291106567        0.31438845119751056E-001
   0.33037129681615612        0.49781356075047779E-001   0.50955144997686441        0.31464245680609057E-001
   0.42057016078766662        0.50484570379040195E-001   0.94411294892610631        0.31434618224026212E-001
   0.29944082132952887        0.99517850565179061E-001   0.23425089678999886        0.31378562601941828E-001
   0.36914514581383340        0.51166683599766595E-001   0.89448327106458814        0.31397986750100498E-001
   0.74308161714359243E-002   0.49361497629719003E-001   0.69086668309675070        0.31491821653314225E-001
   0.86154781769619526        0.99502006758356451E-001   0.57306111182527508        0.31362726231094637E-001
   0.10376639540203622        0.67908668482730365E-002   0.47512155423672063E-001   0.31499332371243284E-001
   0.50276321899778487        0.49079399167115817E-001   0.84301541877247865        0.31522136584017285E-001
   0.67791147450525654E-001   0.49217770135933044E-001   0.38555714263263302        0.31467125661393980E-001
   0.47942340972711228        0.99224795925885428E-001   0.36595078840873659E-001   0.31381878049228963E-001
   0.77904984656912746        0.99577676794194978E-001   0.74903131297388637        0.31472645696501877E-001
