 3 HS poly
 400 2
 200 200
    1.0000000000000000         0.0000000000000000         0.0000000000000000         0.0000000000000000        0.10000000000000001         0.0000000000000000         0.0000000000000000         0.0000000000000000         1.0000000000000000     
 T T T
   0.26336288673744268        0.26973209135092120E-001   0.78350557684742794        0.37779179595431839E-001
   0.83711112444707192        0.28172326619526906E-001   0.55020884440142848        0.35023539091433076E-001
   0.24454535794300430E-001   0.27560229455723936E-001   0.39467938331516983        0.33876278344163097E-001
   0.99843948854182552        0.26870557068806963E-001   0.70310665566647113        0.36167846873427216E-001
   0.49653197771532315        0.77210880152014244E-001   0.21107354371169673        0.33830460045405186E-001
   0.89834220045028251E-001   0.27407461528812772E-001   0.30930092227066389E-001   0.35944839254331069E-001
   0.84999795038648351        0.78098805901709964E-001   0.36468245596660454        0.37069267148240520E-001
   0.46855397410308036        0.27097138332556944E-001   0.76039734911686907        0.33563969398959587E-001
   0.13900829543180607        0.27076379488284164E-001   0.89157223997224866        0.39867304693343708E-001
   0.86711622578261727        0.77481560284857864E-001   0.47537785676836475E-001   0.35564843929417833E-001
   0.37881608380797732        0.77197746733468200E-001   0.88244228907438149        0.36467325537191272E-001
   0.80474971142716367        0.28305945204348915E-001   0.78655600127582637        0.36423725797164623E-001
   0.56921823776160385        0.76930233801172282E-001   0.22038971230947607        0.35050524282394739E-001
   0.72370318052586624        0.28423300602756697E-001   0.40085660667568745        0.33914143721885698E-001
   0.63920665809097865        0.77282540769888247E-001   0.84404891559541256E-001   0.35813463767602888E-001
   0.41947229377570045E-002   0.73864953607264125E-001   0.43997774134156914        0.33627358291586112E-001
   0.98419009019716863        0.26101142570398451E-001   0.21771721570988353        0.34164787052845258E-001
   0.79608835762469110        0.77393114429712501E-001   0.68209693921390785E-001   0.38384052373138418E-001
   0.39160336669077489        0.77121713421945168E-001   0.23589162354516899E-001   0.35877904255652092E-001
   0.53531428183140151        0.77161367432846156E-001   0.29424231091372655        0.35848530935290140E-001
   0.13390557851113252        0.74481761305036642E-001   0.40768599664471150        0.35957640641758951E-001
   0.52868862232178060        0.26976590716574073E-001   0.64183787633621525        0.35244967019058542E-001
   0.97735654544676742        0.77482699753547227E-001   0.26317947105152693E-001   0.33034974875215277E-001
   0.55304148390788821        0.77167199618386847E-001   0.70814664166957059E-001   0.34899277951422239E-001
   0.88261257611481503        0.78336485590666166E-001   0.69778033647977644        0.37530400927290930E-001
   0.18055457509294223        0.27059754981219770E-001   0.52001203689267250        0.35721457946835393E-001
   0.93402559736070478        0.78290884459599405E-001   0.44813057223866853        0.37127204020117564E-001
   0.78710431436567796        0.78015431951837355E-001   0.23021682477781802        0.34364205583211030E-001
   0.48154259465152789E-001   0.77247681492470119E-001   0.81811721313265151        0.35945913821485917E-001
   0.79493154805006661        0.78282992526282971E-001   0.52181230727693162        0.36102994132830753E-001
   0.65287571693104252        0.78740142707835303E-001   0.48963731382913145        0.35242120306915932E-001
   0.63402840331568133        0.76961494745283424E-001   0.18963965624409640        0.33994122359941314E-001
   0.95714723497584597        0.27244124031090222E-001   0.76398483430751385        0.37366042878461486E-001
   0.57503921431912375        0.26977025636624553E-001   0.17215807251880022        0.34533641760915099E-001
   0.46234188727483488        0.77274467966425675E-001   0.26924737650948427        0.33466309051266803E-001
   0.29170567605334591        0.77360251048677733E-001   0.27223968641411500        0.36131825764524027E-001
   0.10375770207457204E-001   0.77338814387401061E-001   0.26382386022818904        0.37108213321748303E-001
   0.81049126668670790        0.28192462638329120E-001   0.39571163716449842        0.33727151440261297E-001
   0.55000099863872942E-001   0.27114201077475222E-001   0.23048631645960418        0.37436818208920412E-001
   0.67772189682818185        0.27163993609124915E-001   0.91515455267019641        0.35532590843642478E-001
   0.97716962097213844        0.77270561145637198E-001   0.81271282457732918        0.35229540532993542E-001
   0.36750307223531914        0.77046894597317936E-001   0.56845344135313602        0.36063526027871717E-001
   0.69598606274802455        0.78236560816933906E-001   0.73832716933032072        0.34321523947957004E-001
   0.85191785583695490        0.28089206250507637E-001   0.31086381085484549        0.36291671688248324E-001
   0.32065700458847568        0.27015134721065218E-001   0.39416613705025405        0.36975373377346993E-001
   0.90712347842456931        0.29286045767607252E-001   0.56257757560146671        0.35572489416017671E-001
   0.29865728396383584        0.77136649502388951E-001   0.19947316544480401        0.36952919361623614E-001
   0.32693055711377234        0.27051050651388683E-001   0.53498998083464233        0.36310197100860038E-001
   0.95455085105786319        0.27452486568092651E-001   0.98683531857625351        0.34501057207178547E-001
   0.88055197724095413        0.28057661662815283E-001   0.41096465223835199        0.37523215871477555E-001
   0.60701514200655171        0.29047274709855748E-001   0.58838674236545441        0.35299958552150776E-001
   0.48830257853654013        0.77058756809168474E-001   0.40421105580655564        0.34731828822276538E-001
   0.45900277405878676        0.26865543521440230E-001   0.63715737652751203        0.34487526720915394E-001
   0.21601568649060876        0.76853039531799006E-001   0.55525390529426788        0.34808624336247276E-001
   0.93165930183321433        0.77374379201143761E-001   0.77530416901823898E-001   0.35511868496053256E-001
   0.91577071952567576E-001   0.27342783045272961E-001   0.37014926032390078        0.37530914017688266E-001
   0.70558133846400839        0.77164108640152607E-001   0.87414484022372141        0.34751457480073154E-001
   0.18268164308695811        0.26893244490919201E-001   0.83017286854252170        0.35440652288444875E-001
   0.50674627874593892        0.27116749530888308E-001   0.57892557434696575E-001   0.34416385580686444E-001
   0.79435071754572939        0.28016057599105051E-001   0.27362438087673119        0.32203193801631010E-001
   0.83159684129596179        0.78419698764020662E-001   0.83156614927817307        0.35876069143803653E-001
   0.65418796259757950        0.28430444470266176E-001   0.36047195538521842        0.39087513524876320E-001
   0.82596572624006415        0.28211368446644344E-001   0.47922479502167692        0.36479111001354377E-001
   0.91840055962263223        0.27787354723490334E-001   0.33247730954145549        0.33579482603799754E-001
   0.48381527169302729        0.27244228613353724E-001   0.83862933232687098        0.35655253753680047E-001
   0.21389941214504563E-001   0.27530857216260030E-001   0.87366519405359371E-002   0.35794986018042631E-001
   0.35606228648926885        0.27333245483748228E-001   0.61578572669866360        0.33419747455238624E-001
   0.67589118253805225        0.77471729787644730E-001   0.24636520970187070        0.35357253974018198E-001
   0.67155313855992205        0.78404307951728605E-001   0.41781641129742109        0.38900612327474743E-001
   0.76827023927796778        0.76965730588324080E-001   0.72128544339777356        0.36342522905157396E-001
   0.37661805355652722        0.77088295008488530E-001   0.95409159921392517        0.35212765463133726E-001
   0.68434463597347184        0.28652840897435562E-001   0.52784240647119474        0.34973665689655493E-001
   0.24569787061162987        0.77010438607011983E-001   0.61802963250882370        0.34394173490015320E-001
   0.64740576085689328        0.78659586233520581E-001   0.55963088156758922        0.34807376550883666E-001
   0.75818851806481091        0.77370067211683158E-001   0.99730212142199626        0.35217889142019135E-001
   0.52772456467115780        0.27188072498840789E-001   0.24557250041417014        0.34308708837316022E-001
   0.23653624580355545        0.27108341862284498E-001   0.98367011821798050E-001   0.35609866182729724E-001
   0.66196071853084126        0.77201598315712702E-001   0.95971142783921892        0.33195043552584312E-001
   0.47121900042547064E-001   0.76883372051134352E-001   0.68039455908219137        0.37189465166762588E-001
   0.37022922938889463        0.77092045050493385E-001   0.73155495264370873        0.36629649685778191E-001
   0.13571873696649564        0.77372607475588398E-001   0.33307812455789915        0.38681929135690955E-001
   0.48711317759193740        0.27182842623332312E-001   0.16145761511141460        0.37205800976472830E-001
   0.65103398479231925E-001   0.77565699114877429E-001   0.41301477896442790        0.32994139177480251E-001
   0.40950258003145468        0.26978924649173938E-001   0.69056525286311499        0.37948852021849791E-001
   0.77093252946916946        0.27443246762772430E-001   0.95180418186498339        0.33329252600680773E-001
   0.23232865257287494        0.77006274507630770E-001   0.82648987070595326        0.35026903953920240E-001
   0.95393303611658520        0.77614902889943077E-001   0.87851002949718171        0.34162829677446355E-001
   0.33598122247439194        0.27036273082248371E-001   0.77135884379149533        0.35783532011062213E-001
   0.86707940223541558        0.28204375704867241E-001   0.63171644478578970        0.34385045007957721E-001
   0.21969031004510420E-001   0.77287295094273983E-001   0.88341123945770483        0.34034819457409132E-001
   0.14785653252114078        0.76843115982456384E-001   0.79342253369858162        0.35573688074436477E-001
   0.36182005892638663        0.77088973552785128E-001   0.15789058791981783        0.35619353745392990E-001
   0.32413020119471181        0.26986372764787783E-001   0.31512876526904282        0.36993318401917705E-001
   0.34337024887267142        0.77382472006936390E-001   0.66343480099695840        0.36503067038454663E-001
   0.78171513531218773        0.28146513893484427E-001   0.18054584465324627        0.36214200307080238E-001
   0.57819418565610314        0.81144070938071383E-001   0.54363347275320639        0.36222589347331406E-001
   0.48095824152424177        0.27187878824549500E-001   0.98960964854358502        0.38474632927045317E-001
   0.41183081221597162        0.27210873505418582E-001   0.27947102043675753        0.38232579838473772E-001
   0.27049274827256074E-001   0.27201166850667619E-001   0.16106755337879522        0.35335165001306276E-001
   0.84848454641904447        0.77674503668327510E-001   0.97892508227633757        0.35484421505231595E-001
   0.79212174461981955        0.77464867643761370E-001   0.91151631580861991        0.34263937969381091E-001
   0.24973891569681209        0.27072148813511401E-001   0.52286932126073571        0.33471471855169556E-001
   0.20684181867451926        0.77177028433877234E-001   0.41457734999227858        0.37287483755294441E-001
   0.10857555440376652        0.26985310055491429E-001   0.96131048820938125        0.35988758102922555E-001
   0.40851405647567851        0.76855553363460963E-001   0.62922381417173168        0.36992324736761374E-001
   0.96629573581497175        0.18098209127441804E-001   0.60169093665862239        0.34637368244246222E-001
   0.41795069061416007        0.77005600589565348E-001   0.41096382923376196        0.35873594358023786E-001
   0.24930317471268426        0.27013047218746429E-001   0.71078810745734944        0.35137310852471022E-001
   0.16992884328303742        0.27063745078662684E-001   0.16417304787060866        0.38294000679041838E-001
   0.11535823280754522        0.26348282314299115E-001   0.59115330805248745        0.39083491498235125E-001
   0.28244768926251579        0.77345856222400311E-001   0.34315912169759294        0.33358031988426004E-001
   0.28008139420487999        0.26967357968730388E-001   0.92006378437541703        0.34230311494901244E-001
   0.69119964439631632        0.77299681062449277E-001   0.34317394627150728E-001   0.36380914598644495E-001
   0.71016761792222483        0.78372222814946435E-001   0.35319267604632304        0.36269092595174357E-001
   0.73969943225004164        0.78452176231063306E-001   0.44417494465496254        0.34082201685604392E-001
   0.43422627811671327        0.77078869415232010E-001   0.54428006870313894        0.34795206848079262E-001
   0.45158648414312519        0.77192713363095133E-001   0.80242424496119591        0.33848676732709901E-001
   0.67745693199743676E-001   0.27225651898999371E-001   0.86601410856381622        0.35828524932276555E-001
   0.65333930128163117E-001   0.77390328260325464E-001   0.98592279690072571        0.34214197112710287E-001
   0.17926399171368484        0.27254509435817482E-001   0.29873466265922671        0.35901965522277694E-001
   0.21612654825413469        0.77032492975020350E-001   0.19571873609235951        0.36669074747024334E-001
   0.82882502188897000        0.78156611676007404E-001   0.17027300722897229        0.33188848053155355E-001
   0.33729472281870831        0.27186804476470774E-001   0.24069118296918149        0.38350127745598470E-001
   0.68764647688574465        0.27420593061119516E-001   0.19480511776573139        0.37301103076379127E-001
   0.65411349146453368        0.28326137856858186E-001   0.72207345612454110        0.32809340481507417E-001
   0.85043827396641358        0.78190966896599337E-001   0.76303207836882725        0.35191739206433044E-001
   0.45322185418984140        0.27138778501701141E-001   0.37209673264986165        0.34110750641842796E-001
   0.46459066552005768E-001   0.27237500279743899E-001   0.30348361399424423        0.35839358968281922E-001
   0.81741032298674599        0.27232801579942970E-001   0.11835607623748910        0.35460857328189120E-001
   0.55698830140896305        0.76724457345327804E-001   0.41714695040973526        0.35093879381007317E-001
   0.63441982306333178        0.77290345178095021E-001   0.82508548894450229        0.34337385890090145E-001
   0.61040154495163934        0.77127374853140696E-001   0.89563544472589657E-002   0.34669982563832163E-001
   0.63939288954323004        0.78412220738597813E-001   0.63190873696522276        0.37868832456663178E-001
   0.15856444538793557        0.27970028476251643E-001   0.31602319307444449E-001   0.32784696370935514E-001
   0.53951837524073543        0.31182750049916576E-001   0.57377804062689963        0.33776919726439217E-001
   0.98863034007140427        0.77459175279057060E-001   0.95583004979732622        0.33427610599791976E-001
   0.43615112832418851        0.77104305406139148E-001   0.15000873963564532        0.35034980979127543E-001
   0.52527484643563982        0.26960813470568987E-001   0.36181408023865419        0.36048351512165261E-001
   0.45038623625140391E-001   0.77420207717782852E-001   0.52307822722200428E-001   0.34496848379463513E-001
   0.80847760408283176        0.27188926198878544E-001   0.12922207425760206E-001   0.36461349265204598E-001
   0.91849921590507444        0.77024872612102058E-001   0.15303478962741851        0.36672065369463325E-001
   0.41466224221193665        0.77141459899845791E-001   0.33708945454456646        0.38036123529435743E-001
   0.72430401925509080        0.78433281663048818E-001   0.65468299944936703        0.37420109612006702E-001
   0.62261618834871102        0.28314020452946717E-001   0.44566853812603829        0.36317753531460766E-001
   0.92034751815268190        0.77737516434452925E-001   0.37810426205360176        0.34088006259321575E-001
   0.83589392003232899        0.27674648532277926E-001   0.93116733473211843        0.34777844141945950E-001
   0.45774257856443545        0.27096835510578739E-001   0.44332746002667817        0.35687938764064515E-001
   0.72678192537940878        0.78621514644893031E-001   0.50997062982827113        0.32963218972102623E-001
   0.11062610296706966        0.24135206162297515E-001   0.51763784236878718        0.34283402310113592E-001
   0.50334685400264934        0.27089607244442499E-001   0.70443541214708205        0.32250658393855013E-001
   0.25123167807922142        0.27383690733501928E-001   0.30578477757260780        0.36399616694842325E-001
   0.89840732841711668        0.28320113923458453E-001   0.48848429535660870        0.36240631634746300E-001
   0.99588772593193475        0.76975821370908581E-001   0.10886711555546837        0.35941073190793010E-001
   0.73884840667455665        0.78294980891714841E-001   0.28449658691488133        0.38021273933270351E-001
   0.12760645367954257        0.26613807595888814E-001   0.74603846248460548        0.35761559756209406E-001
   0.55011870128602536        0.76968409239297417E-001   0.69020535614785983        0.37519678641106134E-001
   0.73544261635385255        0.77663509110680096E-001   0.18808361743372390        0.31973006299746649E-001
   0.81453796140254553E-001   0.74183565623669956E-001   0.47913721789514258        0.35167813967340096E-001
   0.81940591724731093        0.78257504185653706E-001   0.65544109373633364        0.38488814632309611E-001
   0.62326154804863787        0.27164280599097198E-001   0.23733621115490069        0.35712411856535099E-001
   0.24684050852129177        0.26847196276824543E-001   0.45255811413039848        0.36897873468259353E-001
   0.16805736146150915        0.27233830259379893E-001   0.45014460388240263        0.35203931695011424E-001
   0.72743786400613630        0.27332119605344138E-001   0.13473282313311213        0.34673156147829648E-001
   0.90485607135028490        0.27744084029172389E-001   0.89240259826000623        0.37089722836271176E-001
   0.60081328590176730        0.76858270644875770E-001   0.34504995914671577        0.34507940874755678E-001
   0.29574259890265941        0.77106033440030863E-001   0.74048629187405990        0.35361872386720457E-001
   0.76375602140657539        0.28047641883485009E-001   0.33735467553135406        0.38488257818206029E-001
   0.37883397855475903        0.77054413160044799E-001   0.80693165137679534        0.39020875986034639E-001
   0.63865728471658023        0.27344221544644266E-001   0.13818054453114373        0.37562169469214798E-001
   0.91111591947191728        0.27445825163037348E-001   0.37398946507711708E-001   0.31700531458923202E-001
   0.91154433962251546        0.78319190023651286E-001   0.61523230678310115        0.34351234112149132E-001
   0.94278295063579065        0.80704693143697326E-001   0.52244776622635869        0.36788680992138167E-001
   0.67731446877604229        0.28435790639316495E-001   0.59667509378021344        0.33909404358230283E-001
   0.58571889379313835        0.26950927366076401E-001   0.73104160014978847        0.36154582087606753E-001
   0.21077105674427860        0.77237222340300171E-001   0.34059963614100980        0.36507074684567181E-001
   0.50541299998128908        0.81190488183356974E-001   0.53751354840415011        0.36761416423629102E-001
   0.33454328764416796        0.26975792920971905E-001   0.84708422792175053        0.38826891161939742E-001
   0.56708267025389558        0.27182341132543281E-001   0.26015054438229723E-001   0.33580144710330807E-001
   0.74346010355010628        0.27348237374618601E-001   0.47412016178645551E-001   0.37061308245187316E-001
   0.57830296671257797        0.77160585716883959E-001   0.86237474935313663        0.32552085932736237E-001
   0.36228636781224638        0.77079417370778142E-001   0.49551063935398232        0.36415433050141471E-001
   0.44783262021595865        0.77231184901620356E-001   0.86995440970964477        0.33398812235835414E-001
   0.47295484930144094        0.27178546846948606E-001   0.90732688482360457        0.33762849083212761E-001
   0.70689443838144539        0.27300723858065670E-001   0.98215856823859293        0.37530535579134362E-001
   0.10470757160329795        0.27208527448709625E-001   0.99544368874926889E-001   0.34238552350714976E-001
   0.93231165828044726        0.28487100324540417E-001   0.66662207177412613        0.39373846710554626E-001
   0.51176038684279956        0.77190886217702134E-001   0.94088385778171324        0.37822092269595674E-001
   0.33976036588515207        0.26933145630074609E-001   0.99006344662386037        0.36395965543119774E-001
   0.22014733353540764        0.77013907893259792E-001   0.26724292639127584        0.33562396083985258E-001
   0.28007717053256537        0.77064447889913290E-001   0.12789879479269228        0.36921376251569743E-001
   0.25575107053615947        0.27100537907052309E-001   0.23274630810796879        0.36775725122553317E-001
   0.37711180155539689E-001   0.27366998202621153E-001   0.93513259046613950        0.39512785098036497E-001
   0.24846821177034317        0.27326851250246115E-001   0.37890268086222345        0.36768122909407071E-001
   0.49093519710589345        0.77172731460761923E-001   0.10489183686717417        0.35911898394515175E-001
   0.14962509853915948        0.77093224663128040E-001   0.26051270428272283        0.33521708891045505E-001
   0.93978741844493374        0.77009578090722619E-001   0.24222467114503876        0.36385658277688922E-001
   0.28977239843256969        0.76886430451169926E-001   0.48130405403816756        0.34819690874189180E-001
   0.59056732734790940        0.77117665295604640E-001   0.93664407277296180        0.34912642354874193E-001
   0.39293082790815165        0.77201832977040794E-001   0.22515038414970920        0.37956396465802518E-001
   0.82567099383708364        0.28283659030778875E-001   0.71417769272574738        0.38832643318345010E-001
   0.53422052364911965        0.77163910438500100E-001   0.15772729328586349        0.31442908291045506E-001
   0.71230835196771636        0.78470138122898977E-001   0.57296845937798357        0.31419193345847543E-001
   0.82408124956561482E-001   0.75040058709069893E-001   0.55200225263477254        0.31427313929601471E-001
   0.96805715618425492        0.27321142328029749E-001   0.91947653270239893        0.31508458645761864E-001
   0.72501178715735159        0.77750657530350265E-001   0.93746805692900315        0.31479622319351259E-001
   0.69039774415288835        0.28351290313361366E-001   0.29172981675930787        0.31426673996879373E-001
   0.62175419444301383        0.27180721670659436E-001   0.96713943545779080        0.31365965847474031E-001
   0.84957936437089199        0.78248788544996506E-001   0.59230778598553135        0.31450511237962823E-001
   0.47303237787405562E-001   0.78114957236641649E-001   0.35022047554846542        0.31407698339429233E-001
   0.98303202676942636        0.76101264617278258E-001   0.17509497818724279        0.31435398158979631E-001
   0.25087276303930212        0.26941818159847360E-001   0.16458702542393791        0.31505296892425580E-001
   0.63526498806361298E-001   0.27264742500169636E-001   0.72566088118213234        0.31432179303336576E-001
   0.72362694830131524        0.28392083462380188E-001   0.70553487755419197        0.31395807558088865E-001
   0.19582293315521271        0.70657714880926079E-001   0.66226480978585939E-001   0.31475875723422253E-001
   0.98928013494172307        0.27699638071280883E-001   0.33948403599742566        0.31523005583384139E-001
   0.21410588629693506        0.77030805012228906E-001   0.68401564307500540        0.31405010093329584E-001
   0.99028853037227271        0.27407167233015058E-001   0.85502487084776024        0.31465698091602337E-001
   0.38311463724137884        0.27863161999550457E-001   0.11739061891605178        0.31498653630533578E-001
   0.60234168371918217        0.27228959092235352E-001   0.79677330142833980        0.31414743624609449E-001
   0.22236957590971709E-002   0.77271319370127142E-001   0.74896054343876006        0.31419221322223613E-001
   0.43843587384126764        0.77662079406808179E-001   0.73078491453371131        0.31412241053044063E-001
   0.46846416524563234        0.31188160453041465E-001   0.50956396682470340        0.31399462374977358E-001
   0.10417047711483804        0.27281569375195450E-001   0.80917836494252726        0.31478946270632517E-001
   0.40886320213361749        0.28357364064664572E-001   0.91936129170819569        0.31441645029673101E-001
   0.27852373356591037        0.77561034276354246E-001   0.41593309336312606        0.31463817918199403E-001
   0.90006247831512454        0.27341118809358037E-001   0.10902541119118905        0.31470869205763023E-001
   0.18621693199136460        0.26879959628674011E-001   0.58705896495599597        0.31459921321716114E-001
   0.75188009344846229        0.31359750486569776E-001   0.54622650604160905        0.31588553043660504E-001
   0.20884330856603052E-001   0.27045704441859497E-001   0.63809737604525574        0.31480353547170437E-001
   0.40201504009247413        0.27080638120511188E-001   0.17768131573740534        0.31495636761783810E-001
   0.11949689347228769        0.76664829962480863E-001   0.64127977646052359        0.31479130592559232E-001
   0.57111954976588908        0.76949916239887964E-001   0.77417837906175135        0.31451215574505628E-001
   0.61878775302092837        0.76425222640566295E-001   0.69808936831812340        0.31445654025054982E-001
   0.31126575119445343        0.76905281168028070E-001   0.89081215054953800        0.31502001901647377E-001
   0.18731067089184639        0.27016609963830891E-001   0.23190917577241998        0.31397554530592932E-001
   0.17572026929968931        0.26957913662897234E-001   0.96957888219161070        0.31479930058908451E-001
   0.21160130199763580        0.26648298481697419E-001   0.90526129019888901        0.31406642310698014E-001
   0.49441029765789163        0.76698429534095086E-001   0.47030678866105291        0.31480015483998487E-001
   0.89160004100200130        0.27739684171707621E-001   0.96702459990146150        0.31446903801454713E-001
   0.40358794344540622        0.27061595891450810E-001   0.76374897052186130        0.31452671884490926E-001
   0.12383383556900220        0.27103790112565362E-001   0.22778373319507511        0.31338347973572468E-001
   0.89759002058978166        0.76673599694985897E-001   0.84469451725729372        0.31427150832085075E-001
   0.89030452987057418        0.25649534624606798E-001   0.25484110818036937        0.31442998682986126E-001
   0.30794276329872716        0.27017129592678248E-001   0.90365670023541997E-001   0.31470444173871501E-001
   0.11247300073452524        0.27378181539981339E-001   0.28965543981302666        0.31493375882700916E-001
   0.86591757621643894        0.78246130313906925E-001   0.45638863496004922        0.31410154554665143E-001
   0.86939767802290102        0.28214862456187952E-001   0.16393847999563455        0.31427640376541888E-001
   0.80581683787696490        0.78145442980123644E-001   0.43758097843844451        0.31553065085258465E-001
   0.44534481670786180        0.27304155527619191E-001   0.10675574386510163        0.31525566632260589E-001
   0.87482312408021179        0.78088737370630601E-001   0.52792750404370026        0.31374500816333369E-001
   0.92106656890891492        0.27266234908762843E-001   0.19981232888771769        0.31401195965109326E-001
   0.18698392507138098        0.77073942020860264E-001   0.87517237851834384        0.31333851959843215E-001
   0.69494626461639153        0.28344413253884704E-001   0.46158239111041660        0.31454331945390476E-001
   0.53948102918371599        0.27154173067779633E-001   0.90107405702258814        0.31422651776753005E-001
   0.59467948124069914        0.31887528618639020E-001   0.66060606408732703        0.31436048323730065E-001
   0.26547293753236861        0.76795285516503498E-001   0.99901788538184322        0.31404989741138381E-001
   0.89777390157216364        0.77780929799708118E-001   0.29604424329436424        0.31534744861188575E-001
   0.49045958084719060        0.27175812996013154E-001   0.29998577466229032        0.31506222378286319E-001
   0.45308992896221406        0.29165368761308180E-001   0.22314531839637636        0.31519592937076027E-001
   0.34580625020050387        0.26732271921257284E-001   0.91766268824931929        0.31452500162461969E-001
   0.27655914607079934        0.77024151517476602E-001   0.67621038372361941        0.31422929765490132E-001
   0.64520158733620014        0.27206828877375910E-001   0.34814648085453606E-001   0.31410604075150644E-001
   0.75869192153405141        0.78223116754174912E-001   0.78905566731886168        0.31473404232144959E-001
   0.43126474266986264        0.27193107258564171E-001   0.45227168366811545E-001   0.31450344287831167E-001
   0.97590419622198321        0.27240205146186677E-001   0.67417195867617311E-001   0.31391993454334965E-001
   0.98212689712156631        0.79807629331628785E-001   0.65389709800902585        0.31428795469824987E-001
   0.83228936740158660E-001   0.77103730967727740E-001   0.76045254558622133        0.31523877284461516E-001
   0.39149405691371028E-001   0.27164216044094781E-001   0.95223432869305513E-001   0.31426024141189599E-001
   0.77422606583887221        0.78054253241379323E-001   0.13522667974867261        0.31495558467642390E-001
   0.36153049182688701        0.27081498173580583E-001   0.57287254921169574E-001   0.31409505942732639E-001
   0.60328479290398818        0.77206660860405993E-001   0.27771430680792375        0.31553492543999931E-001
   0.29740459807115777        0.27345369911113401E-001   0.64361922292907037        0.31440238649111794E-001
   0.93284742516345454        0.26659086360503466E-001   0.82845681324029830        0.31392716560331102E-001
   0.76719497722916019        0.84608756628441917E-001   0.85113831457265376        0.31437074968190815E-001
   0.49564409441140961        0.79234251140616330E-001   0.60786250381990836        0.31432595183105233E-001
   0.19284102201202422        0.26865049307011488E-001   0.76384906158769728        0.31508768560543694E-001
   0.45741018337260159E-001   0.35133313837533389E-001   0.51972557898233684        0.31515382476053441E-001
   0.74503998026427165        0.27105722367331522E-001   0.89232359986492404        0.31420270965089682E-001
   0.44365239160877606        0.78834487909283019E-001   0.95398651940474144        0.31545441276753503E-001
   0.16988862841830521        0.20554089976294293E-001   0.94559803374543130E-001   0.31450122516764531E-001
   0.80519578365943023        0.28163561713134458E-001   0.60851463883025425        0.31440658959927183E-001
   0.34773022345007132        0.76994327210277380E-001   0.35587810975448986        0.31480372160400574E-001
   0.96322347343930348        0.27039229198962029E-001   0.14086566048403809        0.31464590904067745E-001
   0.30558910972043790        0.76983313694418312E-001   0.80660155095235664        0.31470289835596597E-001
   0.10988474216010498        0.77186979015492735E-001   0.84938366205559546        0.31459631547169374E-001
   0.69342699343585773E-002   0.68070710156305336E-001   0.58622690693755952        0.31470247311533528E-001
   0.88947495569290380E-002   0.83841457105689896E-001   0.50425565836317454        0.31453208928693119E-001
   0.87366035845638423        0.27150051557364819E-001   0.80612634395894633        0.31461519207826236E-001
   0.86193180932441271        0.77252748472344132E-001   0.11446269782499940        0.31539274071068511E-001
   0.28570917711246563        0.26909027570285928E-001   0.31461269541273519E-001   0.31416398948677732E-001
   0.80821779100210578        0.28530033841395793E-001   0.87053010567805023        0.31473198001617297E-001
   0.22281063527202605        0.24552719364233588E-001   0.32444798027685712E-001   0.31472558780061367E-001
   0.91379308376050417        0.77268986995325056E-001   0.78379038310150451        0.31472865543543935E-001
   0.16973389297893188        0.76232657731349948E-001   0.72872565241641185        0.31571579399199842E-001
   0.77125758929087040        0.28254305320824458E-001   0.66440209533228001        0.31426185408676692E-001
   0.41045297183846752        0.77776756158952992E-001   0.88576775868646263E-001   0.31394624784269999E-001
   0.55492047763634544        0.27219105718865294E-001   0.96206069197760791        0.31460186301399025E-001
   0.74256727990913385        0.28265884733129538E-001   0.23634914161937964        0.31431335942706903E-001
   0.24799833206805411        0.76825944323482401E-001   0.89159625896032924        0.31454955490424055E-001
   0.27290723050599719        0.27112818499331687E-001   0.58454907877532791        0.31551252657204758E-001
   0.65710816352617951        0.78335820379005772E-001   0.31055587347472852        0.31484945000677431E-001
   0.63307748878646611E-001   0.68121079795632353E-001   0.61422428764538639        0.31460389194570969E-001
   0.65235290718531930E-001   0.77171905490781664E-001   0.18398224142411204        0.31495574293287705E-001
   0.28298615309213077        0.77057163185992802E-001   0.54748197020127398        0.31393059421234527E-001
   0.94965329893132311        0.78903707265659151E-001   0.71433196963255308        0.31445722484295745E-001
   0.26261981807240192        0.76976173010541452E-001   0.61772699214607714E-001   0.31359959639257438E-001
   0.95832658528399717        0.27657328412075369E-001   0.40624794982392576        0.31496179540925234E-001
   0.68561943244595414        0.77460565286834357E-001   0.14652193200724839        0.31441861648852619E-001
   0.84482332337257338        0.74482948154870540E-001   0.26195802334792889        0.31461698524715420E-001
   0.32413906205033410        0.76951313538951238E-001   0.33520048550106839E-001   0.31559929666242104E-001
   0.42792516584591794        0.76986745857005073E-001   0.47755171478671776        0.31425671500657386E-001
   0.48416190472266452        0.77408951299538079E-001   0.33810146936674457        0.31471158570472176E-001
   0.61714085719775702        0.31150298197386447E-001   0.51984110125597438        0.31422752690292863E-001
   0.13099211352494491        0.77621512091086295E-001   0.64671697203523795E-001   0.31442786030332487E-001
   0.78416556872029322E-001   0.77167185335382804E-001   0.27169524561011765        0.31372663909663354E-001
   0.14829057290233175        0.77091423297617770E-001   0.55266365407231688        0.31513883153555716E-001
   0.46887140650053732        0.77131093744824492E-001   0.37170032882867701E-001   0.31540276177309305E-001
   0.67605037625837999E-001   0.77349947542976055E-001   0.12098828365534792        0.31451421616395886E-001
   0.35285573232806033        0.77039169597359403E-001   0.42829346723850770        0.31451989412357807E-001
   0.41247552322796716        0.28406747272818625E-001   0.84586913524164586        0.31467948683150587E-001
   0.98585616167273482        0.77619827393378013E-001   0.37765852789793825        0.31396893487867540E-001
   0.32329817531978150        0.27163026626090228E-001   0.70513846468367702        0.31455179104813560E-001
   0.31013445085593533        0.79912321125083341E-001   0.60415709350692082        0.31492503056824425E-001
   0.41131406074248883        0.27403546043147792E-001   0.98256360148713484        0.31479493190715135E-001
   0.36367518197976911        0.76771011235451228E-001   0.28912048551996766        0.31511059241713310E-001
   0.34657570791710862        0.77047297786588267E-001   0.92455801545945515E-001   0.31495058969910464E-001
   0.45070887109989147E-001   0.18117563834151498E-001   0.58047698207448251        0.31482082830658606E-001
   0.41957923884877991E-001   0.23863453659630433E-001   0.45782367007528330        0.31508575181917117E-001
   0.59134859920398186        0.77185492533076966E-001   0.13161591940358588        0.31361924874674922E-001
   0.21301502961054486        0.77913320345552262E-001   0.48755947620585477        0.31405974632224394E-001
   0.63348458039947020        0.79685287641761207E-001   0.75926611446016568        0.31523256952063511E-001
   0.92284773157360545        0.77742471599862792E-001   0.93674207708814372        0.31471231795722372E-001
   0.98605409575918412        0.30743827015430672E-001   0.53982575598889704        0.31487564691368701E-001
   0.17102102035960895        0.26185977310870929E-001   0.37523455382440890        0.31506100624205599E-001
   0.73252702055316488        0.34302288713774096E-001   0.83096449818954843        0.31442816738830003E-001
   0.15847124098807225        0.41063872524205763E-001   0.67745829476603969        0.31357162985415632E-001
   0.27322085340644110E-001   0.27241646940622307E-001   0.77773633433589417        0.31457970163888793E-001
   0.76969318773720330        0.78067811561728429E-001   0.38592405906510041        0.31411595018512907E-001
   0.54640723586860651        0.31533024207054859E-001   0.50881027399981282        0.31524687082473107E-001
   0.74179068499823486        0.27896015640470503E-001   0.60841094948973817        0.31460705279425953E-001
   0.57887756319342820        0.27081486645775473E-001   0.30765169131953085        0.31491778057586760E-001
   0.41161260052389670        0.26612658816060692E-001   0.58208657242696593        0.31420177025660516E-001
   0.10226340266857460        0.24454883969001539E-001   0.43991938553287890        0.31397101276520352E-001
   0.64035878087168041        0.77158911960642451E-001   0.89067978994311225        0.31471676340522448E-001
   0.69849630903765814        0.82147543310382570E-001   0.80741484316589929        0.31499944111190156E-001
   0.97186090854530194        0.28512392556662377E-001   0.47669316219152874        0.31544600949840247E-001
   0.40555507732540697        0.27047283157889863E-001   0.51113818583056791        0.31500708202430332E-001
   0.18020025822284008        0.76887574487078836E-001   0.62481399538122606        0.31395986970461295E-001
   0.23882801892076663        0.26837115914313155E-001   0.97151919905861206        0.31499590407405714E-001
   0.66533312450270632        0.31474944298024103E-001   0.78539575085009061        0.31404114188455227E-001
   0.91322756516642467        0.77460364950968905E-001   0.99896239515610763        0.31388062316861066E-001
   0.21245993094769589        0.76859542309453646E-001   0.94354425893697091        0.31394650362455971E-001
   0.12976398456796179        0.77327405981697808E-001   0.17371459568053338E-002   0.31418488739798078E-001
   0.58715057357504752        0.78583532561282643E-001   0.47652596286684190        0.31507780000583081E-001
   0.39076263183825521        0.26008277083988597E-001   0.44877358859829675        0.31497171486267454E-001
   0.89091901299517329        0.28311192966190436E-001   0.74489222994480575        0.31540343478418699E-001
   0.19292050430561078        0.77022186397656026E-001   0.37168441232223971E-002   0.31401544203700796E-001
   0.67744066226520461        0.28413478511709996E-001   0.66207600365425190        0.31490326001108807E-001
   0.60224812809288653        0.27108270219400200E-001   0.89451266445572253        0.31468870673028296E-001
   0.30969539279229402        0.76005948197267650E-001   0.95394921253819598        0.31519309711827835E-001
   0.20335851567599350        0.77094293419327928E-001   0.12873836868243133        0.31487885682769418E-001
   0.53906608524573230        0.29892805708448451E-001   0.11640825900346101        0.31475909746688777E-001
   0.59409447726573661        0.27186911766973510E-001   0.85510151846392657E-001   0.31416093077769089E-001
   0.52732515475640895        0.76052530491741821E-001   0.96248110920531330E-002   0.31432499410945822E-001
   0.93411618950822867E-001   0.26654891104061235E-001   0.66984442786163878        0.31554870102426434E-001
   0.14760145308502157        0.77212344025279378E-001   0.48931578325982861        0.31419193430955922E-001
   0.31703376496026670        0.27059211834573767E-001   0.15637597295494055        0.31453864013695737E-001
   0.50713383634318099        0.77096140162656521E-001   0.74412804772060448        0.31425897176365285E-001
   0.85773875103701092        0.77654080205757273E-001   0.89360818636276518        0.31434063032929276E-001
   0.77387700713432794        0.78135030794220031E-001   0.58626662478237723        0.31538159154902670E-001
   0.13746743088255098        0.77052760216859945E-001   0.12758534702618687        0.31517666450154476E-001
   0.53246472169093806        0.27111741931152979E-001   0.77296830519191617        0.31519923379698417E-001
   0.11173533709353298        0.76578510899691740E-001   0.70379619881361255        0.31441291897207645E-001
   0.56647472082601835        0.77087365767772170E-001   0.61315178746951315        0.31433595105864007E-001
   0.14953706852604690        0.76940998286874951E-001   0.94163092922893454        0.31487539547012673E-001
   0.32915447155176125        0.26853454009794876E-001   0.46234707915636286        0.31503026810180648E-001
   0.98822908925160366E-001   0.27161470320900934E-001   0.16517831488212145        0.31509947164694616E-001
   0.67059788547612709        0.27256098571801075E-001   0.84814299293108975        0.31502789403689536E-001
   0.52554704367348659        0.26711479270201916E-001   0.44800703149153503        0.31487010628333291E-001
   0.51444477370339214        0.77230455567574019E-001   0.87154879454828027        0.31477290699437104E-001
   0.47369603642773928        0.77297595998682647E-001   0.67802009017686482        0.31390509033453369E-001
   0.95750153834232610        0.77689242355433508E-001   0.31796113225190559        0.31446863956542823E-001
   0.75796061491915256        0.28815397377619057E-001   0.48345636198377195        0.31496387325117690E-001
   0.26471536481857294        0.27112700013671054E-001   0.85618118528721199        0.31440592820693850E-001
   0.72637261102156359        0.28198306583744077E-001   0.76853639817549579        0.31476653379008249E-001
   0.68457151751280754        0.27471179663733244E-001   0.84058177069605555E-001   0.31554298624559531E-001
   0.47425260147762427        0.31421837106223281E-001   0.57248928951324141        0.31402349849727756E-001
   0.12852164507889247        0.77156167590897135E-001   0.18992840394479601        0.31446834551696654E-001
   0.22913566361451768        0.76972569961313353E-001   0.74995640493564641        0.31460448170237555E-001
   0.38713742961749198        0.27521989893718346E-001   0.37730665783299550        0.31424057788288204E-001
   0.83438325366350619        0.24408849256892205E-001   0.22345075925490226        0.31465741226869910E-001
   0.51814406220449349        0.77115871908255362E-001   0.80852821968651301        0.31458409407624059E-001
   0.21245785496673916        0.27055324593095304E-001   0.64564149111232372        0.31492644388511709E-001
   0.80606826231964568        0.78075147271689682E-001   0.31165378138056404        0.31526411260713656E-001
   0.96599344716040247        0.27677682415457667E-001   0.28076546291949284        0.31436678961822777E-001
   0.89031270817673286E-001   0.74214570348648784E-001   0.91086208053383932        0.31470212973628647E-001
   0.58856296130483599        0.26844004054326943E-001   0.38631006787600808        0.31453802774639189E-001
   0.55083786953871949        0.27197145250877831E-001   0.83332319548926304        0.31436332753936938E-001
   0.72768594920814400        0.77321757552953771E-001   0.91549099426344260E-001   0.31386326444107340E-001
   0.88011900894414963        0.76119435957707260E-001   0.20968805276167898        0.31502891762565835E-001
