 3 HS poly
 400 2
 200 200
    1.0000000000000000         0.0000000000000000         0.0000000000000000         0.0000000000000000        0.10000000000000001         0.0000000000000000         0.0000000000000000         0.0000000000000000         1.0000000000000000     
 T T T
   0.63423364742415403E-001   0.11133510449513840E-001   0.40480706492452827E-001   0.36635736408549384E-001
   0.96889910129696966        0.10880112635833328E-001   0.52683752816581740E-001   0.36512156190859117E-001
   0.57689412719968547        0.61389002150046092E-001   0.89777084021268527        0.35200254884941946E-001
   0.59412802520031671        0.61746415897136170E-001   0.59449281324860193        0.35086938354766582E-001
   0.50399389302962860        0.11003868589128253E-001   0.51251067490239677        0.33759106279827727E-001
   0.35376594466638961        0.10979868434248885E-001   0.48955737251624426        0.35413341722157925E-001
   0.26865481083626383E-002   0.61164439742124460E-001   0.37945501552813615        0.36317111919754640E-001
   0.47026098755004320        0.60991642039128546E-001   0.78065576117377888        0.36605389862645096E-001
   0.14153707889975704E-002   0.11260156888563357E-001   0.48220221104853978        0.36241879904210142E-001
   0.43330763318537008        0.60878223906586260E-001   0.57868361751925868        0.38211274682790661E-001
   0.24076964820372362        0.61187439354156437E-001   0.36369515370641603        0.36881004519244732E-001
   0.83259863962932623        0.10614771421149851E-001   0.63467485506332577        0.35291292309040968E-001
   0.16426236717347453        0.10658764931999517E-001   0.85416085267728459        0.34708980740113804E-001
   0.98773228727308893        0.60763568940324079E-001   0.69821736990945216        0.37424412594490204E-001
   0.91264299261072546        0.61105715286722095E-001   0.56629607450633868        0.34695200560339326E-001
   0.27564940166366886        0.60612456638237014E-001   0.19461785371634119        0.34829266114029270E-001
   0.52903083713174315        0.11375072406306669E-001   0.92108916426476239        0.37820367993811978E-001
   0.41535812941294514        0.14318757781044036E-001   0.52196569392181857        0.33926997657276317E-001
   0.55376895425233763        0.11251153654014894E-001   0.44135849182333159        0.35982815241430897E-001
   0.66237485685847886        0.11537257600224025E-001   0.98029111506136990        0.33925487849591374E-001
   0.36508839172190055        0.10767130737450475E-001   0.83056129258546652        0.34643144886856339E-001
   0.53501187911356482E-001   0.11229901323063229E-001   0.40241545852451910        0.38523120937226658E-001
   0.48719526824390991        0.11041256716304506E-001   0.33296661061621985        0.35298258336859491E-001
   0.87701796060847781        0.60863781935323491E-001   0.38666629136422187        0.35235450233251968E-001
   0.68087806159487141        0.10629066404193192E-001   0.62125310474009598        0.36795295216897228E-001
   0.38219298493113046        0.61096895007771171E-001   0.10211434026891493        0.36397166485934079E-001
   0.27165889557318745        0.61011981411413369E-001   0.92571452353077927E-001   0.36392401423483697E-001
   0.99632489946405711        0.10772164208411985E-001   0.90395570231658273        0.33852383721797656E-001
   0.84668719458613906        0.60854314518390309E-001   0.91264132445445934        0.35465000033987851E-001
   0.16875337171764823        0.10716161057456257E-001   0.34935227922165350E-001   0.37050640468612325E-001
   0.66055676295355537        0.10942960226828854E-001   0.69248959620837114        0.37170324674875084E-001
   0.17406324865503336        0.10748661837226246E-001   0.14069383033017852        0.37530112878766807E-001
   0.36690974488195077        0.60898520006857915E-001   0.88114857390032320        0.35626764848414663E-001
   0.18180096779196658        0.61063741934020033E-001   0.40713210114770504        0.36256054165009884E-001
   0.43392792520857876        0.11352701264239304E-001   0.99911971450712589        0.36608925376980496E-001
   0.88877162725445613        0.60972711857375100E-001   0.30784431031495735        0.35512480807265955E-001
   0.77413504561773516        0.10934638500684794E-001   0.89899171002174469E-001   0.35560967814387293E-001
   0.32767133018874789        0.61034979521082514E-001   0.45951155806403222E-001   0.36436504511622211E-001
   0.51482994033198733E-001   0.10674478960837203E-001   0.94718632275837511        0.35888936900478660E-001
   0.70480075346322912        0.61324472819831513E-001   0.95032142827817701        0.37890232591462417E-001
   0.32352261924680009        0.10932845103822177E-001   0.63538182450063740        0.36141468538635348E-001
   0.53622134453816128        0.61450663139973730E-001   0.47216826697509609E-001   0.36607684366073576E-001
   0.26404363978051304        0.10784575095163557E-001   0.83932080154128164        0.35567839248486506E-001
   0.93725691354569196        0.10787935090331192E-001   0.71064239018697883        0.34523536774379783E-001
   0.60151661785722210        0.60503234996219582E-001   0.37286505038566287        0.36681064254757929E-001
   0.19399321572830344        0.11167571075717345E-001   0.45496074903211287        0.33917952804888095E-001
   0.22042244208477618        0.10968586038172639E-001   0.85043619504930543E-001   0.34889835404939194E-001
   0.81038554133297391        0.92581829267504145E-002   0.38611875547072561        0.35571865501781583E-001
   0.94832298774255341        0.60836265893084079E-001   0.81007389424611009        0.37770454867804594E-001
   0.11609534153774086        0.60774188571468463E-001   0.38629789732983186E-001   0.35534770330763105E-001
   0.94021510165622879        0.10945187456023978E-001   0.30168442361787118        0.36449539915338162E-001
   0.55745929617291379        0.61366764011384037E-001   0.65487897356190128        0.35508872270731372E-001
   0.21324638515750177        0.60942682101034401E-001   0.61087584195309164        0.36218001957692744E-001
   0.29500683659883159        0.11126045616032419E-001   0.43521820001913308        0.38061958660164465E-001
   0.71056753284632934        0.61011870257549297E-001   0.33428347508998130        0.36430378219494158E-001
   0.39016926950067476        0.11141380225672081E-001   0.67375476025045977        0.33808987940188787E-001
   0.10710676794909432        0.10629912200205514E-001   0.89827490259069787        0.37348797806007257E-001
   0.87430563490159263        0.61025571948983372E-001   0.12056039727518779        0.34146687565490066E-001
   0.30490926119132200        0.10913334243310993E-001   0.78202372857977065        0.34758394815739342E-001
   0.57913522233579906        0.61093754868797957E-001   0.27117246139536066        0.35345048797337304E-001
   0.93297695811510273        0.60830860565387494E-001   0.15775132537205439        0.34480635948157826E-001
   0.22553052877997676        0.10801489358823196E-001   0.98530453098519177        0.38360079074143655E-001
   0.11504013767664378        0.11046043730373599E-001   0.59184885506902318        0.37100293376106749E-001
   0.26666931854177967        0.11813652031512528E-001   0.14481164192882481        0.35403565768354406E-001
   0.93453217507309105        0.10810536236517558E-001   0.20920874631559819        0.37254108957073574E-001
   0.81206261258749968        0.10480300139636408E-001   0.55013511067047005        0.34098704774997109E-001
   0.28208980495164632        0.61106678647733594E-001   0.99273393766999618        0.33501699441741299E-001
   0.66353888389909643        0.11267295125707710E-001   0.35106065505385298        0.33704079708797324E-001
   0.93042806597780445E-002   0.11483532339393566E-001   0.60135516488035556        0.33722001440751992E-001
   0.41825550460979005        0.60997819730816187E-001   0.83100840113619123        0.35775206124335192E-001
   0.99075249822674882        0.60802334339912958E-001   0.21357983219708751        0.38070227796845782E-001
   0.81555130400034748        0.60809784818911500E-001   0.74244932958648924        0.35219772862840816E-001
   0.80514858020233471        0.60981561044425141E-001   0.84275721047849428        0.38042980476223578E-001
   0.62651319358839985        0.11132768568009639E-001   0.25950664631323656        0.34466372072887400E-001
   0.23150534045967647        0.58672337513717143E-001   0.25130675919033718        0.37015383354519413E-001
   0.24590260666971120        0.10831121767203591E-001   0.73505106815281862        0.38291312899873566E-001
   0.90490096317581081        0.60735788505755429E-001   0.74961296056168902        0.36589658847893836E-001
   0.38062670370224738        0.11095035116842736E-001   0.49171004988542259E-001   0.36420077970307545E-001
   0.54545189013420503        0.11741125672372683E-001   0.60550374086671443        0.35460261507759092E-001
   0.32186187376075537        0.60894606072321382E-001   0.57987352146198168        0.35085713565558473E-001
   0.19075270800173436        0.11048266744909899E-001   0.35853699039215148        0.33871723234209089E-001
   0.66513334866464346        0.60957474602584744E-001   0.46075360715119590        0.36658818004878413E-001
   0.69092013813258790        0.11319549205267447E-001   0.28623622022285400        0.35265829447276173E-001
   0.64861872886196148        0.11773962736992230E-001   0.82272763535455751        0.33524899077259925E-001
   0.10309885695132148        0.60716687503302072E-001   0.30050315613529804        0.33576411821838709E-001
   0.43789905092366549        0.11076311377182065E-001   0.18077632136528096        0.35687747604796996E-001
   0.69878169343530236E-001   0.60731416236097617E-001   0.95340793823832259E-001   0.37393023344127613E-001
   0.53116465803123925        0.61226259102803285E-001   0.55476680804040646        0.36768060708725077E-001
   0.34951819735289646        0.61025768523126162E-001   0.43876476167542278        0.35916411887757543E-001
   0.39979204715272654        0.61097707752549017E-001   0.72321950036281779        0.36840847789772584E-001
   0.29942186710282287        0.60815986255061072E-001   0.49365758516262526        0.38377151555512974E-001
   0.88352968921326414        0.10942000910735800E-001   0.25937842601087868        0.34264357229031643E-001
   0.74830463303103223        0.11053154122563927E-001   0.66869044593761473        0.38547115778021959E-001
   0.58010568078858982        0.11475014648349893E-001   0.16398294594716114E-001   0.36673168056328524E-001
   0.83946312706439963        0.10857855945035258E-001   0.48561878441436335        0.35980531909271231E-001
   0.66787402535256402        0.10689236307218386E-001   0.51433570428253728        0.36028595780232403E-001
   0.72458093640855448        0.10887741224919464E-001   0.55785352245174624        0.35451242503997109E-001
   0.73182687467886842        0.11269973399492580E-001   0.22851880164926749        0.35297610309585656E-001
   0.34349859234752450        0.61063847443828416E-001   0.32752992060723590        0.37237824640621656E-001
   0.96245088362311748        0.10990356511663385E-001   0.54634895221392554        0.38531015780834732E-001
   0.47454650648885183E-001   0.10731157705075055E-001   0.20742241033943626        0.37653334596014651E-001
   0.91680328175127346        0.60744983002551683E-001   0.57590393487366449E-001   0.35647680387750263E-001
   0.92266389403670468        0.10772108317948224E-001   0.10883820739918167        0.36160553219208538E-001
   0.72093644137252955        0.60894272658930493E-001   0.50705592506720465        0.35838943593706221E-001
   0.61930720379334614        0.60655145507363985E-001   0.52890712683224417        0.35135875330382864E-001
   0.21354469672549348        0.60701755037700714E-001   0.84710630090992678        0.35805940763829036E-001
   0.33341282696843205        0.61101269734491918E-001   0.15512610641700394        0.35135185489385511E-001
   0.55193524880210265        0.61374290529741138E-001   0.97098915106533223        0.36364818022299586E-001
   0.81845971355346736        0.10808951249176958E-001   0.79121021675287162        0.34623462222725165E-001
   0.48543628056928212        0.61354363955510909E-001   0.94676869015598253        0.33223322216856442E-001
   0.56553203045348244        0.11444035502554545E-001   0.92955269976766966E-001   0.37061595075756203E-001
   0.89084713883264932        0.60944544927091795E-001   0.47641654684005369        0.36236201835386936E-001
   0.32958298308242595        0.10751249117750539E-001   0.99440207993000862        0.35127581071621360E-001
   0.35890634420485595E-001   0.60745853079055570E-001   0.15817868536179180        0.33331424523366557E-001
   0.21962056200821287        0.10748154508715866E-001   0.89989093649751284        0.37028827772446676E-001
   0.34384735888265289        0.60944195903831780E-001   0.68000518350959305        0.33799384657384968E-001
   0.55399531457137802E-001   0.11274380937071844E-001   0.54821604764680021        0.36616822941672351E-001
   0.38177014722950492        0.60683329437385108E-001   0.26684265544193131        0.34301217731097067E-001
   0.10544074212983051        0.61274402775313069E-001   0.52809769960392416        0.36800289098643989E-001
   0.27539998026728740        0.11061444430145916E-001   0.40430943432826542E-001   0.35862210527188111E-001
   0.59664188403636617E-001   0.10757029297012582E-001   0.30866936636593906        0.33107646159340712E-001
   0.15188857363641614        0.11176093535647824E-001   0.50850797875429377        0.34126241004689709E-001
   0.50286705340054283        0.61143179298123053E-001   0.46093316881340857        0.37927625449929572E-001
   0.99432175570532777        0.10672279146337730E-001   0.75019407618602874        0.34814362329995380E-001
   0.15113685993255890        0.11514092978429598E-001   0.30195256141735455        0.35172863652284801E-001
   0.13228507550425445        0.10747117455748490E-001   0.20030228716576429        0.34896630254501966E-001
   0.63534090589613534        0.11169541172507883E-001   0.41554202981379257        0.36539845401239258E-001
   0.69919143463681022        0.11009461873313593E-001   0.13675500255585143        0.36152061652035695E-001
   0.37547383495719217        0.10917035112354567E-001   0.58205609738766806        0.38231557916727561E-001
   0.83151962630366116        0.10761078666015948E-001   0.20834452451125551        0.34755436196285468E-001
   0.44088065382647430E-001   0.60526139112157942E-001   0.26504928837314246        0.34698853607619713E-001
   0.24191982241517154        0.61146972022095882E-001   0.44686014994460549        0.35746925791820525E-001
   0.41345399434326113        0.10866966538755015E-001   0.87774638374816605        0.32693717651908018E-001
   0.64531660744645958        0.11134710877949573E-001   0.47822161495339598E-001   0.35540317060835644E-001
   0.78034872160160895        0.61361945749032101E-001   0.21620907282497312        0.35388774817408694E-001
   0.41527836223054793        0.11006753639031612E-001   0.77711362497748693        0.37771315065642026E-001
   0.82651934836133423        0.61076269534087339E-001   0.43625895535128778        0.35225341141509992E-001
   0.49159497364513166        0.60862428968308471E-001   0.17972492922920819        0.35371033623706305E-001
   0.20468972089695214        0.10813525630579012E-001   0.79651183554867488        0.35685481875135934E-001
   0.59297766183040945        0.61483962963369526E-001   0.13939701294722515        0.36175705269248182E-001
   0.63374519569032006        0.61310948009279997E-001   0.93776686886191796        0.34244924816423238E-001
   0.18354519146955056        0.60729603982826647E-001   0.19504904823151958        0.36885168286600642E-001
   0.25548148165385315        0.60836816225630197E-001   0.78897384222395561        0.35824869137313871E-001
   0.93637958105280783        0.60970740253166289E-001   0.42249122049162685        0.33950631428936638E-001
   0.20045853879331832        0.61251599735644438E-001   0.50495463722614875        0.35614511634989347E-001
   0.13647029790532852        0.61126970620525661E-001   0.46294792882629887        0.35146466237030743E-001
   0.86269526329695800        0.10805310754502919E-001   0.96359696495974811        0.36489321957205827E-001
   0.39301956815844447        0.61197120883701855E-001   0.38148220411788758        0.35986768945747774E-001
   0.53899523722033038        0.61001372931212265E-001   0.81047185495677843        0.38259474179763227E-001
   0.49583241528651301        0.61367267685631111E-001   0.61843770079387905        0.35852901303864523E-001
   0.97743987305607505        0.61060455138910820E-001   0.10191930800078394        0.34021577684821835E-001
   0.75991701333718142        0.11023582994723793E-001   0.33499105288222419        0.33792374045191469E-001
   0.86287764003706990        0.10893392483085441E-001   0.64787467726080253E-001   0.37915430748951012E-001
   0.39854468155046097        0.11084487415090469E-001   0.43130947462918878        0.34441300160301738E-001
   0.32310540450377101        0.10762582311218356E-001   0.20258186542106807        0.34280483538111250E-001
   0.89384906533121211        0.10834901957709586E-001   0.90005321033426267        0.34265380228732524E-001
   0.81457397749511540        0.61002477289825885E-001   0.32595150206490253        0.40815851973494494E-001
   0.81949985881393309E-001   0.10767602058799884E-001   0.47485708150322270        0.38658450747008410E-001
   0.72053993565788910        0.10946711236380649E-001   0.39263547861338532        0.35831204662062563E-001
   0.69962959449813666        0.61231925209605444E-001   0.80754453144788285        0.36249092360369634E-001
   0.11315856818485466        0.10708722675877165E-001   0.98723669356591337        0.36180419295480423E-001
   0.52013784116179984        0.10966163490398050E-001   0.75542776194914696        0.38355069993611511E-001
   0.31493917727750675        0.60607775053154039E-001   0.83162603064220042        0.36025137510756061E-001
   0.95371314101619464        0.10827417675540334E-001   0.96078956559580575        0.37069887229351235E-001
   0.80088522494288139        0.10982788519557942E-001   0.89508858078749265        0.34450755757633941E-001
   0.77877450726553887        0.10925572868719343E-001   0.44904535434206516        0.34804935843734668E-001
   0.50853717629093809        0.11365232048365403E-001   0.66793078818032658        0.35614727143252131E-001
   0.38085352458191601        0.61042635333575179E-001   0.99638832169714653        0.36131032822415865E-001
   0.20225566665527378        0.10954904449405226E-001   0.55857759075308477        0.36829837394346018E-001
   0.83759688789698061        0.60917917231496227E-001   0.25496273360778327        0.33730959874651335E-001
   0.86094706341747596        0.60527177784467270E-001   0.68964074198511960        0.34345063729991861E-001
   0.80216841796152971        0.20442257668281751E-001   0.24899264765721532E-001   0.34949083328965840E-001
   0.53818975811476077        0.10978792205374472E-001   0.16435897603584432        0.34563110238325756E-001
   0.43497203142536617        0.61107827929842665E-001   0.32110936555062475        0.37455505733831725E-001
   0.94516391415633083        0.60840388958406912E-001   0.90593957905038636        0.37609958900797422E-001
   0.67038466409867914        0.61116677722877183E-001   0.91354208282554958E-001   0.35309665886884820E-001
   0.64389875505399252        0.61139688907506519E-001   0.30591502914644458        0.35914659159339446E-001
   0.79027892924925236        0.10942646817575298E-001   0.27101377493191753        0.36932344284887182E-001
   0.45223458611158246        0.11077624998642451E-001   0.71276372708381597        0.36352675708569010E-001
   0.31634788635648997        0.10786807656071984E-001   0.88765066835120721        0.35601890536371472E-001
   0.10045738794708792        0.60298583046314851E-001   0.77382253151440639        0.34590893809892588E-001
   0.11996536275543547        0.60785696819527349E-001   0.15040345148799991        0.36719520843817778E-001
   0.98528354491560577        0.10748195878107193E-001   0.15369355065507698        0.37933663867474127E-001
   0.13453158669908719        0.60990548108715598E-001   0.71194842988578544        0.36041781548523694E-001
   0.57116072300648846        0.11393096071202150E-001   0.70268459503225522        0.34972839372973942E-001
   0.88366428839132938        0.60859259742977526E-001   0.20520848682041354        0.33944672739929301E-001
   0.76952487028581951        0.11335317036087970E-001   0.16341649108549483        0.38079662028533433E-001
   0.32650929408727908        0.11067071079043993E-001   0.10160199507926708        0.38327138792411945E-001
   0.50563136640630657        0.61187201365601331E-001   0.27128361815045904        0.38110302158964854E-001
   0.66609321107986952        0.11074769454231654E-001   0.20139420887691040        0.35785148888576354E-001
   0.66270320908427993        0.61391140672483108E-001   0.87038065545575205        0.36442629816066698E-001
   0.16765894954028004        0.60733525029333768E-001   0.87703324610456837E-001   0.35592598967163672E-001
   0.29088989307271579        0.11186805644992614E-001   0.34364188224712766        0.36676649759995468E-001
   0.44297326942951232        0.61056381589675947E-001   0.23180818400206396        0.35816890591021569E-001
   0.54873084084956246E-001   0.10542791697213911E-001   0.78151314431676022        0.33238738139543977E-001
   0.73027113681343292        0.60645529459870617E-001   0.60714434932218186        0.34805066583434283E-001
   0.25394026712636819        0.60954158178717611E-001   0.55175112362728684        0.35392727856348075E-001
   0.23642461619217670        0.10952131310859469E-001   0.65943896197692831        0.37223474842408649E-001
   0.32882528950925205        0.61199118683206856E-001   0.94169358927580094        0.35662521828032367E-001
   0.47372019911958269        0.11786620781965313E-001   0.84279104295157692        0.36119909315293360E-001
   0.11760762929693054        0.11052093698070692E-001   0.66979078352334953        0.31460103795835033E-001
   0.75834150628229335        0.60529547485189232E-001   0.99455156803846323        0.31556950210631561E-001
   0.93531736185112768        0.10958842304224907E-001   0.46494503808271387        0.31597347055777138E-001
   0.26204899637009016        0.10945696656929151E-001   0.59562607316776339        0.31452902115103411E-001
   0.89402886254564895        0.11254867405956567E-001   0.66076128806982515        0.31446725546102963E-001
   0.96786192664727211E-001   0.60632284319704258E-001   0.94447689442369454        0.31502715393203026E-001
   0.87102121283302114        0.11254532262014958E-001   0.58001122142519579        0.31499857467502279E-001
   0.60370953052457010        0.60686593478903456E-001   0.83665673501972260        0.31477179728492982E-001
   0.53528109049485106        0.60862601120852525E-001   0.39948625993952891        0.31461433018706679E-001
   0.15770540954467693        0.61051069238841071E-001   0.57207579022871158        0.31412772216970287E-001
   0.79042328085489888        0.63249010141918902E-001   0.49408475843321142        0.31475134167518785E-001
   0.77006547246761925        0.10944194076587088E-001   0.74549837044647993        0.31472001263442857E-001
   0.60889683029854491        0.11113973528452564E-001   0.48128327520130781        0.31486232911932123E-001
   0.81190483643223610        0.10870769099168750E-001   0.69821942107914559        0.31528316044917556E-001
   0.93225388690644051        0.61215624944743377E-001   0.65726804809102857        0.31469077494997881E-001
   0.67519953674697353        0.61131113801353804E-001   0.39229687907092431        0.31466640293653633E-001
   0.73466345389510124        0.11185362088763216E-001   0.91089907094450351        0.31517464796055460E-001
   0.76038113349699998        0.11271979670338987E-001   0.82281856965928979        0.31493582871722617E-001
   0.47509883617654361E-001   0.10887851709432357E-001   0.86331905034992007        0.31430080024651190E-001
   0.92115075128730328        0.10869261877741777E-001   0.38124742449193494        0.31393241654749666E-001
   0.24720891019955524        0.12730786886976453E-001   0.49397434211286961        0.31503973765379716E-001
   0.50896701697329871        0.11253816978962491E-001   0.98765366501560869        0.31522158415639323E-001
   0.25905716995108654E-001   0.61247554600965842E-001   0.44308717895794608        0.31407587135284090E-001
   0.95734652490090333        0.60978213841401500E-001   0.49713694853238444        0.31624577494100879E-001
   0.30534574724544655        0.61208383235417718E-001   0.38789227722670161        0.31409225055161638E-001
   0.27009652436148646        0.60870849263795206E-001   0.69270151863676899        0.31519187233260568E-001
   0.77364914716841160        0.10737601577103531E-001   0.60330107935991395        0.31420129328670797E-001
   0.18017021555568641        0.10762584310796179E-001   0.71153626405322190        0.31427869273758229E-001
   0.58692415343777116        0.11098271398095954E-001   0.80170177111699747        0.31469295839012007E-001
   0.53186257615816812        0.60976264385000194E-001   0.33594060180762186        0.31437636975288390E-001
   0.72179507475035098        0.10794286799838104E-001   0.76321759941838764E-002   0.31481692678959852E-001
   0.11910969104525967        0.11295023401814118E-001   0.96503129499783541E-001   0.31544731095213732E-001
   0.67959427539337725        0.61334379489438519E-001   0.73615573473286999        0.31442891094909518E-001
   0.99964284914530721        0.60813506058436939E-001   0.86183324031797293        0.31458005468718450E-001
   0.73752303588368928        0.60933043200547488E-001   0.43459298764178034        0.31591515205221861E-001
   0.10245738342016897        0.61109470295192959E-001   0.40439787161008511        0.31384205926497578E-001
   0.19594205773437504        0.59951824604826287E-001   0.74752193637957975        0.31418238009594819E-001
   0.86192921362362818        0.59804569857435666E-001   0.80241964221087558        0.31496521670706254E-001
   0.71146731706354815        0.10925966461266208E-001   0.46283464071312924        0.31439706859943843E-001
   0.88208579202860404        0.10865866473975026E-001   0.16293026397149946        0.31460018631334581E-001
   0.74467476345746464        0.61076141679701823E-001   0.56110983796735077E-001   0.31485519761910316E-001
   0.63149386708605093        0.11583722714530413E-001   0.11477185963811622        0.31419083298129064E-001
   0.55505902968000453        0.10890508778528225E-001   0.36657991932257566        0.31521291153931805E-001
   0.40861136039637674        0.60941963026428507E-001   0.93480871352502304        0.31397464336027435E-001
   0.62346570879719843        0.61122654975909213E-001   0.21598359418891694        0.31413894338980709E-001
   0.63647954743339208        0.61876611148345299E-001   0.78277115261750874        0.31535954997649669E-001
   0.10735914061056333        0.11086339901770803E-001   0.35503409004248249        0.31513655700647306E-001
   0.45130781702581346        0.11117174678052325E-001   0.27625742067925496        0.31534709771528988E-001
   0.49181811398274639        0.10891016674067720E-001   0.41286687234315489        0.31577441915103178E-001
   0.49682606664289718E-001   0.60764948861458883E-001   0.90182694446419032        0.31467939539562499E-001
   0.93169575839857866        0.60898338011333424E-001   0.25637819686282121        0.31459907051343959E-001
   0.92818370827047914        0.11512333471682490E-001   0.60770799095251582        0.31527145492420562E-001
   0.69933914144170828        0.60997358233208801E-001   0.66578022766847023        0.31443095126049495E-001
   0.45237189945219564        0.60780115012321827E-001   0.88947348596222275        0.31544656786572679E-001
   0.83060988761942822        0.10202925451648477E-001   0.12656413153029378        0.31513537479323381E-001
   0.33897304954971164        0.10117124793852584E-001   0.27962463020090550        0.31416883703506981E-001
   0.23491228611446219        0.10943671973912271E-001   0.30212704812657198        0.31619619784883563E-001
   0.22315442504783522E-001   0.10739255031658061E-001   0.94883851321823573E-001   0.31547020081204157E-001
   0.76948137286327356        0.60617612597197813E-001   0.55370573666482015        0.31471030006226440E-001
   0.42648501644372200        0.61104362299812975E-001   0.46473374312017923E-001   0.31439013038320182E-001
   0.40415825684401485        0.65436655097492261E-001   0.47931109601309668        0.31587831136200145E-001
   0.29759055539165702        0.10812515142807032E-001   0.54266152099635723        0.31490434393395668E-001
   0.96683029632853235        0.61614804069109831E-001   0.60447247980536412        0.31445087740487321E-001
   0.63272820427179621        0.11609616113881805E-001   0.57249616946715132        0.31527703626884736E-001
   0.17280483549090897        0.11213635889474341E-001   0.63273670953911842        0.31428767332416813E-001
   0.44565731154117560        0.11231409321913044E-001   0.62734923342880022        0.31503216670436693E-001
   0.52734744625360919        0.61286361376467161E-001   0.12214216695998188        0.31533241563290869E-001
   0.14598430294558645        0.60791232140443942E-001   0.34958025804211973        0.31486068815247945E-001
   0.68722543011823456        0.60983608240975679E-001   0.25258193541780650E-001   0.31559413799217999E-001
   0.61780278532421229        0.11478457581687909E-001   0.88080002514172295        0.31489016534257321E-001
   0.81756005888139327        0.60749575117949740E-001   0.97302790475213652        0.31446636511570245E-001
   0.57642335258864441        0.11256989080760484E-001   0.54341004902969414        0.31505336595653646E-001
   0.85623224865891401        0.12168944459319014E-001   0.84555190553525517        0.31470709968085327E-001
   0.27815268609038640        0.60952296610106531E-001   0.63023756275338905        0.31448644991949722E-001
   0.47850424404085551        0.61328152354664489E-001   0.11052871892461439E-001   0.31399511965533929E-001
   0.45754663926379824        0.64679978333791951E-001   0.51341311912185317        0.31499678472375961E-001
   0.79756324610434948        0.60604759970186009E-001   0.66184969554262973        0.31494180675369583E-001
   0.97853944028795514        0.11070148560194257E-001   0.41846907646229542        0.31467085945138813E-001
   0.13437770151855619        0.61162202201649987E-001   0.63508576129155425        0.31572345652021293E-001
   0.22188426962801217        0.58595955744907148E-001   0.37034915053532534E-001   0.31518177490641903E-001
   0.41539739413767929E-001   0.61300020273068093E-001   0.50406559401876061        0.31453288920136088E-001
   0.94205939734859589        0.61020916614038773E-001   0.34867793475659858        0.31591658278572556E-001
   0.65392132458947996E-001   0.60879203127649467E-001   0.35351786694930615        0.31477308339878371E-001
   0.48654557183899849        0.11578596620335321E-001   0.12260209137132724        0.31525255646243124E-001
   0.71786448940736758        0.58310651848601992E-001   0.18231015745568785        0.31453890247715617E-001
   0.86326621174918272        0.11006477689818646E-001   0.34457822921474573        0.31411313535338166E-001
   0.36943904957535056        0.60733721938201812E-001   0.53276409805027536        0.31514746960321943E-001
   0.13765963393302427        0.11051906187967375E-001   0.41887993346063918        0.31406812370609355E-001
   0.19495482978043308        0.61301213763115515E-001   0.30921682183576743        0.31463381609159229E-001
   0.19117318328350755        0.60796507601324462E-001   0.67489242078565626        0.31496894920197256E-001
   0.16631332725694170        0.60968921696293747E-001   0.98552457092670465        0.31530210845125015E-001
   0.14527383469547236        0.11705731688928203E-001   0.76455927625677944        0.31557452265623058E-001
   0.62001490907137458        0.11866400652102097E-001   0.74808711570247055        0.31484471175885972E-001
   0.86301063713471093        0.60855156229950386E-001   0.16588971384524413E-001   0.31462459618882055E-001
   0.35651980097616565        0.11111116481675426E-001   0.74047243080021530        0.31466006909019871E-001
   0.94511678122702547        0.10883316033529419E-001   0.85818201086409684        0.31501677049000365E-001
   0.70588517241182003        0.11403166530226367E-001   0.85441404093522477        0.31460585990124183E-001
   0.77067162712954884        0.60948412390358468E-001   0.92571367814395378        0.31418342824403478E-001
   0.25043556870308670E-001   0.61325953828047744E-001   0.64030853797565401        0.31462433889960777E-001
   0.15982880144668885        0.60591222629566524E-001   0.80349250592617882        0.31520447104486093E-001
   0.51384486502228255        0.61334555187496025E-001   0.87551920856219090        0.31453656463767209E-001
   0.60169373724469599        0.11021900570660896E-001   0.64221140477565519        0.31478280490083374E-001
   0.28131531564091666        0.61216913995911615E-001   0.29828481998986967        0.31467034409251846E-001
   0.70885931971031246        0.11069663495877465E-001   0.69471235501461490E-001   0.31421447254376553E-001
   0.37131866945385722        0.10918696779083508E-001   0.92663704595598817        0.31415549311665000E-001
   0.74280188367393662        0.61212184801615811E-001   0.12234892995295492        0.31555915943731257E-001
   0.60104468065139505        0.11391428116162124E-001   0.18447062102575615        0.31377892913020886E-001
   0.90966206843097641        0.10761519748286656E-001   0.13367894549884228E-001   0.31422283616580206E-001
   0.28028464842984235        0.96767776357130058E-002   0.25639226218709182        0.31472866643894065E-001
   0.75856358145196368E-001   0.58390319773381084E-001   0.67821527987247521        0.31451458626652877E-001
   0.65832461300896483        0.61051384681100197E-001   0.15702651007867915        0.31455091360340061E-001
   0.60301255569296019        0.10961134380151566E-001   0.32569185238614223        0.31495036957617017E-001
   0.36178323372667812E-001   0.10646823052899275E-001   0.69394287349746986        0.31483957022333163E-001
   0.12095974700694022        0.60608188796767937E-001   0.85319100559160566        0.31367575849674027E-001
   0.27174633471936577        0.60715827180870520E-001   0.88353538086127736        0.31464180431101399E-001
   0.43827684184120447        0.11141934443137904E-001   0.37873070711100038        0.31459458779920325E-001
   0.45409894830118241        0.11342154064956297E-001   0.46925549965982521        0.31534643508267284E-001
   0.47665113093657818        0.61129354485399072E-001   0.37628324692784765        0.31587106758591221E-001
   0.74111330114893048        0.61535245543691081E-001   0.87009241021529515        0.31563615684103118E-001
   0.85317288957334614        0.59287492253792533E-001   0.53300137129507719        0.31502254054930345E-001
   0.48870128220085879        0.10659697357586059E-001   0.22476719830179093        0.31502547891923818E-001
   0.14309036978526007E-001   0.60672174831720688E-001   0.78880862976638388        0.31443472015026522E-001
   0.74024017468639369        0.61593891969358952E-001   0.71778100593090832        0.31424523033179760E-001
   0.81876259115463479        0.60998034783230341E-001   0.84645788095728564E-001   0.31459640551445053E-001
   0.55087113711389035        0.11041280761797433E-001   0.23706153557115445        0.31378510820370221E-001
   0.57419567813630321E-001   0.61758784857256034E-001   0.99386097917155614        0.31526370593213005E-001
   0.46408391681635977E-001   0.61470764321860855E-001   0.73463537555837588        0.31453513593756199E-001
   0.56277034842890739        0.70299193617320677E-001   0.49485134752400456        0.31498414053270835E-001
   0.82429048796044579        0.60706705385089592E-001   0.16538234774063745        0.31514648006049639E-001
   0.63998818209513109        0.60955507325531635E-001   0.64484878999313211        0.31465824235969442E-001
   0.12305386780979709E-003   0.11138861015784287E-001   0.33371376023985383        0.31477922692323010E-001
   0.10044076685720052        0.10808987669042272E-001   0.25858201667840663        0.31458419929992022E-001
   0.99768959500621579        0.10915125919812464E-001   0.82352016446136911        0.31450782425833622E-001
   0.93564059837650301E-001   0.60741897286355942E-001   0.22076104537257127        0.31541535328642963E-001
   0.34668461385216115        0.12486746649604422E-001   0.38782791389521876        0.31533701379801875E-001
   0.38530195378383342        0.10836202272364212E-001   0.22387311134205262        0.31431324008187010E-001
   0.82059457621958165        0.60610723196153321E-001   0.59196534291252656        0.31514804162672612E-001
   0.90804962774121112        0.60941653833819678E-001   0.97196135379717441        0.31431561974175515E-001
   0.10957625111987634        0.10557876402919525E-001   0.81658890276814267        0.31542158861929404E-001
   0.54514172169740505        0.11124990072163110E-001   0.29976305622153054        0.31475147389944731E-001
   0.56216140634698719        0.60971683252833558E-001   0.20038320118338601        0.31515582601140041E-001
   0.36376749751087856        0.60070621431166427E-001   0.78373603723538510        0.31528467029253888E-001
   0.40363605679186930E-003   0.10874891976698244E-001   0.26134890480049483        0.31536100845070213E-001
   0.41123291320170809E-002   0.61262905789938975E-001   0.94723265693718361        0.31436158428108242E-001
   0.89669581887574357        0.11042234086427972E-001   0.52198839532869801        0.31570445470785143E-001
   0.63712686887842984E-001   0.10903213593249455E-001   0.63737736351147578        0.31419194420467755E-001
   0.76343924442432642        0.61157875991744395E-001   0.37705995365820089        0.31470838491368974E-001
   0.74239882490678488        0.61085249956542721E-001   0.27320286991284404        0.31520997575965201E-001
   0.44716475693942132        0.11425949502724514E-001   0.93218161734797855        0.31326119934001313E-001
   0.55593318724978913        0.11108502420811430E-001   0.85689299583867273        0.31411883192038283E-001
   0.85970647427735314        0.10844265575849717E-001   0.73936786130643750        0.31498389584458143E-001
   0.28341376152933895        0.11475698102511868E-001   0.94625338276070958        0.31463502789261855E-001
   0.22151414894501392        0.60732979185735475E-001   0.13823404895131156        0.31407710595483092E-001
   0.47713161232985402        0.61385372242243386E-001   0.83940969715204511E-001   0.31555273807811840E-001
   0.44145214793392829        0.61082661869059432E-001   0.42862145244871275        0.31467837302477202E-001
   0.59255742409014323        0.11185032609196149E-001   0.94944977700405009        0.31393411479946350E-001
   0.17204130938111048        0.60046484681218426E-001   0.90392298579497488        0.31561099504356101E-001
   0.78067178145454541        0.10855143418242490E-001   0.96272151389931948        0.31446465776695680E-001
   0.60265480087192291        0.61268382705157803E-001   0.62780738161913735E-001   0.31589158377709849E-001
   0.68068737777006255E-001   0.61061900010383391E-001   0.59341720836550527        0.31425507468218157E-001
   0.63178120837526330E-001   0.60935745214533703E-001   0.82844307039447074        0.31472769344438857E-001
   0.18504043057144395        0.86260584498718661E-002   0.24428900346137306        0.31512953607649788E-001
   0.15859292676146716E-001   0.62017595402164262E-001   0.48034331921044733E-001   0.31409293917116644E-001
   0.89585952941263092        0.60825431597110485E-001   0.85606335970478431        0.31453383317550425E-001
   0.14780033764356512        0.58611414045604410E-001   0.25325145370765395        0.31434660097666163E-001
   0.56852692117901593        0.61145671552671671E-001   0.74723843635886877        0.31512779755205472E-001
   0.24397748354157756        0.60796008051249850E-001   0.94003188215325528        0.31484293635123062E-001
   0.49822526038667320        0.60926471940676942E-001   0.71188908074961244        0.31418866726064587E-001
   0.90169849723870196E-001   0.11490155303650818E-001   0.72668507180982600        0.31570832823065165E-001
   0.68678058110962270        0.61255212623650246E-001   0.24180979486211554        0.31530341941456812E-001
   0.48969540812922924        0.11408322611328989E-001   0.47646331438215651E-001   0.31475033699806670E-001
   0.76325042551353328        0.61397103565036852E-001   0.78394693514026803        0.31526430302211646E-001
   0.74192879184093674E-001   0.10770343079123654E-001   0.14273498572163806        0.31457966964013116E-001
   0.38986903271677875        0.11125689777459679E-001   0.33595891213279361        0.31414087641418738E-001
   0.37751261333329356        0.11135679547566037E-001   0.15062539146943968        0.31462327420638057E-001
   0.42869783525629290        0.11395395678796365E-001   0.97212090687886180E-001   0.31453135211871514E-001
   0.16674235243578633        0.93243720030350020E-002   0.94403984629788473        0.31506791783180117E-001
   0.59899239791966730        0.61237337238679745E-001   0.44405304518671795        0.31474551470813891E-001
   0.44116245495747214        0.60913311084611725E-001   0.13574055714380864        0.31485350502601858E-001
   0.99451965284566950E-002   0.20651947205512097E-001   0.99931167308393509        0.31425859301070162E-001
   0.67531837405863993        0.64110656854371867E-001   0.56662868911975650        0.31392616770015890E-001
   0.96127952268885231        0.60816598551353879E-001   0.70952562083812665E-002   0.31455997883489559E-001
   0.97091520071045656        0.10705795349615433E-001   0.65394138982056682        0.31387509295781095E-001
   0.23221192459138154        0.10225804162441393E-001   0.20241930101573258        0.31567606218788548E-001
   0.31655244066328481        0.61125858705886715E-001   0.73987371760922460        0.31434372439379583E-001
   0.88009807943960050        0.11348432067971970E-001   0.43141883786372204        0.31528564235683752E-001
   0.62599128248756519        0.62020962998300344E-001   0.33300560203756873E-002   0.31483660755838798E-001
   0.10421664086526136E-001   0.61285310929778118E-001   0.55895481947483794        0.31472454075561693E-001
   0.31774331112204995        0.60012935678682128E-001   0.24669605653915827        0.31453991422098773E-001
   0.70861031476848124        0.11145619669122267E-001   0.76208441174796016        0.31512692976936429E-001
   0.87772381818780887        0.62435562189463827E-001   0.62251456490494816        0.31429185787811599E-001
   0.98629801861800614        0.60680680573483949E-001   0.29740055917608266        0.31466888086196444E-001
   0.67152211051001442        0.11386107358756782E-001   0.91551585682782988        0.31469208179272914E-001
   0.39310270460628605        0.61124082967181692E-001   0.18595760823329335        0.31507248608149685E-001
   0.90050954248559545        0.99522965321851686E-002   0.80002640175512074        0.31484357852996407E-001
   0.38599644445594217        0.60939207332834693E-001   0.62999833585980713        0.31471260035971095E-001
   0.30746386153871447        0.10880492867632756E-001   0.70109343122287149        0.31423228232974262E-001
   0.61525198902625877        0.60978248021368898E-001   0.70475991396092219        0.31344744512633381E-001
   0.44251571209458213        0.61676289486097408E-001   0.66634767496807867        0.31505464185684527E-001
   0.48259316585251333        0.11532134057635379E-001   0.57490283615212845        0.31429386372467685E-001
