 3 HS poly
 400 2
 200 200
    1.0000000000000000         0.0000000000000000         0.0000000000000000         0.0000000000000000        0.10000000000000001         0.0000000000000000         0.0000000000000000         0.0000000000000000         1.0000000000000000     
 T T T
   0.82771041275745405        0.84358952256834902E-001   0.32739048162583223        0.34072686037974469E-001
   0.31815991491407472E-001   0.84150796431039343E-001   0.21694292011816857        0.38029234896126307E-001
   0.92818081190088930        0.34123683152528998E-001   0.38104932571258598        0.36831467492827195E-001
   0.38431916840001945        0.83592972814192923E-001   0.63901276144271602        0.35738927684346035E-001
   0.65009443182772553        0.83748854969496134E-001   0.19921515057097750        0.36352740577270344E-001
   0.98011665763331468        0.84031026408283027E-001   0.10800166075251455        0.37512812120449178E-001
   0.94820241653505932        0.84127692031659568E-001   0.58404303169853056        0.35753997154667261E-001
   0.78700567930489573        0.33494585391491971E-001   0.66058455534187666        0.37055044034355576E-001
   0.40918029256984562        0.83742732641238549E-001   0.94506687348996687        0.37688332864769879E-001
   0.20915723281107040        0.83966724292995745E-001   0.53647446747438310        0.36457258117186621E-001
   0.82918017950852818        0.33803224974662455E-001   0.15554401760423072E-001   0.35828101828814463E-001
   0.23642104905515618        0.34444842416517685E-001   0.34538379208674774        0.34759171159460769E-001
   0.19867399142902878        0.34038015336886766E-001   0.90754005766054813        0.35236718334452341E-001
   0.40756042253281666        0.33666452834465170E-001   0.99795148693851943        0.35049469152753622E-001
   0.98626968053164954        0.34120906360901600E-001   0.75462294047339007        0.35842010554284258E-001
   0.63949098202124188        0.84192283004131674E-001   0.55764888055394979        0.35952858349630940E-001
   0.92199851005418587        0.84225602926235543E-001   0.32832662483477798        0.35965950737507003E-001
   0.10331027319097007        0.84350665874775604E-001   0.37079801382507710        0.36294252170166033E-001
   0.76771497054516624        0.83919727606434458E-001   0.46425260129264750        0.34991982200065552E-001
   0.43719291641628993E-001   0.34091022972282635E-001   0.79734478482471693        0.35679446029052292E-001
   0.44679250522211039        0.83710807698954809E-001   0.11235634470324946        0.34821362330829733E-001
   0.21286597816340888        0.34027812513520411E-001   0.22326261440766833E-001   0.35346123272453567E-001
   0.84552203157484768E-001   0.34324638971888193E-001   0.32098655181688934        0.36707658296399728E-001
   0.90473503922684739        0.83838158633869550E-001   0.89022505262455276        0.38392654851524176E-001
   0.67343588979863378        0.33428243033915797E-001   0.90216823092673162E-001   0.35466549334107637E-001
   0.47370741043466286        0.34230527694706157E-001   0.23051656319968292        0.37767872746473863E-001
   0.40515575000057591        0.33758530558641121E-001   0.26259330162351935        0.37843969807300544E-001
   0.19864482970963515        0.84097248489006973E-001   0.63938165760230614        0.33573718224060883E-001
   0.37007139794179011        0.83716349566869908E-001   0.53717227846822957        0.36121248334404422E-001
   0.45052809758215362        0.83834421998087438E-001   0.78914473668353069        0.37373222344607798E-001
   0.66796675035514186        0.34223067249878551E-001   0.51312021451296275        0.36779138779474758E-001
   0.87051762392136101        0.84089106319322607E-001   0.26792739001689186        0.38287303033195622E-001
   0.39329359286558735        0.33731529447940278E-001   0.78182755048751440        0.37072171708339971E-001
   0.47397596861845942        0.33574270911015031E-001   0.48611665574104379        0.34815542924911402E-001
   0.81611504002036359E-001   0.34142810460287949E-001   0.19696785529471644        0.35249078181557487E-001
   0.39977462039062539        0.33697445633480885E-001   0.88921515964058206        0.37769748602031437E-001
   0.42354387798130316        0.84041123643467219E-001   0.21271168214097153        0.34933121027459983E-001
   0.79082581960212917        0.33406168504809923E-001   0.85270224276208473        0.33008416427015873E-001
   0.45523208045117686        0.83777103045467705E-001   0.88554074312333642        0.36898918512019034E-001
   0.30991847132558337        0.33797052462162400E-001   0.17585384078721575E-002   0.34924809311553388E-001
   0.30419245012129188E-001   0.84234531587079720E-001   0.32635256540417790        0.37053927994654526E-001
   0.15736778717035874        0.83703800084501984E-001   0.58512378080270377        0.34576736144694926E-001
   0.10623891336646295        0.83706728566270802E-001   0.63551384350725615        0.36306736264122765E-001
   0.43075183291927688        0.33673908363268855E-001   0.63550151669142463        0.32454714002214516E-001
   0.58914270449723283        0.83924421243537300E-001   0.96601282061927651        0.36780871074937778E-001
   0.18162982971031369        0.34212356545022103E-001   0.24111890241500067        0.34984852607079911E-001
   0.10269724859415334        0.83624784308234737E-001   0.53287694594475166        0.35203070621353090E-001
   0.55616659409860247        0.83951496183869143E-001   0.31074899608619933        0.35285873750459121E-001
   0.47690456275466170        0.83726456214388956E-001   0.63788371807440947        0.35546896642665096E-001
   0.69488176892932119        0.33843750286438379E-001   0.88278274076434071        0.35644015734777101E-001
   0.94527587999280446E-001   0.34129567736778339E-001   0.11651025672892600        0.36662531896662985E-001
   0.99295348863739430        0.84117665265106806E-001   0.80573033769706626        0.35949173898488201E-001
   0.40678957528842824        0.83897846208307730E-001   0.31641549381482204        0.35509909940046311E-001
   0.53976057744394690        0.83792967528566256E-001   0.78331814399802024        0.33959596741730748E-001
   0.37060075472961512        0.33624857952200278E-001   0.58941589619879464        0.35948937159592541E-001
   0.74423264406555434        0.33673518578534137E-001   0.99723479759861219E-001   0.35832457601703782E-001
   0.63927392785133375        0.33768473642473679E-001   0.60919560785926663        0.35426680264675638E-001
   0.52303285646440718E-001   0.34322406317242496E-001   0.63178384429690859        0.36241214905324746E-001
   0.81749141702501060        0.34001785558518585E-001   0.15686892770589164        0.35411341745338235E-001
   0.52427983987263438        0.84235297216177507E-001   0.24767462373497609        0.35352586490608698E-001
   0.97597314559695758        0.34325912603775627E-001   0.22336022272086165        0.37079422610968617E-001
   0.39389104053103347        0.33771257926659297E-001   0.10616362848313102        0.37881079883011516E-001
   0.63297173993279687        0.83585032443907678E-001   0.12538217564539034        0.36891123960715103E-001
   0.42418330302354806        0.83864848149610330E-001   0.38821917426866848        0.38354491071878716E-001
   0.57311322840844126        0.83260391445672960E-001   0.94098717199471493E-001   0.30648208269083665E-001
   0.64213440344316408        0.83800651574088628E-001   0.89196859704880171        0.37580747863196678E-001
   0.15137048068790487        0.33411455710369423E-001   0.15944038811612948        0.34473167105320369E-001
   0.52650794603234974        0.33748723477901803E-001   0.53388400082595999        0.36171119197094044E-001
   0.70803650714357713        0.83668173692033179E-001   0.13648234858643685        0.35943033858554164E-001
   0.68439200598681127        0.34012575073679364E-001   0.30934917733861472        0.35483699541994214E-001
   0.40780045266398912        0.83759294833340589E-001   0.51033447072952029E-001   0.37778874950738575E-001
   0.16582873619103958        0.84024408429732078E-001   0.44208883306700197E-001   0.36663109993544926E-001
   0.59143450519657037        0.83784057070292364E-001   0.62602974832237868        0.35753733908444281E-001
   0.74700756083300457        0.33564096192190633E-001   0.17222682630006741        0.36705402124318234E-001
   0.76897159689025130        0.33634917465383544E-001   0.58347567638224940        0.38329213924742499E-001
   0.28428477398733593        0.34333712676880006E-001   0.89675368915674269        0.36095247903750835E-001
   0.63403345097825592        0.85447491513047980E-001   0.41243548999406449        0.32512880233196491E-001
   0.67983883749368179        0.33924565149566564E-001   0.21502315878303927E-001   0.33390047564177072E-001
   0.79004562912701093        0.33451002476620868E-001   0.75533778702146126        0.35380067725498475E-001
   0.11370543131437730        0.34053141456687447E-001   0.32571072679781793E-001   0.36452809068903053E-001
   0.39341306742096771        0.83708298028199804E-001   0.83525320521989443        0.36026462240359526E-001
   0.44157999047641344        0.33798451350959560E-001   0.16339967560722166        0.36596740635473995E-001
   0.78411128873630231        0.83367995044004689E-001   0.80579314626933995        0.35832057792799792E-001
   0.51051060673042692        0.33817025990877353E-001   0.88784795455774956        0.37437038054779270E-001
   0.88316379008943735        0.83815253058306852E-001   0.55069307079245045        0.36953321752931180E-001
   0.18724155303730577        0.84143528992198818E-001   0.74460868912057465        0.37190857942333233E-001
   0.27296037196888218        0.34014616727623445E-001   0.64602068821569325E-001   0.37885889208856965E-001
   0.68136829671141497        0.84000817014041287E-001   0.36161477760374544        0.36877710859314537E-001
   0.37498812154104516        0.33732698931095713E-001   0.19531200076967103        0.35480387669266332E-001
   0.87102046397017419        0.34010899579501562E-001   0.42561098901108402        0.35569131285171827E-001
   0.50104889422472022E-001   0.33819203764119135E-001   0.53792534696746563        0.37343942113821728E-001
   0.47626593126199396        0.83726562847268857E-001   0.53559151387191428        0.34680949548257838E-001
   0.47889138360320466        0.33735690917161894E-001   0.58745582463371171        0.35448066693181325E-001
   0.13916231757960784E-001   0.84087481782633408E-001   0.92122415339847874        0.35581997945346694E-001
   0.72554673118654367        0.79244481663284447E-001   0.52716589669998282        0.36042117924378204E-001
   0.73886145857183916        0.34018759654998891E-001   0.26450046827681956        0.35046608541724991E-001
   0.46232800398375296        0.33832832261174804E-001   0.95316325125510015        0.35652399134468098E-001
   0.53069647953974874        0.83807419497795466E-001   0.58655894050451252        0.36499839691224681E-001
   0.28600470259005872        0.84384470685519311E-001   0.32945213073765534        0.37383685892774542E-001
   0.90426286585610216        0.83928453667416192E-001   0.16663135234846657        0.37730689180954270E-001
   0.10573325961596738        0.84130197472724863E-001   0.73011169916940033        0.32878888038565167E-001
   0.73401322383891598        0.82959421085035512E-001   0.75853870516765831        0.32991118337591503E-001
   0.97869666562678070        0.84592524231411642E-001   0.27602966328986206        0.35099693086424862E-001
   0.87310649818221675        0.34408840654619154E-001   0.33200047377821373        0.33564402193074862E-001
   0.49825062495060291        0.84054914861262833E-001   0.57496765149999192E-001   0.35090789920210891E-001
   0.34344374836793601        0.34050774790717858E-001   0.84271312896372597        0.34693301323826600E-001
   0.18218723800177760E-001   0.34306161881683998E-001   0.16289796938486353        0.36599555446404794E-001
   0.11728465768599840        0.33948395215289390E-001   0.42165210450563900        0.34991562104360302E-001
   0.88568026643399789        0.84089246446335600E-001   0.99572744643799793        0.36474572512606683E-001
   0.13278548649590041        0.83480391555749836E-001   0.46960959384376522        0.34850439044105515E-001
   0.71861162492755637        0.83829757977944841E-001   0.12667416474517775E-003   0.33293707615269064E-001
   0.93008650553500050        0.83631612880010087E-001   0.65357784491336746        0.35983724994453230E-001
   0.24794261044243929        0.33725937343506068E-001   0.96007192292012988        0.36081144132539815E-001
   0.92528595198912178        0.34223342310840142E-001   0.27635621049425119        0.36223702298075644E-001
   0.93430149616000213        0.83747914526591458E-001   0.49621367241777037        0.35216314946980513E-001
   0.89964369033449632        0.83965943537395893E-001   0.81560742096397376        0.35991838013785971E-001
   0.29708032746865048        0.34304943414589950E-001   0.38333740036347108        0.36487463758119239E-001
   0.19238834678418271        0.34104486104285389E-001   0.79766623429651640        0.35843253684240406E-001
   0.35544541066294566        0.33597736744661176E-001   0.94769366377216457        0.35598539898944723E-001
   0.84607924359380637        0.33639533476705889E-001   0.80281412093398241        0.34415536483358405E-001
   0.54148722946252204        0.34048438161856737E-001   0.35916877687415660        0.35771470569563174E-001
   0.51499419525971958E-001   0.84208305809941736E-001   0.84910618921163250        0.36588488272049802E-001
   0.27776347929783546        0.34164911367703797E-001   0.20461540606969703        0.36417718196092248E-001
   0.33962026681985591        0.34063397337159095E-001   0.73718775537333869        0.32619429316266969E-001
   0.68943803727745223        0.83970624552258871E-001   0.25932417767256705        0.35394436719434749E-001
   0.24485524743977782        0.84552307942979674E-001   0.39571497357526586        0.36584785121830499E-001
   0.69410732292248012        0.83650459740861424E-001   0.81346470000742588        0.34863704332400325E-001
   0.38972922488818773        0.33735409751190965E-001   0.69033308808370597        0.35957833493906119E-001
   0.25027325900661940        0.83577698384172339E-001   0.59438102678357829        0.34032660715891942E-001
   0.47839230833972840        0.33716732932931946E-001   0.39140930848149907        0.35061021377528888E-001
   0.27763888697810446        0.83877125146394518E-001   0.50229220193136892        0.39626907356922057E-001
   0.63580994763104004        0.34670516452647175E-001   0.73676056054222616        0.35301546179554839E-001
   0.89572588162676103        0.34079815372322429E-001   0.94452229622251294        0.35723212573758316E-001
   0.98507908003968936        0.33800741816959391E-001   0.50320807006634194        0.36339489227142092E-001
   0.90764325569858140        0.83998928850496604E-001   0.92477409630737417E-001   0.36412143197024689E-001
   0.40341846815700418E-001   0.34284275264828960E-001   0.37887898377754625        0.36039168382563380E-001
   0.33827114185246099        0.84580009629076344E-001   0.69157977362921585        0.34031895117721526E-001
   0.78586805722200626        0.84045861419320467E-001   0.98970767198314269        0.34693953278843205E-001
   0.58341249488101288        0.34328939837024244E-001   0.49159087848520655        0.34718143471911295E-001
   0.18386779057845157        0.34068891087665698E-001   0.94370897058619049E-001   0.36266500860400439E-001
   0.26165991150129020        0.83958735028517584E-001   0.12195698984447506E-001   0.35162357747274303E-001
   0.80810536072044736        0.83634874242562218E-001   0.61605245886921545        0.33005449106464475E-001
   0.64510316004630341        0.33914581490612467E-001   0.83001234881099184        0.36837031648952356E-001
   0.74303762661557726        0.84029691909393148E-001   0.86468757515873518        0.35928681736996128E-001
   0.79657211598734257        0.33858742315516298E-001   0.22430061612571625        0.35173365627221675E-001
   0.10765047441115631        0.33710632615275210E-001   0.58334782245704131        0.35948263241565900E-001
   0.31624846750785118        0.33952973229874721E-001   0.14293925126168858        0.36275120974840480E-001
   0.32854652660826530E-001   0.33349458898953785E-001   0.44979357649341872        0.35204328424811367E-001
   0.53870944755787731        0.83770543329394903E-001   0.67685821037571203        0.37474629545310396E-001
   0.77746377117216692        0.33744124618600123E-001   0.51137771528372400        0.34260777104497590E-001
   0.80974348355899828        0.34016057383804310E-001   0.94770228434861226        0.34751416595301267E-001
   0.52620922550993365        0.84318427799091988E-001   0.48435742831948669        0.33488616685160809E-001
   0.72116465327137358        0.84020691290455571E-001   0.93198346857378933        0.34722405228893485E-001
   0.89311328240276577        0.33966155153707302E-001   0.44869756187330474E-001   0.33879115591263692E-001
   0.84017316237444839        0.84027168068792055E-001   0.20100088248632586        0.34966710665085145E-001
   0.84958346419205399        0.33748051342708509E-001   0.88924159430629379        0.35993568002730451E-001
   0.35863165980254685        0.83671653895709866E-001   0.99737414989507400        0.34899619478679297E-001
   0.68402381921094702        0.83842327072825684E-001   0.71278717951745763        0.34758556286641311E-001
   0.24505593989039626        0.83856290904119474E-001   0.69153981825385691        0.36153325194159251E-001
   0.59029493647961073        0.83575781856053799E-001   0.83371002323665433        0.37165491305319320E-001
   0.42418719539177568        0.33710514665946399E-001   0.53902329389206427        0.37566719926625455E-001
   0.54314004737254062        0.33741997213688320E-001   0.73259309487068103        0.37309318235743898E-001
   0.30171029360575896        0.83621072659770562E-001   0.94957816555608932        0.37640538926703652E-001
   0.29461699753580661        0.84068435713934866E-001   0.84648299520431980        0.35271860809706505E-001
   0.59406207462221784E-001   0.34148543019567684E-001   0.90013462969479185        0.35174268721995174E-001
   0.24103895964924865        0.34083080089842864E-001   0.74393582155159288        0.36204080930084495E-001
   0.54149739545032716        0.33928361387609698E-001   0.95197410129897886        0.33682217279710054E-001
   0.99677100201796343        0.83986672275163654E-001   0.99076157990445335        0.35776480168469814E-001
   0.77418538458124719        0.83825318521524528E-001   0.37482298166979860        0.37227537097674644E-001
   0.36399323085408075        0.36584017221775920E-001   0.42017997056121598        0.36240477063418444E-001
   0.47606156716867520        0.83757653718496194E-001   0.43887159005866100        0.33836164113918675E-001
   0.20380880542564364        0.33770267307919787E-001   0.59322469268757549        0.34091314263647289E-001
   0.94564199595824450        0.34357561207858232E-001   0.99605545614930946        0.35505080100542104E-001
   0.31981740446747398        0.33693000372215683E-001   0.54013935102011135        0.34812148275719518E-001
   0.96315562464206206        0.34235402681147088E-001   0.91339514533330368        0.35636427197489537E-001
   0.29325238202315934        0.84086430703724735E-001   0.74535210167815702        0.36011339278232940E-001
   0.15521617453401448        0.33544399784735786E-001   0.52484551384309686        0.37662085338321168E-001
   0.83994610433442929        0.83716158831675630E-001   0.67923367285005642        0.37705152360637033E-001
   0.29690290219024671E-001   0.34412158212090739E-001   0.27287237591210195        0.35931543843313180E-001
   0.15937358566590024        0.84075542982972831E-001   0.93234488889715317        0.32981933242946911E-001
   0.97766593293204584        0.34426564420299656E-001   0.32752876947608084        0.35486619967998304E-001
   0.80448482984561254        0.83675898467124032E-001   0.54724501547204407        0.32865666063363212E-001
   0.84522636683486219        0.83736759859974780E-001   0.48452126688855152        0.36230202768597231E-001
   0.93072073099837638        0.33657994581554739E-001   0.70705792482484697        0.37212816102953773E-001
   0.23244019093865512        0.84293301322383885E-001   0.23193186374249167        0.36290896389721446E-001
   0.62835394759422514        0.34002305142370945E-001   0.35842241720276280        0.36041939328754984E-001
   0.34604456973236536        0.84192945243055761E-001   0.37050582368443408        0.34518629801094242E-001
   0.73391401595483186        0.33578924959896568E-001   0.71048391203056838        0.35539120139266640E-001
   0.73521225059783357        0.83943200480406904E-001   0.31373536038794009        0.35147109974964758E-001
   0.13607008112064095        0.84213305733096114E-001   0.30471783241478156        0.36687253230164911E-001
   0.55965320253471162        0.83724122878483229E-001   0.90176183216693140        0.33881558730845800E-001
   0.26321124872905949        0.34280060080644097E-001   0.27776478245060165        0.37941275457706355E-001
   0.98488099807318941        0.84138253474671507E-001   0.38720438909886468        0.38861050660154745E-001
   0.20815532744813253        0.84140027397128558E-001   0.85214640342452030        0.39690532344399829E-001
   0.50692259995903477        0.33987309791741971E-001   0.29632997227292429        0.35868729843372298E-001
   0.59758695147490670        0.84014982589652287E-001   0.25077909797759118        0.37233614778671029E-001
   0.52072153151107514        0.33963589319264791E-001   0.17188831207339422        0.32144978391200188E-001
   0.78275687259269078        0.83746470648136007E-001   0.62013687764889171E-001   0.37636958582059135E-001
   0.42005699580595518        0.83706012652114276E-001   0.48309449003542615        0.37511500252210929E-001
   0.44967970836530358        0.33512049262543087E-001   0.73418766189586016        0.36610771420353787E-001
   0.69784305446239118E-002   0.83354244683417081E-001   0.61998135390912401        0.31453793206165752E-001
   0.10744447075103095        0.84152024441536841E-001   0.16131823395749326        0.31362806156833144E-001
   0.49562588308605887        0.83488853008893707E-001   0.73113126003125817        0.31330144295782292E-001
   0.25452419616470479        0.33910212411699413E-001   0.55150908531793219        0.31416559608164890E-001
   0.52614966555488796        0.33908609206403900E-001   0.44119417001818190        0.31372847751431628E-001
   0.31934236209854905        0.84044907459373194E-001   0.51018185018105310E-001   0.31479097632680260E-001
   0.98885778411691394        0.83707630525117871E-001   0.45743496724771882        0.31456065454684864E-001
   0.87970171319460722E-001   0.84080680942934583E-001   0.70662098591261380E-001   0.31421629123554187E-001
   0.85158035807068377        0.84043021541276450E-001   0.93630902542594763        0.31403803608774095E-001
   0.58017488481601298        0.34107519107777443E-001   0.57656839177168184        0.31310746591521596E-001
   0.31532053132876503        0.33091681241606226E-001   0.46706814388262358        0.31337022922227620E-001
   0.82463523990257737        0.36348566825576994E-001   0.37534409987598766        0.31331879099593243E-001
   0.32884115763400951        0.83054072642509386E-001   0.18829492934053504        0.31469314642398612E-001
   0.84106143786423171        0.33657406330672927E-001   0.53003527860835342        0.31398573690419637E-001
   0.57421091207063524        0.84565847372715053E-001   0.53434439853748683        0.31397567089747766E-001
   0.57936769162558993E-001   0.81788427421936011E-001   0.68662752853892539        0.31435727924323739E-001
   0.88528401932886677E-001   0.83743522756476563E-001   0.79209658435879615        0.31387964349510890E-001
   0.11642200612158105        0.84229384089646794E-001   0.22419599947826377        0.31383357660788293E-001
   0.69330416365711456        0.33807274518773606E-001   0.21459566715205389        0.31439535919628385E-001
   0.65437893629905750E-001   0.34157832243382556E-001   0.73389747908372949        0.31354325040717376E-001
   0.94143797433313681        0.84376228821290075E-001   0.76231416862598789        0.31369280374012161E-001
   0.78659064099981535        0.82588547487495778E-001   0.27028941341924551        0.31479020592897360E-001
   0.29121760597936092        0.33574450052114367E-001   0.60497649374615281        0.31436556932429180E-001
   0.49133033540276239        0.33744667582344109E-001   0.68011907313805142        0.31446371349026413E-001
   0.82481902518503503        0.34127784712017051E-001   0.28476365737922832        0.31472771432948549E-001
   0.58031769815644862        0.84251108317254186E-001   0.44815749835351204        0.31456694555435857E-001
   0.24217136760152266        0.84047593354004829E-001   0.91459601049008110        0.31399770546292928E-001
   0.26074399921843527E-001   0.84495651304568375E-001   0.56091852573898170E-001   0.31452294938707402E-001
   0.21952086129682236        0.84030640544279653E-001   0.29841952799618610        0.31367275813240329E-001
   0.38702209882258587        0.83733257511276638E-001   0.73541638968469392        0.31416441735901558E-001
   0.58994378348172372        0.83783475566026583E-001   0.73892794305285625        0.31428786392873435E-001
   0.29327766642748393        0.83185122489186483E-001   0.64382966735064551        0.31386454008182532E-001
   0.25346837669694894        0.34005777425972189E-001   0.82915200763801900        0.31470270774301409E-001
   0.58518534364594044        0.34255798783831830E-001   0.41028899647133454        0.31411877294319317E-001
   0.73988409893499896        0.83436187035089843E-001   0.66295213737358616        0.31400826642841100E-001
   0.22703140889807055        0.33741818587136659E-001   0.49376280995077781        0.31438275585315083E-001
   0.34583865479061782        0.83897724683042449E-001   0.10812907461201500        0.31392048831868469E-001
   0.72044391302939659        0.83717176379395547E-001   0.41761042561623668        0.31396162852388582E-001
   0.29888438435854320        0.84288709959456337E-001   0.24540086260636451        0.31366851369006486E-001
   0.44915657830490774        0.34003386152004669E-001   0.33097598358574276        0.31433016209690280E-001
   0.31105274395340009E-001   0.84142165592319240E-001   0.75011572355446021        0.31410388978319312E-001
   0.71125292119269068        0.33555628411245590E-001   0.63777529139574229        0.31380713792355998E-001
   0.96539710502994577E-001   0.34454183034776258E-001   0.83866206808588895        0.31328157709111272E-001
   0.61756206302932593        0.33992632813938523E-001   0.32134187062107336E-002   0.31500125548073125E-001
   0.56883515398500462        0.84293457855323939E-001   0.17988518407474050        0.31417428512930182E-001
   0.54667672057887073        0.33757546254785692E-001   0.62980924723753351        0.31435682754100150E-001
   0.66034457245178102        0.33837434708653101E-001   0.67470697832838500        0.31421897185144723E-001
   0.14774971793939146        0.34280474112716584E-001   0.36008089722332792        0.31370776767962530E-001
   0.33673179452776802        0.34294866198636212E-001   0.25049213434750806        0.31530285588634105E-001
   0.71159773101096868        0.84274585724205528E-001   0.65595983540528022E-001   0.31426091649664069E-001
   0.99514441597213299        0.33802955715019102E-001   0.58305631817235615        0.31329837020053458E-001
   0.24350400622765905        0.33828675521313759E-001   0.64590653326323688        0.31409951784507444E-001
   0.81070886295822275        0.33766300283586397E-001   0.45475286188042163        0.31392638391291645E-001
   0.74711873408754248        0.33961335176567124E-001   0.96959706278915381        0.31426107610666131E-001
   0.49145754299544314        0.85432139562003850E-001   0.34255913356711992        0.31420064463947676E-001
   0.12690551688885479        0.84209175261356004E-001   0.98833442576327357        0.31354711222520752E-001
   0.38716437229573092        0.33867989427973345E-001   0.35649793478868141        0.31435194094485065E-001
   0.72384431799790172        0.83613415862396012E-001   0.60175527114584515        0.31423244075201688E-001
   0.33651096547344755        0.34317311556380459E-001   0.64842488543753107        0.31317458234341976E-001
   0.97134708274477133        0.84206727426555938E-001   0.86950430524752298        0.31347158981115175E-001
   0.19073312053259886        0.81674649962594270E-001   0.35429896051098497        0.31454343665762753E-001
   0.30323394539794690        0.34071711100591588E-001   0.79001264375946101        0.31379927344475540E-001
   0.53084645693149368        0.83937449197043948E-001   0.40346497936092901        0.31359857835794876E-001
   0.32467665340731797E-001   0.34036634434925502E-001   0.96203222529503218        0.31454152955826702E-001
   0.74528983443409402        0.33802804601064440E-001   0.32434356020523150E-001   0.31405855281836773E-001
   0.77845633631910860        0.34239198356177628E-001   0.32733422993376171        0.31440716468940970E-001
   0.58484510199282935        0.83997518465546372E-001   0.37125213180826638        0.31464103679077537E-001
   0.97503626918445085        0.33881822510449668E-001   0.64396264405706460        0.31460372393178324E-001
   0.18218262572776775        0.34226050996988028E-001   0.30755418292461184        0.31366660630353330E-001
   0.28293919892936176        0.84040212648411813E-001   0.11154703179374049        0.31382913532162604E-001
   0.75860574545614490        0.33790287430698118E-001   0.41959919004063995        0.31452007303446591E-001
   0.19525246025756335        0.83946222772957907E-001   0.13880368368329624        0.31453013335658420E-001
   0.91586371328139138        0.84231581004027084E-001   0.42593615018527620        0.31360182675378372E-001
   0.56977299341288845        0.33344937074151093E-001   0.13123262674435934        0.31489972621031946E-001
   0.73888862528671062        0.32720546235008439E-001   0.81357503762375938        0.31357805149741826E-001
   0.68498091441496523        0.33914160515179967E-001   0.95644890354846479        0.31404763659072014E-001
   0.34932729453398942        0.84193394723500681E-001   0.89575120708236755        0.31425721407577843E-001
   0.49168271369311989        0.34176100907553082E-001   0.13756901730304749E-001   0.31446859199451435E-001
   0.49742595854801608        0.33841864968079415E-001   0.78411330566042037        0.31295229549055163E-001
   0.62364692079026518        0.83885937484638892E-001   0.68562839823909194        0.31408458029561458E-001
   0.58619306466194077        0.33864040470964057E-001   0.67891763047329046        0.31396669011227098E-001
   0.60478968953679169        0.34006089250980240E-001   0.70362451966775555E-001   0.31535549761628714E-001
   0.37321309663534019        0.33677765292795585E-001   0.49150902029841570        0.31467876992488639E-001
   0.45432402356921098        0.82758976978321033E-001   0.99894947179187388        0.31419197707386139E-001
   0.59986429402110290E-001   0.84674838448207446E-001   0.58596189502935558        0.31480308147115471E-001
   0.21313443880713354        0.34188712123840802E-001   0.18251546331545088        0.31460948376901623E-001
   0.87261947123409978        0.83840506362011388E-001   0.61834620933363793        0.31394593785293266E-001
   0.97282575012407346        0.84401083756890802E-001   0.17658119313031062        0.31389933134608729E-001
   0.77899500109934217        0.83449728381502983E-001   0.71228215768758707        0.31474805467546184E-001
   0.62675254864510777        0.84273104007081434E-001   0.49109723178122772        0.31374631442918917E-001
   0.94795230172348743        0.34132141937448554E-001   0.44636271292745411        0.31385202264108021E-001
   0.33297785445356750E-002   0.83798373772180287E-001   0.54541981935590689        0.31492881909590348E-001
   0.52457851759685381        0.84063435978064524E-001   0.13275219918886169        0.31384615999442561E-001
   0.15711400398052680        0.34270645473943817E-001   0.85528143832713388        0.31421571777659196E-001
   0.50312568804799274        0.83779858549719657E-001   0.93463834726788597        0.31409811518756194E-001
   0.17515555384608597        0.33508968341836760E-001   0.45812622442900119        0.31442653696907144E-001
   0.83461967009298788        0.83673562084606828E-001   0.76108603618343751        0.31456606373269552E-001
   0.88857131195529537        0.83774472485319273E-001   0.72843989309285684        0.31416234304919945E-001
   0.12529999491882141        0.33771784312701475E-001   0.78253022859714916        0.31362612992969469E-001
   0.64495413369490517        0.33587940512651827E-001   0.25472696293721170        0.31395108914906107E-001
   0.20414615827281829        0.84231900579971833E-001   0.97862234918246416        0.31309841647707996E-001
   0.54815791094682204E-002   0.34158802156210442E-001   0.85260954901353825        0.31405846729008119E-001
   0.69411913742224496        0.33524309229737877E-001   0.76949225140863875        0.31470341362351564E-001
   0.32538513405008368        0.83613355353037724E-001   0.58798586099237649        0.31411897246401643E-001
   0.35928517867790244        0.33156414160612588E-001   0.46083534434808948E-001   0.31413622710784635E-001
   0.82646504792801889        0.84162980773988177E-001   0.41947427475910898        0.31426877585891778E-001
   0.94019056332699469        0.84283633912971570E-001   0.95181601156277196        0.31422259107623765E-001
   0.85135735390095391        0.83812257512077312E-001   0.54661151633461073E-001   0.31352705037410965E-001
   0.85038544609783751        0.33752640025274616E-001   0.72611149066446590        0.31480300793975957E-001
   0.45237808968292920        0.33720972422644581E-001   0.83706972198181195        0.31539067151640551E-001
   0.68626972407430265        0.84402222720712530E-001   0.47031310005083110        0.31381040698175537E-001
   0.65535688128449920        0.85581508424515604E-001   0.98512914530274198        0.31349149262800441E-001
   0.19908260932805538        0.33604708111596354E-001   0.69036265299930810        0.31404583959761853E-001
   0.16313158869521893        0.34075164059294234E-001   0.97631123358892391        0.31412085977876758E-001
   0.83994246719828403        0.83971936207084541E-001   0.11864500845367809        0.31367404702995212E-001
   0.31133166362814219        0.83034912326888088E-001   0.42887756974163760        0.31425556036739376E-001
   0.34555268157939356        0.84069722413307665E-001   0.28813683735097223        0.31416418436670590E-001
   0.98833057155263526        0.34275373414809962E-001   0.47746440532253485E-001   0.31392235022103407E-001
   0.43214363084467300        0.83762867433985644E-001   0.58686086091678347        0.31436001339376490E-001
   0.72788409082610339        0.34022899835574029E-001   0.36471035593116580        0.31443085802097287E-001
   0.63672593810258948        0.35452647131739005E-001   0.45228605457655496        0.31477123052548732E-001
   0.75714455752894561        0.34045158912339203E-001   0.90759997361615374        0.31366149556073489E-001
   0.50678105442391053        0.83263304972357455E-001   0.83986130967273709        0.31493553464947595E-001
   0.92700098338301479E-001   0.84152022410054206E-001   0.92901169470433342        0.31430629331813655E-001
   0.24235686630881995        0.83860483523678489E-001   0.78972150665051999        0.31396365263825728E-001
   0.63584033421678865        0.84462710485368797E-001   0.78188060103628065        0.31398328212093866E-001
   0.62527585455908807        0.33893819241217087E-001   0.93654556945139611        0.31419522232727058E-001
   0.21433624481748456        0.83169444033922693E-001   0.45649250695648458        0.31438409184861037E-001
   0.77683479618628715        0.83662235904794283E-001   0.13529110836431901        0.31450275620347634E-001
   0.45423268723266408        0.34148819763323041E-001   0.64533485416898587E-001   0.31412954478193408E-001
   0.87725821641373991        0.34060312746738874E-001   0.12694316605530032        0.31388789402246209E-001
   0.97903171353734986        0.82474878238609217E-001   0.70771148504276826        0.31428120768142928E-001
   0.17358515368831839        0.84249734691426312E-001   0.19789886094151835        0.31465794901549000E-001
   0.66757726538321627        0.33742721311848932E-001   0.15689155147436304        0.31422719737901714E-001
   0.63979309429732192E-001   0.84144238611831373E-001   0.98905278475246394        0.31338827010841307E-001
   0.87476901933260520        0.86709787188631052E-001   0.37726592178808632        0.31408972518844093E-001
   0.11949898060251023        0.84775348365138337E-001   0.86953428387403364        0.31487571621324921E-001
   0.15235964199875895        0.84360462414776030E-001   0.68527887288577893        0.31435421359471367E-001
   0.14883093914512466        0.83781318400998561E-001   0.81265685421320466        0.31495330428345736E-001
   0.65021262834461035        0.83378859454918380E-001   0.51864673929275740E-001   0.31373482376382877E-001
   0.90351834557641664        0.33726871683876468E-001   0.77013701943482760        0.31348988357494806E-001
   0.93965808946661211        0.34427305675295526E-001   0.84456720241597683        0.31403847637440377E-001
   0.12561308855995448        0.34093407779995630E-001   0.90971862519334312        0.31396441385991028E-001
   0.90609290761657535        0.34111341897053823E-001   0.59934918123074998        0.31365916944648305E-001
   0.91293767911250684E-001   0.33400249262067680E-001   0.48288614516526007        0.31388549963167374E-001
   0.53908111239983880        0.33368481187674069E-001   0.76382019329162693E-001   0.31349809566804672E-001
   0.52420652867043249        0.84096845232417172E-001   0.99393020182233582        0.31332288938609829E-001
   0.33318742613456698        0.34211054014269625E-001   0.32423304303512962        0.31361974270295821E-001
   0.49597429410772637E-001   0.84318244615445959E-001   0.12901974358986093        0.31403681135232404E-001
   0.75260998938933066E-001   0.84498750499333863E-001   0.27217241896698763        0.31463701617214949E-001
   0.54332423806562424        0.33162640335842840E-001   0.82722626753347883        0.31418042859429444E-001
   0.84241268753891896        0.34077397559887902E-001   0.59300010912088263        0.31487215989988597E-001
   0.55577207670257578        0.34029908507147037E-001   0.15632101899635736E-001   0.31485275130953512E-001
   0.73512882721924466E-001   0.83488576188477062E-001   0.43166635501762829        0.31433718362363805E-001
   0.42954890055087669        0.33762670929671897E-001   0.43660350528438846        0.31355230449441336E-001
   0.63538622161677516        0.84489174293258279E-001   0.31094172562801631        0.31391678999982915E-001
   0.80171712540349582        0.83223413505934582E-001   0.89796578486767398        0.31451510190679238E-001
   0.29161460954541252        0.34781832936289926E-001   0.69338576011782138        0.31425376173652146E-001
   0.48318183749898441        0.83888770172335758E-001   0.18333633432252466        0.31354766253895459E-001
   0.51090930626641509E-001   0.83655221823707271E-001   0.49046875097540826        0.31473981992880304E-001
   0.14001140173287463        0.84120836572775803E-001   0.10760405946980826        0.31444304572612984E-001
   0.46275375647522432        0.84624190821034131E-001   0.27956116883053606        0.31394492287176785E-001
   0.25161758972915560        0.84280099842933720E-001   0.16671275893440032        0.31421989998613419E-001
   0.68252164347504662        0.34336466916792374E-001   0.40856196835818753        0.31396883816484172E-001
   0.92966964076797642        0.84230634150775821E-001   0.23100702639897086        0.31399256901892811E-001
   0.56029872477508058        0.34150796247921437E-001   0.22162514117526652        0.31408223926851588E-001
   0.99041805651227471E-001   0.33784761622542375E-001   0.68081560773548955        0.31463214455437885E-001
   0.34604561407587442        0.82956176247353880E-001   0.78728001881763854        0.31360168599945032E-001
   0.88431607933288781        0.33092743105945982E-001   0.21906483921896355        0.31367435210207670E-001
   0.88265868969750738        0.33678997476722213E-001   0.65778016055966271        0.31391788042196681E-001
   0.60823727496165236        0.33746579321239749E-001   0.18095194858859615        0.31340776897824336E-001
   0.46306816592673973E-001   0.34641144714027461E-001   0.23425984268463314E-001   0.31456639397391579E-001
   0.11845954094779211        0.34215816240451322E-001   0.26201096162364323        0.31310616756340004E-001
   0.82567533222124145        0.33773763722277576E-001   0.83049571323985286E-001   0.31456586980058404E-001
   0.59591186546596342        0.33663175834612799E-001   0.88043700696053584        0.31367922955546627E-001
   0.15999618699056362        0.84606080740220843E-001   0.40909214673372074        0.31413276983593016E-001
   0.69678984551491641        0.33645140855043339E-001   0.57492402493756989        0.31410376107828417E-001
   0.14550494545289486        0.34184394455301879E-001   0.72309271783372553        0.31349482753648704E-001
   0.95284650867477061E-001   0.34223941193683556E-001   0.96714480685214366        0.31445687998878480E-001
   0.89044614522101262        0.33726240824546713E-001   0.49080486289319880        0.31446766250677285E-001
   0.74622459370635097        0.83763166930923560E-001   0.21998131249483321        0.31419131894219680E-001
   0.25895168523064599        0.34507761190150039E-001   0.43959004517842826        0.31379129198457922E-001
   0.43504542117406120        0.83718162939619797E-001   0.69015223033589146        0.31415538286002069E-001
   0.16127555228518040E-001   0.31139525189872404E-001   0.69278539425988306        0.31502434536318645E-001
   0.49045366555421022        0.34012102464706442E-001   0.11604532080242377        0.31367499687756546E-001
   0.92876372072265712        0.33873025075386941E-001   0.54080968904169147        0.31362243250671662E-001
   0.94801852667826358        0.33277109953333293E-001   0.14508091529407843        0.31382311749771699E-001
   0.39121679166119450        0.83788933417009270E-001   0.15395052887852306        0.31315863486333161E-001
   0.19843701901385116        0.34466034393906129E-001   0.39968176559195273        0.31396498508059388E-001
   0.15551369844391524        0.34406339273103402E-001   0.64468851800086102        0.31433994172834247E-001
   0.24378719771703156        0.34798492268649082E-001   0.12751633305088322        0.31419310713344147E-001
   0.83895551228429410        0.83760040729918994E-001   0.84524159347744476        0.31412581615346519E-001
   0.59098444700872954        0.33044759802819422E-001   0.78617839812718671        0.31414592803090072E-001
   0.67279687564180168        0.83731387385709358E-001   0.63843879317250085        0.31383029628901361E-001
   0.58985728928857861        0.83858193781905233E-001   0.34289536914705383E-001   0.31446441067868897E-001
   0.22652029922064351        0.83912457840436772E-001   0.77314435271823440E-001   0.31439433629806536E-001
   0.29314680914880070E-001   0.35095138318726120E-001   0.95524995963445755E-001   0.31476637241611941E-001
   0.72448965186842040        0.34135450388632027E-001   0.47258103247108618        0.31339267993440563E-001
   0.95091551016968967        0.84361632294289265E-001   0.40229338693668272E-001   0.31407831663418283E-001
   0.59854238857300890        0.33867640843796495E-001   0.29792477568702241        0.31357525427802437E-001
