 3 HS poly
 400 2
 361 39
    1.0000000000000000         0.0000000000000000         0.0000000000000000         0.0000000000000000        0.10000000000000001         0.0000000000000000         0.0000000000000000         0.0000000000000000         1.0000000000000000     
 T T T
   0.34870443698410769        0.67652626314087680E-001   0.34022316409346964        0.32840782116070638E-001
   0.84284972514650824        0.17499729434670385E-001   0.89024501127958489        0.36618065456248690E-001
   0.40015532718126606        0.67384222568093941E-001   0.83727067197482530        0.34183758291944505E-001
   0.99782632562395379        0.13956214953072974E-001   0.84283712656679555        0.34391788642355509E-001
   0.83556728126132063        0.13931000058597019E-001   0.67702907073974261        0.34133535263614352E-001
   0.91758774951841915        0.19399753136968994E-001   0.25638217924155232        0.33964926863798109E-001
   0.62535164548674016        0.16572165406242765E-001   0.63137044563286548        0.35405651556011310E-001
   0.60995434913382260E-001   0.66599820290058648E-001   0.92998123164359947        0.36457701104830556E-001
   0.30220686500244992        0.17441961398934887E-001   0.24895967799713964        0.33472547691750579E-001
   0.67542857360416642        0.18090125592621683E-001   0.49813297135064744        0.33512237063732332E-001
   0.22260398293606359        0.16472237052929176E-001   0.70596632123201608        0.34330105004553788E-001
   0.39291739122680425        0.17443871844584697E-001   0.11709881861088933        0.34228248979295141E-001
   0.58351032424252658        0.16230164003272620E-001   0.55224843999286721        0.32392473494729991E-001
   0.86763533321443587        0.67848158506719061E-001   0.35413664813722567        0.35335804103910351E-001
   0.42436052578297262        0.68211722358716878E-001   0.69678792407227685        0.34305919441779367E-001
   0.90860058843770652        0.13896892028936181E-001   0.62209932055982875        0.34407424484582512E-001
   0.10212499005956648        0.67245109350144702E-001   0.21404670778235541        0.33092930030391168E-001
   0.75439222846964293        0.65816275433739482E-001   0.19181598975439867        0.31392031914470098E-001
   0.56111780855010052        0.18263203014842948E-001   0.90401020299300283        0.34642489416027177E-001
   0.97609693548338416        0.17863569517787253E-001   0.32961630912027473        0.33669037396169457E-001
   0.34835662399447220        0.17403387816108118E-001   0.97106592268589542        0.34961320895893197E-001
   0.57830551086284564E-001   0.21215275308835671E-001   0.45992757588137373        0.34616225399289782E-001
   0.94554515961478336        0.63733319744287489E-001   0.66699880648356524        0.36107892011100672E-001
   0.69363907277969983        0.16552622732331261E-001   0.64797877013560090        0.34799118486002534E-001
   0.36953989118683861        0.16878013882592784E-001   0.56379654296419435        0.33556514940075617E-001
   0.31455505657849131        0.67101500875877226E-001   0.12543246218721354        0.35746127854724571E-001
   0.16618275892234541        0.65974408818512298E-001   0.68184738452838545        0.36336314089196513E-001
   0.68382595718622996        0.17996834068306818E-001   0.35445682285749719        0.33733943473556974E-001
   0.60590412372668705E-001   0.12865933239760416E-001   0.82410816557622368        0.31065439332163856E-001
   0.49598783876268210        0.67044208878996134E-001   0.34060290126287662        0.34051477132089045E-001
   0.18992787995380872        0.16343806851607644E-001   0.77719657593159452        0.33371683314948469E-001
   0.28414047467737530        0.63842819351480520E-001   0.35856954755333126        0.33987526181927880E-001
   0.39279186558158552        0.16508228892612824E-001   0.35518731576157259        0.34106259037089887E-001
   0.66994487908089595        0.67706509361530429E-001   0.25667843853692207        0.33559584491477029E-001
   0.80424755990824348        0.67657809339723346E-001   0.91982590226547800        0.32979430451217560E-001
   0.39369088066179725        0.67566998027587297E-001   0.16501953821280382        0.34898410603536607E-001
   0.69480613518288314        0.17662589576340940E-001   0.93219899036717591        0.32822985808894020E-001
   0.38709819325025313        0.17392461827225331E-001   0.27203430031265772E-001   0.33237871998265382E-001
   0.75296304684332527        0.18086951589415631E-001   0.37717225725117459        0.35864373227813544E-001
   0.25939987433987666        0.67157858216093366E-001   0.29696092047268907        0.32476905208736140E-001
   0.20201373748529644        0.66429673912440215E-001   0.32379147793586227        0.30839896131576047E-001
   0.65331289714772434        0.67828617874787805E-001   0.96019135885726792        0.34419103081727916E-001
   0.75098099821883102        0.17775191673757414E-001   0.44742956211014107        0.33376108485632612E-001
   0.13634237750891551        0.67317978424425162E-001   0.33324038295519381        0.35490301791300319E-001
   0.62541527865201696        0.17358484247873444E-001   0.42147155151373722        0.30995615358980901E-001
   0.23143530883946534        0.16993734426569467E-001   0.48808790961338021E-001   0.34324662251870620E-001
   0.93763502958964595        0.17738052001635113E-001   0.12157329673103213        0.33302891981027496E-001
   0.18525558095518072        0.67036941936428660E-001   0.32631115584790191E-001   0.34714536617409107E-001
   0.11095173118824588        0.19057130880440726E-001   0.37781291854002857        0.34771657127949836E-001
   0.19698889419061713        0.17008375762790771E-001   0.43154089119657729        0.32739238243020191E-001
   0.29252450086864602E-001   0.17586953449809442E-001   0.96143431227463369E-001   0.33840478983567131E-001
   0.96803413312067488E-001   0.71187104288377073E-001   0.48349844806534625        0.32585148612903368E-001
   0.69005198692860659        0.67759661063221191E-001   0.19155299253996302        0.32975719900333100E-001
   0.11531594355917343        0.67068902931353189E-001   0.58742832839399295E-001   0.34272202824625286E-001
   0.14573379983317569E-001   0.63774349127527691E-001   0.64785686054308134        0.33835627215020321E-001
   0.68000600358867713        0.17744606575813740E-001   0.10093721008787966E-002   0.35337524276552734E-001
   0.26032738484077234        0.67288213918689152E-001   0.86398180752302467        0.36258884752597177E-001
   0.73957952723823772        0.22599039968565271E-001   0.72351643422875689        0.34172318225682334E-001
   0.44766028818773163        0.66520957038829806E-001   0.63256850171749024        0.33455339308647455E-001
   0.12282838706838727        0.15931768052463900E-001   0.65693868368439245        0.34296207136550072E-001
   0.34573430215758588        0.67580487535551750E-001   0.48852316670175405        0.32431636872526481E-001
   0.91648692283505162        0.64565286597169341E-001   0.51390088625704955        0.33629976655623596E-001
   0.49489003927593694        0.17523697589781277E-001   0.10767207501258257        0.31591103532921376E-001
   0.72368137946642808        0.67763491019008845E-001   0.32709430958451968        0.35450375573459293E-001
   0.18848122513418045        0.66739316488046610E-001   0.53052875431102309        0.34295411566763294E-001
   0.49458378195490715        0.17233006179474427E-001   0.89198172315664193        0.32760467473255526E-001
   0.46918136388668202        0.16481403144086328E-001   0.67141411291027575        0.32631991911158426E-001
   0.69383872430625007E-001   0.67826300904869699E-001   0.35077502029130364        0.33663948033499105E-001
   0.99317334180138472        0.17811157682272354E-001   0.26376154026924126        0.33942581061217517E-001
   0.15047755581669925        0.66666059262032035E-001   0.61121554231207620        0.36009569039374204E-001
   0.61339041106180736        0.17983549960297569E-001   0.98495320193788283        0.32419300932030166E-001
   0.99734499862893289        0.67827687342395401E-001   0.99632782522780361        0.32763522331494273E-001
   0.38371054670320004        0.67414316048928044E-001   0.93768190089978798        0.34766663509791608E-001
   0.37914689069605501        0.67547601305009169E-001   0.25632650214672398        0.34500754157063496E-001
   0.16504382733976286        0.66691153841038991E-001   0.46520515797766560        0.35074971705890780E-001
   0.43045642202518325        0.67497612020886638E-001   0.17231051534445097E-001   0.33592218560400067E-001
   0.53391945476350289        0.68301691107947746E-001   0.86295715173422194        0.35405280587951692E-001
   0.95175235523660040        0.17640676301512170E-001   0.56433599186172627E-001   0.33170760877174993E-001
   0.62935219156610900        0.66442469532131704E-001   0.74174987940789794        0.36895075272225929E-001
   0.81926464741859151        0.18023253329784675E-001   0.44439343607358667        0.34942479433369596E-001
   0.44610332811139108        0.17459520475527290E-001   0.16421682945337648        0.35592406655667347E-001
   0.67187395909296366        0.16435198745817350E-001   0.71373340572191246        0.34454511868074481E-001
   0.53927368228135020        0.67871919383687626E-001   0.21866074935166763        0.37056346469508727E-001
   0.96180615212267739        0.67758386231312237E-001   0.15989383287852851        0.34120707421060131E-001
   0.40488140428602332        0.16642108858448742E-001   0.65109912862772812        0.34788919697505985E-001
   0.57493350586119407        0.18349017815042661E-001   0.83603115984541221        0.33695026269365054E-001
   0.32462195316271231        0.67005767814231967E-001   0.57401793652792021        0.34332640259577406E-001
   0.52461855627711151        0.17472283827383611E-001   0.16591413752727074        0.33543549236785930E-001
   0.81956397446430740        0.67280553575937901E-001   0.20127763394670783        0.34478501285014562E-001
   0.23293370609732328        0.66683345237730882E-001   0.66083538328294422        0.33644037494017030E-001
   0.14232199746078344        0.17789402607937734E-001   0.22972164335067666        0.31904904682766771E-001
   0.41988641721414954        0.17534428956428583E-001   0.27474863516202158        0.32519972405946528E-001
   0.84658523743112790        0.67312123553458211E-001   0.49280228254498010        0.31355301571676930E-001
   0.19243151517416704        0.16681248065641877E-001   0.63816661499552418        0.34538351259040916E-001
   0.94616626797591175        0.67322684669848976E-001   0.29480200157990527        0.33750642697730454E-001
   0.35174200185927418        0.17157740026115535E-001   0.44359399870223143        0.34502670441634728E-001
   0.29549771472283171        0.17301515893723030E-001   0.89927338807820711        0.34308000875038380E-001
   0.89533256161559704        0.67050695888436249E-001   0.15093361065829952        0.32866925125234168E-001
   0.27966478858861321        0.17071449733443069E-001   0.18687635966064814        0.32321866520151066E-001
   0.83473289906572046        0.17528407849594307E-001   0.96220688597178505        0.33479399206255242E-001
   0.96788561477599500        0.63941826404402644E-001   0.73386310525319520        0.34240329571431402E-001
   0.55846905751650466        0.67834060697111162E-001   0.76891235004195049E-001   0.33725002416445528E-001
   0.93921656551810795        0.67868912494487496E-001   0.36531387540109139        0.37101433921767769E-001
   0.59437895873047408        0.67559754760034799E-001   0.30461255512046870        0.35802224674666906E-001
   0.78580100181205148        0.15257774608665557E-001   0.81283035324583131        0.33766115708258014E-001
   0.58479891979769838        0.18135504794575208E-001   0.19623509264652536        0.33787516968718345E-001
   0.80899606187256778        0.18099544261175573E-001   0.51201321996794369        0.33291294982020929E-001
   0.12929380992407200        0.66539581951917823E-001   0.90631676962982355        0.34598259741820951E-001
   0.21686378378031743        0.17264923844262654E-001   0.83940721217774616        0.34384824322262170E-001
   0.75678137678547752        0.67087034378673818E-001   0.55701099376656205        0.33114608820065942E-001
   0.16964889009563996        0.17026405512361151E-001   0.74980731347816479E-001   0.32626074761256112E-001
   0.44660598526253192        0.18160808209174217E-001   0.73819381769881642        0.34147788506832637E-001
   0.58685657522573798        0.70251817879155326E-001   0.94549628388425278        0.33650211240811960E-001
   0.33476530773739860        0.17918109798241946E-001   0.77682500137663230E-001   0.35630107681000528E-001
   0.93915546928333682        0.13906117813558057E-001   0.55746311282367922        0.35969486166175971E-001
   0.39212782068227503        0.16768551234107969E-001   0.49951922946237970        0.34436466011836635E-001
   0.37785228123428222        0.17555965836528860E-001   0.71669279205858294        0.36090716638429249E-001
   0.52744259250534375        0.67001559421663762E-001   0.57452428403432521        0.35522335319762184E-001
   0.40748013012693297E-001   0.63987162346646559E-001   0.86234423803683624        0.34065804461942385E-001
   0.70539596772453927        0.67615994489601025E-001   0.42109205192785618E-001   0.33831312728408405E-001
   0.26484517527955587        0.17081916398871456E-001   0.11101448569293439        0.35938521478751956E-001
   0.48520978893513550        0.16939786415669851E-001   0.46665747936893970        0.34910171364119176E-001
   0.93261796352990944        0.67638397322994634E-001   0.14973121610285748E-001   0.34493171380328064E-001
   0.80976038070635026        0.63876373301766362E-001   0.63510659551421034        0.35977066259897959E-001
   0.35776725870993420        0.17489349529184815E-001   0.29728919879198407        0.33505018380078612E-001
   0.45726995533075560        0.66933293102055119E-001   0.43174796029932611        0.32159316659669521E-001
   0.79521823278121095        0.68062061996401121E-001   0.34317549328681934        0.37865618231523651E-001
   0.43204974923704002E-001   0.14101034781377515E-001   0.61228554317538697        0.33604604652199964E-001
   0.86263716121414225        0.66688359112157522E-001   0.19945685637721409E-002   0.33288965270247974E-001
   0.90378518708118272        0.17579907732666055E-001   0.97379487541896348        0.36347518042028411E-001
   0.80669628607246213        0.14246577481187470E-001   0.74042788258926751        0.35517798179526057E-001
   0.73590924016486869        0.17530454911696278E-001   0.83710383541183375E-001   0.35645755874268534E-001
   0.30644363232114008        0.67407802304606440E-001   0.94600656641339342        0.34900226747894600E-001
   0.99573291898135663        0.17747876383472989E-001   0.19385429630326592        0.35182408932736907E-001
   0.65477208033228362        0.16453054134233935E-001   0.78583762260438916        0.34430279276150694E-001
   0.73984277450101366        0.68006491068247396E-001   0.25746388978955165        0.35796278220991538E-001
   0.61606244145357181        0.66043441962631552E-001   0.81052581086950171        0.33029841538523813E-001
   0.28642056293344631        0.16958737991596303E-001   0.46665296938078216        0.34710027203861411E-001
   0.76894919163333542        0.15142076040388251E-001   0.66331247667467219        0.33185178392156491E-001
   0.68709655985739693        0.18096606840311062E-001   0.43375842561262890        0.31871192512212196E-001
   0.45158801819071059        0.66908077507608119E-001   0.91562594786244622        0.36606107750570341E-001
   0.15435511183740802        0.66961846764351296E-001   0.97075260326135471        0.34444636002728582E-001
   0.23552664441379029        0.67273006578805652E-001   0.79424654373845460        0.35512630164789331E-001
   0.51374300413117868        0.66515578652704285E-001   0.64188536445293687        0.33048441648849715E-001
   0.85151227449353190E-001   0.66864931149167348E-001   0.99685360270712287        0.34560968388716092E-001
   0.65668351497620209E-001   0.17325946300116857E-001   0.18191011003546539        0.35679909238694407E-001
   0.54605937262533066        0.66598864729716850E-001   0.79238324349218703        0.36209435041383700E-001
   0.63750878786075571        0.67448650758705278E-001   0.28114003716374857E-001   0.35176008025726228E-001
   0.30804187896562696        0.67021138928681376E-001   0.42317990236288094        0.34870358665420091E-001
   0.40678461453137964E-001   0.16670497870381700E-001   0.97700471523578403        0.35037769083313249E-001
   0.92129148620770443E-001   0.17384417309713806E-001   0.31383472714162369        0.31912426727784417E-001
   0.73790909032562080E-001   0.16790828460487708E-001   0.40748030522232262E-001   0.32864729668492597E-001
   0.13695508357342309        0.16639678095851117E-001   0.16648967970160224E-001   0.34233595673353594E-001
   0.88314154250782939        0.63867486006670374E-001   0.58664874398333078        0.31922221197866606E-001
   0.44609514811267148        0.17600641357290902E-001   0.61962694308448509E-001   0.35217533013563826E-001
   0.52278750419983899        0.67339035451762938E-001   0.41495551002657283        0.35306632395033281E-001
   0.74874810559249805        0.17334478509166716E-001   0.15133507007222493E-001   0.32600285935151796E-001
   0.26837193496156220        0.17300278675315490E-001   0.75751455153228331        0.34563598404444430E-001
   0.28558097561737616        0.66712916407465669E-001   0.51362607778333380        0.32596244210917939E-001
   0.84170527951264840E-001   0.69078968023372905E-001   0.41761096611734649        0.34455168010187720E-001
   0.87236855190237517        0.67525702808362495E-001   0.93300113887124703        0.35381327188534227E-001
   0.81021055769122274E-001   0.65935960883842556E-001   0.63977768440375293        0.33094634829637502E-001
   0.89957557720325065        0.64162926302414464E-001   0.79522856277415699        0.34717166735448418E-001
   0.69252305426297500        0.68052724390341782E-001   0.53948580021853343        0.33497554672081542E-001
   0.46704792635165865        0.58776596836256037E-001   0.84713976164899307        0.33942732941762144E-001
   0.88788188517255440        0.17738474117129397E-001   0.40850075443024970E-001   0.32566694131685121E-001
   0.85565561019735684E-001   0.16601216933315080E-001   0.88518135720837421        0.35021493621405601E-001
   0.93443754711855220        0.14159514679315120E-001   0.76485851528547366        0.33238276828590457E-001
   0.62520690461869055        0.68266901177662473E-001   0.17303348347411784        0.34140854298575704E-001
   0.86169652155651522        0.67965419211944253E-001   0.43067685737513439        0.31991962561199079E-001
   0.62860936958180236        0.17863975701947268E-001   0.91953845380534982        0.34555633298502815E-001
   0.21585888011549970E-001   0.15955744131540241E-001   0.90437472124399587        0.31562466129149015E-001
   0.53031832505614285        0.17511940193769240E-001   0.37211714914881046E-001   0.35689174690683043E-001
   0.71223044147674208        0.17291251864450023E-001   0.85679882060464740        0.34937640999887817E-001
   0.80739246211536997        0.65816262578324847E-001   0.85328896682418620        0.33647697453683498E-001
   0.16999927368785450        0.66448086448769067E-001   0.81673532193944243        0.33306637029694337E-001
   0.89568737710438162        0.17829770285296472E-001   0.39783582962383091        0.36712572696871747E-001
   0.58440316763061506        0.16426369154489300E-001   0.76243919690916706        0.33400561292430797E-001
   0.82848153462285878        0.17139152970690293E-001   0.37869090102231079        0.31237946732889193E-001
   0.70680461221901636        0.68078722102608236E-001   0.39490897465764119        0.34420972301275277E-001
   0.60321404952277813        0.67866423212813429E-001   0.87775091117626458        0.35377239524595122E-001
   0.24170464463495789        0.66661512121546695E-001   0.57767702531046261        0.36774326661337814E-001
   0.91685003731752202        0.16103653414024022E-001   0.90280252328193400        0.35831220587559560E-001
   0.17646989082199707        0.67143667224488765E-001   0.18308996713015704        0.33822103003689055E-001
   0.19267410379122860        0.67401041266123687E-001   0.88109147458036696        0.33319465104293906E-001
   0.10103660313942824        0.67299335957635528E-001   0.27768562390727941        0.30316309658014424E-001
   0.27763944653302380        0.67198979525765035E-001   0.71148684536468232        0.33901231866261816E-001
   0.68268731831569629        0.67085480886244775E-001   0.82145436883294276        0.32494433349364187E-001
   0.71615098833020263        0.66591017762983998E-001   0.47615957163624656        0.32862792900772979E-001
   0.34733105344439380        0.17420845290813679E-001   0.78019801689318502        0.34329878567991377E-001
   0.25943273923372817        0.16785214186317451E-001   0.62418454214546903        0.33662148921003880E-001
   0.87915498872761966        0.68168701139513496E-001   0.28601963977285627        0.33744424597323845E-001
   0.36207770783479931        0.67297442421119513E-001   0.67125154597894576        0.32981752063069185E-001
   0.77814795878385634        0.16627061885815309E-001   0.59580153346490561        0.32986403114605281E-001
   0.18352119714737966        0.67270781988544526E-001   0.25051452163501958        0.33967977659219481E-001
   0.86190575591666674        0.14246911032717417E-001   0.82270889465549113        0.33589328466660032E-001
   0.73828042226312829        0.66535654986575460E-001   0.62399819936607204        0.36377118867639467E-001
   0.14838820200004010        0.16651019362647772E-001   0.50882095336691791        0.33304169736894429E-001
   0.21780262670734629        0.66744938326979475E-001   0.94214690585888650        0.32002023279561864E-001
   0.15082666301791003        0.69526832252966908E-001   0.39938765282713062        0.32255543386543656E-001
   0.77678289060030312E-001   0.12664033794526365E-001   0.73892318210934160        0.33054030571452224E-001
   0.76195906126060520        0.68234381450430967E-001   0.76857744015528995        0.33339981854766061E-001
   0.25789166680369757        0.67174583115456515E-001   0.22836919864593769        0.36068382492484549E-001
   0.81037298838219285        0.67908442912812145E-001   0.27101701081123147        0.35804683373486239E-001
   0.52322444355990638        0.16923505490911400E-001   0.52835934276070273        0.32413988084914802E-001
   0.17801676863535973        0.17008741415634673E-001   0.36003747678496861        0.34626333733072466E-001
   0.15225892898721827        0.67080221888971933E-001   0.11804470944512638        0.35573829829798842E-001
   0.51301314572731549        0.16597680575108457E-001   0.75646728794420204        0.33653196177012352E-001
   0.90803108870869531        0.17954176530231732E-001   0.32452341960296222        0.34488777162426550E-001
   0.95869633294504142        0.64305388760430876E-001   0.87284294449858424        0.34599722867129076E-001
   0.76783705304346483        0.16004375435492928E-001   0.29821146215463318        0.32995547933593584E-001
   0.81912438280963229        0.17552185558899629E-001   0.32955989795142984E-001   0.36641626904253655E-001
   0.65090216714565141        0.66529393391070543E-001   0.67205087732671065        0.33734598029677675E-001
   0.88673166816615290        0.67673100487748689E-001   0.21791853114776422        0.34588512754014276E-001
   0.43634083866722939        0.67809719448215275E-001   0.37054797294834624        0.32420330274256004E-001
   0.49255047793549028        0.67605081178600965E-001   0.65972298907770885E-001   0.33071436383486169E-001
   0.66523923284159037        0.17586671674514370E-001   0.70952962663972691E-001   0.36140790252253994E-001
   0.19991090951323165        0.17018117947445580E-001   0.98648512134478838        0.34847536067624210E-001
   0.78130393029948186        0.18029833942666877E-001   0.23093282336737464        0.34293515571371190E-001
   0.80219677813746260        0.17461948384591135E-001   0.99563834282028418E-001   0.31939149885514558E-001
   0.33418304228624041        0.67367760996976542E-001   0.87378571066687150        0.33765664493233559E-001
   0.69814010294493145        0.67812066551808950E-001   0.75208460033362246        0.32303325972193472E-001
   0.16864400303118346E-002   0.71368357284892409E-001   0.57651383592348682        0.33319464481054037E-001
   0.71326157907296606        0.17027125633491038E-001   0.58110829245412998        0.33543662927127307E-001
   0.79217908382522229        0.17344514706007640E-001   0.16423261180683332        0.33290516130187145E-001
   0.90868308969817047        0.67741767808701364E-001   0.83088008283756024E-001   0.36106182355279300E-001
   0.34090965496099790        0.16744638604883649E-001   0.62523170932126904        0.34210690975374991E-001
   0.32704658350444116        0.67061537546083599E-001   0.21067881966022384        0.33647739516299596E-001
   0.49708541363440384        0.66892667856824142E-001   0.99715269244888338        0.35874240189755838E-001
   0.58829021727156816        0.67245459106113528E-001   0.43369137018586895        0.32331065636641051E-001
   0.84408746204925922        0.13909714978721260E-001   0.60164929094507313        0.33237982470480890E-001
   0.12102818742543477        0.66661230870520727E-001   0.54656048933919488        0.35033764286844994E-001
   0.71916808053160225E-001   0.16710005316130840E-001   0.52996757671059080        0.36899887168591682E-001
   0.56678189161310422        0.17630106734848616E-001   0.26350595190705062        0.34390391928674040E-001
   0.60609158601724711        0.16454861399737584E-001   0.69921708371546820        0.32714791073637783E-001
   0.82897878341464981        0.64245253481095929E-001   0.78679485855437215        0.36212316863412072E-001
   0.60044593771626620        0.66439568391831558E-001   0.59130880165835698        0.32848717703532634E-001
   0.15623566305452115E-001   0.71323670879661322E-001   0.48832676277793008        0.36627606171375456E-001
   0.85756576650688043        0.16973484564259820E-001   0.17575726228674440        0.33038872500992036E-001
   0.66862686231432333        0.66578805482503139E-001   0.60464441642387723        0.35903179947407139E-001
   0.64383125888657988        0.17817907569195900E-001   0.85309615787817272        0.33543037712586911E-001
   0.42341163209781879        0.17143919599969817E-001   0.96803163351149824        0.35576967068026044E-001
   0.92406404047025359        0.17707079379122061E-001   0.18812279283834435        0.34501708134782899E-001
   0.90574907911789271        0.15238657070471645E-001   0.70110525543098212        0.35059525728967755E-001
   0.46123940511851663        0.67661871170053442E-001   0.28316987487984235        0.32765938859169279E-001
   0.41577018334141352        0.16960306169400009E-001   0.41927591174848650        0.33943911895403869E-001
   0.27922108262078238        0.67055849069577678E-001   0.64496582662210561E-001   0.33793817844755304E-001
   0.60651010496045132        0.65897961365941504E-001   0.23717270882862337        0.32687431285205196E-001
   0.78866811683297555        0.64665601224058053E-001   0.69971578431655534        0.31098237640576568E-001
   0.47270395339739529        0.66411517123674921E-001   0.77942001786559023        0.34274418406558843E-001
   0.12063669329163432        0.15921461967063563E-001   0.79895477325740027        0.33159205379026870E-001
   0.54918586136800329        0.20790312502746065E-001   0.97092912811649301        0.33266903528729679E-001
   0.76870997754657677        0.17674552927668803E-001   0.94696730108280314        0.34054199147803187E-001
   0.54818791742167028        0.18059438377742980E-001   0.33287438383611417        0.34597804304343172E-001
   0.24327034519638677        0.66888572874835683E-001   0.15800498959413528        0.35775790678302714E-001
   0.32870592844996366        0.17468977173491176E-001   0.37941488816411723        0.33579156380722334E-001
   0.64085422258061242        0.67494982538580786E-001   0.38608420033767327        0.32044330466944528E-001
   0.64922055356857422        0.16601621909388634E-001   0.56010594063569452        0.33783549236680893E-001
   0.34129205902269234E-001   0.68307430298914035E-001   0.29022425408331498        0.35459837238302760E-001
   0.41892343433947277        0.17396758753200330E-001   0.87863575937631488        0.33133786761353354E-001
   0.96719579367700714        0.17701239557485992E-001   0.40782779754177056        0.34063509124768084E-001
   0.22030655470033680        0.66993069176681255E-001   0.38920221523686127        0.36788982018644098E-001
   0.57404574425191257        0.68047445575575058E-001   0.37012857936846677        0.32761338477154164E-001
   0.72418842329834376        0.67619311446457497E-001   0.97184373141319458        0.37320150498953202E-001
   0.29489784148019332        0.17362048633263474E-001   0.18119882950895901E-001   0.35828013495538782E-001
   0.29935970685813129        0.66783637937114379E-001   0.64689254857370226        0.34227086424695401E-001
   0.58996386818199728E-001   0.14834125130929597E-001   0.67655210372748287        0.31919952277085765E-001
   0.92940497353779472        0.14209648628270746E-001   0.83324201163736500        0.34680952627717851E-001
   0.10835127923346602        0.16769960238045483E-001   0.95250383759316548        0.35770045778094638E-001
   0.40160238354238348        0.67496880207446194E-001   0.76547952813458342        0.37602446816447935E-001
   0.77349702960113875        0.67533006189441400E-001   0.53179966734914791E-001   0.33948581203790115E-001
   0.99154479650912786        0.13741798494106356E-001   0.69060016108011213        0.35793026561862687E-001
   0.37316964037255110E-001   0.17651998009648350E-001   0.39058270604632533        0.37661957365831930E-001
   0.83928709365524978        0.17956697358533062E-001   0.31252495162392535        0.35279247698900965E-001
   0.44202173205737116        0.67456928689327220E-001   0.11298184100667222        0.35938044322099127E-001
   0.65563773599424380        0.18302586921510704E-001   0.13972040251352724        0.33060311689802460E-001
   0.78114628766630523        0.67967826824840996E-001   0.48124575927542707        0.31521626947560159E-001
   0.23623108299785170        0.67055697110948734E-001   0.46063745050162580        0.36253794751021154E-001
   0.77470237105483919        0.15942578389760927E-001   0.88113985799237593        0.32035497504382442E-001
   0.22701115837651978        0.17130148044778287E-001   0.26697811026653628        0.34190365519764426E-001
   0.86807191682039719        0.17723569489233742E-001   0.10912521247971101        0.33122469776447221E-001
   0.62355867444962565        0.67576636977801863E-001   0.10264614827738611        0.36251911057649723E-001
   0.87101913832533773        0.18383474795609936E-001   0.53950826822162168        0.34520481746686538E-001
   0.87649082465945916        0.63923986133230179E-001   0.65576399561665555        0.33853628958580240E-001
   0.78238915318793290        0.68144218490970160E-001   0.41536954911423263        0.33523659374038776E-001
   0.26660250621380222        0.17411414925603174E-001   0.40258508569429780        0.32350824804399596E-001
   0.35268146426196044E-001   0.63820984774902723E-001   0.71628896881683368        0.35355822866558112E-001
   0.62929324094098571        0.66677944455251992E-001   0.52203323128820256        0.32001205544905889E-001
   0.55724102067214687        0.16936954505116879E-001   0.61415859295664543        0.34829302787247648E-001
   0.72274476614839034        0.18203535143201062E-001   0.78910408573326862        0.33370643312346342E-001
   0.34319368490170116        0.67408273256293977E-001   0.17765799451217423E-001   0.33636036222403055E-001
   0.97898628576957317E-001   0.17328191063827214E-001   0.10445677795352490        0.35108396166594412E-001
   0.48937258132819955        0.16944297540472043E-001   0.60428006629170028        0.33713956147075695E-001
   0.44042002389953688        0.67562299792382430E-001   0.22032111274663616        0.33367827754254363E-001
   0.59749160564083292        0.17857488805200050E-001   0.54442574922690716E-001   0.33526755197034838E-001
   0.60538702550127270E-001   0.62797570067502820E-001   0.78149703747074561        0.34562649561060012E-001
   0.38357789367624967        0.67460005210162363E-001   0.71842673684845426E-001   0.33814618482690059E-001
   0.26155223160447078        0.17308669619441119E-001   0.95769150397705605        0.33166434923341592E-001
   0.14439379596210380        0.15927924176780642E-001   0.72674970974092112        0.34269520026671899E-001
   0.10100280019275250        0.61527702023698588E-001   0.70181337556245160        0.31937685022191221E-001
   0.69453645067937231        0.67902433460006045E-001   0.11340633061079720        0.35181680488182099E-001
   0.84772304950964794        0.17702300592998287E-001   0.24173142376295956        0.32982322765560172E-001
   0.17171627420887814        0.16350611847456713E-001   0.92465213634632348        0.33097718368461856E-001
   0.47900762496434429        0.17325185810005913E-001   0.38993825816365935        0.35684231392199069E-001
   0.13423699699835151        0.17097784495225317E-001   0.16381758081166367        0.34369748202205688E-001
   0.39585719166907279        0.17563999700663881E-001   0.21246003122182130        0.34054733957839693E-001
   0.40671416842887492        0.65260244588885116E-001   0.31515195958660869        0.30393379682058658E-001
   0.16338435643404284        0.17316806125333702E-001   0.29255192905112060        0.34351743223507425E-001
   0.37333113657577616        0.67163025313657712E-001   0.40217189678417298        0.33671034998547608E-001
   0.19841149262587618        0.17012773362639441E-001   0.13610167327234066        0.34765037813153959E-001
   0.65067150185355482        0.17811847318709485E-001   0.21441243747119434        0.34535426544701785E-001
   0.49308744512219099        0.66529476198512669E-001   0.71205622752131947        0.36048470500012475E-001
   0.45506939190911438        0.16823746591924215E-001   0.53081685405713086        0.35776901570500182E-001
   0.24194256327802655        0.12869315220240846E-001   0.34258860113425393        0.31767055518008527E-001
   0.74121176932348953        0.17080589800806449E-001   0.51441991286119804        0.34193435562208205E-001
   0.85481508029167164        0.64460228121538884E-001   0.72078996493940162        0.34569935910835015E-001
   0.57611110115558672        0.17904257822793628E-001   0.12089738769562748        0.34798478829695965E-001
   0.97672563915449939        0.13841170041918411E-001   0.62259992834466849        0.33650083152667987E-001
   0.95956938110926671        0.17932807337046709E-001   0.48058485752004537        0.36487026440523151E-001
   0.61057209133004908        0.16912292448281355E-001   0.48371874289945471        0.32913783661693112E-001
   0.79504465067187147        0.67541571506502127E-001   0.98740554172049744        0.35139616380225294E-001
   0.58198892344207731        0.66563630507197241E-001   0.65827296100167987        0.36028809887539162E-001
   0.48710604887754594        0.17491788055004471E-001   0.22697402959674187        0.35258536037570003E-001
   0.96899569265371099        0.63877818867883365E-001   0.80326727192613423        0.35051500116085099E-001
   0.23749819339320438        0.16723123946156600E-001   0.51868305090443156        0.36692325129434405E-001
   0.61546618445185974        0.17444325975897974E-001   0.34979936816632584        0.34618128396865712E-001
   0.69453588568782892E-001   0.17631521413614234E-001   0.25168163031353757        0.33967218750026222E-001
   0.52064639328161388        0.67340966019260068E-001   0.93122216818276438        0.34139497979898049E-001
   0.27830728523164784E-002   0.21368108083320805E-001   0.53398849923987390        0.32255940892347242E-001
   0.29702641947006453        0.17500116408313778E-001   0.82993283862451783        0.34066279905396943E-001
   0.76434100357699264        0.67553260517882921E-001   0.12566356346287366        0.35474942434062337E-001
   0.73518991280807666        0.66390287846475687E-001   0.90089664542778858        0.34304281117592990E-001
   0.21634230606424193        0.17101553627970119E-001   0.20105847706774155        0.32562603953494723E-001
   0.82448504809225276        0.68199057601923199E-001   0.55551223749695755        0.34596551684923052E-001
   0.53676846089341657        0.16555558969844456E-001   0.68383814531144660        0.36065954316434286E-001
   0.30121287163806004E-001   0.67364145156845565E-001   0.14489136624425353        0.35768942589764374E-001
   0.65063536545273304        0.68103096343623576E-001   0.45858164591586198        0.34791901022916877E-001
   0.10619711017478886        0.66205086887462170E-001   0.84164166307755472        0.33780716349219357E-001
   0.30321792530879843        0.67461200940398175E-001   0.78620405006643557        0.32556704515274752E-001
   0.35122200785288368E-001   0.67816388132562175E-001   0.22043920445702378        0.33726650081131099E-001
   0.38470767906816117        0.66621641011750055E-001   0.60777729702761940        0.34198846722634624E-001
   0.43388772783843393        0.16963139747235175E-001   0.80540307613237871        0.33572267680532383E-001
   0.92905573241505290        0.68016973497302555E-001   0.43832467691381899        0.35566760213963780E-001
   0.34401606135655932        0.17100736705581755E-001   0.16641072128009823        0.35190676814179832E-001
   0.10421650588505724E-001   0.12949732036818951E-001   0.76393191081952061        0.36463060381930236E-001
   0.88730850879173551        0.17919158885248008E-001   0.47047667748269134        0.36354035694565669E-001
   0.56319489343846696        0.66921731569010517E-001   0.49963793178705479        0.37737678910151048E-001
   0.15075766050704431        0.16933119785679691E-001   0.86002241717546779        0.34834787671286171E-001
   0.72296461162225967        0.17532824620616411E-001   0.15630454100441521        0.36174691039459875E-001
   0.96176627984234453        0.67865117693236610E-001   0.22847770297944209        0.34384044785935791E-001
   0.21591802062943036        0.68577703320748515E-001   0.93334250980081246E-001   0.32149471148012199E-001
   0.70235039115811870        0.17718112801002005E-001   0.28553437503457707        0.32466359737897986E-001
   0.56139753624316080        0.66548261422434696E-001   0.72478256234583893        0.33084125850178468E-001
   0.98125050327382246        0.67610095975748699E-001   0.93102043810009361E-001   0.35437591615484321E-001
   0.24756866351112478        0.67441387593644403E-001   0.19954792538977254E-002   0.34703464889571219E-001
   0.55089978821628016        0.17256555246567308E-001   0.45134632296120247        0.32516891867947310E-001
   0.83189240804528275        0.67496828273359163E-001   0.13414602853051766        0.32524198540518620E-001
   0.10672700310706593        0.16593359976939285E-001   0.59123650420162255        0.33282607833762370E-001
   0.40872447278317930        0.66857270264615756E-001   0.54260460737174554        0.33379323968695536E-001
   0.12358295240243800        0.16745389165959940E-001   0.44444109498805767        0.32922365346299762E-001
   0.50904687793383141        0.15303248857552654E-001   0.82182565243739536        0.31548361185670892E-001
   0.71492952911671315        0.18115578810173529E-001   0.22195764315893554        0.29969196572282992E-001
   0.66894204849449845        0.71066057146327966E-001   0.88850869985886083        0.30111600274393507E-001
   0.17857057055863945        0.17462416438778591E-001   0.57166455142336725        0.30096548782114617E-001
   0.88222437388631569        0.68335114063781413E-001   0.86484681505161420        0.29997868211734488E-001
   0.58429670220933230E-002   0.67841651863974103E-001   0.35620491510344737        0.30105846921180752E-001
   0.45189025404375055        0.21640891940893810E-001   0.32986577978674680        0.30109815382427855E-001
   0.12151469171380520        0.65918090057174528E-001   0.76021459564544458        0.30080191325507606E-001
   0.11147372574371357E-001   0.17495876350709129E-001   0.34932676409474672E-001   0.29988127592879277E-001
   0.94357415169573977        0.63841430505882160E-001   0.60080182205570964        0.30111692757068174E-001
   0.99450490968502336        0.65924889959034491E-001   0.92834922414594434        0.30044285539750096E-001
   0.42724828475015059        0.11852102530063864E-001   0.59032298736865874        0.30081011231703089E-001
   0.32063761185105560        0.67404663008368573E-001   0.28385209304792236        0.30129056264270957E-001
   0.56974831986112007        0.73085173478613874E-001   0.85817117728061616E-002   0.30082405897641447E-001
   0.95610860802597494E-001   0.67065833803684582E-001   0.15112555324107002        0.30015401621070269E-001
   0.23112127455395989        0.13303192343935764E-001   0.90230895132452993        0.30143398089970953E-001
   0.84254067567897661        0.66977751607349506E-001   0.71913829017904135E-001   0.30150046578862090E-001
   0.32360329664208753        0.17048838386297137E-001   0.51973220746451665        0.30081202028154900E-001
   0.64558953303027369E-001   0.63983799100411909E-001   0.57887512665370200        0.30019410202556367E-001
   0.53129244942668230        0.67654708097310709E-001   0.28550668802004209        0.30105360349993386E-001
   0.97535887137906963        0.16643694469853185E-001   0.95997568730569083        0.30101043662531704E-001
   0.87066328735875809        0.14406629457440510E-001   0.75944924879754183        0.30111210470936848E-001
   0.36015762199161833        0.17373726652680468E-001   0.90377861455745523        0.30007246619288941E-001
   0.29603102845955453        0.18260651919577854E-001   0.31223827750791333        0.29995657041862391E-001
   0.48761588317047355        0.17299315902699508E-001   0.95445062152226801        0.30007746467753248E-001
   0.93673395645783730        0.67581949781313308E-001   0.94499597849963002        0.30091697418879338E-001
   0.71412640731481614        0.72028583242912211E-001   0.69092885035393981        0.30118224963309414E-001
   0.31441699549981916        0.18119188288514589E-001   0.69286599929226211        0.30046301624622920E-001
   0.48674310751685340        0.67454907171567796E-001   0.17686511391467979        0.30046892886712483E-001
   0.36018354439069822        0.17380343029840716E-001   0.84359935160827781        0.30131667515651061E-001
   0.63400044643314990        0.20535946735451185E-001   0.28072038703697799        0.30110608372745630E-001
   0.28490421703025842        0.17002448196010222E-001   0.56577895233255804        0.30036671840228499E-001
   0.40159208964615145        0.66789140915253509E-001   0.45978502443515495        0.30087204773753717E-001
   0.33767059001854643        0.67570784738144318E-001   0.73369156045372919        0.30082471869880029E-001
   0.65806058357062480        0.67722758304138472E-001   0.32232215477975917        0.30073043287538626E-001
   0.37442028172422932E-001   0.67782773883659997E-001   0.56480723946704593E-001   0.30100375659373076E-001
   0.46918477934380504E-002   0.67796181032281064E-001   0.42261189611342337        0.29962689855529519E-001
   0.49833028177504496        0.17654982717732328E-001   0.29164490989667963        0.30039482346485593E-001
   0.19934415178764736        0.66339385064981604E-001   0.73933745953865304        0.30016516286606253E-001
   0.49157661467696451        0.66948237254363135E-001   0.50788699862532460        0.30147277123006081E-001
