 3 HS poly
 400 2
 361 39
    1.0000000000000000         0.0000000000000000         0.0000000000000000         0.0000000000000000        0.10000000000000001         0.0000000000000000         0.0000000000000000         0.0000000000000000         1.0000000000000000     
 T T T
   0.17114188581288374E-001   0.20301678599063743E-001   0.10509331514140964        0.32547913956978709E-001
   0.15665187764798621E-001   0.20918348113184909E-001   0.40588710865454725        0.32565572411528423E-001
   0.35504354281523831        0.19972661259784780E-001   0.81102347933898455        0.34231579653708141E-001
   0.45567496822892978        0.70425708993918673E-001   0.23933836787308571        0.34951172117103038E-001
   0.47410059628103185        0.20384903937828221E-001   0.28096961699616163        0.32608701434256336E-001
   0.19752449449194998        0.69962838716191675E-001   0.91036325592796630        0.33351856212115817E-001
   0.27163932939676327        0.70663481934055278E-001   0.28999857648236343        0.35791189613764596E-001
   0.67274922204945209        0.70287040786554206E-001   0.38981999376751786        0.36214083146674202E-001
   0.75197266476620311E-001   0.21191111884746799E-001   0.73968030974168542E-001   0.33256435629985120E-001
   0.20656512274978420E-001   0.70549244693867141E-001   0.51372406966242057        0.32386182573789016E-001
   0.53054028876858295        0.70581384428024932E-001   0.82161777143871806        0.35146530889408334E-001
   0.88492871964468067        0.20223515392130541E-001   0.45707404241895616        0.32852131101651465E-001
   0.44640432639202321        0.70349971038629416E-001   0.75902480054385824        0.31720413715408020E-001
   0.13015008286704752        0.73764960908529284E-001   0.94617595500797391        0.33487656637812592E-001
   0.47793196882550176        0.15935777622251998E-001   0.72097800497856823        0.29921407568806575E-001
   0.95249913787806384        0.20460001995843056E-001   0.42654732797635397        0.33547478291720820E-001
   0.26316466272676231        0.71597475872416591E-001   0.88486479725160327        0.36594596615475108E-001
   0.11535207113249556        0.21310859358192245E-001   0.60664569312988137        0.36587541461866817E-001
   0.54218047579049933        0.70219488474723368E-001   0.36357674439519078        0.34803118447785795E-001
   0.42324929549149549E-001   0.70543885796363684E-001   0.36100175878324969        0.33934632762103428E-001
   0.73383336914067410        0.71265198090010723E-001   0.35101583771401734        0.36096118716225048E-001
   0.95344591555144034E-001   0.70297560973574147E-001   0.71478046210219681        0.35901327274863913E-001
   0.83726410513825944        0.69630751008572384E-001   0.91445644251360225        0.33536074282412037E-001
   0.93181143165838209        0.28514548948238939E-001   0.85235011905937286        0.34181222643992856E-001
   0.18953467662098514        0.71424244035522708E-001   0.69081927557673409E-001   0.33332631237030674E-001
   0.68746103213143117        0.19591578263509303E-001   0.54046119020101736E-001   0.34121141152587665E-001
   0.79727738785482771        0.20057226771028797E-001   0.43663649492765055        0.34507853327614489E-001
   0.97112528829786404        0.99872917990631124E-001   0.80296731362319529        0.35130730617167434E-001
   0.57006709017575818        0.69960624198178667E-001   0.67432614993247320        0.31139136912150013E-001
   0.39473587069743765        0.21573941354359624E-001   0.95860550572696457        0.36017324688714047E-001
   0.25715274931043230        0.23386248049731502E-001   0.99177599546660977        0.32097672273433069E-001
   0.10205320532820172        0.24905611738419403E-001   0.13513268008339710        0.33618589420910130E-001
   0.16807175024864682        0.21312599486379535E-001   0.11259001082224238        0.36231422480996277E-001
   0.87509460739392542        0.70135090908469103E-001   0.48823602471997338E-001   0.36111811741086665E-001
   0.73325989434123651        0.20764553763579968E-001   0.46288999850058044        0.34574266427023666E-001
   0.84966766759535114E-001   0.70447552406420519E-001   0.20795656130544987        0.35562855795803677E-001
   0.90805819034938506        0.70769428909140328E-001   0.40881027148400684        0.35095635397176979E-001
   0.19343857430824526        0.21376203001908255E-001   0.20863679758074685        0.33419854508719940E-001
   0.65568576719977023        0.69543980691438329E-001   0.19491116517014719E-001   0.34373349304452135E-001
   0.29370049344592658        0.19240797189136859E-001   0.84216886675313529        0.33702710444255823E-001
   0.64492589625651620        0.20325693552757144E-001   0.43340460888888632        0.35326872124758775E-001
   0.76841972683525817        0.71216774811485500E-001   0.64737293514151140        0.35873463130476069E-001
   0.81362302398432085        0.70231864712381825E-001   0.21830639606453794        0.35358884767539310E-001
   0.99104285242048507        0.70416072006010064E-001   0.45044893978984557        0.33708658037734519E-001
   0.71550039757830153        0.69909958424150473E-001   0.18130186191757136        0.36154601173083889E-001
   0.28819312649789480        0.21369450334733239E-001   0.17916363395894097        0.37537848464196062E-001
   0.88194918972811331        0.21249317146735638E-001   0.65385790660169718        0.34705598543761304E-001
   0.74869388069401946E-002   0.69547984873936403E-001   0.99922249471972258        0.34991023190339671E-001
   0.30657485760683451        0.20389730519655747E-001   0.56662191417353192        0.32692499031558978E-001
   0.68803977500760471        0.71050091311978800E-001   0.45591223265867348        0.31626951749335143E-001
   0.43947880733394190        0.71518026146643751E-001   0.98235134707380145        0.35105443171620891E-001
   0.69407684730578245        0.71735104608146846E-001   0.87576371922014662        0.32314272846023416E-001
   0.74787777765564112E-001   0.19076020207490010E-001   0.85708191938793299        0.37203442008512715E-001
   0.91324138375596930        0.71296131326585355E-001   0.61932044864026881        0.33310339750584950E-001
   0.48732996824347147        0.70074362640268437E-001   0.17975360883139344        0.32471077801242684E-001
   0.70574313313690074        0.20312953939485241E-001   0.25421125070100070        0.32924907393564282E-001
   0.13989905914120199        0.20522334394171025E-001   0.32851327237743277        0.34427290295163247E-001
   0.15249880494414134        0.70552833137245252E-001   0.23472573990977080        0.35510780075131358E-001
   0.45321935910657374        0.70208863037119970E-001   0.38708075770500872        0.32702425481788901E-001
   0.65490398498934810        0.70675544610537530E-001   0.74621387908268866        0.34593760448168559E-001
   0.78546481632692822        0.70079978199932280E-001   0.99819910407901880        0.32784481477822723E-001
   0.69399190872840233        0.21021853768551414E-001   0.77294809532527586        0.33787328659643290E-001
   0.12129265148306125        0.70529614487506248E-001   0.42940595338439874        0.32952947622435856E-001
   0.41526452228119883E-001   0.20892481676547229E-001   0.70993316158960040        0.36897299129513735E-001
   0.58241037633672588        0.69846509903727635E-001   0.72785647617262847E-001   0.32793881133048368E-001
   0.56180343079273964        0.20362193034246311E-001   0.55578267099578049        0.34133695070251324E-001
   0.65975747620656189        0.70807310013985256E-001   0.53798887497772885        0.35032983322022919E-001
   0.84455765270901628        0.70045314958193536E-001   0.43703062072453702        0.34267162514690211E-001
   0.80162963122433761        0.70117900887595841E-001   0.72456079238319177E-001   0.36684833296400661E-001
   0.56720507821454513        0.20569315054281067E-001   0.84816186045384856        0.32263489875453417E-001
   0.85179677290243072        0.70148730237569984E-001   0.98073246623083665        0.34222334121023587E-001
   0.99957096324645711        0.71098107868830016E-001   0.67650167138001405        0.36167509086678387E-001
   0.30690054767424924        0.21602334220573321E-001   0.91000573182703670        0.34422231566856178E-001
   0.36582473564212958        0.20548503457348016E-001   0.45171044029782781        0.36104600190461952E-001
   0.48192829156835287        0.20475387965344635E-001   0.54249344403711430        0.33279965435086774E-001
   0.12907283177396847        0.20444522173477753E-001   0.19510882601967294        0.32279433153573171E-001
   0.61013739166732217        0.19459063459638850E-001   0.11870884743834939        0.35261480191394877E-001
   0.25435938802472657        0.20788700081481499E-001   0.24319655673057369        0.34689772255378580E-001
   0.23852624269911210        0.71388007476354209E-001   0.19639848981026808        0.34985747591011196E-001
   0.19993619579634564        0.22162006366991324E-001   0.24870653655794998E-001   0.33489283163861627E-001
   0.86419679802035065        0.21409852449739350E-001   0.39529390138360676        0.32212351652107160E-001
   0.60253167444096023        0.70641231823695069E-001   0.82333520117475356        0.33679379473366945E-001
   0.27164999278606738        0.20426307586242910E-001   0.62516329874363907        0.34809042982449495E-001
   0.21408969510439663        0.21725782826447663E-001   0.86105621806905441        0.37313046721274105E-001
   0.92132545605911886        0.19702293012851039E-001   0.65716678598846986E-001   0.32858340060786174E-001
   0.22844968757597248        0.20467670384965501E-001   0.40668757922475468        0.35918128774546587E-001
   0.67745939735998362        0.19614339317505225E-001   0.97844520177014394        0.33785013479037264E-001
   0.35064580273748219        0.70452826567684299E-001   0.57808375745635210        0.34867128426135603E-001
   0.74636032977393540        0.21965954193406630E-001   0.97329123200038925        0.33680263813618196E-001
   0.42429571815927719        0.20670643115033083E-001   0.79896027547488879        0.35736468828641267E-001
   0.53329306563277057        0.21560559062432177E-001   0.31395683524109402        0.32812594026421837E-001
   0.59737200639919241        0.21610257424740265E-001   0.90747115668567702        0.34234644884068598E-001
   0.70393003058505244        0.20785532282974466E-001   0.55822984692288413        0.34573362104151122E-001
   0.57347042070842535        0.22913901999873643E-001   0.25570003116585799        0.37883189382870282E-001
   0.89790083345608451        0.21176656922764884E-001   0.72254170714522947        0.35758556564899881E-001
   0.63708156929362747        0.69663924607531083E-001   0.15981511122572911        0.34575284582554835E-001
   0.78451183333015984        0.21312070681594755E-001   0.36615902384467297        0.36393626755470518E-001
   0.62627790320684695        0.70060000513243167E-001   0.23078191742383078        0.36000265025656703E-001
   0.83833953320945664        0.71182061114525783E-001   0.62643555357132230        0.37025815756753358E-001
   0.61142101871822530        0.19741820665832559E-001   0.69973409534214059        0.33570831177481983E-001
   0.49537551768983601        0.20386019709976388E-001   0.37250836086241484        0.34089147322153859E-001
   0.22283293437767868E-002   0.20320165504846752E-001   0.55561134987727401        0.35059344275292580E-001
   0.93741161663307970        0.71089131125981336E-001   0.75035634674753349        0.33508004032382466E-001
   0.34757151187969365        0.20764627281318847E-001   0.73869859091975687        0.38008390461006097E-001
   0.30378572832493317        0.71320309422033198E-001   0.22800778068670571        0.33937113976271464E-001
   0.22478326589736242        0.23694077892736594E-001   0.15070808397002614        0.31998177437353337E-001
   0.95378998588155139        0.20151653041583409E-001   0.12387856885863215        0.33472878203797074E-001
   0.63556383628188240        0.68869491364918642E-001   0.33144972976656367        0.32977321990652605E-001
   0.30693499099048843        0.67166722669459875E-001   0.79318098288060102        0.35037758270891291E-001
   0.24584862672036031        0.33535926751519375E-001   0.80358354376739871        0.29398060511108725E-001
   0.24339703577265262        0.70572204771602226E-001   0.36152455278381290        0.32854939218296055E-001
   0.26243134295305903E-001   0.18871749837899594E-001   0.95333169415889318        0.34448754288892970E-001
   0.70127253901434028        0.70671694681585323E-001   0.66333178123334502        0.33127531319550381E-001
   0.47583566136374511        0.70215562328463210E-001   0.48032144515847908        0.32260244811888716E-001
   0.50470507499149408        0.71357025367329727E-001   0.11425867462076807        0.35263618979559964E-001
   0.93941987866865162        0.18829555237468713E-001   0.91776304395127306        0.32349998080417705E-001
   0.16974465061212080        0.70182304582025054E-001   0.59683057236285930        0.35556177826224576E-001
   0.96678621957456978        0.70094609609696920E-001   0.82622957818937665E-001   0.32532837813731889E-001
   0.16349002753165584        0.69793622453375920E-001   0.85336816772290336        0.32817736227102899E-001
   0.87291961865520040        0.70006471616539515E-001   0.18247201390753715        0.33887356056444363E-001
   0.48565939621456444        0.21681548830105295E-001   0.25265010950026113E-002   0.35713215880739863E-001
   0.72264953929212927        0.70837075180901141E-001   0.72961887799327296        0.35144882107087702E-001
   0.48958684297687891E-001   0.20145382668504710E-001   0.17601868256808334        0.33525170342052026E-001
   0.50432846054671299        0.70420200837652894E-001   0.68261113673234586        0.34703574880854800E-001
   0.88642239750019808E-001   0.20529950881249912E-001   0.39897331655603097        0.33149673467605056E-001
   0.67991082950056092        0.20716759374071077E-001   0.70458178340300315        0.35078423807214994E-001
   0.98207782729710813        0.68896854721857664E-001   0.93411394347258281        0.34865402773796406E-001
   0.51371666634842450        0.70407162157621522E-001   0.75255492632470555        0.35843714930599520E-001
   0.94123161852396775        0.70221189055409056E-001   0.16984098200314920        0.35530903858061499E-001
   0.78094135430971512        0.19412340325534523E-001   0.82229891282005962        0.34158087826079798E-001
   0.15172332586600940        0.70693891022298588E-001   0.49334898578961356        0.35864931191181587E-001
   0.37269600879236853        0.20884817213495881E-001   0.88316045920426600        0.31665410500727596E-001
   0.27885335348951079        0.20652211325857407E-001   0.33692774710074613        0.33117841449810607E-001
   0.15623264830004160        0.20601895390419803E-001   0.40040074494463640        0.34419417881026843E-001
   0.32426604564807215        0.21501080155483215E-001   0.11383579345030610        0.36759442682329328E-001
   0.82741352882465347        0.20110775744228870E-001   0.25058768631929011E-001   0.36847021386456229E-001
   0.43197636059402561        0.20501525221044162E-001   0.49363702472701471        0.35151255029720226E-001
   0.29999328489557501E-001   0.70595216004462599E-001   0.29072006519631299        0.37257326279043809E-001
   0.84517151509607047        0.20784851584066705E-001   0.32827481229387034        0.34646433417482955E-001
   0.38338951176727337        0.70750999433326717E-001   0.77445096282606030        0.33123864618168491E-001
   0.21658466172213248        0.20119102385471058E-001   0.58400525683514370        0.33804138229113781E-001
   0.63823135859776003E-001   0.70296833247904797E-001   0.64717744646176412        0.34092289750652836E-001
   0.46273349904539518        0.70755829963331615E-001   0.82735136866726711        0.32852047208639615E-001
   0.56860798900312681        0.69625957471158434E-001   0.13704109454351160        0.32129457946077272E-001
   0.35578589379522568        0.70278425873215963E-001   0.40593590558023368        0.32190947009670401E-001
   0.37175650465893377E-001   0.20626309396518026E-001   0.47143236032389702        0.35051695295624130E-001
   0.55576921698784132        0.20595833242371697E-001   0.78036527980994808        0.34389547967181015E-001
   0.81206555290229110        0.20527646073640434E-001   0.95609468053219637        0.33752368787893020E-001
   0.43587070698853053        0.21251856217267384E-001   0.86668013898350893        0.32895507372453864E-001
   0.76322335794968177        0.20289520085955352E-001   0.20275843899020785        0.35833295522604940E-001
   0.42292713456183351        0.71561233471722899E-001   0.13214987781561827        0.32956699092598754E-001
   0.14485873733640120        0.19851194511369394E-001   0.81204677495779243        0.34599780965657606E-001
   0.10916109031860732        0.21136858476861753E-001   0.99157682094181898        0.34293415900328819E-001
   0.29164258490257240E-001   0.69052516167624936E-001   0.82958530662680985        0.35746342787239850E-001
   0.97068204621008725        0.21005450138393479E-001   0.71800626134300716        0.34387271072027305E-001
   0.81312133616153526        0.21322750333421181E-001   0.67137729572358429        0.34569497931507369E-001
   0.92679544698200622        0.70410734802529823E-001   0.47586469065281628        0.34406868665946673E-001
   0.85755314984643971        0.71195782813388231E-001   0.69496144680383620        0.34120558224344864E-001
   0.43635559564873144        0.70428591935900092E-001   0.69364991717459812        0.34056880489347026E-001
   0.57574804388649958        0.72315781446126742E-001   0.30560633403352100        0.32141833668662065E-001
   0.54521524937381403E-001   0.70599119114543724E-001   0.42751431100595727        0.33679979703484533E-001
   0.69457299632594716        0.19960723750713848E-001   0.12912197283018018        0.38418072288195472E-001
   0.94039454662777422        0.69617266005615214E-001   0.21749845707178066E-001   0.33663852949042311E-001
   0.14589700522157761        0.70135799711371585E-001   0.76335414287896264        0.33784423673443628E-001
   0.96724527340494637E-001   0.69263735993238193E-001   0.81056912563522243        0.34353327154722176E-001
   0.95829660907578706        0.70429413489800766E-001   0.53673422182814379        0.34038880795698875E-001
   0.17184753701574570        0.71336061801837589E-001   0.16512936498238950        0.36179463873681525E-001
   0.62158895489202515        0.17123930667698718E-001   0.52524451625055785E-001   0.31795910760478330E-001
   0.66573830001624534        0.22105947347662833E-001   0.91132574288466228        0.34153178388727119E-001
   0.24833050492906669        0.71642157489704636E-001   0.36472007467161394E-001   0.33898713763137668E-001
   0.68665398793372068        0.70687100502104902E-001   0.59969165579782879        0.32116357534584597E-001
   0.50539130533938947        0.71451558716158325E-001   0.95592996521810081        0.35223019192641987E-001
   0.20394698350276994        0.83431750588578601E-001   0.79951671940554181        0.35871230628585611E-001
   0.92217584036667719E-002   0.70206668126525526E-001   0.15058264231912202        0.35127471299902874E-001
   0.86479093330441936        0.26111666384931037E-001   0.86916741027055144        0.34862772124075042E-001
   0.67346745512029030E-001   0.69260156291882286E-001   0.96919716876362516        0.31582666727807913E-001
   0.31151864855188623E-001   0.70256020972856811E-001   0.63675937124653581E-001   0.33427991631548019E-001
   0.58484502794672233        0.70541019588565609E-001   0.74074065718969329        0.35589832322157768E-001
   0.76971691367417550        0.21192182599791515E-001   0.53337184592028763        0.34796731979327367E-001
   0.79595357212430529        0.70313029658489887E-001   0.31311343087801724        0.36660746208706373E-001
   0.39705328064230838        0.71489000868205671E-001   0.20207255990059900        0.34500035156053981E-001
   0.74685302354506411        0.20755248969625557E-001   0.69017078384118857        0.32680527525195707E-001
   0.43700156062396389        0.20524177228336195E-001   0.33530407579539351        0.33172600994417302E-001
   0.37620009092165696        0.70241322443063706E-001   0.50306137391669548        0.34871628833698619E-001
   0.97099418471389121        0.20411156476440723E-001   0.49192477776565136        0.34223484700799958E-001
   0.25183385620721793        0.20366628888009705E-001   0.52661198592246516        0.33079423996601749E-001
   0.41721618081251199        0.21506168562970319E-001   0.23978147332377974E-001   0.33024114438769910E-001
   0.22681431920708520        0.70297216694472725E-001   0.63476163368336758        0.32904890075095339E-001
   0.90722935891915546        0.70594057960431625E-001   0.11019887629436470        0.33063483821067607E-001
   0.66982004977119602        0.71631937063293794E-001   0.81356928094906489        0.34285585936953432E-001
   0.13305458121727783E-001   0.70040903524278372E-001   0.22264664176299939        0.31450909104555926E-001
   0.66707601404153016        0.19675375295147995E-001   0.19808126036254248        0.35149727938835640E-001
   0.51819388792827192        0.20124706373005365E-001   0.47954199620444288        0.33153204076104670E-001
   0.73795117567920077        0.69040377687208526E-001   0.79860238686137708        0.35514225220126594E-001
   0.15159103504792815        0.19838970477245890E-001   0.89831420476262192        0.35424666591973554E-001
   0.49128456493870415        0.69937233802045820E-001   0.59971442638472383        0.34954897366591228E-001
   0.43414148103261996        0.70513182108631278E-001   0.54403418026549677        0.35860524687486704E-001
   0.46988905490128872E-001   0.70286469983137409E-001   0.57902116171777585        0.35981400251617279E-001
   0.10808602324966053        0.70373490988730844E-001   0.29486731752619100        0.33512984668999247E-001
   0.90448691384924218        0.20233419339016411E-001   0.29069473376403354        0.35314006510669883E-001
   0.76021193934926590        0.69597831082275727E-001   0.86515701821956681        0.34630077112645714E-001
   0.70514345077099727        0.69631147302400831E-001   0.94152399234904638        0.34240835653653136E-001
   0.48464851795823150        0.70689072713071191E-001   0.89024276892766507        0.33387060622665082E-001
   0.55157524458324747        0.69670265415145469E-001   0.20254083521251440        0.35339151327703343E-001
   0.37362522273293508        0.71487522543518645E-001   0.26402133544142421E-002   0.33729691787087478E-001
   0.39569666693046035        0.71233171919369176E-001   0.84226802640618803        0.35713801676462521E-001
   0.36103489381335224        0.70517577235038084E-001   0.68714267248840588        0.34858343961447082E-001
   0.59813072966329306        0.19666304914969568E-001   0.18753902653622082        0.34595885898934510E-001
   0.50239280651976859        0.22178706285449060E-001   0.22203892670963740        0.32785968112542863E-001
   0.20026762005014051        0.70266471311990236E-001   0.69988444360388580        0.37374454703905324E-001
   0.12361980014040573        0.71282589337458041E-001   0.90697081008500227E-001   0.34052004317243964E-001
   0.72093005505702390        0.72511152282423288E-001   0.10630350041142650E-001   0.31487683737725716E-001
   0.41804679338767725        0.71298304955385639E-001   0.91130694878498220        0.36391158570375649E-001
   0.49825518553607240        0.20570237725989031E-001   0.85121903559157241        0.31294451514839838E-001
   0.21552777356577479        0.73435345080269290E-001   0.97611033223787302        0.34757015028296062E-001
   0.28055015035814518        0.16438690459275353E-001   0.75653089348838087        0.31463199769768573E-001
   0.79129129904087114        0.71284140927480477E-001   0.71476073975206433        0.35027244824306372E-001
   0.88610777347157360E-001   0.23867339750716400E-001   0.92639236171527095        0.33628230357806696E-001
   0.93723945738701508        0.20783057916576708E-001   0.57907304383454827        0.34033892150860910E-001
   0.63970686176809433        0.21476992970354231E-001   0.84852745052038725        0.32887576798802276E-001
   0.72023845830289068        0.20081814680691739E-001   0.39716847241421632        0.32325933835349673E-001
   0.52515987855554014        0.70364991485861547E-001   0.52574635767339639        0.34728559406930058E-001
   0.68360533672478574E-001   0.20534739990647366E-001   0.53380524479107372        0.34550413553536538E-001
   0.63643921975591256        0.69764995967237606E-001   0.95103204919057449        0.34296038223959220E-001
   0.90853339836512070        0.20904535588940780E-001   0.51853213334592063        0.32947675398980705E-001
   0.62480178054925384        0.20772740994354989E-001   0.78294659194429606        0.34238308597058856E-001
   0.83120136958230006        0.71400314226499603E-001   0.37206305666452671        0.31970706003330657E-001
   0.48302791870227024        0.70374156340654762E-001   0.32599185758528176        0.35247866465154709E-001
   0.67413299423240425        0.20815285622194379E-001   0.49472583390115549        0.32575602052027475E-001
   0.85887526676377657        0.21199020327102261E-001   0.57736864681911770        0.35902954786872110E-001
   0.16005851281542655        0.20182035969989461E-001   0.54187643815307285        0.33772814366414612E-001
   0.54648831528939723        0.21134680291750970E-001   0.96923817919038591E-001   0.31885252940118985E-001
   0.26230294959123657        0.73321496813176179E-001   0.13197377686467601        0.32627409623741270E-001
   0.33888770499883308        0.71498224008755593E-001   0.16354979600085046        0.35236973444559075E-001
   0.32731628409098817        0.21520703834167459E-001   0.97886556535079527        0.33951901144686880E-001
   0.33110212075907108        0.69196313883131286E-001   0.86735780727788547        0.33560931479407266E-001
   0.72566837881938617        0.68758588896984593E-001   0.84002667387110916E-001   0.34800935380278286E-001
   0.31025850737240379        0.70810545396978342E-001   0.17800873476341988E-001   0.30612433770040002E-001
   0.56035564450486730        0.70345281579698091E-001   0.60214604684460638        0.34033986443546022E-001
   0.11353288352251972        0.70241567059738816E-001   0.55361020262241201        0.35200391283245772E-001
   0.34972209736319815        0.71633468652015628E-001   0.93392579200080483        0.35566009868060626E-001
   0.17089072377940226        0.23496991350716135E-001   0.96419169642603664        0.33274211365866689E-001
   0.78666787382908776        0.74334542413646856E-001   0.48422854944788651        0.31441952814110115E-001
   0.73369379670806756        0.19642268590293305E-001   0.90452972471763537        0.34157028922134465E-001
   0.14774701126601850        0.20240383343645300E-001   0.71385045761818644        0.36450365670377523E-001
   0.21771641542834917E-001   0.20282994961090567E-001   0.62335002262245132        0.35431613700897702E-001
   0.91107738628799817        0.20228846468819575E-001   0.20486318652931951        0.32544120108056435E-001
   0.58791291193766337        0.71417078341848975E-001   0.36466156427219674E-002   0.35223480774922156E-001
   0.40952780627786706        0.19778885346908755E-001   0.25458230031485213        0.33872346036544099E-001
   0.40121414131014160        0.70423169391446216E-001   0.62729317601604151        0.34742237800170855E-001
   0.86354147810347870        0.73159658405252057E-001   0.50288745968413029        0.34334869319025324E-001
   0.89599990242977701        0.20142391481186770E-001   0.16452558303665672E-002   0.35577471109457512E-001
   0.17647403068924114        0.70504239229301893E-001   0.35808800227046500        0.34047136400834573E-001
   0.98895809318017347        0.20048757332861412E-001   0.44222713827036443E-001   0.34232971105191710E-001
   0.48049164135987026E-001   0.19550727217160033E-001   0.15393563472826496E-001   0.31307789461839854E-001
   0.82663227716007437        0.20216068325488865E-001   0.17037439312583078        0.35103319613565984E-001
   0.54912527090434882        0.20179886989544364E-001   0.41760159294288796        0.36040985438083817E-001
   0.88936399865695603        0.76254156168575032E-001   0.82856562480715545        0.33950310436726402E-001
   0.47555163225700782E-001   0.73644798352811291E-001   0.90600359849421519        0.33906772938746568E-001
   0.52077750990661997        0.72976369458672516E-001   0.26623859586408039        0.35465953522672712E-001
   0.32669541940472080        0.70589812177897948E-001   0.34145831747402017        0.36154821922007918E-001
   0.29602578429696980        0.69955292310771730E-001   0.51814472461020489        0.33649297225923538E-001
   0.38608400677038512        0.21489825670653193E-001   0.15703752462401949        0.33662718798364737E-001
   0.75660029671281093        0.20367539417749325E-001   0.42270613645588935E-001   0.35998641689164425E-001
   0.85860489322683953        0.70282387628108969E-001   0.28194304313529944        0.33068620011345917E-001
   0.84593258977575347        0.21580406940023847E-001   0.80347924692766948        0.33536522806788288E-001
   0.27934352361265796        0.20569303058057653E-001   0.45856558750264914        0.36436589041087139E-001
   0.60022021182073859        0.20721871407127276E-001   0.62807533995631482        0.33547677560371927E-001
   0.92522849906265181        0.20863588675057887E-001   0.36226439895247636        0.34833980639179515E-001
   0.94533625840632407        0.70605268759745918E-001   0.31734800856185635        0.34258794045766122E-001
   0.55027746720512904        0.21521554422814670E-001   0.97351955858791528        0.34124339597191231E-001
   0.76702004396057866        0.19779627946274785E-001   0.11303381638076118        0.35378582564846918E-001
   0.80448897784743145        0.70564685962332382E-001   0.78208925830094345        0.33014139570665957E-001
   0.85117610374444141        0.20144279149033315E-001   0.91762247623367502E-001   0.33902805662154721E-001
   0.82075865763311259E-001   0.70605221868688228E-001   0.48914919295616710        0.33742438872348963E-001
   0.51627877205441285E-001   0.20554340129189198E-001   0.24394585493886348        0.34370902041849928E-001
   0.51827342606698190        0.71511917607844380E-001   0.43150094131606823E-001   0.36374909405362491E-001
   0.46659151899181467        0.20024372150892811E-001   0.43409071432294716        0.33720017219818793E-001
   0.43721106124626413        0.20514169191727744E-001   0.59427377647466062        0.35063607160058116E-001
   0.10902048191908649        0.70552576111893250E-001   0.36112910638421880        0.32730571886364419E-001
   0.54362438045993922        0.20416718002232652E-001   0.71176962737124061        0.35243913055777502E-001
   0.65343519669521055        0.69571621549295706E-001   0.90582074811103697E-001   0.36514663963619853E-001
   0.17898473956681213        0.20615829546159019E-001   0.27345179182653828        0.32945205248183063E-001
   0.31362682469429898        0.20303503049445469E-001   0.39454362718370278        0.34154845966351211E-001
   0.59134437899645420        0.20203381673526213E-001   0.35262690104169692        0.35635342040707257E-001
   0.56319795133863804        0.70196718347994805E-001   0.46649985674487299        0.35246501363058458E-001
   0.83088924821432264        0.21271193173218860E-001   0.73856167181439281        0.33040104712495404E-001
   0.93336110801367367        0.70151395978044609E-001   0.24733358379077072        0.36680704033787939E-001
   0.76368141263920619        0.21683602595477039E-001   0.75534710065854516        0.33182896093851708E-001
   0.79771179051314567        0.20276698708499942E-001   0.26347182224404925        0.33790186069871241E-001
   0.41723451111723869        0.70523427137608438E-001   0.44541261454052872        0.35830688417963399E-001
   0.36690073577884480        0.71358928933151003E-001   0.86085802534055109E-001   0.34442147373043214E-001
   0.25228372033407409        0.20272703681571299E-001   0.69244684461739892        0.34934486532418464E-001
   0.90161384909379527E-001   0.71081396759380203E-001   0.32492765201984873E-001   0.32935265247073187E-001
   0.63416060804648677        0.69858561937857819E-001   0.65992601350099844        0.34032720531590649E-001
   0.35141155607848867        0.21249148850641768E-001   0.42414414869195366E-001   0.33634607166971434E-001
   0.68393394403558727        0.20341851777909436E-001   0.34104616479641869        0.34483037999714979E-001
   0.41697265768905883        0.20270326385618133E-001   0.73192524526607339        0.31681715897407918E-001
   0.98068426177614743E-001   0.20503075471922219E-001   0.76285462626446443        0.33294326636467440E-001
   0.35055011921204338        0.21610419152546294E-001   0.21663021784456341        0.35209486015453324E-001
   0.15446229404401621        0.71416377720749588E-001   0.10282124619708861E-001   0.35050544145151262E-001
   0.64257343438053605        0.19089047976508469E-001   0.28322555187009479        0.36575084673102040E-001
   0.87604393675082237        0.19743398880679344E-001   0.93588691193629980        0.33098075575878426E-001
   0.36303167383082169        0.71059979056975281E-001   0.26326541638974083        0.33610692769695805E-001
   0.78073515472828303        0.70174292601629537E-001   0.15834857948827050        0.32898134440341814E-001
   0.75452169119625956        0.70016074682004478E-001   0.42182781389053020        0.32864858961340442E-001
   0.79980028446712736        0.19609809074614130E-001   0.88967880093377816        0.33575656710366310E-001
   0.40990452980272135        0.20416016779543533E-001   0.39700204224526831        0.33995160412554612E-001
   0.60102264570849895        0.70356907019105033E-001   0.40486565714659822        0.37007675161607023E-001
   0.40105222032392868        0.20492617294400238E-001   0.67065862651822972        0.31244686559028588E-001
   0.46135797050110916        0.21452928420911288E-001   0.93640125325965962        0.34194431932726387E-001
   0.91028420879646821        0.25465378352495738E-001   0.78952165101661376        0.32155636378571661E-001
   0.79202898158346635        0.21172287277962564E-001   0.60204151235968784        0.35332165726244071E-001
   0.98385107379102010        0.20232608703212432E-001   0.26265308742155991        0.35938598411910709E-001
   0.39581316104148434        0.70516350448588394E-001   0.35313237801291092        0.33897884193453534E-001
   0.38633134319398288        0.20316725308140365E-001   0.54837665367619581        0.33267434242944836E-001
   0.81481034950669473        0.71142550857566683E-001   0.55255174211732005        0.35152973189033938E-001
   0.70846533971004932E-001   0.20537694779122519E-001   0.32331838190222412        0.34803526511786191E-001
   0.23568921278605978        0.22910616338195969E-001   0.84846093059986499E-001   0.34250220894096968E-001
   0.18822596045116879        0.70650500340098815E-001   0.43400160375161051        0.33635027401730751E-001
   0.42003658839551872        0.70241173913957053E-001   0.29402974847149010        0.29938672470689973E-001
   0.85886052054335449        0.20397403815017073E-001   0.24137218520840631        0.31152724293492192E-001
   0.13769404780442215        0.21403957073834370E-001   0.50743385175123015E-001   0.31376765891209281E-001
   0.28192363275727406        0.73472542995764403E-001   0.95410456298291590        0.35163199699274526E-001
   0.59383299780240817        0.70246490700465666E-001   0.52678610083369826        0.31837053286538512E-001
   0.52448032432475122        0.20694515274812784E-001   0.91074098214064947        0.33740700285114986E-001
   0.95364277753624105        0.21287907693504842E-001   0.64852918504855117        0.37125002733990074E-001
   0.69149779359456365        0.70294126542084057E-001   0.29551188054054894        0.33432748710940964E-001
   0.97796096536481902        0.70248260400502305E-001   0.60475236354366191        0.32834603521668164E-001
   0.74965853147590100        0.71215390318801766E-001   0.57748146945784307        0.34601224902147489E-001
   0.91661077609141905        0.69788166056953607E-001   0.95689503460086933        0.34312876615592042E-001
   0.33208172173661239E-001   0.19794272089671890E-001   0.78024326605547489        0.33848959193519025E-001
   0.52812270603199574        0.19627698378502395E-001   0.16033472838565238        0.34105242209350892E-001
   0.47791451902411647        0.21463485829455280E-001   0.73254098640837054E-001   0.34530071125603384E-001
   0.72525603645430459        0.71147885790045162E-001   0.51178271066010217        0.35460262232807849E-001
   0.97307332899515087        0.70616938336997101E-001   0.38504339858048087        0.34115098967086005E-001
   0.53237371710378434        0.20348873103343490E-001   0.64177364169427553        0.35599197559193455E-001
   0.26309009672037120        0.70403380128708878E-001   0.57780059295634623        0.34452124705254460E-001
   0.86936448713928727        0.71243072950998784E-001   0.76300902594670550        0.34560123511515224E-001
   0.35451463985061832        0.20443283972337505E-001   0.62458749015369952        0.33472127588308531E-001
   0.46476289296513912        0.20374750843497845E-001   0.65749644627957793        0.33791060796507469E-001
   0.97321116921148909        0.78519244990990389E-001   0.86777215219895598        0.32525892704135209E-001
   0.92284812550249906        0.71209427289457089E-001   0.68466992632333401        0.31719506327333981E-001
   0.20694249631992054        0.70369996206491037E-001   0.53724688287404798        0.34671127985135046E-001
   0.77243841153776638        0.70369040823954329E-001   0.93267527149795992        0.33527202179810221E-001
   0.13141332322253338        0.70320677342554830E-001   0.65383879025718505        0.33123493673809679E-001
   0.31424568852752843        0.70425080267480886E-001   0.63895249091367878        0.32286558405242312E-001
   0.46482863005773889        0.21607474118510717E-001   0.13945478160346109        0.32548744846597845E-001
   0.21261403981291016        0.20517615040089254E-001   0.33072308027983455        0.33381162312029936E-001
   0.20054093539069995        0.20637830793732832E-001   0.47980695608409046        0.35256239666114270E-001
   0.31423923120579206        0.20417440471922912E-001   0.27297776751820169        0.31370215665002581E-001
   0.96282186936738656        0.19460026835628266E-001   0.98045355814605117        0.34513388321608426E-001
   0.98371043305056693        0.19917065566789474E-001   0.19280279115648868        0.33748624729318819E-001
   0.23764494094196031        0.19287633690390393E-001   0.92979135229213805        0.32838562669295399E-001
   0.29643875607359238        0.69978400280161446E-001   0.71193600435843851        0.34286029518450681E-001
   0.18004455004368375        0.20266229656989820E-001   0.64812017634706742        0.36742315084101633E-001
   0.36937219226169771        0.20767808437438532E-001   0.31166778488652119        0.35832959579005778E-001
   0.75180855953972037        0.70208646693827301E-001   0.25191343098052382        0.34997374790350352E-001
   0.74616061283281598        0.21270301223067167E-001   0.30543709654650969        0.32141174490286861E-001
   0.99522865121188053        0.20602958488465009E-001   0.33663152494394655        0.38905723452840331E-001
   0.43200173336390918        0.71473441524558506E-001   0.65794334517534400E-001   0.33747007734476364E-001
   0.82312701821324830        0.23054406032031387E-001   0.49592272789049685        0.30210318511705424E-001
   0.62442588118400721        0.70918702945165613E-001   0.59632859115408765        0.30178669416563126E-001
   0.72731115607635832        0.18013986544823359E-001   0.61909068503238573        0.30173738214062086E-001
   0.56173799335810692        0.21484701057932556E-001   0.36776022725512440E-001   0.30160299544230457E-001
   0.41815903888444174E-002   0.70675269480723085E-001   0.74633064876698219        0.30211547034026374E-001
   0.82598026666367930        0.75289105473269086E-001   0.84428881249414567        0.30224206041052828E-001
   0.40672999227220358        0.21494839700305524E-001   0.96597127261304080E-001   0.30159662283597979E-001
   0.24484259991353008        0.66397859496170761E-001   0.75051988899721223        0.30171843128445581E-001
   0.59863862793749933        0.20148937104560172E-001   0.49023166758803599        0.30202650128277338E-001
   0.28750417169778580        0.21572063724216300E-001   0.46266802147836072E-001   0.30215114621765092E-001
   0.55315823320848956        0.70527702044490700E-001   0.88292146801651095        0.30121056920861294E-001
   0.29632113080429789        0.71583168278189904E-001   0.79054653205716016E-001   0.30191340571932960E-001
   0.48997808736272758        0.19812026397698593E-001   0.78998405565563046        0.30239051074134535E-001
   0.33509178165080894        0.20026658681496157E-001   0.51051687334946050        0.30108885525253801E-001
   0.66861689382280676        0.21040313239330647E-001   0.63479001703224425        0.30194266805327750E-001
   0.24273820908894453        0.70556019124921543E-001   0.48300956995868122        0.30164526464031234E-001
   0.44322431314406724        0.20456151639797873E-001   0.19917586435680604        0.30141057139428228E-001
   0.88775687938475001        0.20199547297409179E-001   0.14491439480659007        0.30163143065402027E-001
   0.50601697152054637        0.70072910631186411E-001   0.42504333721215698        0.30234280298164651E-001
   0.90425548857467108        0.72531039763626334E-001   0.89253963796713964        0.30136987699406190E-001
   0.10948726604099543        0.69151687837751608E-001   0.88610146015721614        0.30165684171881590E-001
   0.27781511587592111        0.70572144924171812E-001   0.41447687185136955        0.30193505863862952E-001
   0.31824160220789061        0.20054070723755958E-001   0.67694809872715445        0.30150656903241511E-001
   0.70917410503606859        0.18997975659418603E-001   0.83568653356773770        0.30231867556597399E-001
   0.63242522859429107        0.71649388568863145E-001   0.88667104139119013        0.30196547847946779E-001
   0.62906800986221800        0.70322441032387523E-001   0.47467162459619106        0.30206076766873275E-001
   0.32326133014707220        0.70529442524662908E-001   0.46045856744726621        0.30101743262186717E-001
   0.21441146678952644        0.71046996969817658E-001   0.25701964346329864        0.30096551413649125E-001
   0.96483460015915554E-001   0.20294033922483086E-001   0.67116587699394836        0.30242929166336762E-001
   0.57292336303684532        0.71578289986834714E-001   0.93990793541448614        0.30154853036656618E-001
   0.89753676936308857        0.71174174490726827E-001   0.55774426772369978        0.30227053378009072E-001
   0.88630881690506691        0.69945070602752221E-001   0.34339839680427658        0.30151746692586419E-001
   0.11602642559125852        0.20560291048350013E-001   0.46804852049703743        0.30220125079833130E-001
   0.62575098035347032        0.20822276344976236E-001   0.56246813265343754        0.30138111753433436E-001
   0.65260640560917502E-001   0.75812460287208061E-001   0.11734244945008263        0.30253133180592584E-001
   0.92128247308055945E-002   0.27934133854648147E-001   0.88194745749237979        0.30140860630310368E-001
   0.83691403148362842        0.70065171478062238E-001   0.12941426139768300        0.30208813542370268E-001
   0.20669391592173117        0.20153906930215688E-001   0.74478910399141540        0.30043431798428302E-001
   0.11514440744008307        0.20335279827820088E-001   0.25605876084718771        0.30132945382252262E-001
