 3 HS poly
 400 2
 361 39
    1.0000000000000000         0.0000000000000000         0.0000000000000000         0.0000000000000000        0.10000000000000001         0.0000000000000000         0.0000000000000000         0.0000000000000000         1.0000000000000000     
 T T T
   0.81059068310145888        0.20796385299466855E-001   0.23634034111595836        0.35556518638576978E-001
   0.42097944490324068        0.20476985990072086E-001   0.88161972842780004E-001   0.36491248250338455E-001
   0.68461868562620631        0.69692532872884225E-001   0.95639797205421528        0.35542027712811175E-001
   0.72276339418187519        0.20558006957189481E-001   0.72948534202664339        0.32748382600212220E-001
   0.10424456915953963        0.70909957565794102E-001   0.85781556162184336        0.37217654104866597E-001
   0.26540230463155584        0.70637832534936926E-001   0.24739084543280671        0.35765234795253620E-001
   0.25215816280954945        0.70803124145669472E-001   0.38562566153961597        0.34101520516241650E-001
   0.94934830929291947E-001   0.17168283842929146E-001   0.17461681495575765        0.33444905534909745E-001
   0.56347669474628781        0.20098342124579234E-001   0.48764077083019103E-002   0.32188063762998813E-001
   0.78261733540833955        0.20137528348043807E-001   0.87112377301946320        0.35379442076076573E-001
   0.48379077331452003        0.20397521371445640E-001   0.42760296659788483        0.34141982534683105E-001
   0.10165901158346334        0.71036694607409953E-001   0.78847137617451879        0.31304022086410886E-001
   0.85952050473012076        0.21542429918033321E-001   0.73429775128162678        0.32958095233738244E-001
   0.95744000775231752        0.20766851821298685E-001   0.23227572356964571        0.36143731162719503E-001
   0.99592114222469497        0.21190709895992699E-001   0.75033928521996240        0.32832948597692597E-001
   0.55018202939044114        0.70045494365755856E-001   0.31226443526827713        0.33009051784252591E-001
   0.41373819679225021        0.72553153889812025E-001   0.93114764902529035        0.32200161879128469E-001
   0.23242779702100036        0.71205772211072729E-001   0.52171147543941998        0.35010208703100766E-001
   0.62852288441776116        0.21413802278268130E-001   0.41234580928986277E-001   0.33167314692711544E-001
   0.71397571302313578        0.19933545650322050E-001   0.86092733275231192        0.33923158268231113E-001
   0.37390383463777160        0.70775167166580014E-001   0.98422094368491297        0.33777685835528717E-001
   0.82346247045647181        0.19834544686782890E-001   0.38375160967646982        0.34917392083778059E-001
   0.61885048062453385        0.19135686428043988E-001   0.39582652769132931        0.34509899595873743E-001
   0.63581158083604783        0.20114682849670315E-001   0.97273010354297151        0.35678638518492921E-001
   0.47933025708487675        0.72364614964702895E-001   0.23408018774914297        0.33169397050956027E-001
   0.26504021146598672        0.20656206159293432E-001   0.75396306840604022        0.34646810137572960E-001
   0.66739493449906684        0.69725095380892541E-001   0.86491218449727636        0.33980718916501271E-001
   0.65523602201363318        0.19735293606812487E-001   0.81854027268124652        0.35201301387190249E-001
   0.30905053159338003        0.20705815646920308E-001   0.80905703385626304        0.35701185473984716E-001
   0.93230813034089555        0.69669348262003675E-001   0.40903271149284143        0.34566699677251900E-001
   0.70237177347135116        0.71610560131816076E-001   0.29958711440327473        0.33243941326266506E-001
   0.68175564063649302E-001   0.67177250710933931E-001   0.13564752058981375        0.35342180514231221E-001
   0.20454351199019813        0.20811717129059104E-001   0.47072984658912037        0.34585194972089554E-001
   0.43069696243931664E-001   0.19964384619811940E-001   0.27518643700692669E-001   0.34043428389577059E-001
   0.24914844048967860        0.70809585672745076E-001   0.45413800014625538        0.34438647484255548E-001
   0.29194023352130130E-001   0.20920921837682953E-001   0.38326044208140919        0.32135590615349596E-001
   0.51728098051091242        0.70303003410694564E-001   0.45708648300330590        0.32718544950004536E-001
   0.71444723419706357        0.19646324239836054E-001   0.66254796993091980        0.34673868261179214E-001
   0.47062749099418294        0.69514047845187388E-001   0.88903159319252179        0.33755971354803134E-001
   0.81894915266091728        0.19520513157728903E-001   0.30731039825695744        0.33223209826382223E-001
   0.68779619636178194E-001   0.20671661111610028E-001   0.43784772592250465        0.33263008733809989E-001
   0.56764192264379554        0.69337740085369873E-001   0.88064653155520956        0.31412192857708236E-001
   0.59607182581588092        0.69633334631948637E-001   0.66192449486539351        0.33870079355057155E-001
   0.99562888576591624        0.20141901662129435E-001   0.81818274942184877        0.35000768174992918E-001
   0.95838923299598178        0.70186192934168876E-001   0.84732553288250878        0.33549965790228987E-001
   0.66752382908389785        0.69446598244802579E-001   0.63142228772417908        0.35106913914327242E-001
   0.89425615375095180        0.70359717083085263E-001   0.76920611212056345        0.36351453752872999E-001
   0.90696195980907135        0.16491681987955819E-001   0.18800139055951723E-001   0.31471824354942807E-001
   0.32933582146977713        0.70740138460690577E-001   0.32767480056258752        0.36980680833888412E-001
   0.85729016131510105        0.20555594043597747E-001   0.66605736330706466        0.35073763797958228E-001
   0.64191375837048148        0.19631612252192076E-001   0.67433537059621884        0.35081860722466274E-001
   0.39875195184455625        0.73916926662858748E-001   0.53975462083465298        0.32735281308867666E-001
   0.35991720406228334        0.70699398030841229E-001   0.80977473298305547        0.34133465053075629E-001
   0.10960813061307448        0.70884351668547591E-001   0.41637033229284276        0.33861247480895140E-001
   0.97662197977334231        0.19716703923093354E-001   0.43732023641080425        0.32087662308663847E-001
   0.30467640052375405        0.21709316859610080E-001   0.55951360055318766        0.36908707837910157E-001
   0.34232232106876720        0.20833077808751883E-001   0.85084252637791333E-001   0.34788530468244164E-001
   0.49953599241555041        0.18929818612286459E-001   0.70314892588550892        0.32676014914689328E-001
   0.31914405043826527        0.20642722111542514E-001   0.15010333843300214        0.34217045306879176E-001
   0.44594706673787776        0.70593187976198915E-001   0.40122610278503235        0.33711153860645673E-001
   0.71861080564795066        0.19694111342826028E-001   0.79463359694797997        0.32506564108823376E-001
   0.27493346201072993        0.20786151200030963E-001   0.49432506796939113        0.34680559385762401E-001
   0.15633677006186714        0.70567393881992735E-001   0.93466258494451226        0.32714325784736126E-001
   0.41283893477014599        0.70035889267451745E-001   0.21786424559155951        0.34701715144254991E-001
   0.46424540264689818        0.19621539254510770E-001   0.84393346605538311        0.33786924858616438E-001
   0.60865005901027128E-001   0.21440197772949060E-001   0.88939135815760717        0.31901353457686715E-001
   0.31317158566045838        0.70669083279110187E-001   0.75874539463303603        0.34863888045565040E-001
   0.95359986144367204        0.70323252522739285E-001   0.91418347425694002        0.33151856726744228E-001
   0.12620389304359519        0.21643982119690007E-001   0.66680788201191210        0.36477847390169925E-001
   0.96395095124909180        0.18135674057573561E-001   0.92088099215504121E-001   0.35710358040015856E-001
   0.56895950056751088        0.19536159128186473E-001   0.70404814781570280        0.36592340187710154E-001
   0.20236177116700610        0.70532657283625330E-001   0.16646112235186486        0.34703434996083651E-001
   0.51766548744582264        0.19580781643616305E-001   0.89206983771001602        0.34854148960236177E-001
   0.58796511462419065        0.20098375543590709E-001   0.33501227379835696        0.33621937958628507E-001
   0.26363213004860792        0.20694227289474985E-001   0.97741087510924629        0.35530841036651939E-001
   0.17039647129925053        0.70600786447936700E-001   0.84069939199144927        0.30585765247228426E-001
   0.16122659560915700        0.20588913784444923E-001   0.19418637789904741        0.35670485710122789E-001
   0.82849503442786421        0.17446975797625896E-001   0.88368460033295029E-001   0.33463345292110577E-001
   0.61381350598379603        0.69567843705566831E-001   0.72797006851361923        0.34454299717716755E-001
   0.57335994052553751        0.19555157840690340E-001   0.61949295884423017        0.35471692560563664E-001
   0.71452070657044231        0.69544880005314058E-001   0.36683543802150070        0.35117140935395905E-001
   0.28851731739947750        0.18473467869125761E-001   0.91149164020742579        0.33447229275614013E-001
   0.79927160269759390        0.68837599788894713E-001   0.50157545678225376E-001   0.34810466465296258E-001
   0.98266622481331889        0.20332909356731196E-001   0.95185291404930128        0.35839899640073725E-001
   0.80416864808623667        0.69603954121537442E-001   0.49234478223690670        0.34904125944847000E-001
   0.82051417053550080        0.70589781354834236E-001   0.63426382220929611        0.34484958357452800E-001
   0.13882127611118655        0.20899467612507397E-001   0.45049806603661302        0.33145226737646069E-001
   0.30646693785307929E-001   0.70821905798804874E-001   0.85409652857363516        0.34897399199101557E-001
   0.68817702075640752        0.19888231700819426E-001   0.75581820307702385E-001   0.35644712989684364E-001
   0.41448260034517143        0.20556071762364701E-001   0.43570877946594738        0.34584435280660408E-001
   0.99351477881033479        0.21317298362039553E-001   0.67234668437920331        0.35060144814665552E-001
   0.28270650536829728        0.21477271844319523E-001   0.62904626029259114        0.34825522070399961E-001
   0.28202427225708333E-001   0.20460228987644838E-001   0.23558177127182076        0.34645107793758977E-001
   0.18397714181397729        0.20572240880491730E-001   0.87464488916834626        0.31255909075241270E-001
   0.99685670743330013        0.20820072762538194E-001   0.88538987950144532        0.32106887052811540E-001
   0.39486388208990852        0.19512076402139884E-001   0.70476816294245859        0.35490943337169949E-001
   0.95956328401605961        0.19111976818688071E-001   0.16187128167459106        0.34194571951542560E-001
   0.19859696563699461        0.25151131529908416E-001   0.38773928501524446E-001   0.34178923597976911E-001
   0.66602860925054264        0.21644137143053757E-001   0.27254183818392508        0.34195211843090101E-001
   0.11735777718968483E-001   0.71234712391172961E-001   0.71290484175045254        0.31558436727981032E-001
   0.29428876018846844E-001   0.20717700935809231E-001   0.31016688818022664        0.38606166028167091E-001
   0.18803512658133562        0.70808570801590184E-001   0.30962113948258452        0.36438260469288747E-001
   0.76577639449579105        0.19539649170183519E-001   0.53334112783449272        0.33878412087468390E-001
   0.81996232806853186        0.70129686779261610E-001   0.83860244401843365        0.34987346123807113E-001
   0.78332585187075643        0.69730193263072213E-001   0.35770349136614155        0.33940607225287356E-001
   0.45837697750197132        0.69685080303420674E-001   0.79710886508316703        0.34835709224658763E-001
   0.45429407415854517        0.20070255061772152E-001   0.18907988722256461        0.36300556175011642E-001
   0.82350761618885071        0.18147768781413682E-001   0.15795887873971484        0.31713077076288274E-001
   0.53088070712734692        0.70118749586255733E-001   0.52115848752805938        0.31896798716517578E-001
   0.58233307211292640        0.71307951342790873E-001   0.47487290036810716E-001   0.35052456108827339E-001
   0.25211636995929831        0.20585208267492071E-001   0.85183001152246440        0.35307358688745988E-001
   0.84983565226120328        0.69441996185265462E-001   0.19924203164721027        0.36651997681401143E-001
   0.65278953624941849E-001   0.21782060079910293E-001   0.73274491817414056        0.35884643834919211E-001
   0.14230329722304599        0.71455872697987935E-001   0.56151208875944092        0.32822807723895869E-001
   0.43484086043850873        0.69811224291543003E-001   0.14095380265436955        0.35385426764648578E-001
   0.75119493824712158        0.69818584009389492E-001   0.76462333175928310        0.33426947485405499E-001
   0.89030835993364843        0.19167850385667554E-001   0.16621461833149948        0.35125329110322678E-001
   0.23203642344218625        0.20634457879816707E-001   0.20748386167664956        0.36376044523539264E-001
   0.38178890638202151        0.20822433022559279E-001   0.29030479491094337E-001   0.33765049042950218E-001
   0.65771718588856409        0.19690716048098935E-001   0.74078831603641926        0.33204543543278120E-001
   0.39658163016081177        0.69475656806843616E-001   0.66148266435258718        0.30587093429032861E-001
   0.51981290323928930        0.19872953458421345E-001   0.34541123265963103        0.34100688501025746E-001
   0.93779559389925460        0.68115660652194071E-001   0.51803260707684533E-001   0.33562809545350555E-001
   0.22075713785126438        0.70726733005787454E-001   0.73916231829040879        0.33667994880655548E-001
   0.91625778540351854        0.19760617539241514E-001   0.94292214903868010        0.31112816681144028E-001
   0.63214530566573190        0.20984975115979975E-001   0.53643873206865700        0.30018955035485902E-001
   0.30985987020344752        0.70725742635325731E-001   0.96038770717132182        0.34522154829748297E-001
   0.69811991299782272        0.21536330545410032E-001   0.53164998255296747        0.31410533327637859E-001
   0.59455085895469814E-001   0.70763302794458083E-001   0.20572323364125700        0.30979301630563554E-001
   0.25855582019938078        0.70604570161358723E-001   0.31732537497815400        0.34496521245057157E-001
   0.85111862055115084        0.69862957763774533E-001   0.34248581968818215        0.35528357658597506E-001
   0.83822394095970421        0.19218714182992341E-001   0.15904676249177577E-001   0.36854743566474377E-001
   0.46943317888266295        0.71077837140454389E-001   0.80194214991296142E-001   0.32988273917133118E-001
   0.40134504277968502        0.70000139415171886E-001   0.75398216053771372        0.34595973190989504E-001
   0.29671322145232243        0.20604538917066071E-001   0.28691170972308894        0.35204385411667136E-001
   0.12577923662288593        0.20793751680827175E-001   0.90327495847046868        0.33583247075811555E-001
   0.12849947618132682        0.70483165079778171E-001   0.27308935929054495        0.33259431818611393E-001
   0.84993863821036908        0.20017816829747834E-001   0.94477860939425140        0.35211673782293056E-001
   0.83514573225592359        0.19641874329598352E-001   0.45372666845156190        0.35431229181713028E-001
   0.54619109364396701        0.19880044529209762E-001   0.14956169142285400        0.35706983447075243E-001
   0.17438841366689667        0.20725460277236943E-001   0.73243310679715068        0.34216341001370380E-001
   0.51971112915857010        0.23420306618590805E-001   0.21336400758395641        0.33438215199383621E-001
   0.76558643636947987        0.18840267141348642E-001   0.13933328495807864E-001   0.35481548193883779E-001
   0.57961366560669902        0.19795590108016889E-001   0.93187258404884277        0.33788017146084037E-001
   0.20233854303002849        0.20609408243274348E-001   0.93876038219752334        0.35276313108133020E-001
   0.84473594482211534        0.22001404779217706E-001   0.59539503209640543        0.31977616082588214E-001
   0.87723413726954658        0.70621790052374914E-001   0.56183468099335099        0.34780767389578679E-001
   0.58821152682079803        0.21493337817726332E-001   0.94452716716718302E-001   0.33587584177487716E-001
   0.96628683054974587E-001   0.20513103711651381E-001   0.24176789390195699        0.33731968175548396E-001
   0.70550547112847806        0.75570057465560059E-001   0.23147081063775105        0.35049841212933544E-001
   0.75401568699385524        0.70573611147857096E-001   0.69635625681139357        0.34834914363787342E-001
   0.68384390357974789        0.69656620825262208E-001   0.70139305132375074        0.35503215149615970E-001
   0.58637775739766773        0.70255400307403792E-001   0.44109389836556573        0.33545133150510748E-001
   0.54846992691460261        0.69563487401159405E-001   0.78306948089682438        0.33646333411053567E-001
   0.50432057342184877        0.19770238441416343E-001   0.79004801743310726        0.33252092849080962E-001
   0.65109084906049486        0.69547280373706402E-001   0.42798972505319449        0.32467289581783930E-001
   0.27500631129686720        0.70651705557893033E-001   0.17518612285708920        0.37017332464261643E-001
   0.55840500629434042        0.20173147858643374E-001   0.48016237934489586        0.35663581653214406E-001
   0.53044305824229498        0.69276411694185955E-001   0.67394434330380215        0.32613411221832540E-001
   0.36440479318797492        0.70651680847383200E-001   0.13192985833179408        0.35594562239627883E-001
   0.51164664023086803        0.65031116450799190E-001   0.83752819812511548        0.32133486054783063E-001
   0.74465579146536509        0.19889721667500429E-001   0.14253415592697455        0.31329965045834560E-001
   0.27721265743864770E-001   0.14812118209706441E-001   0.16651715599313263        0.34246515114520426E-001
   0.76403751910313455E-001   0.74336866990526204E-001   0.65650574111384530E-001   0.31333457158718526E-001
   0.68607307398315398        0.19540505723785101E-001   0.40363621782599285        0.33165011286560069E-001
   0.16817594947365642E-001   0.70802351882099643E-001   0.53626989059573360        0.35513518711710323E-001
   0.30416498990740787        0.20653902592515028E-001   0.21707065287197888        0.34373951165526481E-001
   0.88960888444212793        0.70538751394294524E-001   0.63007892134438281        0.34469706047822686E-001
   0.35021310708716930        0.20737713078863660E-001   0.37419245279789126        0.34407415455004663E-001
   0.49692150929681073        0.68962412047529717E-001   0.74320906887331972        0.31372518753188777E-001
   0.78290266478967696        0.75567660931141797E-001   0.18468045937931069        0.32093423527195367E-001
   0.62748393383585033        0.73216350770431468E-001   0.30502073634874610        0.34622046734813339E-001
   0.51166389081335206        0.69876071993055774E-001   0.38943474144378643        0.32992598100810039E-001
   0.61238206749795732        0.21963407618289126E-001   0.87256546992323458        0.33774512749917412E-001
   0.20316694680758685        0.71589742410157017E-001   0.58250466280709201        0.31208949390127815E-001
   0.91615271581188915E-001   0.71372728317638801E-001   0.61030112993817365        0.36680132934152135E-001
   0.12639221978763088        0.70886117708784974E-001   0.34606223421514748        0.35150638933768498E-001
   0.75141235257992722        0.69396783975800500E-001   0.83228906539948821        0.33258784952369232E-001
   0.55988252904434455        0.73426687211086097E-001   0.24285380524384659        0.37109120322162514E-001
   0.91632464949116199        0.20537499920621160E-001   0.59030590196424726        0.34646910743960480E-001
   0.58440588211781136E-001   0.70720034450251976E-001   0.35261565723972199        0.33072114857575809E-001
   0.72338568690072536        0.68994045098632162E-001   0.39592505184077718E-001   0.34658713682247017E-001
   0.59956420908998476        0.23469533754725311E-001   0.27011779541415526        0.32216664017125751E-001
   0.12745406613207938        0.20268971547860927E-001   0.97320359314786675        0.36087787029210429E-001
   0.74658234546652880        0.25555782160229547E-001   0.20764048328257548        0.33821462621602814E-001
   0.53240100116529854        0.69693222753976936E-001   0.93911323950353554        0.35233903880091628E-001
   0.10097337544214056        0.20874825198988957E-001   0.30797961937529500        0.32596579125516847E-001
   0.45322452583533007        0.67095265606243362E-001   0.69405067432696010        0.34105156086224678E-001
   0.31647861310488418        0.70699348360048223E-001   0.40084435814465658        0.31460359024499195E-001
   0.78895326235621110        0.22032261152888564E-001   0.73374334979743350        0.30316759841560587E-001
   0.90542079993175750        0.19406712222285533E-001   0.44952807217526014        0.34950715239095841E-001
   0.98488072737817844        0.20523611258035843E-001   0.58250478547809048        0.34227674472258732E-001
   0.18957724548073024        0.70671238452815907E-001   0.23737619557904518        0.35636754807077238E-001
   0.49910975965168325        0.20380481935923012E-001   0.27901462909433228        0.35420477220020986E-001
   0.19793859773677286        0.70625881135205335E-001   0.98693661313594228        0.34067293216268078E-001
   0.19527059774396599        0.21400009040180051E-001   0.62256092622419446        0.32831812225544717E-001
   0.48272921327400420        0.20117806316694208E-001   0.12310931580978221        0.32953319995030636E-001
   0.92612656360125956        0.20591634229690191E-001   0.65878566574578468        0.33557005375060213E-001
   0.43471363650456024        0.20512982463487386E-001   0.25759108545685033        0.31928923287181561E-001
   0.83633877583797644        0.19423093424666582E-001   0.52599494432570293        0.32823296177317184E-001
   0.29812174855508233        0.70690751095636106E-001   0.10666567976247193        0.35221147916445393E-001
   0.73418947280471203        0.69575123642017886E-001   0.56841031295738931        0.34298242709972018E-001
   0.33313264354401362        0.77960604061742197E-001   0.60886955027816458        0.34674854762149737E-001
   0.40839196762177238        0.22438233768075237E-001   0.89042652593434279        0.32383677725579520E-001
   0.66319912777569656        0.69583704090374870E-001   0.49322854125185905        0.33526536237639432E-001
   0.22132005749162986        0.71161443193344762E-001   0.87446911686338072E-001   0.35629979936283307E-001
   0.36932449464682066        0.20594098591066444E-001   0.24213770728813266        0.35260943481796966E-001
   0.92858100272666955        0.69213113589374167E-001   0.12730261625401812        0.33927206342651194E-001
   0.88598989975753417        0.19353528006763959E-001   0.23659247787365101        0.35338051359127987E-001
   0.34510618881760413        0.23465484600391027E-001   0.44382519418186939        0.35311628181112061E-001
   0.77939715223429462        0.71576057371194143E-001   0.27700510561723746        0.35220873198195987E-001
   0.85912667273757992        0.69163213096176804E-001   0.12791924131131127        0.35075391529924262E-001
   0.13789494024045082        0.20687285652814191E-001   0.81534506697387266        0.33969842909665857E-001
   0.59794145704704871        0.71552283848629994E-001   0.14085096443289760        0.35198302343556434E-001
   0.68276229585298609        0.71748266205540409E-001   0.16390725649066926        0.36143513373910766E-001
   0.78907317391613552        0.20582993336595207E-001   0.66684917997357451        0.32958052169698618E-001
   0.10849794593159170        0.16130075267776611E-001   0.10819337621667161        0.33660512506857733E-001
   0.76991555511314758        0.19713112983905896E-001   0.60189559030154338        0.34725814955605415E-001
   0.92983132443035121        0.20001230646278859E-001   0.72927898050689555        0.36516610707803362E-001
   0.49994134294873666        0.69998646706269943E-001   0.16767193028300534        0.34642665503055663E-001
   0.76262388252972957        0.16168531347386984E-001   0.81592429067484415E-001   0.32294420321578046E-001
   0.56593584907375261        0.19674996305035556E-001   0.54978695760864615        0.34305347678364156E-001
   0.88816972774753744        0.20032259919408223E-001   0.30761265837327068        0.35684619599165461E-001
   0.46369305433676061        0.70630331643993335E-001   0.31067436204545451        0.33206011182620745E-001
   0.85477806715069493        0.20412702634791682E-001   0.80259645388121648        0.35432349075717400E-001
   0.55607665426179842        0.15111579961077726E-001   0.83409127731537425        0.34750061516793045E-001
   0.60438538115526974        0.21561744660171109E-001   0.19000506831619990        0.35170876777298916E-001
   0.23093243196192562E-001   0.70505898771506245E-001   0.60356368676245165        0.32065027999265361E-001
   0.69736104410068633        0.19043637124690177E-001   0.24631687717721522E-002   0.32667709976749101E-001
   0.18091255815280451E-001   0.70741061535394736E-001   0.46387335132842217        0.36812741370887456E-001
   0.81558187419039130        0.70057223955497794E-001   0.90874592629765494        0.35276044905965254E-001
   0.78508367448792382        0.19110762013056760E-001   0.80133670337752261        0.34284897949723038E-001
   0.81807001742960250        0.68875080342684206E-001   0.77098647679111987        0.32573269605669274E-001
   0.35278733265740242E-001   0.17270897091841663E-001   0.96902633452984208E-001   0.35782297793758917E-001
   0.42933049732574713        0.70585932796181125E-001   0.25122734150402844E-001   0.35052352549407861E-001
   0.82363424512975375E-001   0.70012559506086869E-001   0.99892616380769539        0.35594224878801921E-001
   0.29703659595603371        0.69935009622496949E-001   0.67551449135076547        0.33799412732368264E-001
   0.35587597698806034        0.20779465755400239E-001   0.93726573652207590        0.37138058118638323E-001
   0.41699090396619165        0.72525759273496332E-001   0.85003425548016520        0.32392591713884103E-001
   0.75435847381804466        0.19528630227624730E-001   0.39658615318789048        0.35357554383886672E-001
   0.96418825560530830        0.72746445178501401E-001   0.78054178858886514        0.31882545612695254E-001
   0.15220189633709252        0.61573252072253830E-001   0.82297764233534965E-001   0.34232641946727975E-001
   0.63348566368960946        0.71665749284925168E-001   0.23344030262521259        0.37098697855250440E-001
   0.36012885427578817        0.23442168281174399E-001   0.51301716704297595        0.35460881762375301E-001
   0.62377912150553627        0.69774733777303422E-001   0.91814476276025736        0.33190072207119052E-001
   0.40796149849978564        0.21329120895177394E-001   0.80506343935920932        0.34473589068306332E-001
   0.97419939473010042        0.18081275129145796E-001   0.22141894160547054E-001   0.34954268844235810E-001
   0.46900789955666333        0.69424611684269222E-001   0.96816249505574026        0.34350909320255335E-001
   0.84944409840987944        0.69185735657831343E-001   0.27146396321227995        0.35003198203958308E-001
   0.51612555545318503E-001   0.20714455312537697E-001   0.56970000719781333        0.33634171595426858E-001
   0.61642202289288218E-001   0.70538476505998010E-001   0.26988783766039576        0.33099792918962853E-001
   0.99263424585347149        0.70661341233571179E-001   0.26975817513631828        0.35405222116821171E-001
   0.94702877572958077        0.70646863143114177E-001   0.55091708632127534        0.35784156014253062E-001
   0.69781616649851042        0.19599981748544125E-001   0.46800156857443737        0.32217204578047463E-001
   0.36412723136938629        0.70771829110118076E-001   0.88867304246088641        0.33047939412352040E-001
   0.79001115456924975        0.64621134972741398E-001   0.11914432514001420        0.34697753225789080E-001
   0.92739541998167607        0.69258127662871080E-001   0.19366817787331314        0.32406911203647561E-001
   0.66556629986362348        0.71425187571760654E-001   0.56135850781467089        0.34629152385438768E-001
   0.18414240210720628        0.21098634437683110E-001   0.54036490323007924        0.35448230229275443E-001
   0.62673715773778915        0.19667275085002114E-001   0.46514679657305258        0.34276005837847345E-001
   0.59732626010815992        0.19567746052205234E-001   0.77593327919688782        0.36612523176699496E-001
   0.20872895583223280        0.20856430354187796E-001   0.79558558175539829        0.35222566076330675E-001
   0.75247115819309107        0.68786070714976333E-001   0.96843853637992761        0.33337893438083847E-001
   0.92610216799290612        0.69172356856029196E-001   0.33974953257092250        0.33650700183746780E-001
   0.64011897727668077        0.70947073690270965E-001   0.84646695846861270E-001   0.33449441361178660E-001
   0.28047500322935259        0.20782411670400715E-001   0.42084949138050115        0.33254225200474934E-001
   0.87180886079472908        0.69399002398260162E-001   0.48607222344475015        0.32489539324962353E-001
   0.55152928652035282        0.19869789013397417E-001   0.41047866529643579        0.34314437802229127E-001
   0.87048290287986371E-001   0.70752539456646571E-001   0.92889199376968568        0.34572759131184308E-001
   0.17894714457862504        0.70599003025646478E-001   0.68441086962007880        0.35151914157957695E-001
   0.81660084122393484        0.69273568345309774E-001   0.97515934542934579        0.31120587555828923E-001
   0.42007937181805238        0.22322920548992119E-001   0.97386791402236172        0.33393217770649068E-001
   0.46759895962905734        0.69485148509784100E-001   0.60701656664169701        0.35945416609627953E-001
   0.28547772621074652        0.20264923242111307E-001   0.35456431598905142        0.33021388537193032E-001
   0.12103475657494048        0.70572970209143299E-001   0.20990311480667076        0.30271142950000232E-001
   0.37715469445513466        0.20732292917437167E-001   0.31108502191228476        0.34112682463267485E-001
   0.43637177487385065        0.20835108600238947E-001   0.64658388208235906        0.33654431889181852E-001
   0.15975926994270362        0.70848845444527075E-001   0.49434502643091394        0.36533802407543267E-001
   0.67080671851057982E-001   0.20964034008009787E-001   0.81856350121327270        0.36339085834458613E-001
   0.16180776206340541        0.20864594727197112E-001   0.37839448126232600        0.33988338859711004E-001
   0.12100682913023814        0.76494612374039220E-001   0.72465842048923501        0.35488459439278225E-001
   0.73414582617978075        0.21590373740715693E-001   0.27215583310249575        0.31968362465446772E-001
   0.32222960130670747        0.70768051367488150E-001   0.40059692233533638E-001   0.35260130018331920E-001
   0.58999136863047530        0.70128611863721907E-001   0.97419337659310434        0.32139891874674316E-001
   0.92530162588233722        0.20938273115227540E-001   0.81135484785252743        0.35633802653669895E-001
   0.25449597186771794        0.70691746944392397E-001   0.25029064986370832E-001   0.34116039656020614E-001
   0.89483320353131790        0.19218339351672942E-001   0.97643122268956203E-001   0.33287922473120769E-001
   0.19632168481996684E-001   0.70496120054072284E-001   0.92151251493530706        0.33223718354915714E-001
   0.60919298800833854        0.69921527524563098E-001   0.82386569585295200        0.32612421591254374E-001
   0.11004063959687574        0.25172663479197152E-001   0.42195455182408692E-001   0.32463543616575330E-001
   0.44961041247645861        0.70516568044250105E-001   0.47071670613624106        0.35775748612865373E-001
   0.38564608029550335        0.20644870328926031E-001   0.17508289415093484        0.33732839435286342E-001
   0.68460630008070109E-001   0.70918509550585693E-001   0.67808509300302933        0.34940942529215056E-001
   0.94234265493647906        0.67809316414495766E-001   0.98407666307710528        0.33790495199192909E-001
   0.34673736727613524        0.27859710701614211E-001   0.65475872185097772        0.34412100689937421E-001
   0.23188853384761887        0.21326086138375576E-001   0.69262019750137660        0.35048056946246055E-001
   0.90529670690476227        0.20618105644427471E-001   0.52045834587691320        0.35910515633754442E-001
   0.67930190005840618        0.69694568133088816E-001   0.77861148488582865        0.33073895783830458E-001
   0.17904593541013616        0.70857438285112345E-001   0.42423783526287329        0.35934973320466572E-001
   0.37113989545960491        0.29520385304383570E-001   0.58044123920433022        0.33073703248947428E-001
   0.25802200675559939        0.70649865044641241E-001   0.80228468064411174        0.35106315034207643E-001
   0.95761797557868478        0.20688206009656509E-001   0.30207808460529584        0.33604082000850813E-001
   0.51114092309044500E-002   0.67633631144431605E-001   0.58574827699324740E-001   0.33654046327511247E-001
   0.44976358915405101        0.19809392316950891E-001   0.74899196959449599        0.34990709024505316E-001
   0.50620799926555504        0.19548593661781591E-001   0.63691673797704496        0.33889556714622106E-001
   0.85498259845841373        0.20079138932971849E-001   0.87369394766822372        0.35349134595553736E-001
   0.17321476011064943        0.16196142515353420E-001   0.12607069332078291        0.32071035576679480E-001
   0.45186505935887827        0.20375685887857369E-001   0.35478412611097854        0.33681494490163291E-001
   0.88587689979566320        0.70028366459382763E-001   0.91180302376851274        0.34612148570620838E-001
   0.34694261984351993        0.70671779067860124E-001   0.19916604776542390        0.33780674376956789E-001
   0.82344874207476459        0.71154228542337911E-001   0.70370665577434921        0.34957640511459019E-001
   0.96290362173634636        0.19625139323780655E-001   0.37094226252550860        0.35297497069881070E-001
   0.93165168909022891E-001   0.20882537437726736E-001   0.37650054504988351        0.32147492332680550E-001
   0.53429901617382192        0.69847987304379494E-001   0.10123131061286950        0.34812294983970850E-001
   0.51929180330634117        0.70626236462293254E-001   0.16381709018760304E-001   0.35122501253115605E-001
   0.40677690857185178        0.70712404935455539E-001   0.34624038179055033        0.33768564391552527E-001
   0.35311200453729270E-001   0.71160628778917087E-001   0.77664077349549265        0.35985197905643723E-001
   0.95901820795559267        0.70601073589249733E-001   0.62416290456973356        0.35126704160047741E-001
   0.90298581169170181E-001   0.70847874038788256E-001   0.48125762273148842        0.33710007346386843E-001
   0.80545001268674876        0.69562533831459675E-001   0.56429919307072995        0.37040246156686121E-001
   0.89182343318779056        0.69983474330972531E-001   0.69850159493474595        0.33371833843893479E-001
   0.49043167088297746        0.20546557990121155E-001   0.49949098345624315        0.34868359225633826E-001
   0.72325431464448098        0.69938924873865244E-001   0.10758042914521719        0.33249145531630032E-001
   0.53470706274088808        0.69529429012566563E-001   0.59554476351587160        0.32089002462372791E-001
   0.47568518913873087        0.20565362446344236E-001   0.35368925456702373E-001   0.33838925461365098E-001
   0.30189707377090469        0.70597594674489950E-001   0.85963661232212751        0.35619957060338478E-001
   0.26739107863180733        0.20682262650767079E-001   0.69670464288692113E-001   0.34122030312247913E-001
   0.52125847225048663E-001   0.20556423471999232E-001   0.96018596230024111        0.33813612599617258E-001
   0.79450694858354765        0.67401362216639046E-001   0.42372563388935386        0.32558945214193030E-001
   0.60021205457922278        0.69571419466161508E-001   0.58036466923519303        0.33430282541098331E-001
   0.35743893758658674        0.20610856731283784E-001   0.76172941318723819        0.31936111278331986E-001
   0.92172381318844765        0.69226385174789393E-001   0.27024395691603942        0.34566673056554698E-001
   0.50525131389184394E-001   0.20869059608445231E-001   0.63621082622055869        0.32433957791651286E-001
   0.74156197523991441        0.69935869273613324E-001   0.90042055559562684        0.35483430911052667E-001
   0.97555039078969574        0.21103917997429153E-001   0.50559572352984317        0.35865055420548020E-001
   0.66817479525658252        0.19672652479253719E-001   0.91100931765664594        0.33940583069608919E-001
   0.13615757534940606        0.66573931313257506E-001   0.14800658331206881        0.33528755958062408E-001
   0.31857628722752346        0.70737329618448322E-001   0.48890213284319328        0.31782283088928484E-001
   0.69846853285295085        0.19546542287360080E-001   0.59643483277823539        0.33214820426303492E-001
   0.16529914321601277        0.70623061274656049E-001   0.77702045898111205        0.33281794983038779E-001
   0.23928342952467835        0.21650946964657178E-001   0.57671945802652225        0.30597107729719592E-001
   0.64546247275616009        0.21716275672303463E-001   0.13109207679361690        0.34309656388596940E-001
   0.73227575496719732        0.69550248076804266E-001   0.49845487266053418        0.35666701533428873E-001
   0.76629508013155789        0.19564524705366688E-001   0.46456773661286227        0.33639902675336550E-001
   0.46467590745656012        0.70094077679181119E-001   0.53812584764290428        0.32941854894302208E-001
   0.86293696464289082        0.69610714520938519E-001   0.41264665597008987        0.34864564575638704E-001
   0.38003726784558123        0.70620365494337881E-001   0.40719589058221423        0.32399114182004633E-001
   0.11609802455867012        0.20813905652821027E-001   0.52109570650538528        0.34989811569713147E-001
   0.50191477329357768E-001   0.20760459377898118E-001   0.50204027552860342        0.33564929617405703E-001
   0.23603273498805385        0.71412358367927573E-001   0.64363004805081292        0.34998933939223410E-001
   0.89400324682050081        0.19659037671171289E-001   0.37702035708801318        0.33804713917038258E-001
   0.22762512909054675        0.20817105855408281E-001   0.27901081866967209        0.34290067963229268E-001
   0.89252962340061370        0.71375073390588045E-001   0.84498487864229321        0.32344741576256636E-001
   0.38135104330041447        0.73408960524875819E-001   0.47208782508164149        0.32525266347541597E-001
   0.86909038816521178        0.69167979505696239E-001   0.58063467890626580E-001   0.35428469356440770E-001
   0.31675512957682445        0.20021977214362541E-001   0.71283770712865446        0.31338256590601785E-001
   0.49950307787512438        0.19504427556483322E-001   0.56850616357773764        0.34711893140180999E-001
   0.24808936366426806        0.70675807803051119E-001   0.93375570967236887        0.32582877383526776E-001
   0.24065634921041235        0.20828050873490232E-001   0.13472490172162796        0.35549704768320409E-001
   0.12897312260373880E-001   0.69577896584152893E-001   0.99114884055142471        0.34016544544992020E-001
   0.59719403841317220        0.70167932748735160E-001   0.51196239647578745        0.35022332438091164E-001
   0.65959398336861430        0.71346990880680014E-001   0.17378694733908042E-001   0.29970095499249411E-001
   0.40273544185124710        0.79467925948479609E-001   0.60208648185625102        0.29863344726765304E-001
   0.72483356642720298        0.19050443429444227E-001   0.94058897256949736        0.29966688375888381E-001
   0.95457027421528029        0.71444566470797610E-001   0.68924563507831627        0.30000594662159537E-001
   0.64924720844838490        0.67267025726824706E-001   0.36555662902613129        0.29934510570727647E-001
   0.92876753371629295        0.18306430326532851E-001   0.87947359222186805        0.30027018311916009E-001
   0.99601553844539137        0.67886294361316935E-001   0.13234676176000426        0.29931372542833561E-001
   0.22191425384441421        0.16839177358828134E-001   0.34648677951660967        0.29978421012623307E-001
   0.99149999931591049        0.69596721434946426E-001   0.33977348985779288        0.29970103048736089E-001
   0.99037129013488445        0.70426751665896015E-001   0.19924227247835608        0.29990333217890002E-001
   0.53466130029588177        0.19822989778043910E-001   0.59956002495148125E-001   0.29956038520469356E-001
   0.50916910913006863        0.19595812039279556E-001   0.97465393110876508        0.29895384589981873E-001
   0.66825797166843448        0.21835840515526801E-001   0.20475268125154505        0.29942861301369184E-001
   0.13427362810117269        0.21453099818275673E-001   0.59866590565403643        0.29974012985685371E-001
   0.81710376856387879E-001   0.70784632488486141E-001   0.54438476640992384        0.29872448704705436E-001
   0.15709221115085822        0.71465380236257564E-001   0.62301628672061837        0.30012529086248123E-001
   0.57606391663477119        0.71309086147473458E-001   0.37605769252572058        0.30008906928783611E-001
   0.93505175900491666        0.70784776674477759E-001   0.48485530326388843        0.30037192975207572E-001
   0.87687544475651524        0.67167752816600798E-001   0.98675695701731214        0.29941772456298959E-001
   0.35263866145767592        0.69497754646777862E-001   0.70696966701029418        0.29964977838445258E-001
   0.33007066123199957        0.70132742918626936E-001   0.26075512022136099        0.29926742443899573E-001
   0.99646527266656826        0.70899626232666491E-001   0.40056394463706030        0.30061300103819303E-001
   0.74210581872339898        0.69632781173127128E-001   0.63225224934953683        0.29967204239310031E-001
   0.43428207088611831        0.24433045051292620E-001   0.57228501874550319        0.29978004108659209E-001
   0.38100686784877785        0.70826420371907395E-001   0.68532016395441736E-001   0.29903721771342040E-001
   0.27131952555634686        0.71709748142190277E-001   0.58903279062596670        0.29978721184011355E-001
   0.36065127779820266        0.20886207219883331E-001   0.85015469634708740        0.29919595745925436E-001
   0.42615145461249315        0.23190615656285850E-001   0.51140259055116133        0.29875741478978018E-001
   0.40571111222618839        0.70394399510120040E-001   0.28219334206197605        0.29987022289413440E-001
   0.14387522016747642        0.77386623330997481E-001   0.20694431784983629E-001   0.29909924653092824E-001
   0.75363334256079417        0.19798612877401853E-001   0.33092331948449044        0.29962908887044247E-001
   0.78487840911770890        0.19098067969717147E-001   0.93935758732486008        0.29937342655251220E-001
   0.67838689921353468        0.16818077262554843E-001   0.33929999923383769        0.30014445577963778E-001
   0.21934032552401359        0.70627344025064959E-001   0.87817225309752778        0.29976666138978932E-001
   0.73092248854866704        0.70331008138228429E-001   0.43279112857443486        0.29963263576081697E-001
   0.21866454700445834        0.20850382881722734E-001   0.40778512684559604        0.29917592282715566E-001
   0.32585043705265848        0.20759826260202695E-001   0.99823282007263592        0.29985957410111345E-001
   0.46379098146704273        0.19416766687168970E-001   0.92804057448112431        0.29918345279694253E-001
   0.63528847253535115        0.19519415854661853E-001   0.59814385928675873        0.29961632459459930E-001
