 3 HS poly
 400 2
 361 39
    1.0000000000000000         0.0000000000000000         0.0000000000000000         0.0000000000000000        0.10000000000000001         0.0000000000000000         0.0000000000000000         0.0000000000000000         1.0000000000000000     
 T T T
   0.75686538343783383        0.85155290068191392E-001   0.82946055298865307        0.35731336500194555E-001
   0.48201812165463415        0.85077869445313647E-001   0.40525521829640715        0.33696101770827748E-001
   0.23340290403833519        0.87309038088284094E-001   0.67139788414916746        0.33550987032507418E-001
   0.84131990892811159        0.85250152640841556E-001   0.12618709703000006        0.32794779516099888E-001
   0.96901955416037633        0.86214695066969077E-001   0.74956452127477768        0.33361875547727106E-001
   0.57803717795563880        0.84963986823642354E-001   0.91193093493861743        0.35355207686216930E-001
   0.53474573811920445        0.84843151178178672E-001   0.69238670926821855        0.33648164133032392E-001
   0.41097506704217873        0.85171206738425695E-001   0.58854957740650593        0.35869663126700486E-001
   0.54750266887927568        0.86005248579002144E-001   0.19835501444621112        0.30938592022066995E-001
   0.10533677751794572        0.85478015339795169E-001   0.74411603855354280        0.34952262931733612E-001
   0.36740149457032761        0.35531558702819446E-001   0.29151057436076998E-001   0.35372410830541420E-001
   0.98255441084896766        0.85265296990594514E-001   0.24900825604315283        0.34959374287866843E-001
   0.68025245515997967        0.85096380958929685E-001   0.51888913895272326        0.33755974781469543E-001
   0.83944687267953333        0.35161271213668466E-001   0.91576981427279036        0.34103783649193573E-001
   0.56577945064746149        0.84930683909029955E-001   0.44704000695078366        0.34242833308432287E-001
   0.70332374562026834        0.85331582018482566E-001   0.21202955500884543        0.32504631341256411E-001
   0.16995157481656153        0.85517153958355852E-001   0.17642247636822975        0.35924102215128810E-001
   0.91602094535282919        0.86242441011212145E-001   0.83055409060548568        0.34541524912234618E-001
   0.58779202870393699        0.35330713764337378E-001   0.17514451949536550        0.36013692989896574E-001
   0.79944685966169815        0.35133495174894135E-001   0.57876688463260795        0.33259204821256994E-001
   0.53410080548311800        0.34874020212773076E-001   0.58275602985140129        0.35128632201449954E-001
   0.36649357265811221E-001   0.85502961515362186E-001   0.57230563274389923        0.33383316455368628E-001
   0.77004874801032919        0.85211742999926579E-001   0.61137382762020986        0.33214390504230598E-001
   0.58556599120714670        0.34875200418052497E-001   0.98416690784062111        0.32700393172962680E-001
   0.46842574753492312E-002   0.85343024209114701E-001   0.88582831455293631        0.35329412596587659E-001
   0.67725241782685108        0.34993927633418395E-001   0.73627076457006599E-001   0.35015237721381549E-001
   0.51744808637054274        0.35700412917723162E-001   0.29873520841932794        0.34029937434049910E-001
   0.45486029495934294        0.84998990285504200E-001   0.81955824476441452        0.31850636169734943E-001
   0.46623925139369560        0.35304757707805008E-001   0.53432153561588799E-001   0.35473630081888127E-001
   0.24385322412296351        0.35558095019802907E-001   0.62391701169072888        0.34076308633665627E-001
   0.30354078999906053        0.35363020993325549E-001   0.55250072655401061        0.32847191186982060E-001
   0.69062313320970703        0.85387214522325589E-001   0.66954882622626866        0.33107660663459965E-001
   0.64819688474144244        0.34841145550730902E-001   0.69484329937323230        0.36197019856260046E-001
   0.66129799939537359        0.33893575132312316E-001   0.47594486464826269        0.33300210266124390E-001
   0.99305448356214965        0.85321869572490147E-001   0.45332262203576151        0.36956323566536137E-001
   0.79050618544121720        0.35269240439386750E-001   0.71767208861495957        0.34926751438768028E-001
   0.92480141575112562        0.35172490147936476E-001   0.84959632969788937E-001   0.35898392927822147E-001
   0.79217769442353897E-001   0.35524953464213513E-001   0.56299079088039261        0.32878179170650265E-001
   0.37599685060689952        0.85583094127824319E-001   0.97995975454509598        0.35254120914332450E-001
   0.13833633049170388        0.35304946110933474E-001   0.57528274425089176E-001   0.32095026199128636E-001
   0.79942839598100546        0.35524574347283032E-001   0.14127312754360163        0.32380338653673166E-001
   0.76114474731324500        0.85273835202897094E-001   0.67884463144240603        0.34807827939995775E-001
   0.32756613858710015        0.81176085375728346E-001   0.32072054375877140        0.32860316773766961E-001
   0.89247653941832739        0.85395003027940300E-001   0.54938642336736188        0.35113110057141655E-001
   0.53147055604208260        0.84957517982212988E-001   0.85533298933191049        0.35150629313193155E-001
   0.69999555046958606        0.34942516707684411E-001   0.16577569348581722        0.35284319287455873E-001
   0.20828303542614852E-001   0.35451692249482650E-001   0.52844482896676104        0.34946395070129414E-001
   0.87384602291711633        0.35349686411493206E-001   0.44692390170026963        0.36742848104876234E-001
   0.35151783909359247        0.85171302172970240E-001   0.44636969461954940        0.32872575909900947E-001
   0.68771594126414282        0.85354715548805790E-001   0.35998147351151399        0.34120625201642558E-001
   0.46810307646417826        0.88738556275186078E-001   0.67656785515142814        0.32009436697374251E-001
   0.18080585075166589        0.35288898132642542E-001   0.12497099144474280        0.36207492528089205E-001
   0.24418989245987260        0.35594280206406002E-001   0.94353008908442393        0.35137128526670870E-001
   0.12245619944060913        0.85268725879805884E-001   0.33325390664871862        0.35925024435337946E-001
   0.40721535303631651        0.85061674033849524E-001   0.35366310533276324        0.31312800812223027E-001
   0.62007587386460117        0.85365772154067932E-001   0.84792051162989809E-001   0.31984652319624315E-001
   0.93714759242483781        0.35406200766553514E-001   0.55934235425176060        0.32457365321230808E-001
   0.64879462273795963        0.84425376541078762E-001   0.41726585519357029        0.32428025468864613E-001
   0.23446281801079560        0.35158216469810898E-001   0.33900540896936937        0.36189185160008387E-001
   0.69232711348826970        0.35076097272283877E-001   0.56348177679561318        0.34268657671099385E-001
   0.87702455726275008        0.35169742693728155E-001   0.79377798358294127        0.31776724250652359E-001
   0.75795646997676625        0.85943853090681366E-001   0.99908265783032102        0.32949987109364670E-001
   0.76181117470668014        0.35557309590778567E-001   0.19935017205991931        0.35059923472246200E-001
   0.32101713100018726E-001   0.85204171988876060E-001   0.69451242002253791E-001   0.34057465791974127E-001
   0.62782956652779753        0.84566545113870101E-001   0.32704988559772252        0.33834401153177956E-001
   0.22858228898096453        0.85279180857820880E-001   0.13813105853540084        0.34092940716446141E-001
   0.88143038199534163        0.35335394007863993E-001   0.59586593074304439        0.33986961208153275E-001
   0.55639892835608529        0.34500457166591607E-001   0.73552550958163965        0.35499922288803665E-001
   0.13639161172959108        0.85307785875969863E-001   0.10133998583907300        0.34231820635922242E-001
   0.18381793755780168        0.35615135060766377E-001   0.66052418308500016        0.36081778973477634E-001
   0.51507706100016448        0.85144753215259494E-001   0.67697434984015092E-001   0.35598580065305412E-001
   0.59962109935765862        0.83649751080589807E-001   0.71074862080175283        0.31462277971524420E-001
   0.48742917788503032        0.86031863133607014E-001   0.15572635796775683        0.33262028602585786E-001
   0.63230971420093884        0.34821946890438736E-001   0.77173823930477914        0.35863039800254543E-001
   0.16315420227731742        0.85600842026680848E-001   0.15088766312557556E-001   0.37775085129400629E-001
   0.80246897327315103        0.35158339081478245E-001   0.84633653069830739        0.34006504769930494E-001
   0.95845966681273154E-001   0.85363613932015581E-001   0.42870620288191066E-001   0.35005843996446816E-001
   0.13662245438793122        0.85397555376364981E-001   0.24358148375301714        0.33934109133647264E-001
   0.65734762785650103        0.85088559771932595E-001   0.24309028123996965E-001   0.37890501431368129E-001
   0.72595084222559558        0.35207512386428101E-001   0.50145339792473365        0.36106702147526704E-001
   0.97451102798520040        0.85267775196154985E-001   0.38514531560907966        0.32988586376812415E-001
   0.88908840044100534        0.36189426572913075E-001   0.86908937131270414        0.33944619928115198E-001
   0.20937634280632250        0.85533820057608234E-001   0.38353132647916260        0.34847993298906220E-001
   0.58984260205734051        0.85256922433204568E-001   0.38327637605654691        0.33880468720540978E-001
   0.89168421475563267E-001   0.35601152510365268E-001   0.78763184509327100        0.33021687108831257E-001
   0.32243811267701955        0.85286104954377912E-001   0.85305768213487543        0.33381228851018914E-001
   0.80987798220540461E-001   0.85473092981652246E-001   0.68354189087632655        0.30305858846821025E-001
   0.95638197935867719        0.34595528887172287E-001   0.99095081626834891        0.32628245630391461E-001
   0.48596305324304900        0.34969422981160354E-001   0.84713418877775004        0.32919264883061100E-001
   0.92126065554195713        0.35153732831643560E-001   0.93081479678327861        0.35406428848519633E-001
   0.26251474487533971        0.85278238386544580E-001   0.57810116130403744        0.35786251941793301E-001
   0.73247078556305734        0.35313653894428323E-001   0.34511650113687192        0.33611156425763525E-001
   0.42081622960580939        0.35166542092036013E-001   0.70358619183223958        0.34716205328990675E-001
   0.99660637288203890        0.32822856196782699E-001   0.19784239301096682        0.30388454595484275E-001
   0.69281104404886462        0.35009399889718525E-001   0.91537680668347143        0.33250964845911064E-001
   0.87782609902242992        0.35113295884956319E-001   0.67548905009692550        0.34866273958338426E-001
   0.28607346194505351        0.85355496237014286E-001   0.51215610945057966        0.33687729071415838E-001
   0.98457071799173634        0.86158384138348892E-001   0.81886239338396660        0.34497291789754435E-001
   0.12424470237165898        0.35527472925015006E-001   0.28604617321601478        0.32650685424620032E-001
   0.72082593106722237        0.84912011462645959E-001   0.30258209731772617        0.31767350014145733E-001
   0.39167496451442879        0.35172517581546318E-001   0.76740206213768947        0.35402414638462117E-001
   0.77796979813059719        0.83953863939036255E-001   0.93543182530989621        0.33761008479174751E-001
   0.99420266495789855        0.35465695361247503E-001   0.60095453726884351        0.38136987761580698E-001
   0.22701655225994197        0.35595245524629768E-001   0.85429288554198335        0.33187142207563962E-001
   0.98659748785738410        0.35258042986050224E-001   0.34369118890232647        0.33028724053067102E-001
   0.52777605071147926        0.35290522495205888E-001   0.19574524036280273E-001   0.34726180851154594E-001
   0.58420392266015320        0.84464697640870334E-001   0.77356642147855481        0.33144644342103083E-001
   0.66032969714948864        0.85001209639127412E-001   0.88323302392795000        0.34478824954195693E-001
   0.25191153105206204        0.35046308792739102E-001   0.24847592699555904        0.34568145441360838E-001
   0.57858479581298283        0.35229989206043186E-001   0.33634980935366793        0.35544179195451629E-001
   0.70134021471217986E-001   0.85297250354452459E-001   0.98119334483370135        0.31752178385518748E-001
   0.76838317840559356        0.85204532377545009E-001   0.48039727640488111        0.32760761306872180E-001
   0.21830123738906842E-001   0.39268149393239450E-001   0.95719860001626711        0.34937185060411761E-001
   0.71970663062390292E-001   0.86149982179480333E-001   0.83794636402855704        0.33436994504297983E-001
   0.49039229760121539        0.84923976631723921E-001   0.60706764228608745        0.34731846700052207E-001
   0.87782458485534776        0.85148035459783278E-001   0.64479036204449988E-001   0.35235081193811510E-001
   0.96579436008356956        0.35148703081452959E-001   0.14087872182435884        0.33225596881948163E-001
   0.30003815424067881        0.85097581638871489E-001   0.25600306776130854        0.35172018048727750E-001
   0.57711464288478809        0.85029319805008829E-001   0.31287943635266616E-001   0.36284400587138811E-001
   0.53297384654341556E-001   0.35281409864283395E-001   0.17075055610896345        0.31524525061298402E-001
   0.56608515990871189        0.38882685002104109E-001   0.86688893271737844E-001   0.33910709214833967E-001
   0.87583824694388479        0.35093385715851660E-001   0.27617371377608668        0.33876225674454433E-001
   0.43845823439341602        0.35004799588267542E-001   0.38313896961947846        0.34528912999578422E-001
   0.80894720204678106        0.85202954703986200E-001   0.53410559968529658        0.34399845149364609E-001
   0.69193709900657863        0.84977473984309937E-001   0.11867038002486717        0.33849690299838149E-001
   0.55838028691730657        0.35818163675561718E-001   0.23963280055642092        0.33142399534677694E-001
   0.39174071167844987        0.35198962760849259E-001   0.46838871420800060        0.34832959173436130E-001
   0.16316650669642294        0.85689040054603524E-001   0.54481447983576614        0.35700392548265451E-001
   0.91532268253406301        0.34973483358949363E-001   0.72997776036431727        0.31228357461725829E-001
   0.16824046646550511        0.85512617954383474E-001   0.71061330198164996        0.36314264805019238E-001
   0.67715104367166901        0.85316998849526232E-001   0.73555962081335868        0.34134065217097380E-001
   0.83754341973498558        0.85371656121931150E-001   0.61138174173255311        0.34226129566424575E-001
   0.37203040781512803        0.35139010334102237E-001   0.61924109151746631        0.34506747170983079E-001
   0.94738439507719807        0.35318092145172612E-001   0.42438567531568749        0.36063887633489902E-001
   0.62204659459741929        0.84801089988568182E-001   0.96344899638550507        0.32400729489541778E-001
   0.47630027013535969        0.34973191390997055E-001   0.51425841856194421        0.33873072939527488E-001
   0.90021788862422103        0.85125894796666199E-001   0.63599136204753948        0.32659090728519802E-001
   0.67214693142610504        0.84999730432903389E-001   0.80564244281888775        0.36050216491741116E-001
   0.13520519337050849        0.85580620762449669E-001   0.64711691532400573        0.34864456733332265E-001
   0.17627314749862726E-001   0.85274175945605907E-001   0.30956037030183070        0.34968903896493486E-001
   0.70546164864484195        0.85194521490586261E-001   0.45451048525143178        0.35271291962555761E-001
   0.13404311519748177        0.86108485591277387E-001   0.94853951060205210        0.34785516671574312E-001
   0.38517431876360220        0.85161154102974257E-001   0.81436669455145361        0.33438070387890498E-001
   0.96355609593234548        0.35392225088483754E-001   0.49239170688281259        0.32692505452422208E-001
   0.58164813262397908        0.85383855220324725E-001   0.55444433839314233        0.36095455577807099E-001
   0.11239880727923041        0.35486862616416197E-001   0.14184268276654263        0.34208563831912245E-001
   0.61628800102216941        0.35366911507333391E-001   0.27782606309454227        0.33991702411583995E-001
   0.60923961950844374        0.34867343417359781E-001   0.43478126164692987        0.33025963423953524E-001
   0.97073907859330077        0.85142733944474164E-001   0.96099169426644232E-001   0.32790709943134544E-001
   0.36827395682243613        0.35148993060734914E-001   0.37581370182636131        0.35594294946670275E-001
   0.77660372530314381E-001   0.35448930429129041E-001   0.84528892202333727E-001   0.32302098638791688E-001
   0.78370842962562015        0.85514639898382649E-001   0.91499654403770322E-001   0.34450756825432582E-001
   0.28587505767746541        0.84553009156679834E-001   0.44471665287401591        0.32746380872941093E-001
   0.34386269611696141        0.35494427843223118E-001   0.12491183236103845        0.37916028978075320E-001
   0.48903715540922388        0.35274315538685840E-001   0.96096867956437160        0.34573116464387016E-001
   0.26883899183826321        0.85528514642305042E-001   0.72928542387352258        0.34104352563226227E-001
   0.34576166322331298        0.35268851781043047E-001   0.27152191692832006        0.34183450167319308E-001
   0.11468856580587432        0.35920941602315584E-001   0.99332537797510945        0.34909674799940650E-001
   0.72338535813874427        0.84960046615275481E-001   0.57901377567149616E-001   0.34559167255015108E-001
   0.93357754026368489        0.85066228388622933E-001   0.69304960030024065        0.33338416169750633E-001
   0.10330340798599912        0.35560784575726430E-001   0.44899683635708654        0.33842749355043771E-001
   0.41955413649715723        0.35211841253839089E-001   0.84332466565236897        0.33587378550419357E-001
   0.54082423400423552        0.34826977107450023E-001   0.80533794693540239        0.36026335245827254E-001
   0.12128358053217629        0.35594985037491249E-001   0.69266669604371922        0.34164005175324932E-001
   0.67262476195037635        0.35391712042323747E-001   0.31388182078279592        0.32883744398402505E-001
   0.27066990711378347        0.85498753276517889E-001   0.19290893025897707        0.33745907118812292E-001
   0.11472125709361025        0.36222385449743086E-001   0.84874867432265477        0.33167289351048908E-001
   0.21341984292515631        0.35658646692119295E-001   0.30414613090671047E-001   0.34690217976786543E-001
   0.87655850587557038E-001   0.35538525925531778E-001   0.63124826976759318        0.35827059015263077E-001
   0.63869746019418927        0.34579047697394262E-001   0.37292821329571263        0.34788648754388488E-001
   0.98716316321182607        0.34524639256408626E-001   0.51774849090311006E-001   0.34639982035703294E-001
   0.77647473464009087        0.35762567997235241E-001   0.29269653592702349        0.33289890374608153E-001
   0.74983211616114886        0.85378251180349918E-001   0.15340430811085723        0.33267505346041754E-001
   0.47021429850538299        0.85351493348713378E-001   0.33305407408690874        0.34945797473684696E-001
   0.28372964408736512        0.35529903065243992E-001   0.68193144764032521        0.36256930570206236E-001
   0.65269886109828978        0.35309572811131069E-001   0.21849406410214101        0.35536274347177571E-001
   0.58146750882799991        0.34882563525695978E-001   0.67009010371642108        0.34517328066140267E-001
   0.52127963946931122        0.36042900503478748E-001   0.17505643500420898        0.30108036724280897E-001
   0.87979657363638430        0.85227775846360446E-001   0.20692265017288167        0.35720557310458194E-001
   0.43677905378804804        0.85387087081217158E-001   0.94657643127741053        0.34008048652064873E-001
   0.35412719683900545        0.35503092714138235E-001   0.68551030447780570        0.34029752814319296E-001
   0.51566626274579530        0.85672162384372808E-001   0.25388631352584307        0.33047677272521371E-001
   0.23249728497374275        0.85647729784088619E-001   0.98865333836858238        0.33140069933967599E-001
   0.76775825101900494E-001   0.85720594417228804E-001   0.27487846101691737        0.33593793716636539E-001
   0.32282881060064395        0.85026832576075517E-001   0.65206030502831513        0.33214939564381110E-001
   0.94153695511924751        0.84687006575101420E-001   0.34728537094093917E-001   0.34997447612749068E-001
   0.69332339812273108E-002   0.36300287963556707E-001   0.75483672889055597        0.29502298025562111E-001
   0.55782570108232632        0.35544869968875778E-001   0.50866599134906987        0.34557593269166853E-001
   0.88123972789788951        0.85060428050123926E-001   0.32410578134405410        0.35364300108106393E-001
   0.95260471472692887        0.35340632211147659E-001   0.27987291793970981        0.30930770497274961E-001
   0.52986827797545558E-001   0.85201781332196802E-001   0.36928855212788381        0.34438104229595097E-001
   0.50868218236208185E-001   0.35270201815512804E-001   0.22387788834442365E-001   0.35204096527039909E-001
   0.40577249752524558        0.84201556491694321E-001   0.88736386487303409        0.32713176960018422E-001
   0.98426269216753925        0.84944462529752088E-001   0.65081826125539333        0.32292785062364285E-001
   0.74155859237079114        0.85054481228184681E-001   0.54923162720664231        0.34563705407154907E-001
   0.14860756247537024        0.35610897852603705E-001   0.59181643510056336        0.34368754795447501E-001
   0.40052865897317308        0.85269853803870879E-001   0.65890761364265571        0.35258223578115332E-001
   0.88537715438680209        0.85369366525746143E-001   0.75503038674508083        0.31779736167552135E-001
   0.74574686661057910        0.85247324195270188E-001   0.39552673312091796        0.33859057545983444E-001
   0.43889675282801927        0.85179080497405635E-001   0.74958945207816696        0.35581856397078927E-001
   0.69990606662587407        0.35368594159669947E-001   0.40560955874999366        0.34600968412555069E-001
   0.79181583047062676        0.35796116507692342E-001   0.37865585923857864        0.34281184671658020E-001
   0.66749932366656417        0.34846411529319873E-001   0.62695595476352339        0.33745902338128429E-001
   0.38805120828593886        0.85316665497829916E-001   0.29105725247682179        0.33655388393309213E-001
   0.24306363679740747        0.85108012099316774E-001   0.29255738241483814        0.32429122415321490E-001
   0.57225691067054774        0.85281425599074770E-001   0.28896845321370451        0.33439306566001137E-001
   0.91199537161886848E-001   0.35201077165450768E-001   0.22688890223079120        0.35041197960801768E-001
   0.18027146162534857        0.35567746496675635E-001   0.42566216140733948        0.34779535217029985E-001
   0.75989111809639220        0.35215827477281129E-001   0.43814625310866750        0.33231325398404975E-001
   0.14337319821931890        0.85288298815445779E-001   0.39871076813182632        0.32727457844282867E-001
   0.19600583217553300        0.85623789529839830E-001   0.60921374813584339        0.36567630602972419E-001
   0.55098075052139561        0.87093834872769199E-001   0.13292564584895511        0.34216959862775224E-001
   0.21402843294929308        0.35934631147756038E-001   0.56000212699758811        0.35325466731411868E-001
   0.81891566345549016        0.87743879765913427E-001   0.28822916362298615E-001   0.33517404122118968E-001
   0.81068238868835740        0.85524614662079168E-001   0.18761987883479880        0.35805168520022475E-001
   0.24440818464534500        0.35468241313257598E-001   0.92850631674857659E-001   0.35003696223220297E-001
   0.13140915372476797E-001   0.85167802738224371E-001   0.14993337737145623        0.35714995468686027E-001
   0.31267771841612696        0.85341957014754083E-001   0.78072924372377317        0.33352471899085842E-001
   0.39995653464637171        0.35179553561596445E-001   0.53849272158367223        0.35692682029837865E-001
   0.50412256631251162        0.35223318591979580E-001   0.11397675724807591        0.33302734946888304E-001
   0.41622962367997035        0.85024802776677288E-001   0.42604175430538749        0.34951286300682859E-001
   0.77611950226937976        0.85819665294468175E-001   0.33607451265474758        0.32857663743091993E-001
   0.27642916508472437        0.35060552265889389E-001   0.42047814133907941E-002   0.33542844352426340E-001
   0.26094194100333717        0.85447958647571653E-001   0.82723871489456469        0.32856767053210979E-001
   0.70489765572185015        0.84915917333473895E-001   0.60564034856996640        0.32173904977990463E-001
   0.32846670173822845        0.35496252318457086E-001   0.96127699104490072        0.33904543444347068E-001
   0.80431812996620478        0.35386209401394413E-001   0.64810066993467275        0.35985664493824843E-001
   0.85753341308325615        0.85535174279366050E-001   0.49007374917443336        0.31077395120918581E-001
   0.92394387470208128        0.35216122060069542E-001   0.22286056577967328        0.32823621756618751E-001
   0.81762431202421448        0.85408116768935560E-001   0.76078108458222149        0.36174084901428566E-001
   0.10285979487534544        0.85605862269023225E-001   0.18359174726319372        0.31480080930870610E-001
   0.87078096677295325        0.35149204146761037E-001   0.15926719045991039        0.33868176968356589E-001
   0.21894969737500644E-001   0.85461860502555401E-001   0.70824241433766266        0.33635346750055389E-001
   0.20711895762471841        0.84939968630950047E-001   0.23575097654366933        0.33634011524934622E-001
   0.21962941727062701        0.85501583361352274E-001   0.45147913053786937        0.33828138288573673E-001
   0.96274160490955685        0.35469981946183692E-001   0.86096952875571231        0.33770836142572667E-001
   0.43455615071180037E-001   0.85234233309316301E-001   0.21403273377451343        0.35176902454090157E-001
   0.77458960284505585        0.35182660432619715E-001   0.78453109102262497        0.33757666474318319E-001
   0.65983949897130204E-001   0.36585289901750459E-001   0.32031303754650903        0.33265246992421595E-001
   0.32333506172834298        0.35189498626594505E-001   0.48295275689541545        0.35042156342432282E-001
   0.28020475230725184        0.35474992143128881E-001   0.15179646483241854        0.31148746446106660E-001
   0.62540990904008631        0.84843581329886564E-001   0.64903838554748483        0.35226547623159542E-001
   0.64074371113526440        0.35000119208406344E-001   0.84188948995631641        0.33224629992073478E-001
   0.45250100196633919        0.85955297662516084E-001   0.26856497113314987        0.31783083090710033E-001
   0.49633675400614491        0.84720892845798132E-001   0.91451699578750389        0.33623826001866496E-001
   0.50055129437231705        0.84922975168810533E-001   0.47251129453749513        0.35574342907991663E-001
   0.94139910294163553        0.35228193564796499E-001   0.64930120123660551        0.33351090255867001E-001
   0.17963500924648482        0.85772415858199585E-001   0.85833622698723899        0.35671415260637336E-001
   0.30633592435545382E-001   0.36217047440748683E-001   0.82136934105959902        0.33399825418597318E-001
   0.10090500200048505        0.35234091854116877E-001   0.37962405083017281        0.35554172533476980E-001
   0.19123343442810145        0.33544209866173229E-001   0.28122243816647102        0.34327226284044450E-001
   0.83134474929878521        0.35285365616535454E-001   0.81500381023030546E-001   0.34864264172118256E-001
   0.42731869300592767        0.35406498100030888E-001   0.99217328557683282        0.34276946133945427E-001
   0.31835883463014586        0.35032379534106935E-001   0.74005251859069654        0.31111728724470575E-001
   0.92184622068656863        0.85396769573819337E-001   0.46996831761750862        0.36165922209067065E-001
   0.18183012962551152E-001   0.35248633812121635E-001   0.40564378740583662        0.36472400756141159E-001
   0.31920735547195433        0.85207106893077297E-001   0.19705153116029543E-001   0.33818726197386823E-001
   0.55793888956538451        0.84875806532257070E-001   0.62686555067725935        0.35633622098097548E-001
   0.25924672404718868        0.87906195830697087E-001   0.48236953895869253E-001   0.31779488600365946E-001
   0.57778810463493868        0.34958742889669929E-001   0.86441558766807736        0.33605477958763903E-001
   0.61682056487927628        0.83777470907420326E-001   0.49317652785305732        0.34565663812554472E-001
   0.70941546209092254        0.35162171141052155E-001   0.84838918822271814        0.35726078784056162E-001
   0.22830823128117878E-001   0.35434738217186360E-001   0.66534949247649278        0.32057979476752374E-001
   0.91982617057464588        0.35263270306253633E-001   0.35438454658755741        0.34490390517162378E-001
   0.82257449786518888        0.86046790866396897E-001   0.28324463584438941        0.34376036197044144E-001
   0.38825226620581310        0.35708020258640664E-001   0.18180146372552924        0.34199652500228779E-001
   0.90042614260620624        0.85321804136976334E-001   0.40073516497499073        0.36294324909628008E-001
   0.36276812875210768        0.31133359168666469E-001   0.87367214253423375        0.30925517763061464E-001
   0.51355074256703659        0.34869302165633595E-001   0.65016097169164910        0.35096053357237728E-001
   0.62755719140202046E-001   0.35452870525378176E-001   0.72636502462101593        0.33048589976007896E-001
   0.72690981377981845        0.84843941039492152E-001   0.89061888026589531        0.31731149444797574E-001
   0.53782345325814396        0.85290298522855190E-001   0.97073466804317199        0.35877758373998987E-001
   0.39614838865747776        0.85695342769057409E-001   0.13471185144283435        0.34814645395990614E-001
   0.47773255392600256        0.85242721488131667E-001   0.65347514939773175E-002   0.33922487588071489E-001
   0.95005760601266565        0.85281745107572748E-001   0.32025075867245195        0.33160311686853891E-001
   0.20011681799125050        0.85636572941397204E-001   0.76546778388758271E-001   0.33313442980525437E-001
   0.62580136985812762        0.34882806727254079E-001   0.91453328763866504        0.33730772669551483E-001
   0.80272255804505854        0.35231426540351683E-001   0.98078500902417243        0.35345702754215620E-001
   0.90817027740087208        0.85176225732879335E-001   0.97572025586509914        0.32781641820440285E-001
   0.12502913238706578        0.35661084980192069E-001   0.51370314874000489        0.34399478597767416E-001
   0.31528600129659329        0.34979822057884594E-001   0.20869591338115803        0.34386872457372243E-001
   0.97360539447437855        0.85418902189882739E-001   0.53531691012865168        0.33876622718639032E-001
   0.17832610972657589        0.35965750380475801E-001   0.80765660028320252        0.34211399369466808E-001
   0.36443502322093607        0.85568569782571116E-001   0.22530493112519381        0.36038870220432111E-001
   0.73848811016733162        0.35479144016645099E-001   0.10737057294862448        0.34636170496755707E-001
   0.84627476263061863        0.85126293724670787E-001   0.82643049888450604        0.35300731144312363E-001
   0.64023235361272934        0.85261451000979260E-001   0.16771156770357054        0.36664461485603504E-001
   0.45369068064107831        0.85340637481714540E-001   0.98680868112528519E-001   0.32964956005545290E-001
   0.15640266418143070        0.35821173276029898E-001   0.90319776816313802        0.35352924485489684E-001
   0.83900674454924007        0.85215383539192724E-001   0.95717690214532747        0.30773680309645404E-001
   0.74753331956967650        0.85076139848942661E-001   0.74925914985523512        0.32973831679345263E-001
   0.62918344997391396        0.33698860093409271E-001   0.53823273556364537        0.33571897801540622E-001
   0.91720276253411781        0.85212467850137086E-001   0.26371077508485874        0.32015641419790040E-001
   0.60253083092694559        0.34915801137232153E-001   0.60219349297553182        0.35727556464556054E-001
   0.42898351537705803        0.84430130896352124E-001   0.49855790881547357        0.33706958774845544E-001
   0.70944151797754507        0.35025314961748308E-001   0.10731906464474094E-001   0.35531850082416869E-001
   0.52315110316741087        0.34938809135778973E-001   0.43046530991331167        0.33504746359338797E-001
   0.81535810478114834        0.85173549325843478E-001   0.88393381889799105        0.29833037119668299E-001
   0.73432588955429046        0.35241588771892596E-001   0.63941866440804518        0.34196757691675059E-001
   0.95176777143804381        0.85190429786212218E-001   0.18574403696026348        0.35341789207834151E-001
   0.60500161997636237        0.85323274929589202E-001   0.22949113848293742        0.34423435053669342E-001
   0.44425268135717327        0.36373259454557792E-001   0.14379745722914150        0.33461927121439278E-001
   0.83250477880791351        0.36144791868121799E-001   0.32617850125194175        0.31928780514422231E-001
   0.21289979497416595        0.85930410699222956E-001   0.77490904927072224        0.34658582575737673E-001
   0.35944680285323538        0.85230982646228831E-001   0.73155587300268732        0.33871511127362343E-001
   0.45623984726488992        0.35154530265913038E-001   0.57749552299985174        0.32460700957704154E-001
   0.45269977499597241        0.35059554577645542E-001   0.90401485409352234        0.32960428279439916E-001
   0.82117231301291149        0.35564486797134441E-001   0.23555668793466944        0.34166510235356405E-001
   0.81360243838785262        0.35325979435382841E-001   0.48587008829558648        0.34767203792132113E-001
   0.35702552622855910        0.85495648654893119E-001   0.75546772216330688E-001   0.33555604127512788E-001
   0.34114859384533541        0.35295478193458608E-001   0.81373713708493778        0.32838417478890415E-001
   0.51504567129772150        0.85544834463684952E-001   0.76222738404961732        0.32808789403098969E-001
   0.51328086348476709        0.84847347772173676E-001   0.54048483866409747        0.33507677190774070E-001
   0.33727286739317125        0.85159414659364330E-001   0.58471001281769275        0.35248759424224486E-001
   0.50458647942191215        0.35107705319940827E-001   0.36576380462321639        0.33795164004409683E-001
   0.34525510330185072        0.85261782443974365E-001   0.91714239511577311        0.34584735037399748E-001
   0.39128299794955301        0.35516494729941915E-001   0.93283222314988745        0.34874833296940272E-001
   0.21936692517777889        0.35497875186935257E-001   0.72366746461235310        0.36332757053184561E-001
   0.71963381122452263        0.35447592625414290E-001   0.70861464304749999        0.36521551407791321E-001
   0.25026273439385605        0.85494291617845886E-001   0.89459064482212569        0.35012596443476082E-001
   0.64627059073432114        0.82396323062400356E-001   0.57960704168006894        0.31919538565357015E-001
   0.71237847639473009E-001   0.82690128016613684E-001   0.51048758234151281        0.36266738334873115E-001
   0.51214911544099101E-001   0.34688347064723353E-001   0.88313639653225096        0.31701720095405547E-001
   0.83149985587333219        0.85110587477104011E-001   0.69080157149796573        0.34965824527598555E-001
   0.94441572957130981        0.36223583040574873E-001   0.79031638312596852        0.35607985181255124E-001
   0.66329547721093218        0.85416303384323655E-001   0.26773041630780026        0.35270456402997016E-001
   0.47440817198552004        0.35105232805088309E-001   0.78165704284723270        0.33525247268479705E-001
   0.40584218646829723        0.35483631204576996E-001   0.88056523046221399E-001   0.34028718716704126E-001
   0.94745796259469800E-001   0.35903074313701336E-001   0.92982003878863051        0.31277579433411737E-001
   0.25255901179391071        0.35181164802715395E-001   0.40998580776246168        0.36023181414740466E-001
   0.76069719271157032        0.85708917218451183E-001   0.24869696368773633        0.35085137211973053E-001
   0.47917347928362181        0.35686770498255513E-001   0.22509006949492288        0.35152693952687920E-001
   0.44635905235383150        0.38722959092645393E-001   0.64146428189384519        0.32342501351913029E-001
   0.77180626452085144        0.35481124404976680E-001   0.44270974844445067E-001   0.35254501815899134E-001
   0.18018593129076435        0.35563778808703032E-001   0.96756672433473512        0.33187427465387186E-001
   0.15035919509385900        0.85651598037307014E-001   0.46860872257177033        0.37432033081251835E-001
   0.13197766110240222        0.86179826981097871E-001   0.80752957924531643        0.33807576359111316E-001
   0.70003405513759376        0.84969354291746832E-001   0.96151827204840701        0.35094154516544435E-001
   0.41169666921342191        0.35890689781407178E-001   0.24780887936774162        0.35840898735159228E-001
   0.30770186487647005        0.35349631829626429E-001   0.63366291147070652E-001   0.33335780030387598E-001
   0.96963781337635180        0.84246682934480982E-001   0.94734266114499988        0.34555901037859771E-001
   0.19090671073484433        0.35836888784788322E-001   0.49617118842269636        0.32358631615140666E-001
   0.41686989894878168        0.85423159637789514E-001   0.40533043997224960E-001   0.35768918974050518E-001
   0.43426722386937688        0.85735407899588986E-001   0.20056520842223977        0.36233640630803934E-001
   0.42629468134369403        0.35370979552560695E-001   0.31587339365957046        0.33770782821379630E-001
   0.71204914484714854        0.35699144177488519E-001   0.25751469937930177        0.35039167613232107E-001
   0.90820550193135519        0.85210825616166497E-001   0.13139290048082983        0.34273575804378259E-001
   0.29209530131818029        0.85479393006240634E-001   0.10871042406411241        0.35843931050312805E-001
   0.30020707312987210        0.35520582284412676E-001   0.89638094800101953        0.35650956468500326E-001
   0.22339997032893230        0.35198676307812128E-001   0.18520241689391728        0.34707140345310354E-001
   0.45805091948568744        0.35037709241940912E-001   0.44884887413476859        0.34033420725667736E-001
   0.35661237078532948        0.85090760926148160E-001   0.51697003665061503        0.33746077751301902E-001
   0.42449916834012266E-001   0.86284987099084193E-001   0.77570109858822256        0.35265058701855888E-001
   0.16690280684678027        0.34045143868723760E-001   0.35750859808864766        0.33859199481861349E-001
   0.50527880554779719E-002   0.85275986652744148E-001   0.65112135259929958E-002   0.34351169188708744E-001
   0.30211999376342006E-001   0.35255688634798658E-001   0.26180827368120130        0.35201837095051848E-001
   0.81917203586391063        0.82000971021533697E-001   0.43227686492404033        0.35653591634840921E-001
   0.48923506044842718        0.38895484938217234E-001   0.71531639679027259        0.34557332653224485E-001
   0.70889747113388835        0.34990860126466676E-001   0.77673573094036708        0.32383208298584751E-001
   0.25499947788560912        0.35008326735107557E-001   0.47973180999986953        0.33147137327414943E-001
   0.26456469977641051        0.35450880441603258E-001   0.78013057679809306        0.35919856145518417E-001
   0.93719425920124722        0.85383084373150508E-001   0.89153965075748809        0.29961290240729677E-001
   0.53590027126017925        0.34855820925908707E-001   0.91606464766685558        0.30003766338608625E-001
   0.22244998341387248        0.85868576558269641E-001   0.51633543583922215        0.30056396782990113E-001
   0.90166749600088902        0.34688726117639977E-001   0.23151288097722014E-001   0.29951095790226531E-001
   0.90082115064977442        0.35370061324325651E-001   0.50818389455211377        0.30147718838762882E-001
   0.74439388187070285E-001   0.85613540950096351E-001   0.12478828408012999        0.30047511148330312E-001
   0.11158507037409605        0.86434693265233190E-001   0.88770267259796332        0.29982113056272231E-001
   0.88035811970352817        0.85455571243361714E-001   0.91223634316403535        0.30079292396953238E-001
   0.18762257322341874        0.83644365165411960E-001   0.32240623409717950        0.30023287983924448E-001
   0.60378574407564431E-001   0.85839461426327757E-001   0.91994829691402302        0.29902043863555341E-001
   0.74285419370270023        0.34063690709040716E-001   0.95425224122229102        0.30065005247521051E-001
   0.28753619117526225        0.84752597589038040E-001   0.95500286572902793        0.30003481379118471E-001
   0.87028882021443144        0.35203485592077248E-001   0.97201796203368096        0.30033163634863438E-001
   0.42229076855429204E-001   0.28785808359144707E-001   0.46736182542113813        0.30075282113074780E-001
   0.84963916742783629        0.35550943359451484E-001   0.54011846607646119        0.30043679423396492E-001
   0.10808373936879827        0.85531736854866466E-001   0.58814204491804256        0.30026195364248394E-001
   0.44710855419356980E-001   0.85595021647779657E-001   0.63523347554928611        0.30048596997726034E-001
   0.76291724039016773        0.34786901188338562E-001   0.89707211580916035        0.29991966318945278E-001
   0.59747650623851289E-001   0.81411189884048468E-001   0.43410218483045449        0.29984588334958318E-001
   0.83113922470484236        0.85479041320414201E-001   0.36649961912526341        0.30000594741821866E-001
   0.85312110726179591        0.35404065941856126E-001   0.73559612951768483        0.30053956199016969E-001
   0.86110777282147366        0.35439776700510787E-001   0.38126864466933413        0.30081667745534248E-001
   0.30755011361427781        0.34637245213243358E-001   0.61541067597674370        0.30054522733806956E-001
   0.28893424774008625        0.31383820503502850E-001   0.30130417156560257        0.30019375204306930E-001
   0.30435739582773230        0.35341564085278526E-001   0.35955043406189563        0.29997016239780357E-001
   0.16901223509073196        0.35388829417635166E-001   0.22029820131763872        0.30019115446879092E-001
   0.14691063855215139        0.34870221196206426E-001   0.75150249955700366        0.30008459567283506E-001
   0.32676493998209993        0.85150005008113427E-001   0.38555828362817474        0.30009655755820288E-001
   0.19667591554730302        0.85334878437676093E-001   0.93197425967415692        0.29991960760126876E-001
   0.19823873865582403E-001   0.35227085047309772E-001   0.10767472295824373        0.29987969398346713E-001
   0.61757490689485595        0.35055341583798451E-001   0.47620100629270801E-001   0.30056314873826713E-001
   0.31810220750179707        0.35429042886399274E-001   0.41811306795318182        0.29984338443146793E-001
   0.53596306560749429        0.85122205020355807E-001   0.34118614986258655        0.30122976278799844E-001
   0.62944066270684951        0.34163561841959449E-001   0.12203982036304903        0.30031310805563538E-001
   0.27126641330397622        0.85303327682730676E-001   0.36244426818535830        0.29978771505026591E-001
   0.65887581264641160        0.34787072846652438E-001   0.96914009326156070        0.29940964112413954E-001
   0.60277737792671293        0.84972082541958871E-001   0.83399636362341389        0.30018594145660975E-001
   0.97417939213187377        0.36629546175468174E-001   0.70421501013545063        0.29939898040215858E-001
   0.94806566444342055        0.85554923072787947E-001   0.59545023470371172        0.30035229474772770E-001
