 3 HS poly
 400 2
 361 39
    1.0000000000000000         0.0000000000000000         0.0000000000000000         0.0000000000000000        0.10000000000000001         0.0000000000000000         0.0000000000000000         0.0000000000000000         1.0000000000000000     
 T T T
   0.98153374641612434        0.37874765266120436E-001   0.68809637354363051        0.32648802538773086E-001
   0.77691456502600509        0.89098601764927038E-001   0.78685673063212308E-001   0.33877669793040924E-001
   0.11154396258897002        0.87633064310287834E-001   0.56730743255874216        0.34525443460371473E-001
   0.38677833866966438E-001   0.38559929470788588E-001   0.33152700468185231        0.34335417925840203E-001
   0.28567641599093246        0.38609172730170484E-001   0.98954738227579442        0.30383567538878258E-001
   0.92977152889552120E-001   0.88563256070252228E-001   0.50010917744177763        0.34364958997158412E-001
   0.97582269971056945        0.87877121251802304E-001   0.58111181563193237        0.34798292168519297E-001
   0.84889178589106751        0.88802493844129970E-001   0.33589365208311617        0.33184886513621698E-001
   0.98592436970169106        0.88694070484577323E-001   0.51392129834838085        0.33149517219886612E-001
   0.47959372887943075        0.37399941945256990E-001   0.67526823291182855E-001   0.31204674025954438E-001
   0.31010347144077860        0.37796687598739574E-001   0.83073589810398452        0.37376842762952299E-001
   0.67718728569032949        0.38719238488019843E-001   0.28767913831358999        0.30390148764827547E-001
   0.60585894698148823        0.88025963391565432E-001   0.21267588649801791        0.33638485708756737E-001
   0.97068410350569767        0.38921861113393290E-001   0.34272238838944746        0.34553848520006758E-001
   0.18683070239383118        0.87899561346109129E-001   0.20099886162156919        0.33860490723876521E-001
   0.88383272214972008        0.87671345653241695E-001   0.76164142522576872        0.33112322698728019E-001
   0.78783718195637875        0.87705954626135896E-001   0.41900858592173956        0.34635252620525095E-001
   0.75737998111722116        0.88655145151189690E-001   0.87277208683661323        0.36855717161709857E-001
   0.41898663368937217        0.38692051457225263E-001   0.92091202747069545        0.32441839827411681E-001
   0.12012340133589475        0.87947125502806908E-001   0.21672667727905109        0.34650178827080859E-001
   0.51470397765366310E-002   0.88988602524196589E-001   0.44858683200197941        0.34180170849042034E-001
   0.39906179956052085        0.37710745440973227E-001   0.22213150730588821        0.35800347584274639E-001
   0.53611302165843955        0.88025289429291609E-001   0.33063012763390193        0.32316556094656668E-001
   0.66648936135643222        0.38643133363491455E-001   0.40813784419680071        0.35534475173321423E-001
   0.32670893476325991        0.37709360930010899E-001   0.21901392736716813        0.35814952563450395E-001
   0.12326520432294910        0.38561878056208525E-001   0.46225334814522057        0.35242541991787925E-001
   0.44206568503232313        0.88254010915454914E-001   0.50442945926991101        0.35310165253941588E-001
   0.65027636170804948        0.38588376654831162E-001   0.19914995753866946        0.33939404965472306E-001
   0.68785546506383488        0.37983307130852621E-001   0.47263587587642331        0.31827824855364478E-001
   0.56926472672420247        0.88137989770897041E-001   0.90660937999550018        0.34169306098788051E-001
   0.54055867137968616        0.86828908050474718E-001   0.68942759846519874        0.33854469389142418E-001
   0.56715164557135100        0.87425567703553309E-001   0.46129060460919635E-002   0.34991564128020791E-001
   0.15317125854950328        0.37870363699309698E-001   0.80184413314823333        0.33825669484776610E-001
   0.39000911192042365        0.38191359456523931E-001   0.43451600092775317        0.31220936144873392E-001
   0.88499273950121221E-001   0.87833971939485445E-001   0.71360976732155046        0.35383789282609698E-001
   0.49379675916166266E-001   0.87470338932450153E-001   0.10071182517319097        0.31932288981091780E-001
   0.51490781614615100        0.36671972033612679E-001   0.72503006345201526        0.32503199520509833E-001
   0.82626565251704254        0.37983976045912277E-001   0.44555711273482745        0.33573905083136735E-001
   0.12993589369808003        0.87574412320424802E-001   0.62196794568075905E-001   0.32725020015384375E-001
   0.86683406090942594        0.89424367022958848E-001   0.97150780801581860        0.33323700447120998E-001
   0.56290346262861424        0.37636867185532816E-001   0.57449682907479627        0.35152027045290531E-001
   0.32836231347621470        0.37787476759746856E-001   0.42148048800286170        0.31770369446397717E-001
   0.50668613222043057        0.38049524241782012E-001   0.36696361951570927        0.36082328766370624E-001
   0.24519396950759501        0.37644439489697382E-001   0.68715365212303015        0.35346975817962326E-001
   0.97924255495644630        0.38759873162707681E-001   0.40901913547388452        0.32267141189892865E-001
   0.71641695695969709        0.37537736533202255E-001   0.60961375987706423        0.35536091417186146E-001
   0.49267941546008975        0.87697154359498000E-001   0.13251878552781896        0.33586774682680752E-001
   0.30634618120040291        0.37870297335853120E-001   0.92944995828137547E-001   0.36571412833457773E-001
   0.18955812553720000        0.87975061387445652E-001   0.62979531250623599        0.34651547984380228E-001
   0.45995093158922133E-001   0.38667277508493178E-001   0.40874335704250742        0.34474802675663947E-001
   0.56790801530977120        0.38314182147277449E-001   0.85874550336782274        0.34561187862405397E-001
   0.61433198595082295        0.87774395114989662E-001   0.95636441205210510        0.32419408242294542E-001
   0.87816418080078629        0.89759803015843936E-001   0.16992744126405068        0.33289993556744522E-001
   0.58055866599289463        0.40820967371217494E-001   0.34067202927543649        0.32363780606880853E-001
   0.91087285371782378        0.88556618011591953E-001   0.25078550239395114        0.34240108721622337E-001
   0.17400036446967454        0.37820307580858636E-001   0.89603534214842229        0.35454511802830727E-001
   0.46830940013264860        0.87320611515867910E-001   0.25256278303916930E-001   0.34208798411372865E-001
   0.19085140976766796E-001   0.37476411139966255E-001   0.68043149224379720E-001   0.34944824206044965E-001
   0.64196011208687717E-001   0.87838468375338818E-001   0.86315433162644606        0.32718664180273992E-001
   0.44792614127885633        0.37794094147048478E-001   0.12604637998377333        0.33746867860610201E-001
   0.98930541540702777        0.88096722954089907E-001   0.73278835922555863        0.34614028234382900E-001
   0.32423428245649627        0.88060912763279375E-001   0.59466523136311134        0.34143837316218194E-001
   0.88997897623089406        0.88627170748286910E-001   0.90954763391908855        0.32594320020791406E-001
   0.88993130344391158        0.38830588084595913E-001   0.36328591453354314        0.36960448519001841E-001
   0.51604282861596595        0.37393312685100488E-001   0.93178230909097756E-002   0.36623005255840460E-001
   0.96063338115752839        0.87813104286750265E-001   0.64854253430506537        0.34294606284818119E-001
   0.95107556217120526        0.38553065795609749E-001   0.27610005788836889        0.34713946823423894E-001
   0.41603325369989869        0.87832994480650781E-001   0.87340365932884889        0.35209476679249042E-001
   0.28511262037574214        0.37847412343918738E-001   0.16162049102411988        0.35003037528724544E-001
   0.21157157692368300        0.88077991849213902E-001   0.78872995671139889        0.37118014350475147E-001
   0.46927867449531541        0.37730246577221425E-001   0.24122868426083399        0.36837339544529127E-001
   0.13429861260192430        0.37801198842562847E-001   0.71409810742650492        0.32363750107694197E-001
   0.16214558838734860        0.88140781755014025E-001   0.49398578658562892        0.34982654186326977E-001
   0.75540047710529623        0.38073806784170133E-001   0.45886944072739499        0.33087290784360790E-001
   0.90956726880318514E-001   0.88589118337501493E-001   0.97009242861965828        0.33547495074422215E-001
   0.83282762770895469        0.38598289453370072E-001   0.91438736565927703        0.30536546287367197E-001
   0.91841030606118379        0.87606038331660030E-001   0.17021073991481100E-001   0.35471383170875545E-001
   0.49707497879862234        0.86696754410565818E-001   0.76647350344041076        0.34780055333733309E-001
   0.25344682143634262        0.38726437836183035E-001   0.46986767177527644E-001   0.30695456564578168E-001
   0.71608561777015023        0.88600774895784787E-001   0.42752754964629852        0.37254786185118370E-001
   0.58964577846604316        0.87730798790995615E-001   0.53049984545741380        0.35807461856433319E-001
   0.52951585053953631        0.38055589808551664E-001   0.43595453051720995        0.33998559663535648E-001
   0.39090450510101217E-001   0.87804889987084619E-001   0.60335976344910314        0.32247902669435828E-001
   0.64601353790293081        0.37713389075900390E-001   0.62829426991286386        0.36800679827627268E-001
   0.97206525540407129        0.37560411740963584E-001   0.14087957486446553        0.33998066032475641E-001
   0.41208273276647273        0.37995547394003092E-001   0.82834783527342581        0.32083077753552437E-001
   0.79209754817259559        0.89384890560018901E-001   0.17364129943880507        0.33492446688105894E-001
   0.10641984647408928        0.37590185689068981E-001   0.19219235454308935E-001   0.37246165619960213E-001
   0.83449838761925998        0.39462654098720365E-001   0.16288116180114032        0.32880198221704481E-001
   0.50857972961699571        0.87816236863718269E-001   0.48104741229857317        0.35161911218512754E-001
   0.69725636204827002        0.39105643356661543E-001   0.53849071984427033        0.34502246268144555E-001
   0.93926586987029229E-001   0.37015697863951862E-001   0.25748600142895395        0.33712412093155904E-001
   0.82618805980566268        0.88131311761111053E-001   0.55087869452593063        0.34398531545406487E-001
   0.91775351780783354        0.37806153941921126E-001   0.66764207517994123        0.34280936473661580E-001
   0.41180099006135784        0.87195805838207602E-001   0.78495433103084877        0.33403396917984163E-001
   0.85672062862003184        0.88849055091311968E-001   0.40439491549085066        0.35759889332264601E-001
   0.19474268836914471        0.37966096776585981E-001   0.45350296208566360        0.36770099774884893E-001
   0.35056714650415977        0.87750250572717514E-001   0.25868967596297304        0.32287773032507010E-001
   0.98729047426442673        0.87536802757727142E-001   0.35730948233774554E-001   0.32482411823133911E-001
   0.45426204503761908        0.37042730429988145E-001   0.77971494749229564        0.32094150732065986E-001
   0.45265804717430302E-001   0.37835282806267363E-001   0.48160058938235645        0.35929604072950053E-001
   0.75721313092845233        0.87994664253170610E-001   0.71439228650136866        0.34362508082608489E-001
   0.36316223038862772        0.87610364622921988E-001   0.73636752432846320        0.35327098277790292E-001
   0.96394134003949339        0.37648573404322129E-001   0.99612313690444998        0.35272684209460961E-001
   0.48482646177805261        0.38337073498143706E-001   0.52477473274978070        0.33488223119369359E-001
   0.68928429930295476        0.88960554675522913E-001   0.71592701633377620        0.33537226844317140E-001
   0.69167361841464114        0.87436663933060085E-001   0.64947003319054397        0.32941287733612760E-001
   0.37203920166698295        0.87483249266316107E-001   0.92823446345351179        0.35040949408622853E-001
   0.90913201094137319        0.87554695911446198E-001   0.55810982667046227        0.34917216679557238E-001
   0.50498522405459156        0.36923144512235662E-001   0.65843272012947263        0.34668898763089755E-001
   0.35660773365915410        0.37728331751989280E-001   0.14399391987999022        0.33505513645504748E-001
   0.67303570129796919        0.87745545645842915E-001   0.58348446284912647        0.35477267628621294E-001
   0.93251533731732261        0.39305491897801463E-001   0.74682672641601722        0.29956327891588728E-001
   0.80822862105514440E-001   0.37787939489453859E-001   0.92467018080158592        0.33348667356141684E-001
   0.92436441020421056        0.88986978532957395E-001   0.32082306155264551        0.36989827036163617E-001
   0.99540883855130358        0.38107302099505594E-001   0.78431079667876202        0.37405771580108736E-001
   0.82370778084944030        0.89376812289056529E-001   0.27342372765298883E-001   0.35130082955864332E-001
   0.63954186960965598        0.37862294425507176E-001   0.84546138393819392        0.36925240442919172E-001
   0.25995609422523236        0.87975040743239460E-001   0.62377890354363597        0.35999998063464669E-001
   0.22113518124249831        0.87298215570486726E-001   0.89023012552257752        0.32908143477480799E-001
   0.79378198589270410        0.87330340579090629E-001   0.48862047677453829        0.35182481762058612E-001
   0.42695011287761120        0.88144484236262532E-001   0.35069221652844074        0.32290882910382700E-001
   0.77178060502346035        0.89014626905467395E-001   0.97942154645042567        0.35438124010345830E-001
   0.39364174094411342        0.38220583054999924E-001   0.50632540128529957        0.34270906123846596E-001
   0.41979218338217306        0.39960104250457013E-001   0.72085580690008944        0.36115877155206602E-001
   0.28345811976890043E-001   0.87933381416965106E-001   0.67224736567081878        0.37390731014803835E-001
   0.35575775729256448        0.87737386183710409E-001   0.77168733724171060E-001   0.35248074109981042E-001
   0.36593021910797652        0.37813551186924386E-001   0.87829550298372450        0.35598674956871509E-001
   0.97952101703967243        0.88429116706217975E-001   0.23383474641329674        0.36465133406553177E-001
   0.61326126946661641        0.38354774466081022E-001   0.77468542951438935        0.33186437329733517E-001
   0.55172127916931202        0.88077551132693443E-001   0.16867370094041290        0.35588250416820552E-001
   0.26511879626391466        0.37682795567460334E-001   0.44056942626776935        0.33581849647047350E-001
   0.55342234932664924        0.87764921634166715E-001   0.39525091419648101        0.34537481108511209E-001
   0.93344271437081350        0.37905954793758898E-001   0.60020976276469251        0.33357131650953491E-001
   0.34127497527541589        0.37536265542823244E-001   0.31962734625151548E-001   0.33526551173316405E-001
   0.19098359398689765        0.37884725277571536E-001   0.74501395314951901        0.32131701212024591E-001
   0.11553436033466256        0.88490536989937710E-001   0.63909862599357059        0.35684202749806250E-001
   0.90751333264547052        0.39798226833042794E-001   0.96075636452368585        0.31324311578757660E-001
   0.24592043144638515        0.87983164170958264E-001   0.55073876852210579        0.34504898995852941E-001
   0.55406370411881001        0.38055627829035057E-001   0.22412591591324854        0.39094878396343478E-001
   0.46413244664472469        0.87820040290706614E-001   0.82521712240047174        0.32578891715248963E-001
   0.82125559090499456        0.39358954487455605E-001   0.97866731581351818        0.34660097634709584E-001
   0.21893028285145927        0.88076254471755960E-001   0.40790960908292290        0.34990879281476595E-001
   0.70538661424696703        0.38158141546308866E-001   0.88664343727607664        0.35795978403467342E-001
   0.60513056586443748        0.87795839836457001E-001   0.59866193394445422        0.34077413544098066E-001
   0.78952585367725048        0.88607990227194317E-001   0.80428814783172231        0.37586874242251940E-001
   0.69688403376005525        0.89524749174916429E-001   0.18945940329250446        0.33688945266422930E-001
   0.78641451037370746        0.37425061518393039E-001   0.59123695811096710        0.36554779745946196E-001
   0.92346916973281423        0.86600290335362332E-001   0.85121563120206056        0.34455002691629197E-001
   0.61850485673516287        0.38087136761353363E-001   0.25988270677424208        0.34490568192775170E-001
   0.42451696492003366        0.38662182724621338E-001   0.58534039129426840        0.30806785686377170E-001
   0.28187811054810408        0.87827303743542209E-001   0.32536214689001469        0.32896905521075312E-001
   0.46925525493918929        0.90089731345253679E-001   0.69984458056814181        0.36790269414453139E-001
   0.93549366316117502E-001   0.38337515265765947E-001   0.76494465842602177        0.31635630330512150E-001
   0.75268447001842831        0.88834291442255436E-001   0.23007754889151583        0.35331043619223047E-001
   0.36879259704315753        0.88166732453424282E-001   0.46860937001752795        0.32880092676936624E-001
   0.94396498944233020        0.89779780149997379E-001   0.94636745388879850        0.32131067879033727E-001
   0.65340761045780860        0.88120269934328657E-001   0.89855102729815584        0.37128926760018090E-001
   0.61801531186820136        0.87711832914075041E-001   0.37353676957275100        0.33489287798527771E-001
   0.10135979539295455E-001   0.88731836467619229E-001   0.37380658301745190        0.36169951694384361E-001
   0.36134808335955881        0.87736357503181150E-001   0.82976853029131625        0.33941757747097866E-001
   0.17628447133960898        0.38152453801207159E-001   0.31349571641867863        0.35415876451833403E-001
   0.20029786565875030        0.37899273048144645E-001   0.52487083136341373        0.34741796729882458E-001
   0.65925717114739990        0.38122617882837183E-001   0.94941117314194079        0.34419003755645834E-001
   0.63929945027734891        0.88972357118672449E-001   0.15188989886833143        0.35053641514693819E-001
   0.42398693423411615        0.87596115774131511E-001   0.26601261497766671        0.34906191689156686E-001
   0.14996953519185333        0.38030332323112370E-001   0.60007871162963433        0.35663143555781554E-001
   0.86310096132181879        0.88359150181947121E-001   0.47628940089245680        0.35200069807708546E-001
   0.88088745030952742        0.43269826742116789E-001   0.11448397645268782        0.33378520132907895E-001
   0.99470040082195166        0.37743344565598809E-001   0.93475629154183126        0.33354502801920462E-001
   0.10760102757984244        0.37878416129912322E-001   0.32719321057506939        0.34593610938404351E-001
   0.33005083990584955        0.87511167757234748E-001   0.98538471841757647        0.35694333310125906E-001
   0.58200804245564075        0.36758360600215728E-001   0.71363111788907729        0.35386237413062772E-001
   0.32289242670794044        0.37475993303334690E-001   0.93525966561061602        0.35413282227201595E-001
   0.58020303165257026        0.87583029873995716E-001   0.46001423682366399        0.35290982683881339E-001
   0.38204233513550279        0.37925602773329514E-001   0.35895402664560233        0.33830321427920987E-001
   0.48102182788775760E-001   0.87994273954718594E-001   0.77259108083815353        0.35996189489667443E-001
   0.34932945204473309        0.87793277457222221E-001   0.32571829294132093        0.34432462304572475E-001
   0.40958926356428416        0.88243034666441691E-001   0.62094244136255416        0.31979695642283854E-001
   0.82583556076619560E-001   0.38004026900627791E-001   0.19189389704363921        0.32499227262102630E-001
   0.71841960783536696        0.38820935789574455E-001   0.98663875691259995        0.33765851751861302E-001
   0.68389120276230708        0.88623049266549681E-001   0.36443428127714794        0.32966198154444848E-001
   0.46339504858935782        0.38190528484841439E-001   0.45929491436623182        0.35291649868715268E-001
   0.72366013373790317        0.38802389269310733E-001   0.33612767293526330        0.36727794253558328E-001
   0.21656418494092994        0.38069158974215769E-001   0.84016963183859050        0.34762493052684841E-001
   0.22040165279687524        0.37979498988894411E-001   0.59203730229237583        0.35160948894222999E-001
   0.94541746597274412        0.88176073542442612E-001   0.78675052660682510        0.33288815924270319E-001
   0.15396850763581454        0.87637876144143645E-001   0.99781051813672983        0.34933671645728588E-001
   0.47501015278698694        0.39877768389000673E-001   0.95441379039377905        0.31945781432989477E-001
   0.39281206404086438        0.88155279704547812E-001   0.55509644189600837        0.35294550165434146E-001
   0.53778280330768069        0.87555023974185672E-001   0.61927835668350317        0.36302616058359709E-001
   0.51971437095383533        0.88503831314915071E-001   0.95533495962925263        0.33263905654843079E-001
   0.51265858629370009        0.36788285111107717E-001   0.81470447577191041        0.35864789150151483E-001
   0.73673667664170839        0.89722859249085962E-001   0.13399483076750110        0.34438960245109937E-001
   0.30750089091202315        0.37948937501112466E-001   0.73540041985937443        0.33595859165928860E-001
   0.19718965531161758        0.37565353642002357E-001   0.14062500408233368E-001   0.33031332242663358E-001
   0.72795470414757080        0.37699745373272447E-001   0.84158595408605930E-001   0.34585089489830502E-001
   0.89347696613972249        0.38729167466874638E-001   0.43672209537996132        0.33797352136190992E-001
   0.17842382357548509        0.87994186438187197E-001   0.56385690607764449        0.32204283762130616E-001
   0.23789422713115552        0.87961156096788326E-001   0.47502795129044001        0.32675199860256264E-001
   0.93586329320359485        0.40746854895856242E-001   0.90177590108693451        0.34070931283053323E-001
   0.62529364618217742        0.88698962629036704E-001   0.73215280761468415        0.31322195509867777E-001
   0.20460747695367201        0.87609922320746852E-001   0.62090592900055447E-001   0.36642447526598995E-001
   0.77321748792803668        0.39012168439457366E-001   0.30235643620608883E-001   0.35709023424973466E-001
   0.24179621837306972        0.37928727906230857E-001   0.22632777325727632        0.31930102921572681E-001
   0.36349299245843170        0.37584478085887933E-001   0.78398886558971004        0.33578456801567139E-001
   0.16235295954867773        0.37942593871691896E-001   0.24334074736705874        0.35916805571986836E-001
   0.20250346552841303E-001   0.40451279611209923E-001   0.87433166683329377        0.32196713598103943E-001
   0.40120077193249748        0.87669026362753658E-001   0.13060214528599443        0.34739489945716268E-001
   0.28315445965216329        0.87646906953734310E-001   0.24628816592302041        0.35287472498682394E-001
   0.84325694414653873        0.87629800110763684E-001   0.68464963447052607        0.32863644460328474E-001
   0.14708814941240106        0.37526753691691152E-001   0.17257427213605181        0.34574948408135159E-001
   0.75606643132240592        0.38825701491781495E-001   0.27527250031104011        0.32079367380774625E-001
   0.72452472704567050        0.88640366157297729E-001   0.49869171938226836        0.34201404946550856E-001
   0.26563590570873302        0.37960549863367457E-001   0.88818899336296020        0.33445350283221945E-001
   0.88206058844085333        0.38993360577323569E-001   0.29007936673796453        0.35250692560831867E-001
   0.76002878566256427        0.87672679003312312E-001   0.63666750618816137        0.35626867465711663E-001
   0.83766837772406422        0.38577504955666954E-001   0.77939329311925976        0.36087199170563758E-001
   0.79253923649738670E-001   0.37985398215671227E-001   0.66862931458045238        0.32266487621476825E-001
   0.61923918706305270        0.39569713754101246E-001   0.38376398904619129E-002   0.32884037595240848E-001
   0.31155436962583266        0.87900475621444554E-001   0.69134320619767142        0.33106151918845923E-001
   0.38216887976560432        0.37703748144615620E-001   0.29051994551017762        0.34576204000738894E-001
   0.67339709396671454        0.38288343845075706E-001   0.42767186696742968E-001   0.33729106355448769E-001
   0.24246613583906232        0.87607392858309721E-001   0.39338676577564116E-003   0.35729407151378928E-001
   0.44111502563604976        0.38094398886874242E-001   0.39316242704888704        0.34428212581875263E-001
   0.44365342509819361        0.87520122961729410E-001   0.19038981363538265        0.37980176353410437E-001
   0.36512150306829960        0.38296743068614018E-001   0.61955294019963625        0.34895860365539030E-001
   0.73905119556925691        0.38634456099842632E-001   0.82320849006556907        0.35826072688184753E-001
   0.13425023763969887        0.88163604892144101E-001   0.28572221193205466        0.35189003889850197E-001
   0.87728283000931029        0.38585907752367386E-001   0.86821387126479455        0.33431003488437631E-001
   0.82727079916100388        0.39413200820502481E-001   0.73803788602645456E-001   0.33187342986628433E-001
   0.55221498098424615        0.37765371468477797E-001   0.49981008353269768        0.33758189636103428E-001
   0.62185582037446019        0.39047311537596441E-001   0.48909543440488473        0.34429754581273064E-001
   0.10811255159958399        0.88151086896131881E-001   0.81267315453880051        0.33887884799293062E-001
   0.21092420932312861        0.87877357861298522E-001   0.26829228317774956        0.37570793344389383E-001
   0.38909421567266178        0.87762772337576844E-001   0.18836472030379355E-001   0.31910403460350185E-001
   0.95433642283580741E-001   0.37476059485158419E-001   0.95090915521397937E-001   0.36258248465165288E-001
   0.11195409273860860        0.38556075788233397E-001   0.39431067124445063        0.32644354103834303E-001
   0.52267368369754952        0.87725646720577949E-001   0.54989173219818521        0.33511283964048053E-001
   0.30243023839369693        0.37967984898514592E-001   0.64768503582934256        0.33814878063898719E-001
   0.74651775778484375        0.38832378227869495E-001   0.18061528191328902        0.33587138819611208E-001
   0.78684360337718561E-004   0.37799360903209900E-001   0.62331126415364480        0.34183533156454844E-001
   0.14260394786461922        0.88667116841595242E-001   0.35696169366487379        0.31723092782118337E-001
   0.94468399087747967        0.34555909307069997E-001   0.65638067149220658E-001   0.34524279597317568E-001
   0.52304567361555132        0.88241127085168541E-001   0.71887410308251368E-001   0.34183677413117459E-001
   0.63365367013946150        0.89345855099659144E-001   0.30781529357287551        0.33794816096060110E-001
   0.12597397415588499E-001   0.38387356416454112E-001   0.19755951292236409        0.33572989470912216E-001
   0.31548033529571190        0.87816327963437593E-001   0.88358589249836839        0.35546632553161532E-001
   0.81228414596478227E-001   0.37812947139833082E-001   0.60305893198546801        0.33133218891224288E-001
   0.40742500367864276        0.36882262616786801E-001   0.65428132262190533E-001   0.36705955824143148E-001
   0.25943021315548892        0.87642118836718991E-001   0.73439422808047938        0.34421705469177978E-001
   0.72286459013821047        0.88528164715334354E-001   0.77563836761385174        0.34968701764728834E-001
   0.27593989253741485        0.87533750669878146E-001   0.93996907028153875        0.33275460704872618E-001
   0.21614123880534558        0.37947015201005539E-001   0.16546626248604748        0.34070785874082715E-001
   0.21667369508869283        0.87941978200926627E-001   0.33928921274261736        0.33639477491950495E-001
   0.90212458731776890        0.38319609183134672E-001   0.50723258460881959        0.35294768485731320E-001
   0.39266528882696994E-001   0.37956692635819834E-001   0.72321818108885949        0.34788914441476547E-001
   0.65824589992681148        0.89203767579205007E-001   0.51621906273670581        0.32612764900339319E-001
   0.49645210132695977        0.38986195001511570E-001   0.59090223278855203        0.33300730824014552E-001
   0.93437454514694784        0.88702050200373583E-001   0.39349072168262372        0.36338126129278406E-001
   0.63079436675920553        0.37706934793316361E-001   0.55825988013746408        0.34620694778430647E-001
   0.14755237546005934        0.87732766554625224E-001   0.75600700652825492        0.34126856017560443E-001
   0.48568963775892571        0.88062269125646339E-001   0.41394553844301879        0.35642357907402500E-001
   0.18026208598587184        0.87656505772873261E-001   0.13113788909900079        0.36162057605452096E-001
   0.87303508732888002E-001   0.88559090922448416E-001   0.43076304982624003        0.33920607442909881E-001
   0.33030063105738183        0.38126807331000462E-001   0.48564826973438940        0.32332376386340365E-001
   0.16817950758069061        0.87925941235492022E-001   0.84668530005626974        0.34841588808628664E-001
   0.49844942780619339        0.37740705636656741E-001   0.17710155030979485        0.33604677194145907E-001
   0.48870928967565919        0.87954875972611535E-001   0.28593057294308721        0.32797191359790936E-001
   0.57082479894838811        0.37463060874757155E-001   0.95822150640116488        0.33263507487431579E-001
   0.26188179380023885        0.87906256230190591E-001   0.83911559425442117        0.32449844336461739E-001
   0.69661309465914298E-001   0.89033328994045535E-001   0.30085724670398217        0.31087673211568495E-001
   0.80217613902704987        0.38804445251102250E-001   0.22287700375044348        0.35266087269996631E-001
   0.34540824566957851        0.38038988849135841E-001   0.55402495206338853        0.33504617920735759E-001
   0.30993881318260075        0.87990013230813263E-001   0.52653313968802284        0.33634646109659057E-001
   0.98565823767888583        0.87657078646368958E-001   0.10005056548561539        0.31517312750588770E-001
   0.64809530006493588        0.88603148622996120E-001   0.45138167036442317        0.32940020728776387E-001
   0.37088259283777944E-001   0.87668414793197397E-001   0.92291779408201124        0.32887608964432692E-001
   0.43130903513373509        0.89812154659401747E-001   0.96631221444880000        0.35376994565372938E-001
   0.53157549955485595        0.38065837100885853E-001   0.29115813680343267        0.31479884392876883E-001
   0.24414062240189574        0.37804591172587332E-001   0.30519071495570493        0.32716192279929654E-001
   0.68871441283704715        0.39833363627060754E-001   0.14176072196058101        0.35134225184963307E-001
   0.26432180295925832E-001   0.38386441430923783E-001   0.26519748444076591        0.32702789960782713E-001
   0.78296114362572045        0.38433066855591586E-001   0.12279751170874934        0.32353120248443210E-001
   0.63405579101961473        0.37598316653974395E-001   0.98546227705642864E-001   0.34505581354162776E-001
   0.47165973266328026        0.86756884320671440E-001   0.63165017206832419        0.30951240436696569E-001
   0.90331247397190939        0.38600560446141172E-001   0.80546160151781265        0.34367228948815338E-001
   0.62351365185106755        0.89311998105387314E-001   0.47686407252671918E-001   0.33329119208818772E-001
   0.12287104138392230        0.87798731085427947E-001   0.90913002854315683        0.33777569415526627E-001
   0.35704392380008715        0.37572336089565096E-001   0.68836596015838403        0.34220225742572774E-001
   0.17794875448853004        0.38081441530962920E-001   0.38319864047948998        0.34177507309741909E-001
   0.41798132960595584E-001   0.38200026473035859E-001   0.98533983134822112        0.35720419633272979E-001
   0.87317194539739718        0.38587217641749376E-001   0.21951209963164026        0.35698806574941941E-001
   0.50824702989374200E-001   0.88504502698685594E-001   0.22598477984742601        0.35257359126853918E-001
   0.87639361323212284        0.95380849974958756E-001   0.69635230342956586E-001   0.32296242738126903E-001
   0.10293479460704813        0.87361762860039757E-001   0.14770807899266003        0.36301400855340289E-001
   0.83707347744713845        0.88910819096258545E-001   0.26251291329174814        0.37359732957033938E-001
   0.19901933698236768        0.87892382910531877E-001   0.70310334400766938        0.33570280365005450E-001
   0.74149913260618239        0.87361931357391481E-001   0.56623386902508355        0.35112762371480900E-001
   0.85906993379302854        0.88574744441824060E-001   0.82518108324173123        0.34982464402209118E-001
   0.89578337463334679        0.87765710082598827E-001   0.62614747108755120        0.34274926025642936E-001
   0.38284871818186494        0.37666017759949044E-001   0.97730613948101208        0.33308596757617291E-001
   0.97976384905871317        0.90760543721065234E-001   0.88928840127040443        0.33582058091586237E-001
   0.79457663169190285        0.37636888060334078E-001   0.67742365960026962        0.37234424722376112E-001
   0.52363979488413381        0.38269154236247070E-001   0.91057787562994486        0.33529857179959752E-001
   0.96426432484788793        0.38740887595444605E-001   0.47399501487128620        0.34316593515004309E-001
   0.51624080519259163        0.89597779941640310E-001   0.86566348142395422        0.32631106040310304E-001
   0.81708439250463305        0.38856857777342574E-001   0.30816230625825192        0.32162902952714789E-001
   0.81568989962689065        0.39677130848213109E-001   0.37486234957400549        0.34506098684362926E-001
   0.60885483492682824        0.88542115376878630E-001   0.66773434929388098        0.35086974809624541E-001
   0.59528215387389161        0.87920024958724169E-001   0.81964907941951537        0.34271659661121216E-001
   0.31398335641056074        0.37765287226802918E-001   0.35686122264658332        0.34237611815663191E-001
   0.56532782760530580E-001   0.37997786851349205E-001   0.81983895444330601        0.33281539751645259E-001
   0.25563028619032119        0.87730894572208284E-001   0.12561036115266228        0.33182818291203502E-001
   0.71402376644951704        0.87948956239011222E-001   0.93812346723280315        0.35242952531928523E-001
   0.44139589617628344E-001   0.37483709083590500E-001   0.14014004168395816        0.31934264347798808E-001
   0.55582150294987698E-001   0.88125061356727735E-001   0.33854069167868074E-001   0.35147128930121320E-001
   0.70671016108034157        0.39500032478939989E-001   0.23294261855509765        0.31772300269759600E-001
   0.46636916933014411        0.37814383395098530E-001   0.87162668649411223        0.35581908850170645E-001
   0.30988428343161945        0.37657380953061245E-001   0.28778469324594141        0.34939363059305804E-001
   0.64879903169100972        0.38974537303360111E-001   0.69820896150578826        0.33175886097213135E-001
   0.76384803986957750        0.37345774394569015E-001   0.52491332188960327        0.33438031880516542E-001
   0.66321154306304497        0.87834657183367082E-001   0.24748051954221079        0.33406695250162377E-001
   0.92340002926462961        0.93204108705541855E-001   0.11376950071004220        0.32187459281724992E-001
   0.45254236292626071        0.37748539350383470E-001   0.31320675499060158        0.34356014235781093E-001
   0.71630212474439514        0.88836215318387549E-001   0.28792094453969602        0.32990713447046099E-001
   0.24798792909691086        0.38027003872426995E-001   0.37146751504351538        0.33323067741601771E-001
   0.13956693953194560        0.37702462819587244E-001   0.95476425274217736        0.32339340963934142E-001
   0.36527618070594414        0.88149856944158625E-001   0.40139283996430930        0.33238813295184785E-001
   0.67842776364791457        0.38721122051825520E-001   0.75954755698888310        0.33430861354772481E-001
   0.94364913161126640        0.87059963818384364E-001   0.17493526170674867        0.32342095160378982E-001
   0.57294203899595231        0.37502338548094365E-001   0.55823274314165443E-001   0.36736509593739690E-001
   0.26753295725631115        0.37987340934542146E-001   0.50849830347442793        0.34356811222081875E-001
   0.25963436045131594        0.38636728558417349E-001   0.78203008738969604        0.32024177456275150E-001
   0.28899948617683230        0.87793385880141517E-001   0.39882932625067030        0.35618746649000284E-001
   0.45961935213622257        0.88887129195227510E-001   0.56956347146888764        0.32100336545665360E-001
   0.82766728363428876        0.87457686490659992E-001   0.61948034066689495        0.34128262011772638E-001
   0.80091949148158592        0.38580575114106716E-001   0.85188132202524236        0.32304821679010845E-001
   0.57317421601006358        0.88054275169185153E-001   0.27486140656518837        0.34609725533459590E-001
   0.87209531426277798        0.37589585505038547E-001   0.71838229562553813        0.33951403327666281E-001
   0.29497886079949398        0.87889310072829754E-001   0.45291496987619646E-001   0.33355965303145621E-001
   0.69182153253564282        0.88583934832283245E-001   0.83804397260639918        0.34496556818281801E-001
   0.72290799357018032        0.38445467280502188E-001   0.68236615704879700        0.33706203282650005E-001
   0.58561630493077321        0.87522684877640089E-001   0.10628816470431071        0.35398010412196104E-001
   0.72437914670885983        0.88563860367295771E-001   0.35692354663296851E-001   0.33940238848881872E-001
   0.59686553886720173        0.37756896555041761E-001   0.41429919451604719        0.34351683785011730E-001
   0.53772731773085414        0.37674836199944398E-001   0.11941128341099964        0.34950754189357065E-001
   0.30987473082675010        0.87932683067971917E-001   0.78013558079782330        0.33497018865910985E-001
   0.11158804001832398        0.37835021478435045E-001   0.86180000298616388        0.35699675833915978E-001
   0.66818116888871093        0.88244757947072094E-001   0.99622000101690644        0.34527627090834338E-001
   0.68104841170751296        0.87613108687934163E-001   0.91639256920357015E-001   0.34281937898189035E-001
   0.86548487389284801        0.38969425674596103E-001   0.58382123383159545        0.34065228335395735E-001
   0.16378118425271143        0.37590722876130328E-001   0.86961390407296293E-001   0.32500674210303747E-001
   0.43618664857026257        0.39065860552482914E-001   0.65413059528421469        0.32411204301673373E-001
   0.36424098253891907        0.87713751557677716E-001   0.18840941223943872        0.33788299922235497E-001
   0.22552820468839913        0.37595348087556039E-001   0.94864075015434424        0.38178982044739573E-001
   0.56521904242540388        0.86705533616350625E-001   0.75846084664762659        0.33785155458517659E-001
   0.15267507371563516        0.89417430689759603E-001   0.42097499202364713        0.31814529703414515E-001
   0.76630113132201272        0.38958640897195793E-001   0.92692067304208514        0.37154329772439827E-001
   0.99901319360925056        0.88842458152372947E-001   0.30305894743154677        0.35190488182983738E-001
   0.83197964321088891        0.89458092659970498E-001   0.11852196185249138        0.33999101829407290E-001
   0.47133652520434594        0.87854222615687594E-001   0.91432173929311888        0.30046041184634026E-001
   0.25165792855586744        0.86845108363601362E-001   0.18905289337003905        0.30044475114136319E-001
   0.99915786287231873E-002   0.88338770183865531E-001   0.15799213456958586        0.30069377967698367E-001
   0.10106577496249360E-001   0.89263181050407953E-001   0.82920182288979427        0.30097079500952015E-001
   0.39987104389302774        0.90034800348376617E-001   0.68213034343690782        0.29989833497626260E-001
   0.81580761893880815        0.88314676808358236E-001   0.74152359729165496        0.30111277773466054E-001
   0.92712680265976077        0.91028272218536252E-001   0.71089993756588454        0.30043094761379015E-001
   0.99994603198093612        0.87708929018662479E-001   0.97382842446098672        0.30111050912540738E-001
   0.57736546448692039        0.37702219843288948E-001   0.63844270844498408        0.30119917696710144E-001
   0.92625916458722446        0.88755251310207867E-001   0.45950509879304235        0.30112978191454195E-001
   0.76784278252841520        0.35811599013786700E-001   0.75946859239708875        0.30053420778715704E-001
   0.59563148785117981        0.36481260929890881E-001   0.16138595983206186        0.30058003483415197E-001
   0.28353938038973764        0.34309009292963058E-001   0.57570190163587309        0.30049566583861584E-001
   0.96524170647668395        0.37588653192047440E-001   0.84464498686481948        0.30016037842598528E-001
   0.82501414116501726        0.88662196808791449E-001   0.88072072970980442        0.30154908676310283E-001
   0.78849255093793730E-001   0.84255427187814869E-001   0.36661550378455848        0.30045624293202480E-001
   0.78041738069648170        0.88862583719268445E-001   0.30303490985846604        0.30047497805368022E-001
   0.31813219710608198        0.87740881182495900E-001   0.13577920513909603        0.30073699740286747E-001
   0.64962282711543506        0.39231652541192791E-001   0.34455343928819521        0.30083366435749766E-001
   0.75386124263587162        0.37718501842504554E-001   0.39572925465839803        0.30067720009999944E-001
   0.50662473919876827        0.87867989064127516E-001   0.21668503962525315        0.30089901053873838E-001
   0.44876688952236748        0.87804929936982079E-001   0.86444001343110616E-001   0.30006761867155486E-001
   0.60957502129537533        0.38116825307046097E-001   0.90814503172144001        0.30048946063442078E-001
   0.29988142093226089        0.87975388548647837E-001   0.46361578684731708        0.30030569879672977E-001
   0.76112741027339814        0.88950165802863301E-001   0.36000312956409924        0.30044619346676852E-001
   0.85622530378791861        0.37552498587698463E-001   0.64820373930920805        0.30112957742040199E-001
   0.18001702221428370        0.87653514743313815E-001   0.93818410966485133        0.30043519631843634E-001
   0.76760058820517826E-001   0.40290861811380217E-001   0.53997154654093094        0.30013944518746342E-001
   0.93861953620884764        0.37079743628991517E-001   0.21244143422934053        0.30034156522138492E-001
   0.22493652737575281        0.37625242701291139E-001   0.10146172411170094        0.30154125942086003E-001
   0.17813167805502442        0.37859552159770701E-001   0.66956112814371127        0.30091973659399123E-001
   0.87097957682029126        0.38044809335941870E-001   0.23086539128993090E-001   0.30025802556951465E-001
   0.13534387033708042        0.38057022140387343E-001   0.52654992598432382        0.30041353590448527E-001
   0.42531520473825213        0.88389962323574850E-001   0.44065238666097972        0.30004670556910275E-001
   0.14928739429059226E-001   0.40305001439688973E-001   0.56053025767229203        0.30057538612292906E-001
   0.83479878161076060        0.37996789399206227E-001   0.50871721341830101        0.30014285885613386E-001
   0.43115022253791116E-001   0.90182724196891426E-001   0.54109534944312176        0.30147139893125834E-001
   0.65114480988722467        0.88897150858397445E-001   0.78782690861628368        0.30021356646244671E-001
   0.95788782591220589        0.38192323076065030E-001   0.54159174046457592        0.30051683452827931E-001
