 3 HS poly
 400 2
 361 39
    1.0000000000000000         0.0000000000000000         0.0000000000000000         0.0000000000000000        0.10000000000000001         0.0000000000000000         0.0000000000000000         0.0000000000000000         1.0000000000000000     
 T T T
   0.16937679177036966        0.82905572154159043E-001   0.54149731422186140E-001   0.35812014758237913E-001
   0.59503222071260209        0.32221937655699265E-001   0.16122291198603708        0.34249297400169632E-001
   0.93111264391252813        0.82989010805871233E-001   0.36080891641697460        0.33417597317060142E-001
   0.96624608636309306        0.33030241598121943E-001   0.11646027591696061        0.34712159098736053E-001
   0.79865379983385254        0.33145115604759683E-001   0.43781150949690639        0.33591807440384369E-001
   0.63503919869109204        0.82350939308780305E-001   0.13587041213529427        0.34396028086294064E-001
   0.20460822345898522        0.30641121048344683E-001   0.66724893002760288        0.31742310830174938E-001
   0.49424865188478173        0.32954015955945153E-001   0.58748768632900572        0.33485441348617855E-001
   0.53669188736652396        0.32947139727459857E-001   0.35039432080955263        0.33906033010975500E-001
   0.55348413492019899        0.35987879426294792E-001   0.28262601727824949        0.33849353597063467E-001
   0.53831201707829478E-001   0.33027610372538339E-001   0.68488221410301156E-001   0.37179680868850214E-001
   0.96006114851358848        0.84168954238400095E-001   0.80360778204952332        0.35680016317813493E-001
   0.68672060360376386        0.82440782629609341E-001   0.22727176673184357        0.32493402276159655E-001
   0.79728794569647898        0.29992131322305212E-001   0.93453457789122363        0.33787742135993865E-001
   0.33537869223028743        0.25997929364406033E-001   0.84229343735896689E-001   0.30568156499421555E-001
   0.85397696212350493E-001   0.22880670370427104E-001   0.21643125885577022        0.33415147633871212E-001
   0.14821739983790397        0.32931793828993382E-001   0.24188880671326593        0.35046553869582386E-001
   0.70977526402213931        0.33013914525111425E-001   0.27273292769815094        0.34709197193475413E-001
   0.93983883677948266        0.34219387037628370E-001   0.97260889880581514        0.31710918860005821E-001
   0.43637802018416583        0.82839583667102507E-001   0.57720550301363427        0.36690593904700843E-001
   0.59642828445612539        0.33227056634802354E-001   0.45366222510010801        0.33732877128099442E-001
   0.32061129990561549        0.31414401798421886E-001   0.43970971737594550        0.33277482387961931E-001
   0.53285510101041311        0.32502585295365191E-001   0.13210652671920703        0.34360500630044359E-001
   0.36983949745595379        0.32200389686533624E-001   0.95231538973033147        0.33995830533839901E-001
   0.75230883786132063        0.33254419883908919E-001   0.35041315893292707        0.33687613000970403E-001
   0.86419729595158001        0.33029389941844761E-001   0.23495934075234642        0.34225943521163010E-001
   0.48826756754177059        0.83047745681293542E-001   0.49312096461011240        0.35230446147922333E-001
   0.67982661991749488E-001   0.32920504043834529E-001   0.29386076502023833        0.35561664346386287E-001
   0.61468865390854643        0.32393764626274496E-001   0.90890579701285140E-001   0.35781533189357832E-001
   0.74673048775566053        0.83159951363035722E-001   0.90575642634423303        0.32405903512354770E-001
   0.12987522641466459        0.84235391179875663E-001   0.74341688439074538        0.34509503661171122E-001
   0.94277851192725914        0.83927410014368375E-001   0.63133081093822685        0.35509986441432224E-001
   0.12153165640240315        0.83960215768853569E-001   0.82842731402754011        0.36514868909602954E-001
   0.45790979714162827        0.32989970072510325E-001   0.53049830615375326        0.34094902165229229E-001
   0.83952932790629919        0.33134286485951091E-001   0.57514281530320699        0.35937528619500475E-001
   0.99937289681096209        0.34841263349364389E-001   0.90954428862626757        0.33570811657658017E-001
   0.63561054098285372E-001   0.82745094303342911E-001   0.40856066753130443        0.35952833092861493E-001
   0.47661439889332247        0.37948598089637180E-001   0.32102768106770802        0.32919045700104281E-001
   0.27901109112571332        0.32906588257476138E-001   0.27983724564516416        0.33615447629397950E-001
   0.23506911383233994        0.83125338893646067E-001   0.80577043928875422E-001   0.34678031272949134E-001
   0.95377837394440823        0.83114480615628539E-001   0.29833472516379883        0.32964794708427711E-001
   0.63374803213743758        0.83209226583567927E-001   0.90993690614895950        0.34336587600978935E-001
   0.38674635005314978        0.32373862836909954E-001   0.17557568197216281        0.33784639797337881E-001
   0.52328957137223953        0.82938974788119277E-001   0.55281430862182801        0.33892067427681305E-001
   0.69848059491247205        0.82216569070892920E-001   0.16161937887915725        0.34035944455343831E-001
   0.53910503908884792E-002   0.83943369673358609E-001   0.66049891134949867        0.32691348671296902E-001
   0.33325876036468244        0.32656811701133985E-001   0.72263960963597018        0.37468300600927512E-001
   0.89284746234004742        0.33451775392145625E-001   0.62207627338511251        0.34990071022491395E-001
   0.44277755360402732        0.82022944565651110E-001   0.77379798903343830E-001   0.34265751800408695E-001
   0.75425448504129397E-001   0.82756363054687948E-001   0.11581242594141725        0.34425919653518718E-001
   0.56489109882273292        0.81939347709502300E-001   0.82315835059346576        0.30990502206321879E-001
   0.52952867399870540        0.33031402462978948E-001   0.44218065280369001        0.34081878150413192E-001
   0.79329080999299939        0.33040047228460920E-001   0.22057064949359456        0.35279488899384356E-001
   0.18761004126440775        0.83011944575567598E-001   0.77645942689076497        0.31623949446217298E-001
   0.12364171138701641        0.32997018539399361E-001   0.81735434447780211E-001   0.33807872050714866E-001
   0.74847526361338601        0.83128184290681931E-001   0.82047818229461966        0.35718955933005822E-001
   0.33621693211163484        0.32193507179084084E-001   0.87083941886500504        0.34154367475784535E-001
   0.59585390713603514        0.84497090768927474E-001   0.26761672768802131        0.32249568670255170E-001
   0.92302252895461590        0.83027572145815728E-001   0.13716855049625365        0.34521252874205412E-001
   0.49455951476458559        0.30205517967421675E-001   0.25691657415898694        0.30420741204465154E-001
   0.30234701425510008        0.32705631239127710E-001   0.21378550958306528        0.36052101147307003E-001
   0.53728598191604682        0.84126887893576835E-001   0.23987498619526232        0.32399525521767253E-001
   0.32485665601037916        0.82726585339670852E-001   0.25876257760688132        0.34850629782375186E-001
   0.80510385566482462E-001   0.84709026495102410E-001   0.54169531923188907        0.35472340814224991E-001
   0.27781276536799293        0.81414534319749710E-001   0.45083972516913767        0.33470245422880206E-001
   0.98975582444323573        0.83019509653485174E-001   0.15996451523956245        0.35045228466573104E-001
   0.35989864864256943        0.82189807299437437E-001   0.90882518238694132        0.32881387267706945E-001
   0.59681777730057040        0.32916062843527799E-001   0.38466191155098939        0.35232456256741491E-001
   0.92325325959306825        0.32582844804898300E-001   0.45693695670883949        0.33572736849234661E-001
   0.39143851581701160E-001   0.84127622207868680E-001   0.82898639186910938        0.36438248254706367E-001
   0.54985135454244860        0.34357968026265139E-001   0.66371272023935390E-001   0.33558612294154570E-001
   0.66601171077180343        0.32935197219518923E-001   0.40279371816458359        0.35988780966121264E-001
   0.75394873855382161        0.33126775563053025E-001   0.86582007989991727        0.31960253562462050E-001
   0.38994559637001008        0.82718783742378510E-001   0.27237671242593725        0.31256280006182184E-001
   0.28312539776755230        0.82910732790680147E-001   0.38545579057140755        0.32116574863289435E-001
   0.99100996227242955        0.33973138979324795E-001   0.61615540033873673        0.35561257518724042E-001
   0.77958495726609900        0.29910035516143865E-001   0.50809931686172571        0.35309875471308233E-001
   0.72398748264673451        0.81515090678254895E-001   0.97788559541255246E-001   0.34658225177347228E-001
   0.75140012935139844        0.82982390266968631E-001   0.24726141142067001        0.35134069518291247E-001
   0.40918603928962305        0.32963612911242821E-001   0.31206494352363168        0.35054112319147721E-001
   0.56949862790496775        0.33479244494144834E-001   0.99955131276400910        0.34985922250348370E-001
   0.46272113864525233        0.84707890006593803E-001   0.13538289708149629E-001   0.32651773320447754E-001
   0.16598364600065835        0.33295368189921008E-001   0.46714852027582299        0.33305469124099950E-001
   0.49703537712159490        0.82689045108277529E-001   0.81703240050729964        0.36991877365562753E-001
   0.90940870577629562        0.34057198457519831E-001   0.81507802472698532        0.35700959145164239E-001
   0.23347311066784635        0.32508322125811374E-001   0.75697025983079114        0.35531927443761060E-001
   0.15577748938326993        0.87432323482343463E-001   0.68074236825715095        0.32133777674908715E-001
   0.61419103295041322        0.32852933286085594E-001   0.78255743073592132        0.35331474936747487E-001
   0.68312343693973643        0.34074949767133544E-001   0.33530425953576765        0.32359018190091578E-001
   0.25705365038337741        0.82918419547570135E-001   0.23909818587647833        0.34438713550282052E-001
   0.62788000893873053        0.83064666145523158E-001   0.55220437558263802        0.33880678057905504E-001
   0.32802134149957451        0.82187818442442509E-001   0.97442098176531722        0.34748608275465762E-001
   0.94924566299234603        0.33345044695189764E-001   0.55943073779015884        0.34694766361364759E-001
   0.18167379249744330E-001   0.82869290329792789E-001   0.31810868972968182        0.34042675733765543E-001
   0.97975603604633588        0.33572987217780424E-001   0.49235775229010392        0.33052316450926419E-001
   0.71388934520396419        0.33351315622090927E-001   0.48104374477666317        0.32031474125456420E-001
   0.27845116420384480        0.83027395783371566E-001   0.51834168087111698        0.34034947110813445E-001
   0.78422111414857532        0.32390623361269945E-001   0.42994463525528829E-002   0.34410687745202770E-001
   0.65404202192723859        0.82784238221707829E-001   0.63759596539010222        0.33203167192565643E-001
   0.98533345151848539        0.33672397543729554E-001   0.50926205548480548E-001   0.33430543212442168E-001
   0.49601574932297121        0.81931807887137539E-001   0.88779437624614710        0.33769676363728865E-001
   0.84422448749748258        0.83143170123834070E-001   0.41684125906922431        0.34424356721569037E-001
   0.39685538328540365        0.32669956117553078E-001   0.37915900103767480        0.32906872093865280E-001
   0.36747055548125090        0.82921837488347083E-001   0.34112097693337595        0.36173001568606734E-001
   0.63996863847358731        0.82921286197024061E-001   0.35807350211280742        0.35939190098882245E-001
   0.93409264292238492        0.33413173897582193E-001   0.89878238344002015        0.32208546617242137E-001
   0.94885117638768679        0.32992036221809559E-001   0.18291091498450976        0.33430110289203556E-001
   0.86506069108936645        0.83053934047299799E-001   0.34712656424168997        0.33802230523634444E-001
   0.55116079016788555        0.82900510583324843E-001   0.40052679109645745        0.34271626428151826E-001
   0.36649144566846342        0.32508236877702164E-001   0.23916735289473309        0.32914406607560870E-001
   0.14618720875108215        0.37861861244144424E-001   0.63603174153868924        0.34882161379567372E-001
   0.74201828842659434        0.85216040161684034E-001   0.31702295640090652E-001   0.33886298455842963E-001
   0.49638672451037741        0.82495840363303652E-001   0.16143514995602412        0.34109975743958416E-001
   0.98033791879233578        0.84758278598151604E-001   0.86950534774376076        0.33019190196283209E-001
   0.40304604431774867E-001   0.83931113990265122E-001   0.60107122215158404        0.36208682293442027E-001
   0.21383796530416002        0.32326989724081261E-001   0.26205679732519788        0.33249719637242200E-001
   0.40333909194156020        0.83323009304870466E-001   0.64153162873752567        0.35617457648685000E-001
   0.46382625558316232        0.32076176199015143E-001   0.92738926091712015        0.37530830317037939E-001
   0.47420916386846224        0.81319985384326235E-001   0.22431094937751569        0.31188619221792186E-001
   0.13565333990939504        0.31901524376819548E-001   0.30773941758943818        0.31816397791458909E-001
   0.85362394175434941        0.32022385226104406E-001   0.18076237946619576E-001   0.35553116002210901E-001
   0.28292452729323614        0.82721450141585440E-001   0.74250552430931471        0.36106475207376414E-001
   0.96659277289972001        0.83807757662000604E-001   0.10616947595949010E-001   0.33035511894767500E-001
   0.78839153694445541        0.83238836319734624E-001   0.56202408513343272        0.36539751672825145E-001
   0.24267312318747336        0.32970671252140642E-001   0.54227535295261009        0.31841723361515473E-001
   0.80115068296539182        0.84809826503916955E-001   0.86685411024449310        0.34446064945867896E-001
   0.93462335989305834        0.83991378001840603E-001   0.70261531666196753        0.36205989366349695E-001
   0.23103255321045313        0.32939775545089034E-001   0.19256122866519745        0.38331364655240403E-001
   0.77224425996345507E-002   0.34044074405839231E-001   0.78900090297195602        0.34817251249560616E-001
   0.59155244605863422        0.82976636778419779E-001   0.61059291283912065        0.34869364064643020E-001
   0.77830201634868798E-001   0.33959433673739291E-001   0.79043306511011491        0.35173861720054420E-001
   0.94361796597532821        0.86550439459244122E-001   0.72578198021422874E-001   0.32947720970203119E-001
   0.81074102666689862        0.82131786452655009E-001   0.44498415046597781E-001   0.34788998775687405E-001
   0.55870209965982354        0.83319357429069263E-001   0.47653586603539522        0.32777050950513281E-001
   0.82465838428431124E-001   0.83007341501224921E-001   0.33990944017405916        0.33847990299555215E-001
   0.85912356564246906        0.33726430947579010E-001   0.86461541784775575        0.34853296128780714E-001
   0.82369095185676511        0.33170626297253092E-001   0.37099938823919798        0.35260867016769108E-001
   0.50894956562341531        0.82680937207145297E-001   0.92665845389970164E-001   0.33517842282374366E-001
   0.32031177692655111        0.82309764951319336E-001   0.82787477023470057        0.33558330934274093E-001
   0.63637041702030173        0.83164316286510998E-001   0.73958939178019389        0.33584745823180662E-001
   0.20442195422494067        0.32405837966205865E-001   0.82046984096360243        0.34297490616519571E-001
   0.10757117340711965        0.84106935829682261E-001   0.89937581448215087        0.33755960246690253E-001
   0.29149590631217875        0.33231892061398635E-001   0.62854991767127566        0.34723604802841694E-001
   0.11406221887972005        0.82998286886503861E-001   0.48147626539399130        0.33438613233405426E-001
   0.17226359653712656        0.34283617805677534E-001   0.72416633326941449        0.33767164201049103E-001
   0.69515416955723508        0.83189592296061321E-001   0.69360114014546881        0.36227983622602648E-001
   0.31869619750597718E-001   0.33527555817030846E-001   0.13600536326597470        0.33682487170020578E-001
   0.84544048206496036        0.33845321228259159E-001   0.76731293188053895        0.34709400378723471E-001
   0.41931190031131055        0.82222607849636781E-001   0.95955761262729344        0.36636366052174602E-001
   0.18288953695303339        0.82910214027025780E-001   0.21063965461483070        0.33300550315814859E-001
   0.88520325294497626        0.33913064838239880E-001   0.71038861055033153        0.34340047427041817E-001
   0.45684192441882571        0.32544372467183724E-001   0.78468217747602109        0.34736180886300712E-001
   0.23802376185745100E-001   0.84362965945906018E-001   0.48607602285800272        0.33287142988315442E-001
   0.79858987488679878        0.82969217543869545E-001   0.32541809771102975        0.34868602419929805E-001
   0.79799169243138834        0.83856235169005838E-001   0.77085125747263283        0.34226456603549171E-001
   0.21791846379085056        0.82769091531604388E-001   0.37119349927885659        0.34625518506534711E-001
   0.90009391265132321        0.83660076751337464E-001   0.99433698833473072        0.35056255150194941E-001
   0.30302326274038455        0.32574724913424488E-001   0.78662946950927370        0.33298928629854167E-001
   0.68164835162283810        0.82490882229574194E-001   0.72730502500506118E-002   0.31212631069686962E-001
   0.42163022877853973        0.82487292783374189E-001   0.41476565188818637        0.33078779645747937E-001
   0.85684780609432165        0.33229747670305718E-001   0.47581286672127221        0.35454694185553977E-001
   0.22706049369839054        0.32900588910306734E-001   0.60595374161968418        0.33539779818602691E-001
   0.65921745907754581        0.32675196759171875E-001   0.18034521209987875        0.31660494206388626E-001
   0.63660290439682488        0.32964823278619451E-001   0.59664226249816088        0.33501861620584154E-001
   0.78348933230462425        0.32971931501816723E-001   0.62161415384006447        0.32938490254312322E-001
   0.66017108539611691        0.82365178242512715E-001   0.70042004617783191E-001   0.34930716770987816E-001
   0.38933006040935518E-001   0.32775014774739437E-001   0.36284893470111401        0.36026226557035426E-001
   0.69643839103881322        0.32879256403304531E-001   0.62622519157645939        0.33244356448520265E-001
   0.17359143886651809        0.83083990525166906E-001   0.50984476713573423        0.32423906021384091E-001
   0.73394987318930560        0.33073780207089190E-001   0.41780643453801014        0.33578684703863250E-001
   0.56740454911952254        0.32937328912058930E-001   0.56870618047434018        0.34652907997941046E-001
   0.39975300664645097        0.32457399957258840E-001   0.10097672422713337        0.35292766792533382E-001
   0.34627194048425375        0.82087838530033264E-001   0.19510265582494488        0.32202775681237882E-001
   0.89038941558036699        0.32113075714233157E-001   0.38567792051966610        0.32487818069138807E-001
   0.61034755808707408        0.82922833989431122E-001   0.97500478493356457        0.33672067212425848E-001
   0.26006900905201535        0.32785443484401780E-001   0.34620224877177475        0.35340119613377546E-001
   0.63236582074397030        0.82882884673938478E-001   0.83169046387583501        0.36970973812178759E-001
   0.98782021151192098E-001   0.83039283634164726E-001   0.40055370106416445E-001   0.35811108934797109E-001
   0.72493723184461412        0.32364125153581315E-001   0.20215704071858154        0.35157958377385251E-001
   0.62870579366444002        0.83204598318733100E-001   0.48490195410889764        0.33414118724894894E-001
   0.45258534020298524        0.88024026554327117E-001   0.28570751474291517        0.32718725571262264E-001
   0.10603989363121442        0.33996415978628181E-001   0.69653793964366839        0.37801758082668911E-001
   0.83242729655962977        0.33367969946956823E-001   0.66707249818395808        0.33828608240879396E-001
   0.10936861311661894        0.83039260346425267E-001   0.96907336257333976        0.35412565625995915E-001
   0.43175974692545899        0.38211361963746908E-001   0.24788815938738398        0.33153920434088477E-001
   0.41802523700456402E-001   0.84174833835806623E-001   0.96288204149638212        0.31847111014653054E-001
   0.22693638352556109        0.33082024420928051E-001   0.96911193243592142        0.33041112473627059E-001
   0.81597596532943083E-002   0.83030157547116318E-001   0.92597887498474751E-001   0.34689767114533504E-001
   0.80092806433607333        0.34631480641822303E-001   0.81966640912584743        0.33902550246194575E-001
   0.30516627696222615        0.33051832771493289E-001   0.93281170711408679        0.33537664488509505E-001
   0.77717991546437371        0.83136763697988753E-001   0.39359296733475108        0.36506085639706511E-001
   0.77568240523784626        0.33141596613588495E-001   0.28617095039614987        0.32542228893099164E-001
   0.99470447881981439        0.82492540212316293E-001   0.38090855252993905        0.32839564218656539E-001
   0.90614330689485836E-001   0.34748622157948744E-001   0.59001665556210203        0.34671399540039560E-001
   0.42601395375734913        0.32754753753968725E-001   0.68713564239704927        0.35095147498131821E-001
   0.84394846519258948        0.33096866753649000E-001   0.30241401447790800        0.36181927226710119E-001
   0.88194824897330792        0.33064695717229045E-001   0.16498795972409702        0.35822434979118634E-001
   0.53153354306744161        0.33172352898361089E-001   0.50927938526437555        0.32618939201761399E-001
   0.31247108901800280        0.83248978757553077E-001   0.67425812678190722        0.34552716233645614E-001
   0.34189163497925312        0.32893134528515743E-001   0.30120620876287885        0.32707775925612879E-001
   0.78579724239414062        0.83253878807648660E-001   0.67510341949087715        0.34207542314090622E-001
   0.30193699073615972E-001   0.83027808182856377E-001   0.26238121609985968E-001   0.32402371308516427E-001
   0.94636642965648665        0.33896605169350218E-001   0.75353297153831877        0.36016713617643858E-001
   0.41757268158594124E-001   0.84206110681278243E-001   0.89805164210704846        0.32066862394282331E-001
   0.24404943687298120        0.33116852370296344E-001   0.41545779825275492        0.35167835742727249E-001
   0.97535321999981006        0.84898358979300509E-001   0.94566862632379234        0.32465035077767747E-001
   0.13014322729701158        0.33003150328683492E-001   0.52527547262085339        0.34881242656100271E-001
   0.73188420215035055        0.83324390290009889E-001   0.31219224916026023        0.32392090882761126E-001
   0.89544791296127979        0.83894604163882475E-001   0.76334010449383294        0.36003364996641342E-001
   0.73744416069051855        0.33230260366541607E-001   0.57114449293813441        0.35377561730546417E-001
   0.66453410318239337        0.82948238839207322E-001   0.29131965249891079        0.35180090134598913E-001
   0.53689277879056774        0.84230916011747425E-001   0.95614128974961987        0.36068901055080663E-001
   0.27673050881781081        0.32483562067393376E-001   0.60684628052621724E-001   0.32790840702523368E-001
   0.76676133283503412        0.82263273516206908E-001   0.17470051115950394        0.35482699045283929E-001
   0.18203569459156285        0.83088721422247422E-001   0.97966467359206988        0.34976412293359661E-001
   0.67999696203074456        0.31613501646738228E-001   0.11735532054069464        0.34661393688913258E-001
   0.68469450537760906E-001   0.34263386421599581E-001   0.49427218428389558        0.34143102504777145E-001
   0.35297809286002840        0.82605452873436222E-001   0.76917440945880911        0.33479390528790030E-001
   0.79038286270415070        0.89078472750932614E-001   0.10902760498812857        0.33099174168726847E-001
   0.40146713330519784        0.32224942804572512E-001   0.89171314112688183        0.34286200993377224E-001
   0.50003923434288322        0.34367343146214917E-001   0.98911808605544127        0.34072129578825994E-001
   0.16118698657789487E-001   0.32933532283319182E-001   0.20546094902319662        0.37439832199330891E-001
   0.73890201813017020        0.37904221697074553E-001   0.77090871544281625        0.31976111263329832E-001
   0.79511586700587195E-001   0.34150496302535353E-001   0.86087104304116924        0.35266547540688857E-001
   0.26429301256876436        0.83059680921759818E-001   0.94821843681287032        0.32745011001466248E-001
   0.29395900975069045        0.82539881641455107E-001   0.88927569161009989        0.33229580777239934E-001
   0.19478625587692505        0.31623279057940816E-001   0.33060864718024269        0.31380678679958127E-001
   0.48753292804774950        0.83016054895380775E-001   0.42434550278169952        0.33517042098398578E-001
   0.53834205375534983        0.32765105712648498E-001   0.78754446668431677        0.34189799609479307E-001
   0.10497520587747609        0.32803087716423804E-001   0.43616047207669961        0.34498612672815551E-001
   0.19611779666964764E-001   0.32853113654650920E-001   0.43597285024943722        0.35942218282991469E-001
   0.21984423746710998E-001   0.33917755093422347E-001   0.54948349009627251        0.37923104165129409E-001
   0.32612655173912347        0.32864189323348392E-001   0.37120756151893280        0.35286663312937117E-001
   0.33711174745360661        0.83287475357487831E-001   0.60825685725318457        0.35883240371081301E-001
   0.11557851660074622        0.32977317119426038E-001   0.36950267482176652        0.32985627868063805E-001
   0.16073836272554456        0.32800897753529554E-001   0.16785149142751016        0.35936196782063647E-001
   0.42045870625237924        0.35283705972758407E-001   0.31531307473448400E-001   0.34744728263266439E-001
   0.60424450261567575        0.82922610319753801E-001   0.68157170258500988        0.32731171164383233E-001
   0.58823954961307356        0.32990912463312004E-001   0.93368530492059176        0.32975894956760475E-001
   0.14298171560237213        0.32840943387868547E-001   0.94019189649028545        0.31072747823717824E-001
   0.64523986582174664        0.32445180850025644E-001   0.24549656077984194        0.34973157413495000E-001
   0.69095898390964317        0.83115037861087065E-001   0.78034646654388362        0.34248355764286628E-001
   0.99847321647015541        0.32911265395019179E-001   0.27596491547154889        0.33913060236498073E-001
   0.35273762514366508        0.82967170076337846E-001   0.40735433048933845        0.31638122297484403E-001
   0.38432566246974970        0.33291849549101346E-001   0.58882305090321629        0.35564582849977974E-001
   0.85555515650939140        0.83053449818045688E-001   0.12396774456982904        0.34013350828927758E-001
   0.87654234008930321        0.83363915342782188E-001   0.66530953236515045        0.32810151351458261E-001
   0.23668023763181617        0.83139257630885977E-001   0.30464013085383668        0.33220283230315048E-001
   0.61901851340623260        0.82450412378737958E-001   0.20372255480644053        0.35251242406252270E-001
   0.72392187978844322E-001   0.34110978210945039E-001   0.93073675949984158        0.34944898374284626E-001
   0.34399694799983771        0.82827814086172249E-001   0.53833550373493200        0.34372979941630515E-001
   0.38896684399067183        0.32824799944584641E-001   0.51719121873902407        0.36104192432726612E-001
   0.29910191851204426        0.76399017020809895E-001   0.10764261656356237        0.35125491854284478E-001
   0.85005221764786987        0.83402512821344477E-001   0.52730651099542225        0.33837028076692754E-001
   0.24327355415080840        0.83071104080205668E-001   0.12135308473233420E-001   0.34191895354763593E-001
   0.81920623650741176        0.82866536697718304E-001   0.26024369488553506        0.33353286383850815E-001
   0.13610541434705051        0.82902087784601300E-001   0.58542278793540536        0.31387414004569854E-001
   0.48396480524549734        0.32586953528214051E-001   0.55381440377929012E-001   0.33120848352426742E-001
   0.70855093102364253        0.83002824314940049E-001   0.37505901643448869        0.34561445040650209E-001
   0.57340582677636864        0.82905682115149315E-001   0.75994919451567355        0.32524553216593609E-001
   0.30067331009232995        0.82885839033405906E-001   0.32242118231054484        0.33174543492495864E-001
   0.14615351619658706        0.34107772906518528E-001   0.78633362122149597        0.33207057849410172E-001
   0.41859086232882542        0.82884384391835791E-001   0.48052001796779681        0.32468817871897565E-001
   0.88776125483952295        0.83203518170873764E-001   0.27863292622342650        0.34342283732497349E-001
   0.14125181422380703        0.33027962191464623E-001   0.10079953875060612E-001   0.36297448791794244E-001
   0.82695775511101410        0.82989311591558881E-001   0.62156893856178952        0.33244751857223219E-001
   0.46915357111788925        0.82877143374210649E-001   0.70024991316692797        0.32070991006554833E-001
   0.52330052625069967        0.82952399245648206E-001   0.62351474017783814        0.34587175338080693E-001
   0.52933538189459983        0.33326988546471044E-001   0.91251773807882441        0.29579721610676006E-001
   0.97380450047933154        0.84786747049432773E-001   0.23351214546651139        0.31696347024186604E-001
   0.52840899381988804        0.84343924696959560E-001   0.25967871177415065E-001   0.34186935211775210E-001
   0.72798400143587561        0.83230399287951742E-001   0.52341521214305720        0.34381263924250560E-001
   0.98105782618861137        0.33944775212793050E-001   0.69448085653885083        0.32454506203946562E-001
   0.99636576112253927        0.84010895415994880E-001   0.74008986294078194        0.35873096384889891E-001
   0.67973968261752427        0.33097339789152934E-001   0.73792733206363170        0.32228307113615268E-001
   0.15578515322415007        0.33006101919015755E-001   0.87406278362135836        0.35877230612540938E-001
   0.61743281333664113        0.32910405400001695E-001   0.31107344064491743        0.36190421029054655E-001
   0.35062534839877729        0.32387987399443943E-001   0.19712703194589006E-001   0.36030038100068724E-001
   0.65317509105472693        0.33020208815519807E-001   0.95436180344187993        0.35132698556952960E-001
   0.71792588157353809        0.32510227455248494E-001   0.98305480656476951        0.35014804493846557E-001
   0.79492235857674109        0.36846346015582516E-001   0.72265446647479914        0.32681015598181817E-001
   0.59494511166390507        0.82355119266036364E-001   0.44816173397829596E-001   0.34972115671953276E-001
   0.46072457439106929        0.32604378138403625E-001   0.85456424005255349        0.35239962191929389E-001
   0.64038538519882837        0.32386314603352367E-001   0.24098684014532978E-001   0.35649390083093882E-001
   0.98946765546515172E-001   0.87898290570203388E-001   0.63956354063404008        0.33944791429215380E-001
   0.52887357742324848        0.33391391040865560E-001   0.85192213732923272        0.30760522496419338E-001
   0.42434452662985345        0.82459000244121949E-001   0.14501079320108762        0.35717824785272911E-001
   0.57395039708014839        0.82952025844042140E-001   0.32832457385897001        0.32192267261735540E-001
   0.87683783285879779        0.33675814839861956E-001   0.95204775742615144        0.34403835605003874E-001
   0.84931625131267507        0.83770398090748599E-001   0.81706752171876873        0.34800834222358884E-001
   0.51521441924629130        0.86156913586075579E-001   0.30169845381543381        0.31777904344131781E-001
   0.35579700008007570        0.33314565721297706E-001   0.65423121035951726        0.34515798307784118E-001
   0.75218819528736736        0.82936419457457639E-001   0.45952125360552409        0.33930687747621938E-001
   0.37616827714485479        0.82460193326121214E-001   0.60369985941718517E-001   0.33188775181650018E-001
   0.28644105709679929        0.34222975414123828E-001   0.99621884451266229        0.32333918651942746E-001
   0.70434342008620265        0.35934581601416334E-001   0.54720605265085286E-001   0.30460588152817891E-001
   0.15388729963055933        0.83022646148719251E-001   0.34793205326779297        0.33499356455014562E-001
   0.45605362464154764        0.32987983397164897E-001   0.45727686793803696        0.34078829096853870E-001
   0.87808207682456607        0.82062110170132915E-001   0.59811907813062747E-001   0.33967782150363612E-001
   0.58678149228349974        0.32892018601665511E-001   0.72018757043983783        0.32704155444790897E-001
   0.35051163072334129        0.81886213939932090E-001   0.47164072205347396        0.32615897444871568E-001
   0.20823405185284252        0.82980961357455099E-001   0.56571111513519678        0.33223108073209176E-001
   0.75949400628379860        0.82502007060159588E-001   0.96850126940767656        0.31603997411278464E-001
   0.20817534372000757        0.82905074473438506E-001   0.14452145114856008        0.34638586553687768E-001
   0.69922621722996181        0.33130103229786552E-001   0.82724927029280626        0.34783225523839285E-001
   0.45486845897251271        0.32490515964125388E-001   0.18425802379019335        0.34764400717081388E-001
   0.90194566895227501        0.83200321603239757E-001   0.57310823367063857        0.35369999160742668E-001
   0.71517226600951084E-001   0.33068252277936708E-001   0.99960510608928466        0.33904879888855446E-001
   0.49979690952323219        0.33177310955888176E-001   0.73146114522250505        0.33613281423109279E-001
   0.32486344520662963        0.26303673351330704E-001   0.14784990456678940        0.33903337924556805E-001
   0.83692314781997357        0.83072445335103384E-001   0.19235237457945223        0.36804186497408062E-001
   0.20992938942051093        0.83557507406063214E-001   0.45344475735618101        0.34450932268400784E-001
   0.38823672064900128        0.32375151502836735E-001   0.44609890968169658        0.34576644603078785E-001
   0.70559504092157299        0.33147762844462067E-001   0.91138615987077720        0.32500509574584155E-001
   0.19024814167654205        0.32932144212736041E-001   0.99511297271021676E-001   0.34823948905076077E-001
   0.90813283160435654        0.83055908445478110E-001   0.21041664869972221        0.36620697278084244E-001
   0.26619634287791882        0.32774399972558835E-001   0.69401232132645929        0.35409271800791259E-001
   0.74014975301717811        0.33248462620723951E-001   0.67637314786312608        0.33142447454007962E-001
   0.38326213801027753        0.82692079556699882E-001   0.70883064825957864        0.34025593601138014E-001
   0.24813135824846810        0.82387204936577932E-001   0.80351656468937682        0.34117147294116142E-001
   0.68519172269634399        0.82922765814979080E-001   0.44796101933299964        0.34053619371207045E-001
   0.39513234118065010        0.32551234807518419E-001   0.75653024909177935        0.33057155352796345E-001
   0.56614244121128998        0.83234087110171176E-001   0.89018392939437818        0.36052115412957907E-001
   0.39894786585393020E-001   0.82929976399024039E-001   0.25239224740768518        0.35136310811147091E-001
   0.53801194462990398        0.83230027314279975E-001   0.70091923429149339        0.36247295202404953E-001
   0.67273932018278793        0.32665891125878782E-001   0.53439697914486339        0.35297234962001357E-001
   0.74042307237409066        0.83077587598493291E-001   0.62533660063074314        0.33068933900837483E-001
   0.39937965451748672E-001   0.33959986466427075E-001   0.72256940243936207        0.32683445498046144E-001
   0.68958860860575599        0.83146128048014245E-001   0.87213235595485017        0.33040429903259991E-001
   0.45825925532633795E-002   0.34019480205355730E-001   0.98575819232617856        0.34333489452218154E-001
   0.30906806190559644        0.32855604266287482E-001   0.56380411449925927        0.31692068107379914E-001
   0.10728367388503222        0.83032961499908700E-001   0.26586700123074791        0.33580793923336100E-001
   0.68988019069644257        0.83365008249224437E-001   0.58054401341051864        0.34158129047964142E-001
   0.38703449208031132        0.31712218422549870E-001   0.82399324437845545        0.34796867594719137E-001
   0.81030924749437616        0.38034046412890404E-001   0.14739397918545141        0.32157852451045195E-001
   0.49247504236698575E-001   0.35827563212013323E-001   0.65178920245036120        0.32473371625326382E-001
   0.82615582518722530        0.81990761530199130E-001   0.97568845684755057        0.35442668315841447E-001
   0.85300071703253111        0.83720390151516222E-001   0.91162686378287994        0.34032742146843084E-001
   0.52291631973341490        0.34115156493543478E-001   0.19989509625449023        0.33014715531059544E-001
   0.24703853285536884        0.82759634363086823E-001   0.64850445981245708        0.34733575030581561E-001
   0.74835797462757525        0.31704327652646538E-001   0.13362721652420848        0.31335536739637793E-001
   0.17764872285075098        0.32850444924782278E-001   0.39297516975012570        0.33100394691059000E-001
   0.64745397440463637        0.32796207500770384E-001   0.68100352024778310        0.33169968290966356E-001
   0.91419726578879290        0.81932639601192195E-001   0.50262985772076030        0.29997310548814729E-001
   0.49265980592753211        0.32864989360437635E-001   0.66167566043028581        0.35297172390399027E-001
   0.43626461099035074        0.82881995500894326E-001   0.35008630455299672        0.33202650168401633E-001
   0.27007252314205787        0.32467043199216887E-001   0.84756225462726587        0.35945926916569809E-001
   0.95520115816729345        0.32404954856404412E-001   0.39851097061680513        0.33012100033278015E-001
   0.56438129984198071        0.32919010057623481E-001   0.65423418823936186        0.36802748759188875E-001
   0.21737171412566386        0.83611461624162622E-001   0.71029785258121381        0.32796660469426885E-001
   0.83407881687767393        0.31960121965349059E-001   0.83797186366016296E-001   0.32586870406075281E-001
   0.17284844993315643        0.83005328812240112E-001   0.28297383392867448        0.34143083829200026E-001
   0.57248438440745730        0.82370079980268920E-001   0.11113271723823441        0.32642589175174472E-001
   0.22020676967192040        0.82377471585775033E-001   0.87052663377801687        0.38153551608910381E-001
   0.46325037181794521        0.33157682236820703E-001   0.38622904442664763        0.33768213982446033E-001
   0.27175321821007120        0.82867668053523233E-001   0.58518147883401594        0.32861772004139832E-001
   0.96933190385376089        0.82903217628213316E-001   0.44437341549627046        0.35258941655559602E-001
   0.14357238232768951        0.82649531698581302E-001   0.12262794780343376        0.33422337357390912E-001
   0.93172826351438098        0.33170037071140648E-001   0.25689639321908869        0.35492287126779473E-001
   0.14873196014884527        0.82824074806265247E-001   0.42489597980969379        0.32870804799996940E-001
   0.90739476172125366        0.83672034844621712E-001   0.86407337870000855        0.33911554066192985E-001
   0.88995313606717408        0.33091225831040703E-001   0.53251128393935510        0.30046877739701130E-001
   0.76411202662170263        0.34141095126728610E-001   0.68118106782331489E-001   0.29967193711488503E-001
   0.60719088218989592        0.33333838208728019E-001   0.51769604974466799        0.30025371137990035E-001
   0.90864762249864395        0.82413082591013598E-001   0.42020985178102799        0.30022753395793130E-001
   0.27556064683233711        0.83248095207009237E-001   0.17304161022468120        0.29989374177968812E-001
   0.55774844270912582        0.83369748638670513E-001   0.18048651888847259        0.30036964694688952E-001
   0.44093118538448028        0.33325036754695316E-001   0.62190487522187310        0.29936992306337406E-001
   0.69493640065612328        0.83130108099725070E-001   0.94740940453175770        0.30019728398119748E-001
   0.36058226608458538        0.76363089688800401E-001   0.12973417919384106        0.30081947056078709E-001
   0.97934568749402340        0.83527567169125377E-001   0.53110623474800400        0.29994429552277067E-001
   0.43316609971285042        0.82546393724341249E-001   0.75089853958734021        0.30001053443145791E-001
   0.40650601255884261        0.83193962525518972E-001   0.21112839042660106        0.29985873148226913E-001
   0.17073239705324586        0.32918752422408319E-001   0.57604528063876137        0.30060007569389431E-001
   0.65083670220823198        0.33183899788472686E-001   0.87306749154535679        0.30052677783048095E-001
   0.25239192516039355        0.31748238839478526E-001   0.12481255667602097        0.30057081680333449E-001
   0.11866434574242672        0.81771848935598565E-001   0.18127293136406408        0.29992439294441394E-001
   0.16922526105675856        0.82868985952786564E-001   0.91591221339822959        0.30050573550816403E-001
   0.81447041807597120        0.83262964386692617E-001   0.47418236234879180        0.30033195001912510E-001
   0.32246458780346166        0.32952813950142879E-001   0.50346861687908484        0.30081379418044615E-001
   0.62134937360214371        0.83410359818928081E-001   0.42138291155705110        0.30017874312138919E-001
   0.90760243914276528        0.27969549870474980E-001   0.32263495883213084        0.30037856565981555E-001
   0.56773031181972113E-001   0.80305271566899733E-001   0.17881750790390089        0.30004009916399201E-001
   0.75019171187624734        0.93385747519553544E-001   0.72901890906799294        0.30003422439363995E-001
   0.84205732506234487        0.86729983209313771E-001   0.72085480235759558        0.30078350404522319E-001
   0.18639718591735183        0.87926673733558794E-001   0.62564917420305610        0.30023290011770523E-001
   0.24615302668495245        0.32343957029687231E-001   0.90904735866334108        0.30018644014778609E-001
   0.24815354581556140        0.29484934705054408E-001   0.48077696782145857        0.29998249284955335E-001
   0.30678119851619967        0.82904489180897226E-001   0.36215590643596626E-001   0.30013809760048145E-001
   0.42936008109554313        0.81451363391201459E-001   0.82241079979085929        0.30069548468217421E-001
   0.96188659597202811E-001   0.32591337794823448E-001   0.15250384817021362        0.30031435519565716E-001
   0.20822315435052344        0.32828915506916627E-001   0.32566789736372212E-001   0.30006350811151578E-001
   0.60484106466800004E-001   0.83981226964381928E-001   0.69057978545681675        0.30051985966634803E-001
   0.91453489264672538        0.83422028109190582E-001   0.93078036162459599        0.30004269691511133E-001
   0.90232891375519031        0.31473443781252226E-001   0.93470638366254841E-001   0.30029536244794704E-001
   0.65537394850188710E-001   0.83972243196468496E-001   0.75042937910438490        0.29991754545484514E-001
   0.59249204457943350        0.32626107550720061E-001   0.85321530412745816        0.30013760198150129E-001
   0.58174738743099974        0.33157650240986526E-001   0.22509831412370512        0.29997744249079087E-001
   0.49845656971044378        0.82959039687137137E-001   0.36169820308910655        0.30034776069007722E-001
   0.92013393156721479        0.34460049804039487E-001   0.35068099366073274E-001   0.29999253248309009E-001
