 3 HS poly
 400 2
 361 39
    1.0000000000000000         0.0000000000000000         0.0000000000000000         0.0000000000000000        0.10000000000000001         0.0000000000000000         0.0000000000000000         0.0000000000000000         1.0000000000000000     
 T T T
   0.25487714706717618        0.99840763130896234E-002   0.99656313118225159        0.30846910972832677E-001
   0.96226639523931090        0.40107450477560390E-001   0.87614066256028078E-001   0.37046661874472551E-001
   0.62445748616748142        0.16577791091210586E-001   0.44124721446985815        0.34476092936826803E-001
   0.23077296415337367        0.51358999360449679E-001   0.17130317927423983        0.33121210545290360E-001
   0.34190657135064190        0.58118146226177482E-001   0.56503811391996027E-001   0.32055990490795834E-001
   0.97419521482753346        0.38133304203335501E-001   0.47241457598851005        0.34704296320287195E-001
   0.32134770297918558        0.86712265001404800E-002   0.17780517562193850E-001   0.33687832088938684E-001
   0.66943337089322374        0.66852386438784925E-001   0.41496272852941224        0.37459097267891331E-001
   0.99636285706075647E-001   0.46210218831299762E-001   0.90248373222277278        0.36823585829461526E-001
   0.72073767889889928        0.82688168488127545E-002   0.83265830853915712        0.35539452826192912E-001
   0.11820361538765013        0.97755062655991570E-001   0.17721322140297499        0.35447024652860593E-001
   0.86121163196785377        0.50233719840263841E-001   0.69041701859264015        0.32794246416598546E-001
   0.27544998887784000        0.97991828649627161E-002   0.70962393970694604        0.32550870796693908E-001
   0.91402050130517265        0.97812770239994906E-001   0.89857143449381527        0.30854992982047490E-001
   0.66891943909487828        0.19104672147394315E-001   0.31422031918761845        0.33161780066078832E-001
   0.50368089145483419        0.12173422579659048E-001   0.12460596411530506        0.33685438508465185E-001
   0.27783501280339390        0.55395135041039906E-001   0.48586779452093887        0.35379013898419076E-001
   0.69931911263197688        0.67225175707844906E-001   0.62112509297743909E-001   0.34818205118240950E-001
   0.20775451973422310        0.51339043789949260E-001   0.20642489427570888E-001   0.36201999401906895E-001
   0.40536522595207247        0.63434042083645600E-001   0.74260163682309047E-001   0.33845485631685893E-001
   0.75534871626298483        0.27228485246258351E-001   0.26116606077587962        0.35866043737809904E-001
   0.65915310828731821        0.16286728214010594E-001   0.96210140583517234E-001   0.34495521845168672E-001
   0.96720649547047888        0.39464151844606082E-001   0.31093571812578452        0.35256303236914283E-001
   0.94916059615230544E-001   0.97532920809735871E-001   0.45838791682450547        0.36707690031440289E-001
   0.84351026303113408        0.40451552677294118E-001   0.99031455259155965        0.35371452833226694E-001
   0.57780011374525986        0.13382496391768181E-001   0.14144668672897945        0.35967321691757786E-001
   0.41190357328201455        0.59520812330411149E-001   0.50200217187432739        0.34765990999208615E-001
   0.50797351859631201        0.59720100002300804E-001   0.67070222430987336        0.33265548682977090E-001
   0.95338790158625175E-001   0.47833651658144342E-001   0.13625733643935589        0.33048232022961782E-001
   0.56041235329799910        0.62869544326024540E-001   0.29329321242225967E-001   0.33786951705807505E-001
   0.78508397544351283        0.66629741555122596E-002   0.85872965519329680        0.33810345932081341E-001
   0.25232469050840522        0.29198322109276493E-002   0.43971802896001605        0.32463298980498802E-001
   0.23042194641523606        0.39580328959612750E-002   0.50331248502404136        0.34349265744198991E-001
   0.91348738923160677        0.39368902062189258E-001   0.23017701988930347        0.31814677537933052E-001
   0.37730527111672701        0.61187526846173193E-001   0.92590043029804658        0.31400168581097870E-001
   0.98870094103487360        0.91316358500697359E-001   0.35499672683127037        0.33358524414834348E-001
   0.25752485007201137        0.51356002294017301E-001   0.10666470847951379        0.36054945724168196E-001
   0.41973849585888977E-001   0.41906097778462853E-001   0.47196201766709195        0.32968583095583974E-001
   0.26775634257237452        0.52611571312787368E-001   0.26550789474105946        0.34356970680070778E-001
   0.49423480603310005        0.63269075521671866E-001   0.29893045184350209        0.34303616137083097E-001
   0.34840433219410016        0.10037126470373680E-001   0.81922263957945207        0.35732867070635312E-001
   0.96810773816762274        0.94768310818756585E-001   0.20163326678929594        0.34805240442235111E-001
   0.76939452903164407        0.67254067153128080E-001   0.68810561250992885E-001   0.34863072998054058E-001
   0.30411717980138431        0.59975218480478001E-001   0.80929321064260795        0.31722712558515255E-001
   0.39835175253022892        0.59368911673633874E-001   0.56905451272220708        0.33472256576640609E-001
   0.84318668114827622        0.87663234127479714E-001   0.98870586924602474E-001   0.34848915494542998E-001
   0.51946827377431004        0.14925873762526756E-001   0.55600162856464408E-001   0.34390741828213757E-001
   0.13364953051722583        0.48601176050869999E-001   0.65178501485177887        0.31964849195595876E-001
   0.98307093267907086        0.97731907295316112E-001   0.74878728147648721        0.35319136093278358E-001
   0.55949289042376982        0.96977716794685240E-002   0.64328061768723666        0.32964915818854981E-001
   0.76548175568858468        0.70849891477900731E-001   0.36704732543634405        0.35117084842583073E-001
   0.21575381170747238        0.73737820615106106E-002   0.56756342142892990        0.31460061217393899E-001
   0.79057039873742951        0.57845537671674864E-001   0.74042452278277937        0.34777160923365177E-001
   0.36161298488730037        0.63494690998676481E-001   0.20975537846798500        0.36185129017036015E-001
   0.86934628914690515        0.38588448261629472E-001   0.13968130209244850        0.34080312417030648E-001
   0.14036080235841347        0.47746909765397479E-001   0.43448249576806691        0.34577923056040009E-001
   0.71149561614328927        0.77277686443795290E-001   0.28301113109323439        0.34090171499346442E-001
   0.39798247420303251        0.97688752457613937E-002   0.67358132819501271        0.34453029970030934E-001
   0.76158990730331511        0.22470604020349366E-001   0.47481029884351694        0.32985438012799490E-001
   0.52862600906159551        0.60415647846751457E-001   0.88700433235550802        0.35354088491158196E-001
   0.62432113290024038        0.16514652300366861E-001   0.22742382217358970        0.35256779539243957E-001
   0.72063904820468400E-001   0.46769676551277443E-001   0.20221346798955436        0.36332957131987219E-001
   0.85283660074683920        0.71572067118132104E-001   0.53237897107495102        0.35106434898437490E-001
   0.24825894129418299        0.11920976262941622E-002   0.22059199252689224        0.34565093116907773E-001
   0.59765091924174640        0.95984822621220326E-002   0.50506652789904882        0.34778680906000732E-001
   0.63599398521989980        0.80969887798462738E-002   0.87974581898447390        0.36764881324843929E-001
   0.12164773128623932        0.97594046719350749E-001   0.39173094283880217        0.33674602429312590E-001
   0.71025998242397526        0.26147299422844907E-001   0.17363588894037776        0.35928343547063507E-001
   0.20600569703594854        0.98158876351921651E-001   0.34849783651375960        0.32241694218542602E-001
   0.84429322950334895        0.19655564375428006E-003   0.73139794478475972        0.33982319934086139E-001
   0.44153055120128171        0.59558424552423495E-001   0.42174573558835071        0.34225863694150968E-001
   0.98592667931648026        0.97767792159128897E-001   0.91027587133383447        0.34587864015064064E-001
   0.94034915960062504        0.47971707210648036E-001   0.72601801492927598        0.34079280721962757E-001
   0.29167753444494554        0.59923010498262846E-001   0.97001184762427273        0.34336346481072456E-001
   0.89079169508022682        0.40357953691972613E-001   0.72984825952324445E-001   0.35756675694319388E-001
   0.25082360346415228        0.52954769005802774E-001   0.33132305391109268        0.33588316741357239E-001
   0.41907981496148566        0.59755565394287780E-001   0.72165171154443608        0.38016611205232989E-001
   0.73666718139761633        0.16639284289998769E-001   0.53728420565716617        0.34311122404705276E-001
   0.39810861950785520        0.59588181216214425E-001   0.34567571049807333        0.34713501228397420E-001
   0.12607018439279691        0.47873220859820854E-001   0.75547130008020325E-001   0.33250265449385537E-001
   0.60560154996355309        0.59765987497095975E-001   0.62404982467653924        0.35425486349965243E-001
   0.47087158407519569        0.63205694715132821E-001   0.36171724453511550        0.31614878644517057E-001
   0.20671344564207531        0.51205301443362577E-001   0.23771426886353911        0.32597328988788490E-001
   0.76703394528650004        0.58265256195634767E-001   0.81241563187676524        0.35477394145160879E-001
   0.27036929042736740        0.80494286555740143E-002   0.92747924487484268        0.33096563051772915E-001
   0.51482064738708555        0.13277931411881353E-001   0.34445523647504472        0.36331390485555969E-001
   0.50465639644642804E-001   0.96755925986048291E-001   0.15487068292218106        0.35778557406859118E-001
   0.13916433025798619        0.96614792994582019E-001   0.76124310186021338        0.36290113403594747E-001
   0.48958008246208684        0.13401794606628190E-001   0.19182925856005639        0.34704294203552366E-001
   0.59927570429411059        0.13455622568258422E-001   0.66908677096733154E-002   0.32972299618684253E-001
   0.75471539271470578        0.75951257737750882E-001   0.15526858094385249        0.32816160691059422E-001
   0.62966333917600603        0.66977052392913572E-001   0.59211723649425445E-001   0.33837229521905390E-001
   0.54633571949008364E-001   0.45341698311179846E-001   0.26821543219220645        0.31829827026980423E-001
   0.16424573496546965        0.97967108664667180E-001   0.26165479605970315        0.34775622646393285E-001
   0.34805292217333400        0.13496728693260285E-001   0.16442598006163897        0.32646027082829931E-001
   0.44423295068851959        0.60377392603081351E-001   0.94124068361390811        0.36407091148227259E-001
   0.92295274456533316        0.88256320492204110E-001   0.33457075912925061        0.33669687465874801E-001
   0.22350522084740712        0.47183507260138036E-001   0.69213140737549905        0.33708194541120527E-001
   0.89492813753319123        0.92530760660038611E-001   0.97096252044887266        0.36700474174578675E-001
   0.55792108713058075        0.10639508172010828E-001   0.92687709563352394        0.34403354954869680E-001
   0.24798104969169077        0.58165532559417546E-001   0.89145527664992652        0.32255820743774068E-001
   0.24978154413702096E-001   0.96506785400734915E-001   0.65139096112489614        0.33737578678696152E-001
   0.18430259163163301        0.13902750620589819E-002   0.97530170332928778        0.35048814209841295E-001
   0.51323524019533651        0.60380067726714462E-001   0.95580957294609437        0.33735054513257486E-001
   0.39627574807863503        0.97828937492359051E-002   0.76836092504557685        0.34043750476670763E-001
   0.60793916414505378        0.97569152710427140E-002   0.72410451336987658        0.38681623344429310E-001
   0.64353024422328453        0.14643361157780374E-001   0.16155955947187095        0.32678878722228265E-001
   0.77832081647025086        0.67474592389254698E-001   0.51871286277128570        0.31958615814806537E-001
   0.26973515618120736        0.28872682253453198E-002   0.37382847022923221        0.34576852381644499E-001
   0.36561181850296803        0.12776932607404949E-001   0.99725233127352320E-001   0.34275095230233171E-001
   0.82762961317060540E-001   0.47842613903202900E-001   0.97091621430324870        0.33527505107454746E-001
   0.92415638791506938E-001   0.96848288746975209E-001   0.62774881834386009        0.35221733743811483E-001
   0.82253655640501988        0.30782328396758860E-001   0.27996638693701414        0.33952998251546761E-001
   0.73827459047284127        0.19843656388495171E-001   0.32794563540732696        0.33185022649112071E-001
   0.79835123614809078        0.40318176118528976E-001   0.91913944518889645        0.36503708452184952E-001
   0.84077487135355589        0.26078294045342121E-001   0.42501400016371832        0.35801532699314194E-001
   0.65054023070139300        0.16662867125343723E-001   0.59356419856268050        0.33875569621935664E-001
   0.80819595821322598        0.83702570803205513E-002   0.78804695966630023        0.33639574000721532E-001
   0.69347195350857238        0.66638378956065114E-001   0.56579065205350365        0.37618404202720182E-001
   0.92568206071746417        0.42627831713153229E-001   0.10600289943081747E-001   0.33990996423695616E-001
   0.87047846149459607        0.87831548114940761E-001   0.25269593172514043        0.35948350014833583E-001
   0.73916169079017449E-001   0.94523538915878724E-001   0.30605878122525354        0.32846932661181785E-001
   0.31437360878571047        0.59774125741447637E-001   0.90392507949250400        0.35235661273368281E-001
   0.36028552684201987        0.59185707988136604E-001   0.99166959921449771        0.34477299437654110E-001
   0.48833718217738792        0.10403937756133377E-001   0.91570330545418477        0.34966469936273496E-001
   0.55452591350877567        0.59724907406049854E-001   0.53279287838866107        0.35417767942808716E-001
   0.34959835943014694        0.59754492037690371E-001   0.70022420554815268        0.34655360237904657E-001
   0.87347799182755015        0.15187973698331823E-003   0.81062604098261859        0.35908986443278640E-001
   0.68833256770316931E-001   0.46662163392773057E-001   0.67274705376267563        0.35922573297876244E-001
   0.82779634436069061        0.22445397139667162E-001   0.49260092577030939        0.32875850642615299E-001
   0.29113644773561531        0.59872616537171658E-001   0.74710411443057545        0.31796454015666144E-001
   0.52301416597229833        0.98245785567392871E-002   0.78223048026472941        0.32683864636425267E-001
   0.97936272171816241        0.47644098730314846E-001   0.80511648045584006        0.34951196194483600E-001
   0.64489911063437144        0.66487701508520375E-001   0.27133945311334118        0.34375517697359824E-001
   0.49103728437893335        0.59624964005386416E-001   0.73750305194929533        0.35636078784932572E-001
   0.42995031320255633        0.10064914406416893E-001   0.83090724496769663        0.35240275369661365E-001
   0.38557461421084022        0.13591118951915761E-001   0.34528745148424148E-001   0.32839295943121349E-001
   0.61109628057287968        0.58768416874908407E-001   0.83497550225638029        0.32690297825636989E-001
   0.63756483166962563        0.99281667400448297E-002   0.65902043379078046        0.32780214105659171E-001
   0.27687313257548796        0.57297163878684346E-001   0.38207930291805699E-001   0.35295366085845721E-001
   0.38503123103868075        0.60091281728403959E-001   0.85705786797465522        0.36836190768882553E-001
   0.42651699280264094        0.61682947594751673E-001   0.95833921386502714E-002   0.34166792941759172E-001
   0.80167971423393325        0.72429684365174871E-001   0.45804159992394033        0.33198706036888383E-001
   0.12594141220504678E-001   0.47840930887874875E-001   0.95607520599065987        0.38180602232965863E-001
   0.29224439724869761        0.51436487156177525E-001   0.20088692131003710        0.34644786243472163E-001
   0.94306173705506480        0.40415212243767804E-001   0.15629728600141929        0.34225793126322568E-001
   0.63314274016855743        0.58880526649049025E-001   0.76774776330145345        0.31578127955949040E-001
   0.51368070711714531        0.63400882533354477E-001   0.23304525319951766        0.34387628381478248E-001
   0.82892368207960837E-001   0.97883907549510416E-001   0.92067346638767950E-001   0.34789069602833594E-001
   0.75240697592840011        0.90285387745107526E-001   0.94253247059579071        0.35230871177680659E-001
   0.53755335572638019        0.13104490139996454E-001   0.27632193924024984        0.35489201140681381E-001
   0.21448636784313993        0.52893044666688219E-001   0.45940225373735066        0.33222392595755559E-001
   0.37085391139205354        0.94935447767904302E-002   0.52885551914458151        0.35254539215372027E-001
   0.82551555422299772        0.67125658012553754E-001   0.60391650093999172        0.34871654891248563E-001
   0.87438493064143896        0.30720233201242543E-001   0.36153964809201034        0.36129822582215552E-001
   0.48048536177362988        0.59441465526391617E-001   0.51690233066647107        0.33992306639336535E-001
   0.69709855402819165        0.16867746028474680E-001   0.45761627733216248        0.33805949163562436E-001
   0.33067575369572599        0.59261548214653181E-001   0.54617026773229460        0.31007376643485862E-001
   0.33459013812816524        0.91900959701532951E-002   0.58957368589797920        0.35259723460881777E-001
   0.10439697087338834E-001   0.92559899694641151E-001   0.28585433552654044        0.33263072283574210E-001
   0.59919937076929952        0.64750119516676502E-001   0.18637701241765936        0.32777010571747235E-001
   0.11444670244258098        0.96678511427240654E-001   0.69439423830818947        0.34964522001470780E-001
   0.98431677288025177        0.92013963169673044E-001   0.13309050329405853        0.32475617413116616E-001
   0.73970108103993337        0.58207935875154264E-001   0.88020188128615073        0.35949134542714485E-001
   0.18815215471686381        0.46556582122718279E-001   0.77723533587147720        0.35398583557211517E-001
   0.39176695704128756        0.63351202893858108E-001   0.14343633041712045        0.36653445832469732E-001
   0.45806821756432373E-001   0.42562343250396845E-001   0.60775231350148573        0.33025469448123811E-001
   0.28148685469952506        0.13941659904340503E-002   0.15240215020988171        0.35785125827117285E-001
   0.26280069326299577E-001   0.41931637447629802E-001   0.54280194779958502        0.34338901462756068E-001
   0.20093910045160659        0.59363904305581652E-001   0.61109894410495058        0.34929509572442535E-001
   0.92101530979619850        0.83716086760713335E-001   0.54275576215622834        0.34826271513264825E-001
   0.94129014506619757        0.47924032190280956E-001   0.93506641010187919        0.36147016120559400E-001
   0.55685339276516088        0.13635487901636696E-001   0.20888880444942728        0.34551512961422386E-001
   0.23009087497229266        0.13509948387188204E-002   0.65229907888644023E-001   0.34378600854954700E-001
   0.28533261863297488        0.89843447577413783E-002   0.85751119905166706        0.37159983919282040E-001
   0.45517044587227806        0.94971868905323626E-002   0.47190956632390707        0.37823936302301894E-001
   0.28574786776153338        0.59689511473847517E-001   0.66414013121711235        0.35640266156126095E-001
   0.10036953448043055E-001   0.41890289031744639E-001   0.39574037282372382        0.34068642014377801E-001
   0.54833583317044791E-001   0.97615580150534842E-001   0.92635820767023802        0.33430959498472232E-001
   0.84768090655770978        0.80732375942876258E-001   0.31941833908926437        0.34473730612796134E-001
   0.76192504234798097        0.66564300421407971E-001   0.58135117885780319        0.32577581572678850E-001
   0.31879046240484030E-001   0.91906957236129821E-001   0.43238293648198561        0.31593221079534620E-001
   0.87330940432714976        0.21533581330181364E-001   0.57778890511384784        0.35401731792889135E-001
   0.70545570908732669        0.12644329951962513E-001   0.67205111867379885        0.33295940234294920E-001
   0.36537313407905053        0.94508761133048191E-002   0.30679272159784271        0.36479571860298966E-001
   0.41481595255146275        0.10378862936544456E-001   0.89957167462192233        0.35017827882775944E-001
   0.39963484007837058        0.13487899045104348E-001   0.24383027908729477        0.35255405534747215E-001
   0.94024484805259601        0.97697175281383636E-001   0.83506694119451497        0.35198627630722408E-001
   0.73742116838067917        0.17128977161061442E-001   0.30869396130853873E-001   0.35256604514513290E-001
   0.55983884487235502        0.63867606238846297E-001   0.32036635900964583        0.34210677849627627E-001
   0.53200690217693869        0.63412576542992358E-001   0.16519066430505100        0.35762016659797627E-001
   0.86806004309291496        0.76546458272272841E-001   0.46544549524795603        0.33672459815529979E-001
   0.41383505818444682        0.95864847992913824E-002   0.60896882761125848        0.31652290513480841E-001
   0.18420403721102024        0.97513629713875366E-001   0.19659093392539861        0.33226845917539306E-001
   0.35847497430325143        0.59490159334500914E-001   0.42437519402356372        0.34324349442679411E-001
   0.42300836771063094        0.13506154537854285E-001   0.18004866877898112        0.32633106864560876E-001
   0.29346671184939643        0.31899061600916220E-002   0.30781602753772341        0.35416265183237504E-001
   0.71574765009593966        0.66836560104040751E-001   0.49738756809073686        0.32697909879966472E-001
   0.53353713372184097        0.96184378083868718E-002   0.71079164754883573        0.35199705557247940E-001
   0.59903223182823406        0.66390109839582101E-001   0.40129925876761852        0.34233894626929710E-001
   0.12019407275669212        0.47999203085404514E-001   0.81043486435676659        0.34539241364859724E-001
   0.10677531381786824        0.47907235270127621E-001   0.58108348666829202        0.33726039414381188E-001
   0.37113613004674378        0.59507546742850283E-001   0.63223245263860317        0.35081260131457341E-001
   0.15542348028322381        0.92159420849907484E-002   0.60498191802117574        0.32849986643021328E-001
   0.16317613204981360        0.98317857132774591E-001   0.48761823819631601E-001   0.34111473298258498E-001
   0.14632247992713848        0.96145750765265742E-001   0.88662297912410426        0.33232283085432371E-001
   0.14242221918719197        0.47822889695219667E-001   0.21924697808933602        0.34153865483489233E-001
   0.67611078611074327        0.58135010943153223E-001   0.85034854493023060        0.33671345087776992E-001
   0.87999462196796038E-001   0.97125786476707054E-001   0.85136691791477503        0.34874034647070055E-001
   0.98017745931932673E-001   0.47907725005895699E-001   0.50889703913381013        0.34154016269763762E-001
   0.16415604018277571        0.50589588058178071E-001   0.37134688308894431        0.32525695416074071E-001
   0.29687638902835527E-001   0.47598076662183277E-001   0.75849672005890045        0.33618607249465485E-001
   0.47849584938980100        0.61975203505677416E-001   0.85115966470028365E-001   0.34608668463663582E-001
   0.20486298638512149        0.96613306449445435E-001   0.73319799603822311        0.33138350919899230E-001
   0.18632858085164974        0.47945550880435721E-001   0.30624633276177127        0.35727196759358322E-001
   0.30101595489773456E-001   0.46879377959165254E-001   0.10979145062999886        0.34428652502813212E-001
   0.51399999222377993E-001   0.47233439797150299E-001   0.82209673814129058        0.33521372070930686E-001
   0.22634331326516466        0.52324799005601663E-001   0.39376631683907948        0.33443534428925399E-001
   0.73939545936868145        0.69328975935718948E-001   0.43175300510306508        0.34407480200646032E-001
   0.48461551244905016        0.95046294515907168E-002   0.40715965474387039        0.33291633724399944E-001
   0.53588118521632655        0.10512285407311851E-001   0.99155202698374678        0.31659130056030937E-001
   0.83179101367397401        0.50073698866580196E-001   0.83593239562043031        0.33875702654522791E-001
   0.62094824482457833        0.18096943930568793E-001   0.94589083910098903        0.31685693047273346E-001
   0.46241309869627778        0.63403189612043831E-001   0.15246074314219335        0.34485153365969710E-001
   0.16500213786831897        0.97738756128240262E-001   0.47793960350473147        0.35993900742860463E-001
   0.46104771522987048        0.96324868056803497E-002   0.76913335051578158        0.30648145209247416E-001
   0.15873862282380499        0.46698493511849667E-001   0.71335146029160446        0.34438474386902854E-001
   0.66472498784326162        0.16876039903010346E-001   0.26427540011085569E-001   0.35395921040494355E-001
   0.58568357225520673        0.16903985729392078E-001   0.72130060566080650E-001   0.33877520720937748E-001
   0.24871478652415505        0.95308941177612190E-002   0.62809579403612648        0.36128166379145100E-001
   0.79888356210916189        0.90327157745583891E-001   0.10339152920062997E-001   0.34428179395549340E-001
   0.62671908552675870        0.67123728525984125E-001   0.33811881823507489        0.34746685664395982E-001
   0.18110726974604222        0.47816454136903323E-001   0.52666244033598686        0.35584265298240228E-001
   0.87025862262317444        0.12906429549737063E-002   0.64484559844415157        0.34656127355186216E-001
   0.98235496524266674        0.47228678493497260E-001   0.63069133708730352        0.34541806410488117E-001
   0.71012925213875422E-001   0.97184241969544574E-001   0.78025718631497287        0.34451160376362436E-001
   0.60432994138972052        0.17140739192347432E-001   0.29591990096271847        0.33990406897810500E-001
   0.18560995654582829        0.23328861964770401E-002   0.41182359484060327        0.33388626810763850E-001
   0.72518943937995195        0.16410050968391498E-001   0.60733273404457599        0.34461706260583348E-001
   0.91812688018919741        0.90288456689631924E-001   0.11440005721476021        0.34635739230400552E-001
   0.66693103686693633        0.58818896166528981E-001   0.91591185882024428        0.31728816540063494E-001
   0.28528886554278898        0.59568881055534567E-001   0.59365206601051190        0.34674640756349379E-001
   0.94340864515863854        0.38342079359016824E-001   0.37705139057379111        0.34983210123186240E-001
   0.58199583187777570        0.96909527578887735E-002   0.57714892018932185        0.36755904223255011E-001
   0.16367355682254556        0.47852067265418470E-001   0.15153193082579497        0.36782392435093070E-001
   0.12136938989140789        0.97763434802427121E-001   0.94854129583438018        0.33425203654387496E-001
   0.73063379374359338        0.17234319063637749E-001   0.10373589459934497        0.37377332219931246E-001
   0.50760889442723844        0.94780861697227915E-002   0.55753731640058291        0.35883407368494082E-001
   0.78836794323137949        0.17226505903849880E-001   0.63120929501212353        0.33052510813523117E-001
   0.33238141987321906        0.96896168981134689E-002   0.65781283059310369        0.33007003688575551E-001
   0.16324045337648210        0.48988901433917736E-001   0.93120722092517316        0.32994402353495135E-001
   0.77676133446027834E-002   0.46836243030274706E-001   0.17480506016358752        0.32863017878774763E-001
   0.79760682393692850        0.77151407613292311E-001   0.23738985598260909        0.33706979747011714E-001
   0.72523083432790658        0.58927640517521640E-001   0.71721851663138614        0.34001421329945804E-001
   0.58831472888918157        0.97140697860150938E-002   0.79358154195147657        0.33477208610844432E-001
   0.19126039148839086        0.51337802451711115E-001   0.87737538000510054E-001   0.32779517006880865E-001
   0.46319107297985251        0.11622284312664974E-001   0.69567594895619567        0.32247041135550748E-001
   0.49909233205493225        0.10264961102145285E-001   0.84606518876735959        0.35485539211787841E-001
   0.93413401863743950        0.97089492024420423E-001   0.61223937103922632        0.37132736925874807E-001
   0.89789529102018761        0.38288168736316991E-001   0.29504407527202692        0.34740996334533931E-001
   0.33112651329835249E-001   0.47218252675507388E-001   0.33025424737774239        0.33842461017927268E-001
   0.39924519113724122        0.95617958137849072E-002   0.39592921376373696        0.36125530617692976E-001
   0.64663766167966652        0.67623928854050511E-001   0.98087941890672614        0.33733338843537915E-001
   0.97703595382391140E-002   0.97152724657649736E-001   0.84386319182055025        0.34882439040938934E-001
   0.96298121755560639        0.96746880187956852E-001   0.67591748870670887        0.32769164146637518E-001
   0.29041534405829761        0.52905869218226875E-001   0.41682529432322157        0.34403511055244744E-001
   0.92972902202899732        0.84826834270995063E-001   0.47862813771285068        0.29886841958559424E-001
   0.28989463274857924        0.90894159058155250E-002   0.53660998457469911        0.33995995165439254E-001
   0.96236243373317509        0.33775743960733295E-001   0.56033156962394348        0.32328601913358401E-001
   0.90378731632023168        0.97965844615347325E-001   0.70253587488176394        0.32141966815094736E-001
   0.43420937866390447        0.13401569467999232E-001   0.11265330635198356        0.35367028497164769E-001
   0.68074160845474607        0.85157527095586494E-002   0.73578537001520217        0.35041592050336932E-001
   0.96654756363327043        0.47752983418546883E-001   0.87113902541675958        0.31787314131233722E-001
   0.80092353234526026        0.37646371724034497E-001   0.12384387051882415        0.34908017860915096E-001
   0.45760564758959404        0.60502008502508448E-001   0.87145102408588027        0.34032257448908532E-001
   0.64603266279108618        0.66466171786072448E-001   0.48218082257362216        0.33527931206920783E-001
   0.74893719569433817E-001   0.47193855150336798E-001   0.41308997217570431        0.33191290726108484E-001
   0.96510621991528789        0.98010274606694647E-001   0.97790791932944288        0.33778287457636898E-001
   0.89690067234841231        0.47803074702245374E-001   0.85903719783899712        0.35065917112887902E-001
   0.82410763568546852        0.87746135418842963E-001   0.16392665630080533        0.32925856397380354E-001
   0.86304386679791878        0.90369884497580474E-001   0.33531507107711578E-001   0.33478525826078666E-001
   0.18073069228908564        0.97030195191072671E-001   0.66806466043319379        0.36164511908789498E-001
   0.97853516204150462E-001   0.96862600502457416E-001   0.24407278870503418        0.33637866137567897E-001
   0.13844364012026344        0.48335347616021970E-001   0.92778485809968236E-002   0.34080752117466452E-001
   0.14287750355058629        0.97462733789004288E-001   0.32772316235522569        0.33526999063024726E-001
   0.74472460270418517        0.64126123110096231E-001   0.65088291889731964        0.32610903076175944E-001
   0.33558646873007408        0.97690354354703444E-002   0.94890695054156138        0.35151675216113572E-001
   0.64143238951438564        0.16808808818737916E-001   0.37820026964818598        0.30524118022646825E-001
   0.91034352907078309        0.30672671753093367E-001   0.43772020363283770        0.34526492264448275E-001
   0.58117264430038729        0.14234105762637356E-001   0.35948699736519063        0.31100445659427326E-001
   0.32256161772772179        0.89350520731478703E-002   0.24251596980907320        0.31793954144678158E-001
   0.55831134452674250E-001   0.97228921467069296E-001   0.37097552107134468        0.34515635315428846E-001
   0.89782796496537909        0.89309934348446182E-001   0.18399641519757443        0.37841354921055621E-001
   0.56090262837676264        0.59672081080377096E-001   0.75377932084398769        0.36018528969518654E-001
   0.44907782680621289E-001   0.97240404859906149E-001   0.71575827896129496        0.33590227193878296E-001
   0.17243804845668473        0.96302682903467829E-001   0.82367998233500583        0.34417815583556229E-001
   0.94109382107594408        0.89444891344111557E-001   0.26713753502213461        0.36144676685212845E-001
   0.46807650440478138        0.13529598316474063E-001   0.25850383074590400        0.34710651352989765E-001
   0.53499091062566628        0.59672766476743883E-001   0.60208253857126726        0.36240253725259290E-001
   0.96486824119517933        0.88314192167922856E-001   0.42282679057217576        0.36096396135619054E-001
   0.67872785564155003        0.62709766295525923E-001   0.63567139906074666        0.33888243690489817E-001
   0.53134481342735884        0.63258530502358606E-001   0.39145957598684544        0.34227649621216084E-001
   0.45253330060758085        0.11728262647922878E-001   0.46585445772256359E-001   0.33199923178157141E-001
   0.65336444592730558        0.59048061182540773E-001   0.69888594501848023        0.32409794462368940E-001
   0.62259414013180081        0.64406810595112884E-001   0.12494089489177562        0.32289453236732303E-001
   0.76882099794481673        0.10848178241450998E-001   0.69509205833015131        0.33960931194127436E-001
   0.42746145016278858        0.63540070600036941E-001   0.28338943260751359        0.34237817694010172E-001
   0.84637134593948826        0.37691017651757065E-001   0.20632457730998963        0.36231463860045672E-001
   0.89901663749391403        0.32709116184544702E-001   0.50320636713029687        0.31844187326177283E-001
   0.77753817819162085        0.26061540869623485E-001   0.19437086475467885        0.34442664780261659E-001
   0.99972860605086603E-001   0.47510390399287894E-001   0.34885121609836423        0.35489990568137980E-001
   0.52929538629048833        0.96880600024994001E-002   0.48984141802093373        0.35095414605865891E-001
   0.57935940290532406        0.63076214367258174E-001   0.25207262696245392        0.33951389178132847E-001
   0.69753404970104038        0.68946970260384835E-001   0.34918881395377271        0.34028097296056395E-001
   0.80425882208313659        0.17406113802630088E-001   0.55764880446652820        0.36285465173544050E-001
   0.70040498051813860        0.58475406326353785E-001   0.78394195369751374        0.36975698735340741E-001
   0.94663534187714990E-001   0.46608073204739080E-001   0.73846908668497357        0.34361760939714214E-001
   0.62367288536635168        0.59673530293859557E-001   0.54668616580279172        0.35032049496629344E-001
   0.31942478112157630        0.55436899751867066E-002   0.45829761027588695        0.34909524105544702E-001
   0.32837733441711148        0.58119282792273255E-001   0.34911438052300392        0.34855266971461026E-001
   0.56808273441267843        0.10408065916083025E-001   0.85842369069249869        0.34451554185230410E-001
   0.45002967702805596E-001   0.97781535376623957E-001   0.99765456072919423        0.34435911285805809E-001
   0.23869809031494210        0.62271101658674027E-001   0.82448637935473323        0.35475190205110162E-001
   0.87036132453904724        0.42722612118192442E-001   0.92447105564763710        0.35726321540708199E-001
   0.84466241547633836        0.92692881649429182E-001   0.88541179933088754        0.32677732507512693E-001
   0.30082409363858875        0.23066956808319252E-002   0.83990207643102707E-001   0.33182508058774457E-001
   0.33309299927972275        0.98532043181011053E-002   0.74365358007767302        0.33524915730785483E-001
   0.73142076068880768        0.76520336749503218E-001   0.21800168277187501        0.33867772578756873E-001
   0.25504903404135493        0.12019455150963872E-001   0.77701406563507525        0.35172986048632983E-001
   0.44621636313300123        0.63662948659467936E-001   0.21794261182192917        0.32935429284963659E-001
   0.12103213119459190        0.46357240813693502E-001   0.28324559201802824        0.33331480477573790E-001
   0.98998242406731141        0.43686899761861381E-001   0.24476864664856587        0.33660203467120231E-001
   0.71642223746210032        0.18895368290781790E-001   0.39110681399485647        0.33651840969290123E-001
   0.71985600528993582E-002   0.92589116130480972E-001   0.58605360453733857        0.33746656124402197E-001
   0.18718168086666567        0.46159883048386044E-001   0.86817062639622622        0.33913387631189694E-001
   0.46571638027288048        0.58540392096658705E-001   0.58233019937673258        0.32940848849797831E-001
   0.55816185648993155        0.13276595165664202E-001   0.42794273400179661        0.33213816718397959E-001
   0.30798205274797701E-001   0.46966424778273785E-001   0.88639534116554686        0.33813355569040374E-001
   0.69077421317580601        0.16749296011639853E-001   0.96154769653584349        0.34477992400414950E-001
   0.54631568111590911        0.66735937970466522E-001   0.96845092599384494E-001   0.34106209440782909E-001
   0.35153896915661292        0.98010154577821782E-002   0.88572681744218018        0.29594917503938323E-001
   0.78273114725517623        0.79216401596109765E-001   0.30244056164299421        0.32113987699159560E-001
   0.66459953065662114        0.67876162136107365E-001   0.20291096370555201        0.32464922766931907E-001
   0.40243973653472132        0.10400607092995210E-001   0.96823201534498360        0.34104266293426902E-001
   0.48952868131169675        0.96886685040336769E-002   0.62685922751093348        0.35712648690833855E-001
   0.67080704283285442        0.16609043454105740E-001   0.52010519820431256        0.33745987972266529E-001
   0.99342540419220093        0.57870736779283796E-001   0.25591565617196398E-001   0.34590087592927733E-001
   0.92069658823659972        0.47115844184910015E-001   0.66070950576793730        0.33762297845828924E-001
   0.22615739355115011        0.51409125981095087E-001   0.95325197999729328        0.33622555471611588E-001
   0.74601171567240465        0.84163274037098845E-002   0.76000570276934509        0.34525904915019098E-001
   0.65496991239092273        0.84197488429156430E-002   0.80801236090651385        0.34675457161063052E-001
   0.50185166794189917        0.59649849495905918E-001   0.45205186305642603        0.33245918973200290E-001
   0.61238289692959302E-001   0.47768671490396895E-001   0.45641983783692823E-001   0.36705474170232302E-001
   0.44529752454228932        0.12881499653903967E-001   0.32721761025687518        0.34001575006841270E-001
   0.57329761968808013        0.59698225644264857E-001   0.68500257057601743        0.33546379829036140E-001
   0.25985906062984442E-002   0.46728556063682591E-001   0.69630575489174207        0.34088968304455569E-001
   0.13321015620779439        0.97888049697825774E-001   0.54161367427151441        0.35170343145092098E-001
   0.44145132805728943        0.59745840252378196E-001   0.64763854764759377        0.36652818919600767E-001
   0.43882055430678973        0.91947502055459464E-002   0.54495552842596695        0.33960621583039030E-001
   0.98427982737013653        0.88804188097323045E-001   0.51809754955917675        0.33121487619070765E-001
   0.31135376594465594E-001   0.96864372886424105E-001   0.22408491995425742        0.31809521925150561E-001
   0.80559707185093643        0.66884366145961632E-001   0.66621542639779463        0.30070613269276170E-001
   0.38544681373212714        0.66807440827897288E-002   0.46374939722237929        0.30105601793272666E-001
   0.35666603665790753        0.59674501028810889E-001   0.77627960272518715        0.30147633765567967E-001
   0.14545606964549740        0.97546321492709351E-001   0.11057108254031917        0.30073497373060788E-001
   0.91917000294638329        0.99812005744027488E-001   0.76288721197497888        0.30145014489538775E-001
   0.85758969555355480        0.50401319543355409E-001   0.76973793100942767        0.30096798198630981E-001
   0.70038987875445358        0.82146459300485968E-002   0.89816402824145425        0.30116221142213774E-001
   0.80778211673375044        0.25251138971965716E-001   0.34683828636116237        0.30098215682909435E-001
   0.20553497453352140        0.27522201942733365E-003   0.91337821564231347        0.30174929188106481E-001
   0.10234742886793469        0.98330533362728678E-001   0.27753508720158554E-001   0.30006951160357107E-001
   0.69038213515758973        0.23032007995565776E-001   0.24175052277899736        0.30073525321004661E-001
   0.88707413084906372        0.80839802512279624E-001   0.40364463155467839        0.30031648264120147E-001
   0.83176151908027074        0.90810055930843583E-001   0.94889521787800934        0.30107514281321673E-001
   0.43139342082340676        0.60008835921613081E-001   0.78870316240987648        0.30143028991969287E-001
   0.32435890873882506        0.58986059653419680E-001   0.12584686563204209        0.30047163618730853E-001
   0.49063060341158676        0.60288455317300399E-001   0.80363806771191082        0.30143887056235247E-001
   0.82627958026374371        0.37248937939786085E-001   0.59374130477115046E-001   0.30077544381210866E-001
   0.33175343808334778        0.92549154423615474E-002   0.39190368218243721        0.30137330098199681E-001
   0.33155485511753791        0.59021010840398097E-001   0.27796435205470588        0.30083553174810634E-001
   0.58272112517659236        0.63735352180655902E-001   0.96417230642904894        0.30023341133434790E-001
   0.49037170109983019        0.68514296865237842E-001   0.15305805715941699E-001   0.30018766241917801E-001
   0.77639902968522922        0.19471574963040084E-001   0.41273286265857356        0.30067398293924238E-001
   0.57276497438287710        0.61503727730359052E-001   0.46628896389260038        0.30104927624844603E-001
   0.34875575753796051        0.55403343299851894E-001   0.48793317185485685        0.30060106982139352E-001
   0.20994570919123737        0.99135247247324643E-001   0.12645067376054162        0.30045961387025949E-001
   0.91480686950633983        0.49822776627520160E-001   0.79630958376793182        0.30139976243505954E-001
   0.68788004346102091E-001   0.98114345897854172E-001   0.56675981521052832        0.30179780019949760E-001
   0.59370605159787171        0.59985515983926652E-001   0.89928415153982588        0.30090713888775142E-001
   0.24530165784786873        0.55444230387515461E-001   0.54292664740723584        0.30012183055586509E-001
   0.93261826374964563        0.92178025500911573E-001   0.50763388138858466E-001   0.30144366621018583E-001
   0.50584664699102229E-001   0.91809906011803777E-001   0.50956669137011379        0.30100519669368834E-001
   0.77145992526787066        0.40349487450663885E-001   0.98017832122038340        0.30037511580855838E-001
   0.68747109665268769        0.66441440826887230E-001   0.12624167775538381        0.30101681947155543E-001
   0.54937201264159508        0.61227632729699236E-001   0.82091235439427868        0.30158873056352477E-001
   0.83069077810457415        0.75881115326519200E-001   0.38243841754358815        0.30083808217213667E-001
   0.46564090665992808        0.11569500810480712E-001   0.98134469222651965        0.30079164182237640E-001
   0.22782156130054942        0.55483213266188387E-003   0.28274855796980808        0.30076007221930844E-001
   0.71112126488348204        0.66836796162589404E-001   0.99736201693315019        0.30109388799734127E-001
   0.21456248657630701E-001   0.98079516914245227E-001   0.68064194828045002E-001   0.30254863568444999E-001
