 3 HS poly
 400 2
 361 39
    1.0000000000000000         0.0000000000000000         0.0000000000000000         0.0000000000000000        0.10000000000000001         0.0000000000000000         0.0000000000000000         0.0000000000000000         1.0000000000000000     
 T T T
   0.22475494253665196        0.20416892108936713E-001   0.46350980120444835        0.36487549480525905E-001
   0.43118613311527010        0.70809191486818468E-001   0.88266539009863643        0.32935315245709140E-001
   0.15087584957342443        0.20715679536363191E-001   0.40228984708309445        0.33959693380736559E-001
   0.40110480721759362        0.20192780497447268E-001   0.21623802731057262        0.33762493107875324E-001
   0.93107814674358591        0.19181244898049031E-001   0.59777409625736311        0.35573208367261966E-001
   0.67699198056908916        0.70401163674631256E-001   0.31583628736875186        0.35627894432062032E-001
   0.21803066072728483        0.20603272884310329E-001   0.38681737681914807        0.34646902557737759E-001
   0.25393676046148289        0.20851608098897106E-001   0.89522038062183174        0.36075713769496101E-001
   0.87732902962189285        0.19613677403958987E-001   0.64240938128307512        0.33573892199941266E-001
   0.85204566613531407        0.69967407561585454E-001   0.42427212518336416        0.35945156700182501E-001
   0.66512484199334077        0.20426711898138637E-001   0.36083561873533160        0.32574606006462566E-001
   0.34747338186055970        0.70382946230787377E-001   0.54303228213351362        0.34805445396466982E-001
   0.60589627973726412        0.70766389232168991E-001   0.77836254307568520        0.32598303627952331E-001
   0.90714244885457251        0.71082709789880849E-001   0.84384161267028723        0.31364076598003679E-001
   0.95072488296478941        0.21071819026060493E-001   0.85462395601994923        0.35589852059536624E-001
   0.37932919592517195        0.20390096588618886E-001   0.85349416661253130        0.30778663053359048E-001
   0.41861459464892148        0.20309514835916517E-001   0.28470659562342310        0.36295376470653173E-001
   0.15022788925944630        0.20790911612144136E-001   0.76749374577644358        0.33817408907671841E-001
   0.51132532666304797        0.69991617636579795E-001   0.22396342135439642        0.34465940077696114E-001
   0.31945860176087676        0.69308702763029056E-001   0.69618384460726357        0.32510693687322990E-001
   0.80000911082402681        0.69665188993388014E-001   0.36241700806654659        0.34887907515646209E-001
   0.40224553584517303        0.70329210244118326E-001   0.46503961393239818        0.34952292608093502E-001
   0.16695151453088319        0.20825746071600388E-001   0.83402940455680197        0.34759956671703646E-001
   0.80264435260412959        0.70775370144082347E-001   0.94140176996659952        0.34554404051415709E-001
   0.85966149252240631        0.20418056260163839E-001   0.26682538069812745        0.32012701008676557E-001
   0.61837990725578007        0.70347542391922424E-001   0.44906326890839003E-001   0.35277870064040547E-001
   0.74233432823229772        0.20286541838925448E-001   0.57215072306563242        0.33429703294305543E-001
   0.77139504295508399        0.20641980741138103E-001   0.73381194719081844        0.33465824928530778E-001
   0.27999205065962279        0.70449774931815159E-001   0.55461618864346640        0.33662816701298691E-001
   0.50754133921608335        0.20272582715717177E-001   0.49614976706572572        0.32906507983232851E-001
   0.70552050727202176        0.20755266590208942E-001   0.83832234360212354        0.34417892468845177E-001
   0.17667241638386741        0.71099888745148804E-001   0.72858485327363121        0.34518544307942212E-001
   0.41797511529506748        0.20681613949514031E-001   0.70672714394809910        0.32995190995485278E-001
   0.40200997109006531        0.70196281334243146E-001   0.39532115619909075        0.34765882005842734E-001
   0.25149305279369522        0.20209915988056725E-001   0.17833866283449565        0.32078811026807479E-001
   0.30588181121020835        0.70318166442940519E-001   0.27184409160764172        0.34125117919011086E-001
   0.79314189501372745        0.19368987065651641E-001   0.52549638205676630        0.35313041603509711E-001
   0.72548337287898268        0.20739047186616649E-001   0.67546424716405018        0.34791116633575057E-001
   0.36210530562327686        0.70770012493654555E-001   0.18907197555788344        0.32904145755658622E-001
   0.52812092151405243        0.70586362439382475E-001   0.93168987636342060        0.35852654629312822E-001
   0.71436588807495061        0.69707888332683113E-001   0.17837273714087915        0.33557032410419199E-001
   0.23729175895719090        0.70340273184583510E-001   0.27596701982297661        0.34551405740207444E-001
   0.50075880421741537        0.20543142858236729E-001   0.75479170953115493        0.34531060946073035E-001
   0.96180137408016952        0.70956352752499868E-001   0.99648828309205573        0.33183503216813147E-001
   0.12942468302583459E-001   0.71395746114427630E-001   0.75728309051245124        0.34610409446884149E-001
   0.13546251394428380        0.20714213717905206E-001   0.70019844151617228        0.34702136939957037E-001
   0.61572142853488776        0.20708987426633550E-001   0.73532929322134732        0.34007017811872126E-001
   0.56192813150610443        0.70192918038728472E-001   0.42119452429335275        0.36468702822413331E-001
   0.19210469705313046        0.70422562360913807E-001   0.42584806915378604        0.33737016820626096E-001
   0.63133272793901141        0.70406716332705177E-001   0.12313802264431079        0.33786296036816578E-001
   0.11032223848052859        0.70552973472455219E-001   0.74489340410281424        0.33788413350995139E-001
   0.71705445925839117        0.20318095969878793E-001   0.29092574866747517        0.33030422597783035E-001
   0.12681491550855992        0.70741768020909951E-001   0.95058103782706724E-001   0.36272876795904893E-001
   0.26582645100232949        0.70815216960562741E-001   0.78176090465843395        0.34581647020544531E-001
   0.67184755501785876        0.20432938536043738E-001   0.15187806700323575        0.36619471618357671E-001
   0.81887174687604369        0.71046217482294227E-001   0.74301873160742704        0.34176713791932857E-001
   0.65627291881246452        0.20035817649653467E-001   0.80179680106679210E-001   0.36154752314192948E-001
   0.66108878000658744        0.70752558972223906E-001   0.73906152175983619        0.33569016453833242E-001
   0.49358306523923356        0.20559898373151451E-001   0.96672200127980157        0.33949417839894760E-001
   0.19734365870426032        0.70747944825826067E-001   0.79134938470896365E-001   0.36011682174962201E-001
   0.54858925065332353        0.70280236501672907E-001   0.51524393883272324        0.34531314004361130E-001
   0.96911102951502859        0.22602957494877694E-001   0.29903294461091434        0.32681302783779481E-001
   0.64352136534953849E-001   0.20538027927409708E-001   0.76280557358561019        0.36403766182390156E-001
   0.22721703849777325        0.70157318669319083E-001   0.21034666742607430        0.31835597226945053E-001
   0.66100712619875990        0.20821262569918939E-001   0.88538537632225756        0.30286449333272757E-001
   0.29226243058786910        0.20733459578600046E-001   0.74115880062557382        0.34943642941015748E-001
   0.97076739508312637        0.69852090036333594E-001   0.70000980058829987        0.30822108532089082E-001
   0.49729155599567870        0.70433412857592262E-001   0.86753428967198687        0.34865682336913333E-001
   0.57124657738367390        0.20215402613644379E-001   0.47237163678843030        0.35018626554729489E-001
   0.38089758507863253        0.70848347492024968E-001   0.96220178586547189        0.35166158491053583E-001
   0.46340581696432598        0.70247387974929479E-001   0.31099279325831791        0.35632321038541338E-001
   0.37109311951820695        0.20356677887310007E-001   0.50153475582970664        0.34311897577358086E-001
   0.90373580459833991        0.20765163198721990E-001   0.90509726346128316        0.33362845280748607E-001
   0.50349774727807317        0.20284142631492925E-001   0.33701127668541625        0.33465654848026841E-001
   0.34708529269972155        0.70871685872555115E-001   0.82843144304520233        0.33046552680917968E-001
   0.24991497159215642        0.70189369891304670E-001   0.34822945514386189        0.34594163420581116E-001
   0.73024926662726741        0.70247561056596727E-001   0.24588167786946621        0.35359337063811912E-001
   0.69817158601207152        0.70490954968765937E-001   0.10863791259809462        0.34479543660718544E-001
   0.72722661521996368        0.20517498105983245E-001   0.68851235923730741E-001   0.35688739361260838E-001
   0.12903829133207612        0.70698213506951518E-001   0.80888396269880936        0.32651506681872146E-001
   0.28091117075048627        0.20357545339209884E-001   0.31157032416321812        0.34404024094060764E-001
   0.88387979977359954        0.69192840479274945E-001   0.58894243167517890        0.33725862552029563E-001
   0.56287413311121315        0.20762386544153921E-001   0.78262621712912428        0.33492485499265319E-001
   0.21941515014095928        0.70589136680689238E-001   0.64595161829106107        0.33137918180024803E-001
   0.19593246857012081E-001   0.70360698030496910E-001   0.26864146312390441        0.36634582431899071E-001
   0.44439568212365249        0.70058727545372665E-001   0.66922599947398198        0.33909367984037792E-001
   0.23804739707956796        0.20435265662681439E-001   0.53402840081114555        0.34582118591050558E-001
   0.29307517336663230        0.20630775730088421E-001   0.44725150761312388        0.33440944800205680E-001
   0.59612453429759238E-001   0.20400704619669412E-001   0.29612990521689064        0.33016227039753855E-001
   0.65439086190891538        0.70439029937888184E-001   0.40689263836639739        0.35018014673983112E-001
   0.41909896413115166        0.70745101068619448E-001   0.10654362004893407        0.36238901846190420E-001
   0.64316968504951155        0.70420722741131134E-001   0.19159147747382974        0.33352662399819648E-001
   0.68794830472075297        0.69550062992148373E-001   0.38136440787982291E-001   0.34215581631016463E-001
   0.53868787063724854        0.70775098140342357E-001   0.67317790192808332E-002   0.32422183111797530E-001
   0.94222945429701421        0.19997682305264657E-001   0.50610620806815010        0.32119743758669807E-001
   0.96353222324100618        0.21683598206266669E-001   0.75280982102689231        0.34643570562935350E-001
   0.44327973543445603        0.20742645328748248E-001   0.83830225316522911        0.34919039562192576E-001
   0.60744638070867246E-001   0.71311221963704374E-001   0.81739481854660534        0.36136696257481359E-001
   0.90551869848111599        0.71098298485339773E-001   0.75470758258644827E-001   0.32883792439106954E-001
   0.43522269471850356        0.20381471226998904E-001   0.77084381472734176        0.32942255614519765E-001
   0.75247808775081548        0.20766192846907013E-001   0.92365197303051472        0.37652360547613839E-001
   0.17638765901505585        0.70603600012999132E-001   0.86698049013910865E-002   0.32202224097799118E-001
   0.76912788764466646E-002   0.21253775682361028E-001   0.80960972386333352        0.37005285576796512E-001
   0.53100724465626814        0.70439295888163375E-001   0.29077242257585351        0.34923472337747494E-001
   0.10169783804232892        0.70367437459237875E-001   0.40529632739241117        0.35033889270099393E-001
   0.17605863982087449E-001   0.21177418385600680E-001   0.70785160888473464        0.35601387054455827E-001
   0.33596222741205606E-001   0.20091207869315876E-001   0.50350960338578310        0.35393893350479558E-001
   0.57419355717457743        0.69656744135227960E-001   0.64174152931480466        0.32268517322992928E-001
   0.40309007268363467        0.20787039807400126E-001   0.91850927567366669        0.34637963129791671E-001
   0.59520721981718261        0.19663994931193099E-001   0.60727103918945169        0.31971024254632538E-001
   0.82779379377978901        0.70446817961048652E-001   0.29844964869169577        0.34848935181504531E-001
   0.78245492614225565        0.69932772657042230E-001   0.16449916256980388        0.34267980187917171E-001
   0.23243577761480774        0.70851191195760638E-001   0.93925627742455475        0.33925632843542795E-001
   0.50865995461800462        0.20190262540244520E-001   0.42268016214393511        0.36544591044963819E-001
   0.29342165025179867        0.20774376921942617E-001   0.27747760932595004E-001   0.34034118752500571E-001
   0.54391677807465377        0.72799010870812364E-001   0.35584076118279562        0.31366883560163206E-001
   0.61212271863253287        0.70518648446460830E-001   0.97470939919055710        0.34836851835432843E-001
   0.64006424651018123        0.70419315462041734E-001   0.61812621497448950        0.34949745433438616E-001
   0.78353417832002970        0.20594313406705575E-001   0.27989600585028318        0.34330219907579403E-001
   0.99504769530616699        0.71190412269464751E-001   0.85414045635819080        0.31078039261219513E-001
   0.14558339292079353        0.70760472262468191E-001   0.65250553864799543        0.35084169907973889E-001
   0.53525996304580115        0.19601992805407080E-001   0.63047871445439307        0.31998419803756215E-001
   0.37715178357519902        0.20751423912381814E-001   0.75063776197937249E-001   0.36214215144747992E-001
   0.20558720842127707E-001   0.71295013292051387E-001   0.65484512405216710        0.33514882432223912E-001
   0.47082251839596256        0.70834674159862637E-001   0.97676289308281389E-002   0.35485660633115743E-001
   0.42632019670917398        0.20803675647590759E-001   0.98508653496057319        0.35746493684975782E-001
   0.55674854222502401        0.72764980782387134E-001   0.83152621091345824        0.34412654311184836E-001
   0.36080525155441368        0.70298352262857702E-001   0.61553767427769290        0.36588519316849075E-001
   0.46946179609086069        0.20316266588556349E-001   0.90425686014418627        0.32872139444368370E-001
   0.16952819968384721E-001   0.21081017711579511E-001   0.92932321228724774E-001   0.34015226176573987E-001
   0.25029921102598846        0.69764828533183970E-001   0.71633033320395822        0.32113445080036961E-001
   0.95481001918508268        0.72716278836004331E-001   0.33917362335323303        0.32911862059422904E-001
   0.33054490075484200        0.70667962951187033E-001   0.47529397673361751        0.34980957312278758E-001
   0.59421827298381036        0.70256708533899440E-001   0.89308724192520528        0.34440971902592904E-001
   0.43800346623527137        0.20219727775857583E-001   0.42766021864600118        0.32864691614529970E-001
   0.96384630102471380        0.11261707200677120E-001   0.17366909991380503        0.33809196866204219E-001
   0.41222018125347870        0.70395334537439014E-001   0.53176408219430560        0.30878385674622432E-001
   0.25923871203992771        0.70463197492252758E-001   0.41706105936241306        0.33860242675329846E-001
   0.58985237005532809        0.20552624564578480E-001   0.10317652496589899        0.34056075690611566E-001
   0.48144905577016145        0.70205576829822217E-001   0.53281074450700261        0.34256975907121859E-001
   0.20886106834431717        0.21132228702901924E-001   0.69204856968957040        0.35237606972629655E-001
   0.81204031879245450E-001   0.70053929747342800E-001   0.50892356618865275        0.33748936780695495E-001
   0.55576958430868073        0.20442458376736417E-001   0.24757865167178000        0.35622086824306384E-001
   0.35892399363936017        0.20768200175615488E-001   0.63284919162882721E-002   0.34870043424789277E-001
   0.31935822040257050        0.20672278907889325E-001   0.16437904556091806        0.36845793513759155E-001
   0.58837549027633040        0.20268001066128916E-001   0.54121134091148426        0.34381417315818320E-001
   0.30302501351390367E-001   0.21024536896944130E-001   0.87592671152206902        0.32957214198798948E-001
   0.97680913595219099        0.71020995243747026E-001   0.68104015419486644E-001   0.34676606937840915E-001
   0.48185439563700605        0.70241928775058429E-001   0.37899428742759372        0.34786497024788018E-001
   0.37438903392354211        0.70346421231834197E-001   0.25722514814828829        0.35866504797810887E-001
   0.31583061400681941E-002   0.20731839403039271E-001   0.14885781035978629E-001   0.34091137037036298E-001
   0.86813032865776552        0.71297406977336594E-001   0.69231267995063372        0.36490623956197558E-001
   0.61657688115722498        0.70175123007925819E-001   0.46357366553854773        0.32677973258572184E-001
   0.36127714735246431E-001   0.70159680683128750E-001   0.45358689841666799        0.35179737010948460E-001
   0.38957978920388264        0.20815450669944044E-001   0.14823985904350073        0.35193399170507476E-001
   0.23678600263730237        0.20703321472230998E-001   0.11198747008898260        0.35580157904991874E-001
   0.23694418137902878        0.20972182214877278E-001   0.82556831643266926        0.35413581255264816E-001
   0.88774158695639471        0.19482046868701156E-001   0.54331984262884703        0.33855907255366822E-001
   0.38967138677786506        0.20370258946851908E-001   0.57090593111323484        0.36287066553117614E-001
   0.31975492405339984        0.20601850934913384E-001   0.87544329348491201        0.32610448771967324E-001
   0.22627776375514858        0.20748555288149867E-001   0.39357617140650412E-001   0.34103313458650468E-001
   0.80285482604934078        0.69961129166945565E-001   0.47617352850770750        0.35091045631093491E-001
   0.93920303982527842        0.69061487492899962E-001   0.55034736848702226        0.33717131247873372E-001
   0.43563147840981231        0.20256367720019482E-001   0.35612639263296886        0.37002344004302141E-001
   0.36491576793806685E-001   0.20103369358079996E-001   0.40789947763425088        0.32494062738800775E-001
   0.91816806657183714        0.20856186685120938E-001   0.97059457121524861        0.33666449743753046E-001
   0.33484485857143648        0.71320112331977145E-001   0.49435385355778010E-001   0.33167261020091196E-001
   0.64856627807913847        0.20770642705951255E-001   0.79710848021931091        0.35747832232304017E-001
   0.49191422006814078        0.70717508858808509E-001   0.15939575807078143        0.32250649019286863E-001
   0.12557273088161588        0.70382918204066239E-001   0.56317974654732350        0.35093218152052442E-001
   0.85116628945686557        0.17064149128322777E-001   0.95890048817562423        0.34450774352649441E-001
   0.74919097851953331E-001   0.70553070686506222E-001   0.18072974464949262        0.35114477495142564E-001
   0.48456881909934646        0.70428803982342844E-001   0.78835035151088376E-001   0.34638893890605572E-001
   0.68442346668441778        0.19996792351802788E-001   0.94468376773039819        0.33441995805271102E-001
   0.83785270334033934        0.70335224229615328E-001   0.87678808658337604E-001   0.34152018005013593E-001
   0.75708143162635155        0.70728246230046102E-001   0.28066411006760526E-001   0.35210837262894541E-001
   0.61117155406273593        0.70552231019943623E-001   0.34455201924387702        0.34184143907183960E-001
   0.51519557553508544        0.70155804747297837E-001   0.67014619517697582        0.33076874745089191E-001
   0.47349565877579081        0.70220675026752666E-001   0.46239064073284686        0.36317416787008068E-001
   0.30390280444904333        0.20891726917130208E-001   0.51519603155284210        0.33870448896649183E-001
   0.16833872519090773        0.70434102285176645E-001   0.29112257384212326        0.35981155648742401E-001
   0.75687858044754042        0.69857277285462122E-001   0.41712331117476564        0.34657171977040928E-001
   0.98381607806131333        0.19987718384474058E-001   0.45164811673060801        0.35858471843701070E-001
   0.79729599548906160        0.20467596005033034E-001   0.58086607848186915E-001   0.35198445603430169E-001
   0.71961814103319488        0.20831122019900970E-001   0.79798308121303808E-003   0.32774164386020724E-001
   0.12845578215420286        0.20137727010469363E-001   0.51370249585096417        0.35102707154734826E-001
   0.40128242363038955E-001   0.69719401112854532E-001   0.34265914254724827        0.32227085038771697E-001
   0.82571375170508832        0.20646826922973805E-001   0.19257517708887076        0.32881328833964024E-001
   0.35078916528058535        0.20486364539240395E-001   0.29780177202728708        0.32558862929600224E-001
   0.74778054486467960E-001   0.71095673746139149E-001   0.61178621537784106        0.35104811152706250E-001
   0.72669307365712155        0.70943720440975758E-001   0.62215421918964875        0.37555770585290867E-001
   0.68317211364343905E-001   0.20723311758966283E-001   0.24408514818385651E-002   0.32240540612798962E-001
   0.98356900042407838E-001   0.70693098047121136E-001   0.24527592696276096        0.33445327458966646E-001
   0.82531911560543647        0.21376131419035996E-001   0.68038943034694399        0.30341602974093038E-001
   0.30376330173830134E-001   0.20392148041402505E-001   0.15999931948781554        0.34369600088517673E-001
   0.28878448785549482        0.70368904915459760E-001   0.62617188842651139        0.35889906249638184E-001
   0.84134613266049907        0.69309880541186905E-001   0.53500442332505105        0.34713647872027693E-001
   0.29668924834181148        0.70816160873472284E-001   0.91817468022512849        0.33535726577231251E-001
   0.85859284089226662        0.70733063289650330E-001   0.89882168969531950        0.34230824801557237E-001
   0.27598806398115572        0.20364105116790668E-001   0.67381521250762066        0.34323844892166305E-001
   0.89196103212804378        0.18396455968333374E-001   0.18268726953337183        0.31974659496310905E-001
   0.98451050824816322        0.20203383389982968E-001   0.23590442804992071        0.32339531742020713E-001
   0.95030050719440484        0.20155757160282683E-001   0.38611763352713074        0.33575101426572253E-001
   0.57715956721642914        0.70465608053962889E-001   0.20420605225024971        0.33841775939688810E-001
   0.20396768671692608        0.70959699335618270E-001   0.14876380083993948        0.33856824678125973E-001
   0.43984382000202366        0.20184504879585615E-001   0.49954650960606334        0.34414111239388374E-001
   0.99582973267964980        0.70059083710983405E-001   0.39173804969814185        0.33803130326430855E-001
   0.56277449852253225        0.20768545697369051E-001   0.96835500753234494        0.34998814969223482E-001
   0.48785562062569848        0.20347569276871778E-001   0.26724426390800382        0.35041591747285543E-001
   0.83204267456253567        0.21036633980330899E-001   0.58347065023173972        0.34178965188409988E-001
   0.65043351514334335        0.20384942988361965E-001   0.55460301087266392E-002   0.34895012836297055E-001
   0.62799986736257074        0.20658165789051885E-001   0.66575113918930207        0.34836179887131488E-001
   0.94350627936381826        0.70771872250509973E-001   0.93024168869930091        0.35288590340646228E-001
   0.69751263529806118        0.70337393902215495E-001   0.55470383325933337        0.35863935859759562E-001
   0.93674995090025948        0.20956762440325419E-001   0.37871890229469955E-001   0.36118445618041652E-001
   0.19381422746135987        0.70150789664684840E-001   0.50818580156493609        0.36688123900380600E-001
   0.33739224244355143        0.20824681250112425E-001   0.94030699160655817        0.34564035043863232E-001
   0.70460859255288177        0.20712205407448770E-001   0.75379086506688364        0.34256764183332102E-001
   0.74205619197343897        0.20002801664296604E-001   0.13809808625940481        0.34920608567488687E-001
   0.18345515182076250        0.20692188675032291E-001   0.90153712659870167        0.34650556153621337E-001
   0.65675982769259311        0.20149447635312685E-001   0.48652651707581790        0.35424518339476074E-001
   0.94042677687235876        0.69989431365641411E-001   0.43035151542043770        0.33677300578618979E-001
   0.19703359688823519        0.70989605323582672E-001   0.79526100786553733        0.35096245026647911E-001
   0.85242124300756017        0.70930773438225680E-001   0.15631726234344764        0.33882765634499129E-001
   0.17563669013858979        0.20430451301901464E-001   0.56652150739823715        0.35707896557183913E-001
   0.10153307216428276        0.70335997091043337E-001   0.31455744201449309        0.34718616326134377E-001
   0.56317278901465850        0.20353020511198961E-001   0.68944474802929168        0.33183677736061831E-001
   0.40236146284492769        0.70809787800215157E-001   0.30143494530114851E-001   0.35478694836358349E-001
   0.75654723069748619        0.19996409162100492E-001   0.46434752409372765        0.33975770628575770E-001
   0.60419153088239708        0.20432570418680556E-001   0.16880516436514706        0.33082560756367368E-001
   0.76183195901605105        0.71071474106425017E-001   0.78544698963232917        0.36390060467153332E-001
   0.77977980139845560        0.21005091547839437E-001   0.63034993906430414        0.35774043923613087E-001
   0.90881954923691255        0.21817454157897379E-001   0.79710955548526652        0.35390947237344150E-001
   0.46786255630092538        0.20766739096353959E-001   0.20019405662650444        0.34870437519019200E-001
   0.89728740665017803        0.19927077202480065E-001   0.43720080069513478        0.32640119668809552E-001
   0.67501908495489293        0.74991383011315416E-001   0.67529724719220119        0.31214357716113621E-001
   0.30412009506002358        0.20876687192157711E-001   0.94814563257337128E-001   0.33735052442125678E-001
   0.87065063965389777        0.70034444062110165E-001   0.22390271448774099        0.34379782309060171E-001
   0.40954916212922504        0.71021959990681921E-001   0.80685833838624121        0.32828431569654426E-001
   0.56373412690881952        0.70404576382374420E-001   0.13910999306248906        0.32603707420776708E-001
   0.33075795968634181        0.70408543903909090E-001   0.40349875603706586        0.36810685466817331E-001
   0.12211986663074860        0.20931451157496058E-001   0.61141554525607766        0.33620299869648235E-001
   0.36104933454494775        0.70690718716232184E-001   0.89481450011994879        0.34741896294823500E-001
   0.34082878108735259        0.20578429132037709E-001   0.65881631158867304        0.32228055969524022E-001
   0.31858175192212657        0.20409035798611964E-001   0.58397694994666161        0.35957639895618933E-001
   0.95742597818599251        0.71526148660833691E-001   0.80102179711011490        0.33990902333949927E-001
   0.87983871504999089        0.20997996588891149E-001   0.11566464330119827        0.36000459990104233E-001
   0.62605300899266281        0.20286715474524587E-001   0.23437114719423183        0.34517493866145124E-001
   0.71123371864323981        0.70762542386442112E-001   0.88804202289006973        0.36264439301931913E-001
   0.53539365840312947        0.20614642829836632E-001   0.17765801526335662        0.36279081882572096E-001
   0.91406843090378193E-001   0.70850527413896913E-001   0.95653277186882146        0.34175267552217045E-001
   0.27991275656426445        0.70885304826841189E-001   0.85141751932275800        0.35227098201730818E-001
   0.93416668021740557        0.61015447207435403E-001   0.20493196315574974        0.31939467202408096E-001
   0.55381085845853728        0.70589120703023478E-001   0.72290902386450348E-001   0.34824065850473408E-001
   0.75839912075576010        0.20108935132889319E-001   0.20572293137798164        0.34543292245709088E-001
   0.11985843693733510        0.21478464583802967E-001   0.20427144022542296        0.33945492548350935E-001
   0.20437362564266534        0.20816244766806373E-001   0.97509923061768611        0.33643528954483089E-001
   0.83000550449981669        0.70943116718980001E-001   0.63169625860783019        0.35057806004224173E-001
   0.59811408068634675        0.70274890199506265E-001   0.27290505345376309        0.34482379923962754E-001
   0.81737953526703844        0.20759094665977224E-001   0.90225742006722343        0.30572862661236773E-001
   0.42791775731361076        0.70819332598496917E-001   0.17608259096634046        0.33476464074246155E-001
   0.50188612248278419        0.70137460528344756E-001   0.60421376520712000        0.31133119201020038E-001
   0.98413385764680295        0.20758947083592105E-001   0.95114932885308201        0.32382502945876988E-001
   0.15418681970122566        0.20770349396601509E-001   0.50137230070798941E-001   0.36099392753334326E-001
   0.13481408118365065        0.20777013186329910E-001   0.98041060176813233        0.36073161429361754E-001
   0.52178733945541955        0.19902076757203884E-001   0.56372822265200695        0.35891447045369583E-001
   0.26802480636373600E-001   0.21164946252713743E-001   0.60907035889847438        0.34181500621237225E-001
   0.39554527504318510        0.70309984249037560E-001   0.32758372236150218        0.32947636716116439E-001
   0.77297354614001867        0.21187896702704174E-001   0.85411105553430944        0.34839899021871117E-001
   0.80436921464468591        0.19981969890419261E-001   0.41065153313774544        0.34458656399765572E-001
   0.70624999881942963        0.20136748550913495E-001   0.41519050820459896        0.35400714382832356E-001
   0.21163226261637427        0.20351258922534005E-001   0.31704945284291597        0.34997416370153252E-001
   0.70592159063798687        0.70148835747044683E-001   0.46776569284631342        0.37135168378887334E-001
   0.81793613028192158        0.71176042751156909E-001   0.84526172036571767        0.32969352682474237E-001
   0.84705436474284423        0.19977162633545910E-001   0.48479589533148248        0.32178696531431031E-001
   0.78729827080975567        0.20775314378609230E-001   0.98811108612521592        0.35481023859694531E-001
   0.98530412074268825        0.70008180833390971E-001   0.50063501878584538        0.34074035623687556E-001
   0.92000116944437471        0.21330564655466691E-001   0.69747080337129530        0.35650417932092643E-001
   0.13645837602261737        0.70201872001019155E-001   0.46569536941850670        0.34619640828756855E-001
   0.89693865984790888        0.72767388523430954E-001   0.29454161726780376        0.34439760182405042E-001
   0.60580435374847774        0.20273239329072369E-001   0.39400975203765431        0.35330300323479016E-001
   0.36935420279949593        0.20483632953124616E-001   0.78419656328823828        0.34194919376493042E-001
   0.82282490237143693E-001   0.20740105098141406E-001   0.69088744781236291E-001   0.35516149118332792E-001
   0.32982037794674257        0.70589161883766960E-001   0.33414578134491296        0.32547150708370207E-001
   0.50900783910037883        0.20710590943145091E-001   0.38894289576236377E-001   0.33650901161215323E-001
   0.29205034256661744        0.69505749380441573E-001   0.20611254633366285        0.32792761818549974E-001
   0.16538265926486614        0.70780894388913829E-001   0.94359019679249578        0.33069915798124253E-001
   0.97412468952004716        0.21480627436791109E-001   0.65297948637654268        0.34394483797409600E-001
   0.14560966371585699        0.20444674527545677E-001   0.33245232650452583        0.32736727285434850E-001
   0.54700676408743776        0.70516202263780928E-001   0.73621562838783172        0.36016205387764982E-001
   0.75364216369906056        0.70651020863178968E-001   0.31335791793658485        0.32538059096641397E-001
   0.45968015623199798        0.70726887110662481E-001   0.73492839573840096        0.33021176715524465E-001
   0.86628184925284879        0.20729963357260680E-001   0.46007272611956321E-001   0.34807358312693201E-001
   0.33184803136398056        0.20382774573008092E-001   0.23387572917715482        0.33759707054130207E-001
   0.86578445438486262        0.21451416402454224E-001   0.74263556292411559        0.34008656580004654E-001
   0.10999274956096320E-001   0.70898914505797536E-001   0.91666651119626563        0.33403527519455849E-001
   0.86448120542575946        0.71204168109043162E-001   0.79307957848506228        0.30420746457380129E-001
   0.98966150493328797E-001   0.21224817382603296E-001   0.84823515594671328        0.33579271676384165E-001
   0.82715038415937669        0.70844399204259736E-001   0.17269886451470231E-001   0.34721936454416749E-001
   0.10879434458346375        0.70800332657933590E-001   0.25157951960842147E-001   0.35877061648847679E-001
   0.76793824938622546        0.70266337691576614E-001   0.97117007897710952E-001   0.34513212760567819E-001
   0.63298897613021099        0.70253017539698023E-001   0.52827204483344503        0.33820099107106989E-001
   0.18009823055610436        0.70772038293329037E-001   0.35964043334189610        0.33536257241099092E-001
   0.34738265672775454        0.70757364372982523E-001   0.11856270669179915        0.36421430983784503E-001
   0.65097609117850119        0.20332592361552895E-001   0.57119572995683598        0.34394012078252482E-001
   0.81029809445913492        0.19883320883449306E-001   0.12642415863111070        0.34305703369039611E-001
   0.40851905147180026E-001   0.70714003615608478E-001   0.42522504258635074E-001   0.34245589938626607E-001
   0.94988095467905065        0.21043888352916370E-001   0.10755983431388165        0.34449448345886591E-001
   0.27399561205570744        0.22035226374715552E-001   0.96277979363082167        0.31895883612885846E-001
   0.63135685168839106        0.20367378564742730E-001   0.30399191879894849        0.33061936924000876E-001
   0.25462002357290353        0.70765865826905625E-001   0.32283801225630689E-002   0.33749820893167470E-001
   0.37153262668485471        0.20564760746715607E-001   0.43041364271827642        0.32920992700234936E-001
   0.48928719866988143E-001   0.20898521941051566E-001   0.93966248552652221        0.33410461923400539E-001
   0.69178925468195052        0.19506982266043565E-001   0.21879337430606471        0.32677430719516391E-001
   0.80079814116145620        0.70501961032398308E-001   0.23296153182536650        0.35915523471190224E-001
   0.99600852473992779E-001   0.20625569903647344E-001   0.13802065942577188        0.34873631996285535E-001
   0.76130860225159899E-001   0.20743994382113620E-001   0.56039229111250810        0.34996523100389282E-001
   0.40384387282045447        0.20554066172366062E-001   0.64088125646519079        0.32835691070736327E-001
   0.35496371293781220        0.20586788436953989E-001   0.72047495041014031        0.30988459659985246E-001
   0.44408753013954444        0.19800825730202028E-001   0.57417715684901623E-001   0.32661956644857583E-001
   0.16344876605064093        0.69416918184199830E-001   0.22244439996858636        0.32846063603626678E-001
   0.75006073916121652        0.20000125780971118E-001   0.35965474682685444        0.35070087066910401E-001
   0.87288182381503335E-001   0.20157044165540983E-001   0.45437192990683045        0.36303708584349274E-001
   0.46957031916321335        0.20347903438770135E-001   0.63071602220809975        0.33671503768254889E-001
   0.25165263534868230E-001   0.70801297251810197E-001   0.55876558984842006        0.36374811156558585E-001
   0.43234828973578543        0.70361826690257298E-001   0.60029430840828901        0.35653178362659028E-001
   0.69424304543450510        0.70737349601893693E-001   0.79599460379305120        0.31954859450059978E-001
   0.11122017376741315        0.20880946296518765E-001   0.91481904504872258        0.33588556234539220E-001
   0.54557108973636337        0.20331512988448010E-001   0.88231113670058292        0.36047177447377787E-001
   0.44369882804847705        0.70226072082994903E-001   0.24216760036030424        0.33627787662794832E-001
   0.27491276202580545        0.70693831113220695E-001   0.14151889200672210        0.33822763969413548E-001
   0.58844042477953933E-001   0.70698438973384764E-001   0.11331660676635637        0.34044139183246343E-001
   0.45910709376131825        0.20645986359288260E-001   0.13291157695883923        0.32923708435538268E-001
   0.52774607061692909E-001   0.20450437926755050E-001   0.22709034479842824        0.36251885378157565E-001
   0.50965060672258911        0.20597977665598385E-001   0.82273954761673418        0.33146292744909329E-001
   0.28641973149957622        0.20424870123976976E-001   0.37982698504286588        0.34063592007869695E-001
   0.16783549844860746        0.21038586966763417E-001   0.12160828164718851        0.33287604842879841E-001
   0.14049456024747251        0.70765684330183945E-001   0.87631386545183154        0.35722381970771683E-001
   0.99521489901659477        0.69999297092294396E-001   0.13250847909991892        0.32277189966252944E-001
   0.89572819512039936        0.70009687208141533E-001   0.37002415119902116        0.33586991483629459E-001
   0.86326443348214388        0.21195344546595312E-001   0.85037247773219093        0.34682272550908465E-001
   0.92003753820934198        0.71093495301152984E-001   0.14205902095314513        0.33165329610234259E-001
   0.91377872738834520        0.71528745285254311E-001   0.74740697785873378        0.35047265612218124E-001
   0.56833503105012939        0.23116324493916752E-001   0.32335718822670922        0.32780558570304867E-001
   0.52169531659218094        0.20351936175698603E-001   0.10820421894173882        0.34119651533518904E-001
   0.39049723667535308        0.70557783284206838E-001   0.74250271520431865        0.34137311129881283E-001
   0.61771141406955743        0.20110445188692462E-001   0.93008749369294941        0.31932699277689471E-001
   0.24288063510055877        0.20365753054851318E-001   0.60458088877853189        0.35217659349893467E-001
   0.19835626899916206        0.20145891729060672E-001   0.24974107094291956        0.33370801794971428E-001
   0.84951669072317293        0.19676158052606627E-001   0.34719149347157319        0.37012289344978778E-001
   0.13941688374473507        0.69950007341222642E-001   0.16225598141471637        0.31964125920761227E-001
   0.92567748677346051        0.71517000102638548E-001   0.64838735021505400        0.33927738651898694E-001
   0.83692510342171900E-001   0.20398353362522895E-001   0.35974393533849530        0.34924034527370265E-001
   0.77937231671861329        0.71028730872523940E-001   0.68354987980934179        0.37193954638786039E-001
   0.81631200866679443        0.21108501825994160E-001   0.79496964951238125        0.37912778533859347E-001
   0.64576966560836335        0.70770201663927293E-001   0.84667702999475114        0.34682890782403858E-001
   0.89577974557810613        0.70844008231182740E-001   0.95253067142964491E-002   0.33502553790821357E-001
   0.89651916905582674        0.69989316851109748E-001   0.48739696529713494        0.38154047969407932E-001
   0.30530750374112026        0.20885941725592574E-001   0.80962005970059392        0.34709423447954496E-001
   0.74554697888113100E-001   0.21140799307145516E-001   0.66314434948224266        0.36430568162359338E-001
   0.72309625320318607E-001   0.70914918534196625E-001   0.88903028563648212        0.33553572795589050E-001
   0.44936474174746638        0.68826886023377096E-001   0.94507460989377035        0.30045227701409775E-001
   0.13144071469882446        0.20051983592170669E-001   0.26795603016984898        0.30043020917594351E-001
   0.75176080904602904        0.69429359317779007E-001   0.51695742188693161        0.30102206087975956E-001
   0.60419497225754272E-001   0.71228208704126647E-001   0.70487938155870378        0.30117838839278366E-001
   0.22789698921537843        0.19306592815705903E-001   0.75937646145923332        0.30051089274050102E-001
   0.68098821531470966        0.20456149137149202E-001   0.62821335468288098        0.30039572165618408E-001
   0.18251468300965545        0.20897812711094043E-001   0.63202231113409824        0.30153627123140989E-001
   0.71621617958023154        0.19207270282204144E-001   0.51420601369766461        0.30132505005438397E-001
   0.47629836501586770        0.72413499219977598E-001   0.79585631148202773        0.30076470510519000E-001
   0.20686078652835474        0.69263825361674566E-001   0.86196641605800961        0.30099284550805142E-001
   0.60159553132929344        0.70702640944863740E-001   0.69776032823962497        0.30101884204356121E-001
   0.26766332329327469        0.20311962710146399E-001   0.24327326632439494        0.30076274411650002E-001
   0.78551705306353437        0.69937292868279308E-001   0.57757766574367053        0.30082669252909516E-001
   0.95319991239577240        0.73458793662655161E-001   0.26290391418073134        0.30044006260789416E-001
   0.70978712191423399        0.70490244245446684E-001   0.37271878335956887        0.30023970063636652E-001
   0.36203754365907875        0.19296815644309621E-001   0.36134637381863605        0.30118162601318003E-001
   0.26945026703878799        0.72404075498348888E-001   0.69858198991811879E-001   0.30078570179171860E-001
   0.31580040058616504        0.73460858149000358E-001   0.98293228538921873        0.30112257354334999E-001
   0.91501000860962156        0.22306886198466769E-001   0.33193496716861537        0.30090527809019680E-001
   0.32914634397026254        0.69178208833724206E-001   0.76400097591491034        0.30072366762542047E-001
   0.48016618568523456        0.17513056620530792E-001   0.69354610158397145        0.30025329136317714E-001
   0.66504002068424073        0.69788640699574883E-001   0.25125865171614015        0.30032497973674202E-001
   0.29043582187895441E-001   0.68993361751088389E-001   0.97897251722985523        0.30033382709365293E-001
   0.65337098044057429        0.70038728748765239E-001   0.92058985631963564        0.30100756480385821E-001
   0.12453073481025659E-001   0.72788110356756641E-001   0.20225392160092046        0.30130548812309393E-001
   0.72072717082221138        0.70740617821943796E-001   0.71659270323853530        0.30085614680130181E-001
   0.38224962035527839E-002   0.19683142612827630E-001   0.35128896767109596        0.30109124842133215E-001
   0.57501957340969345        0.21254254853511775E-001   0.33334971354296881E-001   0.30087027277929095E-001
   0.97594821853515179        0.68458846710296214E-001   0.60435393539384674        0.30167376838660845E-001
   0.26609187949520458        0.70144065233471109E-001   0.48448692855983383        0.30084583546411636E-001
   0.56330783486693281        0.71096002267936290E-001   0.57972989761535088        0.30064804257036344E-001
   0.92075475925125638        0.23501329589114058E-001   0.25360896316263315        0.30121957201585808E-001
   0.60049570283131815        0.21081885136714634E-001   0.84354482780523066        0.30152606079337865E-001
   0.38011450049245654        0.76788356886707751E-001   0.67937575723356791        0.30064457622005228E-001
   0.98107259449673823        0.20532163769687830E-001   0.55488467594244051        0.30117899092148799E-001
   0.18165109990284012        0.19674120797155931E-001   0.18738020176584505        0.30070045959956729E-001
   0.45572266016082003        0.20269834289179004E-001   0.56429473946935527        0.30081314482929233E-001
   0.72282078792761417        0.70493755189232329E-001   0.96052135876444000        0.30044760767570670E-001
   0.21821282271529424        0.70426873274244281E-001   0.57043784213639015        0.30068466835159516E-001
